bloqueo,entropia,msi,bfr,rutas,pathconsec,entropiauso,porcuso
0,0.023,0.07,0.0,1,350.871,0.0,0.0
0,0.116,0.442,0.0,2,349.823,0.0,0.002
0,0.116,0.674,0.0,3,349.426,0.0,0.002
0,0.209,0.767,0.0,4,349.005,0.0,0.003
0,0.302,1.14,0.0,5,347.715,0.0,0.004
0,0.372,1.419,0.0,6,346.828,0.0,0.005
0,0.465,2.186,0.001,7,339.99,0.0,0.007
0,0.605,3.093,0.002,8,323.9,0.076,0.008
0,0.698,3.884,0.003,9,311.747,0.126,0.009
0,0.791,4.349,0.003,10,310.491,0.227,0.011
0,0.837,4.744,0.003,11,303.208,0.236,0.012
0,0.884,5.186,0.003,12,295.448,0.334,0.013
0,1.023,6.349,0.005,13,283.497,0.545,0.015
0,1.047,6.349,0.005,14,283.401,0.61,0.015
0,1.116,6.349,0.005,15,283.312,0.616,0.015
0,1.116,6.419,0.005,16,283.218,0.623,0.015
0,1.209,7.721,0.007,17,276.728,0.704,0.017
0,1.256,7.767,0.007,18,275.241,0.705,0.017
0,1.256,7.977,0.007,19,274.965,0.725,0.018
0,1.395,8.767,0.009,20,262.34,0.841,0.018
0,1.442,9.814,0.01,21,258.588,0.966,0.02
0,1.488,10.488,0.011,22,255.322,1.172,0.021
0,1.488,10.605,0.011,23,255.081,1.205,0.022
0,1.581,11.814,0.013,24,247.514,1.385,0.023
0,1.674,12.442,0.013,25,236.415,1.522,0.025
0,1.767,12.628,0.013,26,236.216,1.55,0.026
0,1.814,13.349,0.013,27,231.338,1.69,0.027
0,1.953,14.163,0.014,28,228.621,1.793,0.029
0,2.14,15.395,0.017,29,221.799,2.262,0.03
0,2.14,15.395,0.016,30,221.748,2.274,0.031
0,2.186,15.814,0.017,31,220.619,2.47,0.031
0,2.279,16.442,0.018,31,219.79,2.684,0.032
0,2.372,18.907,0.023,32,209.282,3.163,0.034
0,2.465,19.233,0.023,33,206.332,3.166,0.035
0,2.465,19.558,0.023,34,205.81,3.303,0.036
0,2.465,19.744,0.023,35,205.411,3.303,0.037
0,2.465,20.023,0.023,36,205.28,3.343,0.037
0,2.465,20.023,0.023,37,205.26,3.343,0.038
0,2.512,20.023,0.023,38,205.203,3.352,0.038
0,2.488,20.023,0.023,39,206.578,3.351,0.038
0,2.488,20.023,0.022,40,206.534,3.364,0.038
0,2.674,22.953,0.029,41,199.837,3.743,0.04
0,2.721,22.953,0.028,42,199.622,4.012,0.041
0,2.814,23.302,0.029,43,198.817,4.081,0.041
0,2.814,23.302,0.029,44,198.573,4.171,0.041
0,2.837,23.442,0.029,45,198.123,4.341,0.042
0,2.837,23.442,0.028,46,197.912,4.549,0.043
0,2.884,23.744,0.028,47,197.574,4.765,0.044
0,2.93,23.744,0.027,48,196.522,5.058,0.044
0,3.07,24.86,0.028,49,191.053,5.71,0.047
0,3.093,25.07,0.03,47,181.656,5.773,0.045
0,3.233,25.674,0.031,48,179.201,6.385,0.046
0,3.233,25.86,0.031,49,178.665,6.511,0.047
0,3.279,26.093,0.031,50,175.586,6.573,0.048
0,3.302,26.093,0.03,51,175.398,6.828,0.048
0,3.395,26.535,0.03,52,172.29,6.924,0.049
0,3.488,26.535,0.03,53,170.055,7.23,0.049
0,3.581,27.395,0.031,54,167.252,7.838,0.051
0,3.581,27.395,0.031,55,167.224,7.838,0.051
0,3.581,27.488,0.031,56,167.192,7.838,0.052
0,3.628,27.814,0.031,57,165.547,7.858,0.052
0,3.535,27.814,0.03,58,167.412,7.652,0.053
0,3.535,28.0,0.03,59,167.038,7.791,0.054
0,3.721,29.744,0.033,60,158.821,8.494,0.056
0,3.767,29.977,0.033,61,152.997,9.002,0.057
0,3.767,30.302,0.033,62,152.635,9.369,0.058
0,3.767,30.581,0.033,63,152.447,9.369,0.058
0,3.767,30.86,0.033,64,152.306,9.495,0.059
0,3.86,32.116,0.035,65,148.86,9.924,0.061
0,3.86,32.116,0.035,66,148.802,9.989,0.061
0,4.047,33.326,0.039,66,142.425,10.061,0.061
0,4.093,34.07,0.039,67,141.155,10.536,0.063
0,4.14,34.14,0.039,68,136.719,10.595,0.063
0,4.163,34.14,0.039,69,136.677,10.738,0.063
0,4.209,34.279,0.038,70,135.608,10.818,0.064
0,4.163,34.279,0.038,71,135.777,10.838,0.065
0,4.209,34.279,0.037,72,134.461,11.118,0.065
0,4.302,34.488,0.037,73,133.719,11.527,0.066
0,4.349,34.884,0.038,74,132.779,11.894,0.067
0,4.488,35.395,0.039,74,131.364,12.19,0.067
0,4.512,35.558,0.039,75,131.107,12.232,0.068
0,4.605,35.558,0.038,76,128.656,12.501,0.069
0,4.651,35.791,0.038,77,126.391,12.596,0.069
0,4.698,36.953,0.04,78,125.683,13.115,0.07
0,4.698,36.953,0.04,79,125.602,13.14,0.071
0,4.791,38.047,0.042,80,124.52,13.831,0.072
0,4.884,39.442,0.044,81,119.885,14.02,0.074
0,5.023,41.674,0.049,82,117.824,14.863,0.075
0,5.023,41.721,0.049,83,117.784,14.863,0.075
0,5.163,41.953,0.051,82,117.898,14.778,0.075
0,5.116,41.953,0.05,83,117.987,14.753,0.075
0,5.163,41.953,0.05,84,117.139,14.939,0.076
0,5.186,41.953,0.049,85,117.021,15.215,0.076
0,5.233,42.907,0.052,86,115.771,15.558,0.077
0,5.465,45.558,0.059,87,108.503,16.204,0.077
0,5.465,45.721,0.059,88,108.067,16.315,0.078
0,5.512,46.093,0.058,89,107.473,16.567,0.08
0,5.535,46.093,0.058,90,107.394,16.871,0.08
0,5.442,46.186,0.057,91,108.348,16.669,0.081
0,5.535,46.628,0.057,92,107.041,17.598,0.082
0,5.535,46.628,0.057,93,107.157,17.95,0.083
0,5.535,47.047,0.06,92,105.461,18.091,0.081
0,5.581,47.442,0.061,93,100.207,18.417,0.082
0,5.628,48.279,0.061,94,99.424,18.847,0.084
0,5.814,52.791,0.072,95,97.263,20.041,0.087
0,5.907,54.372,0.076,96,96.268,20.567,0.088
0,5.953,55.744,0.08,97,95.463,20.742,0.089
0,6.0,56.302,0.08,98,95.215,21.021,0.09
0,6.093,57.209,0.082,99,93.139,21.049,0.091
0,6.093,57.326,0.081,100,92.92,21.322,0.092
0,6.093,57.326,0.081,101,92.949,21.577,0.092
0,6.233,57.93,0.081,102,92.647,21.584,0.094
0,6.233,58.116,0.081,103,92.603,21.706,0.095
0,6.233,58.116,0.081,103,91.964,21.711,0.095
0,6.233,58.116,0.08,104,91.874,21.742,0.095
0,6.233,58.488,0.08,105,91.688,21.928,0.096
0,6.233,58.628,0.08,106,91.606,22.019,0.097
0,6.256,58.628,0.08,107,92.908,22.122,0.097
0,6.163,58.628,0.078,108,93.207,22.211,0.099
0,6.186,58.791,0.078,109,92.693,22.758,0.099
0,6.233,60.209,0.082,108,93.175,22.247,0.099
0,6.279,60.326,0.082,109,92.719,22.476,0.1
0,6.419,60.651,0.082,110,91.975,22.516,0.101
0,6.419,60.651,0.082,111,91.913,22.663,0.101
0,6.419,60.651,0.081,112,91.859,22.755,0.102
0,6.419,60.651,0.081,113,91.75,22.961,0.102
0,6.558,62.86,0.086,114,91.269,23.002,0.104
0,6.651,62.86,0.086,113,91.025,22.805,0.104
0,6.605,62.86,0.086,114,91.923,22.647,0.104
0,6.698,63.581,0.086,115,90.73,24.283,0.106
0,6.791,64.977,0.089,116,90.019,25.256,0.107
0,6.791,64.977,0.089,117,89.856,25.288,0.108
0,6.884,66.698,0.093,118,88.33,26.069,0.109
0,6.93,66.93,0.093,119,86.919,26.231,0.11
0,7.0,66.93,0.092,120,86.901,26.236,0.111
0,7.093,67.512,0.093,121,85.644,27.153,0.111
0,7.093,68.07,0.094,122,85.425,27.843,0.113
0,7.14,68.605,0.094,123,79.703,28.682,0.114
0,7.233,68.07,0.097,119,80.719,28.011,0.11
0,7.233,68.07,0.096,120,81.607,28.342,0.111
0,7.233,68.07,0.095,121,81.468,28.446,0.112
0,7.279,68.628,0.095,122,80.961,28.822,0.113
0,7.372,71.698,0.103,123,79.598,29.394,0.116
0,7.419,73.349,0.107,124,77.883,30.026,0.116
0,7.419,73.349,0.106,125,77.808,30.136,0.117
0,7.442,73.349,0.106,126,77.77,30.253,0.118
0,7.581,73.209,0.108,125,76.679,29.937,0.115
0,7.581,73.209,0.107,126,76.643,29.937,0.116
0,7.581,73.209,0.106,127,76.55,30.117,0.117
0,7.674,74.86,0.111,128,75.084,30.367,0.117
0,7.674,74.977,0.111,129,74.936,30.537,0.118
0,7.674,75.326,0.111,130,74.774,30.863,0.119
0,7.767,77.372,0.116,131,73.884,31.615,0.12
0,7.814,77.953,0.116,132,71.94,32.824,0.122
0,7.86,77.953,0.115,133,71.066,33.315,0.123
0,7.907,77.953,0.114,134,70.623,33.496,0.124
0,7.86,77.953,0.113,135,70.722,33.503,0.125
0,7.907,78.512,0.114,136,70.453,34.146,0.126
0,7.977,78.512,0.113,137,70.4,34.379,0.127
0,7.977,78.512,0.112,138,70.32,34.417,0.128
0,8.023,78.512,0.112,139,70.192,34.503,0.129
0,8.07,79.605,0.113,140,69.441,35.219,0.13
0,8.07,79.744,0.113,141,69.215,35.625,0.131
0,8.209,79.744,0.111,142,68.604,36.775,0.132
0,8.209,80.209,0.116,140,68.942,36.641,0.13
0,8.209,80.209,0.115,141,68.871,36.723,0.131
0,8.256,80.209,0.115,142,68.675,37.015,0.131
0,8.302,80.209,0.115,143,68.256,37.3,0.131
0,8.302,80.209,0.114,144,68.21,37.459,0.132
0,8.349,80.209,0.113,145,67.724,37.574,0.133
0,8.349,80.488,0.113,146,67.622,37.85,0.133
0,8.395,80.488,0.112,147,67.224,38.273,0.135
0,8.442,80.488,0.111,148,67.057,38.467,0.135
0,8.488,81.674,0.113,149,65.81,39.671,0.137
0,8.395,81.674,0.112,150,66.338,39.634,0.138
0,8.442,82.442,0.114,151,65.383,40.629,0.139
0,8.535,84.395,0.118,152,64.264,41.572,0.14
0,8.581,85.209,0.12,153,64.011,42.343,0.142
0,8.721,86.814,0.125,154,63.257,43.999,0.143
0,8.674,86.814,0.123,155,63.137,44.544,0.144
0,8.721,86.116,0.12,155,61.821,45.58,0.145
0,8.767,87.256,0.123,156,61.259,46.042,0.146
0,8.814,88.279,0.125,157,60.738,46.309,0.147
0,8.814,88.279,0.125,158,60.649,46.6,0.147
0,8.814,88.279,0.124,159,60.587,46.93,0.148
0,8.814,88.279,0.124,159,60.411,46.968,0.148
0,8.907,88.279,0.122,160,59.479,47.059,0.15
0,9.0,90.953,0.128,161,58.957,48.535,0.153
0,9.0,91.047,0.128,162,58.896,48.535,0.153
0,9.047,91.372,0.128,161,57.898,49.294,0.154
0,9.047,91.372,0.127,162,57.78,49.708,0.155
0,9.047,91.721,0.128,163,57.692,50.052,0.156
0,9.047,92.0,0.128,164,57.622,50.395,0.157
0,9.093,92.0,0.127,165,57.249,50.946,0.157
0,9.186,93.326,0.131,166,56.954,51.82,0.157
0,9.14,93.326,0.131,167,57.086,51.465,0.158
0,9.14,93.349,0.131,168,56.931,51.425,0.158
0,9.186,93.349,0.132,168,56.974,51.416,0.157
0,9.326,94.395,0.134,169,56.538,53.178,0.158
0,9.372,95.023,0.135,170,56.262,53.395,0.159
0,9.465,99.581,0.146,171,54.23,56.237,0.162
0,9.465,99.628,0.147,172,54.218,56.237,0.162
0,9.512,101.349,0.15,173,53.591,57.108,0.165
0,9.605,105.256,0.159,174,52.154,58.195,0.168
0,9.791,105.256,0.162,172,51.344,59.974,0.165
0,9.791,105.256,0.162,173,51.332,60.069,0.165
0,9.791,105.256,0.161,174,51.294,60.118,0.166
0,9.744,105.442,0.161,175,51.441,59.997,0.167
0,9.744,105.442,0.16,176,51.41,59.997,0.167
0,9.744,105.442,0.16,177,51.401,60.046,0.167
0,9.791,106.419,0.162,178,51.132,60.569,0.169
0,9.791,106.512,0.162,179,51.132,60.569,0.169
0,9.791,106.535,0.162,180,51.126,60.613,0.169
0,9.791,106.535,0.162,181,51.072,60.708,0.169
0,9.791,106.535,0.161,182,51.028,61.366,0.17
0,9.93,107.953,0.164,183,50.135,63.809,0.172
0,9.837,107.953,0.163,184,50.41,63.97,0.173
0,9.837,108.047,0.163,185,50.386,64.113,0.173
0,9.837,108.047,0.162,186,50.224,64.849,0.174
0,9.837,108.047,0.16,187,50.111,65.373,0.176
0,10.023,110.14,0.166,187,49.616,66.43,0.177
0,9.977,110.14,0.165,188,49.805,66.086,0.178
0,10.07,111.744,0.169,189,49.213,67.614,0.18
0,10.116,112.558,0.17,190,48.628,68.542,0.182
0,10.116,112.628,0.17,191,48.612,68.684,0.182
0,10.116,112.628,0.169,192,48.544,68.684,0.183
0,10.209,116.442,0.179,193,47.642,71.588,0.185
0,10.256,116.442,0.177,194,47.412,72.298,0.187
0,10.349,117.953,0.181,195,46.95,74.111,0.189
0,10.488,120.023,0.186,196,46.412,75.474,0.19
0,10.535,120.698,0.186,197,45.993,76.794,0.193
0,10.535,120.698,0.186,198,45.983,76.794,0.193
0,10.628,123.581,0.194,196,45.772,78.733,0.194
0,10.674,123.581,0.194,197,45.733,79.102,0.195
0,10.721,123.581,0.193,198,45.497,79.963,0.196
0,10.814,125.581,0.198,199,44.547,82.566,0.197
0,10.814,125.953,0.199,200,44.464,82.939,0.198
0,10.814,126.023,0.198,201,44.41,83.103,0.199
0,10.814,126.023,0.197,202,44.361,83.103,0.2
0,10.86,126.023,0.198,201,44.212,83.778,0.2
0,10.953,126.953,0.2,202,43.891,84.612,0.2
0,10.907,126.953,0.199,203,43.891,84.48,0.201
0,10.907,126.953,0.199,204,43.856,84.803,0.201
0,10.907,126.977,0.199,205,43.836,84.803,0.202
0,10.907,127.721,0.2,206,43.628,86.366,0.204
0,10.907,127.721,0.199,207,43.598,86.366,0.204
0,10.953,127.721,0.198,208,43.368,87.382,0.205
0,11.0,130.0,0.205,209,43.229,87.824,0.206
0,11.093,130.628,0.206,210,41.828,89.143,0.207
0,10.953,128.186,0.204,205,43.484,85.802,0.201
0,10.953,128.186,0.203,206,43.446,85.915,0.201
0,11.0,128.186,0.202,207,43.094,87.099,0.202
0,11.047,128.791,0.202,208,42.942,88.147,0.204
0,11.047,128.86,0.202,209,42.83,88.293,0.205
0,11.047,128.86,0.202,210,42.82,88.35,0.205
0,11.047,129.14,0.202,211,42.776,88.685,0.206
0,11.047,129.14,0.201,212,42.727,88.741,0.206
0,11.047,129.14,0.201,213,42.716,88.741,0.206
0,11.093,129.14,0.201,214,42.374,89.891,0.207
0,11.047,129.14,0.2,215,42.35,89.887,0.207
0,11.116,130.256,0.203,213,41.71,91.822,0.208
0,11.116,130.256,0.203,214,41.685,91.937,0.208
0,11.256,131.395,0.205,215,41.343,93.346,0.21
0,11.302,131.86,0.205,216,41.024,94.496,0.212
0,11.395,131.86,0.204,217,38.334,96.819,0.213
0,11.488,132.419,0.205,218,37.892,98.866,0.214
0,11.581,133.488,0.207,219,37.438,100.389,0.215
0,11.628,133.744,0.207,220,37.349,100.396,0.216
0,11.535,133.744,0.207,221,37.503,100.066,0.217
0,11.628,134.233,0.211,219,37.46,99.809,0.214
0,11.698,134.233,0.211,220,37.454,100.377,0.215
0,11.837,136.209,0.216,221,36.975,103.613,0.217
0,11.884,138.256,0.222,222,36.305,104.321,0.217
0,11.884,138.256,0.222,223,36.274,104.445,0.218
0,11.837,137.512,0.22,223,36.455,102.669,0.217
0,11.837,137.512,0.22,224,36.393,102.782,0.217
0,11.93,138.953,0.224,225,35.789,104.854,0.218
0,11.977,138.953,0.223,226,35.751,105.747,0.218
0,11.977,138.953,0.223,227,35.724,106.121,0.219
0,11.884,138.953,0.222,228,35.768,105.985,0.219
0,11.837,139.14,0.222,229,35.831,105.648,0.22
0,11.884,139.14,0.221,230,35.58,106.681,0.221
0,11.884,139.14,0.221,231,35.532,106.807,0.221
0,11.837,139.674,0.225,229,35.773,105.931,0.219
0,11.884,140.605,0.226,230,35.512,107.165,0.221
0,11.93,141.767,0.229,231,35.326,108.525,0.223
0,11.93,141.814,0.229,232,35.309,108.588,0.223
0,11.93,141.814,0.229,233,35.292,108.885,0.223
0,12.07,143.116,0.232,234,34.656,110.661,0.224
0,12.163,143.558,0.232,235,34.017,111.994,0.226
0,12.163,143.558,0.231,236,33.994,112.056,0.227
0,12.209,143.558,0.231,237,34.048,112.269,0.227
0,12.349,143.837,0.232,237,33.856,113.053,0.228
0,12.442,144.953,0.234,238,33.663,114.648,0.229
0,12.488,145.605,0.236,239,33.605,114.855,0.23
0,12.535,146.023,0.237,240,33.528,115.748,0.231
0,12.535,146.372,0.237,241,33.469,116.064,0.232
0,12.581,148.07,0.242,242,33.151,116.593,0.233
0,12.628,150.395,0.248,243,32.936,117.747,0.234
0,12.535,150.395,0.247,244,33.192,116.92,0.235
0,12.581,152.209,0.253,245,33.176,116.92,0.235
0,12.721,154.093,0.258,246,32.884,118.129,0.236
0,12.814,154.814,0.259,247,32.323,121.569,0.238
0,13.186,154.814,0.262,245,31.847,124.351,0.236
0,13.186,154.814,0.261,246,31.678,125.266,0.237
0,13.186,154.814,0.261,247,31.619,125.43,0.237
0,13.186,154.814,0.26,248,31.602,125.498,0.237
0,13.186,154.814,0.26,249,31.58,125.762,0.238
0,13.326,156.581,0.267,250,31.371,127.469,0.238
0,13.372,156.395,0.271,248,31.729,126.033,0.232
0,13.372,156.674,0.272,249,31.662,126.313,0.233
0,13.465,156.674,0.271,250,31.314,128.088,0.234
0,13.465,156.674,0.271,251,31.298,128.088,0.234
0,13.465,156.767,0.271,252,31.276,128.296,0.235
0,13.512,156.884,0.27,253,31.134,129.589,0.236
0,13.558,156.395,0.27,252,31.328,129.631,0.234
0,13.605,157.302,0.272,253,31.195,130.916,0.235
0,13.651,157.465,0.272,254,31.034,130.929,0.237
0,13.698,157.605,0.27,255,30.807,132.938,0.239
0,13.698,157.605,0.27,256,30.799,132.938,0.239
0,13.837,158.14,0.272,254,30.533,132.673,0.239
0,13.837,158.14,0.272,255,30.524,132.673,0.239
0,13.837,158.14,0.272,256,30.508,132.673,0.24
0,13.698,158.14,0.27,257,30.533,131.551,0.241
0,13.698,158.233,0.269,258,30.472,132.094,0.242
0,13.744,158.233,0.269,259,30.421,132.608,0.243
0,13.837,158.233,0.269,259,30.298,133.863,0.242
0,13.884,158.977,0.272,260,30.231,134.394,0.243
0,13.791,158.977,0.271,261,30.283,133.201,0.243
0,13.791,158.977,0.27,262,30.209,133.485,0.244
0,13.977,156.791,0.268,257,30.073,132.495,0.239
0,14.07,158.186,0.272,258,29.904,134.42,0.241
0,14.07,158.186,0.271,259,29.806,135.34,0.242
0,14.023,158.186,0.27,260,29.874,135.285,0.242
0,14.023,158.186,0.27,261,29.864,135.429,0.242
0,14.023,158.186,0.269,262,29.801,135.501,0.243
0,14.023,158.186,0.269,263,29.771,135.72,0.244
0,14.349,161.628,0.282,261,29.284,136.976,0.242
0,14.395,163.279,0.287,262,29.092,137.553,0.243
0,14.488,165.465,0.294,263,28.668,139.868,0.245
0,14.442,165.465,0.293,264,28.682,139.769,0.245
0,14.581,166.093,0.294,265,28.444,141.215,0.247
0,14.535,166.326,0.296,264,28.665,141.238,0.246
0,14.721,167.674,0.3,265,28.459,143.041,0.247
0,14.814,167.674,0.298,266,28.297,143.631,0.249
0,14.907,169.512,0.304,267,27.903,144.786,0.251
0,15.233,169.628,0.306,264,27.437,148.201,0.248
0,15.209,169.628,0.306,265,27.483,148.017,0.248
0,15.163,169.628,0.305,266,27.508,147.967,0.249
0,15.163,169.628,0.304,267,27.479,148.198,0.25
0,15.116,169.628,0.303,268,27.46,148.124,0.251
0,15.209,169.721,0.302,269,27.397,148.218,0.252
0,15.233,169.721,0.302,270,27.395,148.222,0.253
0,15.233,169.721,0.302,271,27.369,148.377,0.253
0,15.233,169.721,0.302,272,27.358,148.377,0.253
0,15.233,169.721,0.301,273,27.307,148.613,0.254
0,15.279,169.721,0.3,274,27.212,150.412,0.255
0,15.279,169.721,0.3,275,27.202,150.491,0.255
0,15.326,169.721,0.299,276,27.117,151.25,0.256
0,15.651,169.721,0.303,273,27.066,154.005,0.252
0,15.698,170.326,0.304,274,26.966,154.659,0.253
0,15.698,170.465,0.304,275,26.931,154.823,0.254
0,15.744,170.465,0.303,276,26.882,154.839,0.255
0,15.791,170.465,0.303,277,25.986,156.167,0.255
0,15.837,171.442,0.305,278,25.706,159.978,0.257
0,15.884,171.628,0.304,279,25.565,160.653,0.259
0,15.93,173.465,0.308,280,25.259,162.907,0.262
0,16.07,174.419,0.31,281,25.047,165.864,0.263
0,16.07,174.628,0.311,282,25.016,166.504,0.264
0,16.209,172.465,0.307,278,25.55,165.205,0.26
0,16.256,172.465,0.306,279,25.492,165.307,0.261
0,16.302,172.465,0.305,280,25.375,166.488,0.262
0,16.302,172.837,0.306,281,25.342,167.468,0.263
0,16.442,174.372,0.31,282,25.183,169.722,0.265
0,16.395,174.372,0.31,283,25.308,169.616,0.266
0,16.488,176.279,0.315,284,25.0,171.178,0.268
0,16.581,178.209,0.32,285,24.579,173.241,0.269
0,16.674,179.884,0.325,286,24.349,176.778,0.272
0,16.581,179.884,0.326,284,24.417,177.218,0.271
0,16.628,179.884,0.325,285,24.403,178.355,0.271
0,16.628,179.977,0.325,286,24.377,178.355,0.272
0,16.628,179.977,0.324,287,24.335,178.441,0.273
0,16.628,179.977,0.323,288,24.266,178.321,0.274
0,16.488,179.977,0.322,289,24.271,177.346,0.275
0,16.535,179.977,0.321,290,24.133,177.994,0.276
0,16.535,179.977,0.321,291,24.129,177.994,0.276
0,16.488,179.977,0.323,288,24.142,177.602,0.273
0,16.535,181.116,0.327,289,24.033,179.1,0.274
0,16.488,181.116,0.326,290,24.039,178.616,0.275
0,16.628,185.302,0.339,291,23.688,179.001,0.277
0,16.628,185.302,0.343,286,23.993,175.825,0.273
0,16.628,185.302,0.343,287,24.099,176.018,0.273
0,16.721,186.209,0.345,288,23.96,179.932,0.276
0,16.953,187.14,0.349,286,23.116,184.075,0.275
0,17.0,187.14,0.348,287,22.991,184.92,0.275
0,16.953,187.14,0.348,288,23.086,184.839,0.275
0,16.907,187.14,0.347,289,23.072,184.482,0.276
0,16.907,187.14,0.347,290,23.051,184.571,0.276
0,16.953,187.14,0.346,291,22.974,185.638,0.277
0,17.0,187.14,0.345,292,22.88,187.381,0.278
0,17.0,187.14,0.345,293,22.877,187.471,0.278
0,16.86,187.14,0.343,294,22.919,186.948,0.279
0,16.907,187.14,0.344,293,22.926,186.602,0.279
0,16.86,187.14,0.344,294,22.94,185.885,0.279
0,16.86,187.698,0.345,295,22.836,186.15,0.281
0,16.86,187.698,0.345,296,22.829,186.15,0.281
0,16.86,187.698,0.344,297,22.826,186.323,0.281
0,16.907,190.186,0.355,297,23.471,184.259,0.28
0,16.86,190.186,0.355,298,23.482,183.734,0.28
0,16.86,190.186,0.355,299,23.473,183.903,0.281
0,16.86,190.279,0.354,300,23.404,184.573,0.281
0,16.86,190.279,0.354,301,23.402,184.662,0.281
0,16.86,190.279,0.354,302,23.363,184.819,0.282
0,16.907,190.372,0.353,303,23.294,185.401,0.283
0,16.953,190.674,0.354,304,23.22,186.767,0.283
0,16.953,191.233,0.357,302,23.258,187.413,0.282
0,16.953,191.233,0.356,303,23.114,188.282,0.284
0,16.953,191.233,0.355,304,23.097,188.606,0.285
0,16.953,191.233,0.355,305,23.093,188.606,0.285
0,17.093,193.884,0.366,306,22.903,191.311,0.286
0,17.093,193.884,0.365,307,22.868,191.401,0.287
0,17.093,193.884,0.365,308,22.823,192.325,0.287
0,17.14,193.884,0.364,309,22.798,192.503,0.288
0,17.186,194.86,0.365,310,22.039,195.809,0.29
0,17.047,194.86,0.371,308,22.401,190.462,0.284
0,17.047,194.86,0.37,309,22.373,191.304,0.285
0,17.0,194.86,0.37,310,23.085,190.57,0.285
0,17.0,194.86,0.369,311,23.067,190.913,0.286
0,17.0,195.419,0.37,312,22.997,192.224,0.287
0,17.047,195.419,0.369,313,22.942,193.385,0.288
0,17.093,195.419,0.369,314,22.847,193.886,0.289
0,17.047,195.419,0.368,315,22.835,193.889,0.29
0,17.093,197.163,0.374,316,22.723,194.944,0.291
0,17.093,197.163,0.373,317,22.647,195.435,0.292
0,17.116,197.163,0.373,318,22.639,196.121,0.292
0,17.326,197.163,0.377,312,22.584,194.947,0.288
0,17.326,197.302,0.377,313,22.567,195.208,0.288
0,17.372,198.326,0.38,314,22.461,196.763,0.29
0,17.419,198.884,0.381,315,22.369,198.546,0.291
0,17.419,198.884,0.381,316,22.369,198.546,0.291
0,17.512,200.953,0.389,317,22.209,202.577,0.293
0,17.558,200.953,0.388,318,22.151,203.549,0.294
0,17.651,202.465,0.394,319,22.01,204.905,0.295
0,17.605,202.465,0.393,320,22.066,205.179,0.296
0,17.605,202.465,0.392,321,22.037,205.455,0.297
0,17.512,202.465,0.391,322,22.024,205.041,0.298
0,17.767,207.023,0.405,321,21.807,208.187,0.3
0,17.814,208.767,0.411,322,21.619,209.364,0.303
0,17.767,208.767,0.41,323,21.582,209.328,0.303
0,17.86,214.372,0.422,324,21.437,211.414,0.306
0,17.721,214.372,0.421,325,21.504,211.458,0.307
0,17.721,214.372,0.421,326,21.484,211.458,0.308
0,17.628,214.372,0.422,324,21.546,209.968,0.307
0,17.628,214.372,0.421,325,21.404,211.726,0.308
0,17.628,214.372,0.421,326,21.388,211.726,0.309
0,17.767,216.023,0.426,327,21.126,216.661,0.311
0,17.767,216.023,0.425,328,21.121,216.661,0.311
0,17.814,218.163,0.433,329,20.908,220.116,0.313
0,17.86,219.791,0.437,330,20.726,221.806,0.314
0,17.907,219.791,0.436,331,20.439,222.989,0.315
0,17.907,219.93,0.436,332,20.416,223.546,0.315
0,18.14,219.605,0.438,331,20.54,225.225,0.312
0,18.14,219.605,0.438,332,20.531,225.225,0.312
0,18.093,219.605,0.438,333,20.53,225.049,0.313
0,18.093,219.953,0.438,334,20.511,225.24,0.314
0,17.953,219.953,0.437,335,20.547,224.366,0.315
0,18.14,219.953,0.438,334,20.517,226.328,0.314
0,18.14,219.953,0.438,335,20.507,226.328,0.315
0,18.093,219.953,0.437,336,20.5,226.069,0.315
0,18.14,220.512,0.439,337,20.451,227.795,0.317
0,18.14,220.512,0.438,338,20.437,227.795,0.317
0,18.047,220.512,0.437,339,20.432,226.955,0.318
0,18.093,220.512,0.437,340,20.237,228.404,0.318
0,18.047,220.512,0.437,341,20.25,228.054,0.318
0,18.186,220.512,0.439,340,21.509,228.598,0.316
0,18.14,220.512,0.438,341,21.503,228.274,0.316
0,18.186,222.0,0.443,342,21.421,229.557,0.318
0,18.233,222.0,0.443,343,21.281,230.561,0.319
0,18.372,222.0,0.446,339,19.669,230.061,0.315
0,18.372,222.0,0.446,340,19.669,230.061,0.315
0,18.372,222.0,0.445,341,19.578,231.25,0.316
0,18.372,222.0,0.444,342,19.538,231.637,0.317
0,18.419,222.0,0.441,343,19.385,232.887,0.319
0,18.558,222.186,0.441,344,19.252,234.282,0.321
0,18.651,222.186,0.438,345,19.108,237.524,0.324
0,18.651,222.186,0.438,346,19.118,237.51,0.324
0,18.791,226.349,0.451,347,18.907,240.89,0.326
0,18.791,226.628,0.452,348,18.889,241.38,0.327
0,18.791,226.628,0.451,349,18.848,241.96,0.327
0,18.698,226.628,0.451,350,18.886,241.798,0.327
0,18.791,227.953,0.455,351,18.71,244.348,0.329
0,19.023,228.488,0.459,347,18.622,246.93,0.327
0,19.023,228.488,0.459,348,18.616,246.93,0.327
0,19.023,228.535,0.459,349,18.603,247.129,0.328
0,19.163,231.698,0.471,350,18.476,250.373,0.33
0,19.163,231.698,0.471,351,18.474,250.373,0.33
0,19.163,231.698,0.471,352,18.466,250.476,0.33
0,19.163,231.698,0.471,353,18.458,250.576,0.33
0,19.163,231.698,0.471,354,18.441,250.659,0.33
0,19.209,231.698,0.47,355,18.129,252.604,0.331
0,19.163,230.372,0.471,350,18.508,251.399,0.327
0,19.163,230.372,0.47,351,18.492,251.501,0.327
0,19.326,230.023,0.475,347,18.715,251.721,0.322
0,19.372,230.023,0.474,348,18.669,252.507,0.323
0,19.372,230.023,0.473,349,18.656,253.507,0.324
0,19.372,230.395,0.474,350,18.605,255.084,0.325
0,19.372,230.86,0.475,351,18.559,256.669,0.326
0,19.372,230.86,0.475,352,18.541,256.771,0.326
0,19.372,230.86,0.474,353,18.506,257.178,0.328
0,19.837,230.86,0.479,348,18.425,261.693,0.323
0,19.744,230.86,0.478,349,18.449,261.093,0.324
0,19.698,230.86,0.478,350,18.46,260.47,0.324
0,19.698,230.86,0.478,351,18.45,260.788,0.324
0,19.721,230.86,0.478,352,18.433,261.768,0.324
0,19.884,230.488,0.48,346,18.713,260.521,0.318
0,19.744,230.488,0.479,347,18.696,260.441,0.32
0,19.744,230.488,0.478,348,18.653,260.757,0.321
0,19.744,230.488,0.477,349,18.629,260.863,0.321
0,19.791,230.488,0.477,350,18.588,261.55,0.322
0,19.744,230.488,0.476,351,18.581,261.519,0.323
0,19.744,230.488,0.476,352,18.576,261.519,0.323
0,19.744,230.488,0.475,353,18.552,261.625,0.323
0,19.907,230.488,0.479,349,18.603,261.479,0.321
0,20.0,234.116,0.489,350,18.424,264.983,0.323
0,19.907,234.116,0.489,351,18.49,264.771,0.323
0,19.721,234.116,0.488,352,18.58,261.38,0.323
0,19.814,234.465,0.488,353,18.387,265.872,0.325
0,19.721,234.465,0.49,351,18.528,259.639,0.322
0,19.721,234.465,0.489,352,18.498,261.319,0.323
0,19.674,234.465,0.489,353,18.549,260.108,0.323
0,19.674,234.744,0.489,354,18.5,260.108,0.324
0,19.674,234.744,0.488,355,18.463,260.211,0.324
0,19.674,234.93,0.489,356,18.447,260.617,0.325
0,20.116,235.116,0.498,350,17.959,257.327,0.317
0,20.163,235.884,0.501,351,17.908,257.677,0.317
0,20.07,235.884,0.5,352,17.825,256.312,0.318
0,20.163,235.884,0.499,353,17.74,258.876,0.319
0,19.977,235.884,0.497,354,17.709,257.52,0.321
0,19.977,235.884,0.497,355,17.701,257.839,0.321
0,19.977,236.349,0.498,356,17.646,259.169,0.322
0,19.837,236.349,0.498,357,17.727,257.291,0.323
0,19.837,236.349,0.497,358,17.712,257.397,0.323
0,19.744,236.349,0.496,359,17.688,257.421,0.325
0,19.791,236.721,0.497,360,17.549,260.521,0.327
0,19.977,236.721,0.495,361,17.202,267.573,0.329
0,20.023,236.721,0.494,362,17.122,268.053,0.33
0,20.302,236.721,0.498,360,17.11,269.356,0.327
0,20.302,236.86,0.497,361,17.073,269.901,0.328
0,20.442,239.767,0.508,362,16.898,272.803,0.33
0,20.488,239.767,0.508,363,16.805,275.435,0.332
0,20.488,239.767,0.508,364,16.782,275.86,0.332
0,20.535,239.767,0.507,365,16.7,276.677,0.333
0,20.581,242.349,0.515,366,16.517,277.731,0.335
0,20.628,242.349,0.514,367,16.485,278.438,0.335
0,20.628,242.349,0.515,366,16.496,277.108,0.334
0,20.674,243.116,0.516,367,16.344,279.779,0.336
0,20.581,243.116,0.516,368,16.36,278.456,0.337
0,20.581,243.535,0.517,369,16.328,279.43,0.338
0,20.535,243.535,0.517,370,16.394,279.224,0.338
0,20.535,243.535,0.517,371,16.367,279.416,0.339
0,20.535,243.535,0.516,372,16.356,279.738,0.339
0,20.581,243.535,0.515,373,16.218,281.688,0.34
0,20.628,243.535,0.515,374,16.195,282.892,0.34
0,20.674,243.535,0.514,375,16.186,283.634,0.341
0,20.674,243.535,0.514,376,16.177,284.714,0.341
0,20.674,245.093,0.518,377,16.081,284.963,0.343
0,20.674,245.093,0.518,378,16.061,285.291,0.343
0,20.721,245.093,0.522,376,16.279,281.387,0.339
0,20.674,245.093,0.522,377,16.301,280.636,0.339
0,20.814,245.093,0.521,378,16.209,280.948,0.341
0,20.86,245.093,0.52,379,16.146,281.891,0.342
0,20.767,245.093,0.52,380,16.166,279.57,0.342
0,21.256,245.093,0.524,375,16.13,284.524,0.338
0,21.302,245.093,0.525,376,15.818,288.709,0.341
0,21.326,245.093,0.524,377,15.812,288.72,0.341
0,21.372,245.093,0.523,378,15.699,290.258,0.342
0,21.465,245.093,0.522,379,15.582,292.053,0.344
0,21.558,246.86,0.529,380,15.495,296.219,0.345
0,21.605,248.163,0.536,381,15.445,297.745,0.346
0,21.651,248.488,0.537,382,15.406,300.297,0.347
0,22.163,248.488,0.54,376,15.34,301.94,0.343
0,22.163,248.488,0.54,377,15.353,302.236,0.343
0,22.163,248.488,0.54,378,15.35,302.236,0.343
0,22.163,248.488,0.539,379,15.308,302.703,0.344
0,22.163,248.488,0.538,380,15.288,303.746,0.345
0,22.256,249.256,0.541,381,15.218,308.624,0.346
0,22.302,249.698,0.541,382,15.072,311.992,0.348
0,22.256,249.698,0.54,383,15.068,312.619,0.349
0,22.302,250.14,0.541,384,15.008,312.672,0.351
0,22.302,250.14,0.54,385,14.98,313.58,0.352
0,22.302,250.14,0.539,386,14.959,313.906,0.353
0,22.349,250.14,0.539,387,14.892,316.051,0.353
0,22.349,250.14,0.539,388,14.88,316.512,0.353
0,22.442,250.14,0.541,386,15.158,314.865,0.352
0,22.581,251.14,0.544,387,15.094,318.781,0.353
0,22.535,251.14,0.543,388,15.086,318.383,0.354
0,22.628,251.14,0.542,389,15.019,319.743,0.354
0,22.721,251.326,0.541,390,14.944,324.913,0.357
0,22.721,251.326,0.541,391,14.905,326.09,0.357
0,22.721,251.326,0.539,392,14.809,327.654,0.36
0,22.674,251.326,0.538,393,14.792,327.082,0.361
0,22.767,251.326,0.536,394,14.727,327.245,0.362
0,22.814,251.442,0.536,395,14.67,328.013,0.363
0,22.814,251.535,0.536,396,14.663,328.255,0.363
0,22.907,252.884,0.541,397,14.628,328.885,0.365
0,23.186,252.442,0.544,392,14.672,332.803,0.36
0,23.14,252.442,0.544,393,14.683,332.907,0.36
0,23.186,254.953,0.553,394,14.601,335.616,0.362
0,23.093,254.953,0.552,395,14.591,334.895,0.363
0,23.233,258.535,0.56,396,14.415,340.132,0.366
0,23.326,258.535,0.56,397,14.182,340.481,0.367
0,23.372,260.023,0.56,398,13.839,345.993,0.369
0,23.605,260.023,0.562,396,13.792,349.525,0.368
0,23.605,260.023,0.562,397,13.778,349.525,0.368
0,23.651,260.023,0.561,398,13.71,349.91,0.37
0,23.651,260.023,0.561,399,13.691,350.785,0.37
0,23.651,260.023,0.56,400,13.687,350.785,0.37
0,23.605,260.023,0.56,401,13.64,350.563,0.371
0,23.605,260.116,0.56,402,13.58,351.011,0.371
0,23.674,260.116,0.559,403,13.571,353.525,0.372
0,23.767,260.116,0.557,404,13.416,354.734,0.374
0,23.767,260.116,0.556,405,13.355,355.109,0.377
0,23.907,260.116,0.558,401,13.485,348.991,0.37
0,23.86,260.116,0.557,402,13.478,348.875,0.371
0,23.86,260.163,0.557,403,13.423,350.412,0.371
0,23.907,260.163,0.556,404,13.335,352.473,0.372
0,23.907,260.163,0.556,405,13.328,352.599,0.372
0,23.907,260.512,0.557,406,13.305,353.357,0.373
0,23.86,260.512,0.557,407,13.301,352.573,0.374
0,23.907,260.512,0.557,408,13.258,352.709,0.374
0,23.907,260.512,0.557,409,13.161,353.23,0.375
0,24.279,260.512,0.558,407,12.965,361.729,0.375
0,24.279,261.093,0.56,408,12.927,362.744,0.377
0,24.279,261.093,0.559,409,12.924,362.998,0.377
0,24.349,260.907,0.56,405,12.948,361.288,0.375
0,24.395,260.907,0.559,406,12.905,362.438,0.376
0,24.581,264.977,0.576,407,12.828,365.832,0.378
0,24.488,264.977,0.575,408,12.828,364.602,0.379
0,24.349,263.163,0.57,402,13.178,355.81,0.373
0,24.349,263.163,0.57,403,13.165,356.196,0.373
0,24.349,263.163,0.569,404,13.153,356.579,0.374
0,24.302,263.163,0.569,405,13.152,355.657,0.374
0,24.349,263.93,0.571,406,13.069,357.984,0.375
0,24.302,263.93,0.571,407,13.052,358.446,0.376
0,24.395,264.395,0.573,408,13.032,360.339,0.376
0,24.442,264.395,0.572,409,12.982,361.937,0.377
0,24.442,261.535,0.564,401,13.18,355.338,0.37
0,24.395,261.535,0.564,402,13.177,354.476,0.371
0,24.395,261.535,0.563,403,13.111,356.898,0.372
0,24.488,261.535,0.565,404,12.955,359.787,0.374
0,24.581,261.535,0.564,405,12.924,362.609,0.375
0,24.581,261.535,0.563,406,12.907,363.502,0.376
0,24.651,261.535,0.563,407,12.867,365.566,0.376
0,24.651,261.535,0.562,408,12.83,366.836,0.377
0,24.605,261.535,0.563,408,12.853,364.612,0.377
0,24.605,261.535,0.562,409,12.842,365.122,0.377
0,24.605,261.535,0.562,410,12.79,367.572,0.378
0,24.558,261.535,0.562,411,12.787,367.298,0.378
0,24.558,261.535,0.562,412,12.758,367.679,0.379
0,24.605,261.535,0.56,413,12.69,370.261,0.382
0,24.651,261.86,0.56,414,12.573,375.091,0.383
0,24.674,261.86,0.56,415,12.57,375.196,0.384
0,24.628,261.86,0.559,416,12.557,375.268,0.385
0,24.674,261.86,0.559,417,12.409,378.671,0.385
0,24.814,261.977,0.561,412,12.444,377.527,0.383
0,24.814,261.977,0.561,413,12.427,378.305,0.384
0,24.721,261.977,0.559,414,12.419,377.72,0.385
0,24.721,261.977,0.559,415,12.411,378.228,0.385
0,24.721,261.977,0.559,416,12.406,378.341,0.385
0,24.837,261.977,0.567,406,12.708,370.648,0.377
0,24.837,261.977,0.567,407,12.657,372.664,0.378
0,24.837,261.977,0.566,408,12.627,372.664,0.379
0,24.837,261.977,0.566,409,12.625,372.795,0.379
0,24.884,261.977,0.565,410,12.594,373.867,0.38
0,25.07,261.977,0.569,407,12.738,373.355,0.374
0,25.023,261.977,0.569,408,12.739,373.622,0.375
0,25.07,264.093,0.573,409,12.645,375.773,0.377
0,25.07,264.093,0.572,410,12.618,377.042,0.378
0,25.07,264.093,0.572,411,12.612,377.175,0.378
0,25.116,264.279,0.573,406,12.618,378.295,0.377
0,25.116,264.279,0.573,407,12.614,378.427,0.377
0,25.209,264.279,0.572,408,12.545,380.395,0.378
0,25.209,264.279,0.571,409,12.522,380.526,0.379
0,25.302,264.279,0.569,410,12.422,383.125,0.381
0,25.302,264.279,0.568,411,12.402,385.074,0.382
0,25.256,264.279,0.568,412,12.419,384.45,0.382
0,25.302,265.186,0.572,413,12.358,386.828,0.384
0,25.302,265.186,0.571,414,12.347,387.461,0.384
0,25.256,265.698,0.572,415,12.288,388.769,0.387
0,25.581,265.698,0.573,408,12.415,383.901,0.381
0,25.581,265.698,0.572,409,12.389,384.82,0.382
0,25.674,269.674,0.58,410,12.268,391.886,0.385
0,25.721,269.674,0.58,411,12.251,392.69,0.386
0,25.721,269.884,0.579,412,12.196,392.794,0.387
0,25.674,269.884,0.579,413,12.19,392.629,0.387
0,25.674,269.884,0.579,414,12.165,393.279,0.388
0,25.674,269.884,0.578,415,12.142,393.913,0.388
0,25.674,269.884,0.578,416,12.136,393.913,0.389
0,25.674,269.884,0.578,417,12.13,394.314,0.389
0,25.744,269.884,0.578,418,12.118,397.499,0.389
0,25.744,269.884,0.576,419,12.093,399.724,0.391
0,25.744,269.884,0.574,420,12.032,402.156,0.393
0,26.023,271.605,0.586,414,12.012,400.616,0.388
0,26.023,271.605,0.587,415,11.999,400.616,0.388
0,26.163,273.907,0.596,416,11.915,407.941,0.391
0,26.209,275.488,0.602,417,11.876,410.563,0.392
0,26.256,275.93,0.603,418,11.823,413.844,0.393
0,26.163,275.93,0.603,419,11.83,412.507,0.394
0,26.209,275.93,0.601,420,11.784,415.803,0.395
0,26.163,275.93,0.601,421,11.776,415.361,0.396
0,26.256,277.488,0.606,422,11.706,415.71,0.399
0,26.256,277.488,0.606,423,11.703,416.391,0.399
0,26.163,277.488,0.608,419,11.86,408.304,0.395
0,26.186,277.488,0.608,420,11.858,408.317,0.395
0,26.186,277.488,0.607,421,11.784,409.434,0.397
0,26.186,277.488,0.607,422,11.779,409.701,0.397
0,26.233,278.581,0.612,423,11.73,411.745,0.399
0,26.233,278.581,0.612,424,11.721,412.016,0.4
0,26.233,278.581,0.612,425,11.689,413.586,0.4
0,26.326,278.744,0.615,426,11.595,418.014,0.402
0,26.326,278.744,0.614,427,11.591,418.014,0.402
0,26.233,278.744,0.616,424,11.204,414.49,0.4
0,26.372,278.744,0.616,425,11.139,418.971,0.401
0,26.372,278.744,0.619,426,11.024,420.258,0.402
0,26.372,279.116,0.618,427,10.968,423.894,0.404
0,26.326,279.116,0.617,428,10.947,423.052,0.405
0,26.465,279.116,0.617,429,10.838,426.563,0.406
0,26.465,279.116,0.616,430,10.821,426.972,0.406
0,26.465,279.116,0.616,431,10.807,426.972,0.407
0,26.512,279.512,0.618,432,10.722,431.376,0.408
0,26.512,279.512,0.618,433,10.716,432.455,0.408
0,26.581,279.512,0.619,430,10.726,429.155,0.406
0,26.535,279.512,0.619,431,10.699,430.148,0.407
0,26.535,279.791,0.62,432,10.686,430.834,0.408
0,26.581,280.977,0.622,433,10.619,434.15,0.409
0,26.674,280.581,0.621,430,10.735,429.589,0.406
0,26.674,280.721,0.621,431,10.718,430.002,0.407
0,26.628,280.721,0.619,432,10.692,431.923,0.409
0,26.628,280.721,0.618,433,10.642,434.358,0.411
0,26.581,280.721,0.617,434,10.614,434.422,0.412
0,26.442,280.721,0.617,435,10.64,433.782,0.412
0,26.442,280.721,0.616,436,10.632,434.197,0.413
0,26.86,280.721,0.617,432,10.531,442.076,0.412
0,26.86,280.86,0.617,433,10.496,443.542,0.413
0,26.86,280.86,0.617,434,10.493,443.542,0.413
0,26.953,280.86,0.616,435,10.411,445.849,0.415
0,26.953,280.86,0.614,436,10.394,446.96,0.416
0,26.953,280.86,0.613,437,10.365,447.242,0.417
0,26.953,280.86,0.613,438,10.36,447.927,0.418
0,26.953,280.721,0.615,435,10.97,443.838,0.414
0,27.047,282.535,0.628,436,10.926,448.806,0.416
0,27.186,283.395,0.632,437,10.894,452.142,0.418
0,27.186,283.395,0.632,438,10.889,452.142,0.419
0,27.14,283.395,0.631,439,10.87,452.464,0.419
0,27.186,284.442,0.635,440,10.812,454.89,0.422
0,27.233,286.093,0.638,441,10.772,458.945,0.423
0,27.233,286.093,0.638,442,10.753,459.615,0.424
0,27.233,286.279,0.638,443,10.717,461.013,0.425
0,27.186,286.279,0.638,444,10.717,459.662,0.425
0,27.465,286.349,0.644,437,10.905,451.287,0.416
0,27.512,286.349,0.642,438,10.817,455.475,0.419
0,27.465,286.349,0.642,439,10.8,455.148,0.419
0,27.465,286.349,0.642,440,10.797,455.148,0.42
0,27.465,286.349,0.641,441,10.793,455.71,0.42
0,27.512,286.349,0.641,442,10.789,456.508,0.42
0,27.884,288.442,0.645,434,10.85,459.099,0.416
0,27.884,288.442,0.644,435,10.839,459.242,0.417
0,27.884,288.442,0.644,436,10.83,459.535,0.418
0,27.884,288.442,0.644,437,10.813,459.971,0.418
0,28.209,288.442,0.647,434,10.873,459.492,0.414
0,28.209,288.442,0.647,435,10.856,460.666,0.415
0,28.302,288.442,0.647,436,10.821,465.252,0.417
0,28.209,288.442,0.646,437,10.842,465.217,0.418
0,28.349,288.442,0.648,433,10.857,463.812,0.415
0,28.395,288.442,0.648,434,10.795,464.54,0.416
0,28.395,288.442,0.647,435,10.78,464.689,0.417
0,28.465,290.558,0.648,436,10.744,469.039,0.419
0,28.465,290.558,0.648,437,10.722,469.671,0.42
0,28.419,290.558,0.647,438,10.745,468.894,0.42
0,28.372,290.558,0.647,439,10.739,469.015,0.421
0,28.419,290.558,0.646,440,10.721,471.286,0.422
0,28.465,290.558,0.649,435,11.781,465.961,0.418
0,28.465,290.558,0.649,436,11.778,465.961,0.418
0,28.465,290.558,0.649,437,11.774,466.256,0.418
0,28.419,290.558,0.648,438,11.762,466.279,0.419
0,28.419,290.558,0.648,439,11.751,466.279,0.419
0,28.419,290.698,0.649,440,11.743,467.587,0.42
0,28.372,290.395,0.649,436,11.893,461.47,0.414
0,28.372,290.395,0.649,437,11.886,462.038,0.415
0,28.372,290.395,0.649,438,11.867,462.632,0.415
0,28.372,290.395,0.648,439,11.847,463.774,0.416
0,28.465,289.488,0.65,431,12.064,457.738,0.406
0,28.465,289.488,0.649,432,12.049,458.335,0.407
0,28.558,294.628,0.65,433,11.99,464.752,0.41
0,28.558,294.628,0.65,434,11.982,465.496,0.41
0,28.651,303.023,0.651,435,11.971,468.748,0.413
0,28.605,303.023,0.65,436,11.951,470.163,0.414
0,28.558,303.023,0.649,437,11.94,470.469,0.416
0,28.651,303.14,0.654,438,11.895,474.984,0.417
0,28.651,303.14,0.652,439,11.823,476.235,0.419
0,28.651,303.14,0.652,440,11.809,476.688,0.419
0,28.605,303.279,0.651,441,11.78,476.828,0.42
0,28.605,303.279,0.651,442,11.768,477.703,0.421
0,28.605,303.279,0.652,443,11.704,479.634,0.423
0,28.721,303.279,0.655,436,11.856,471.147,0.416
0,28.721,303.279,0.655,437,11.751,472.646,0.416
0,28.674,303.279,0.654,438,11.732,472.61,0.417
0,28.674,303.279,0.654,439,11.724,473.059,0.418
0,28.628,303.279,0.654,440,11.784,472.135,0.418
0,28.581,303.279,0.654,441,11.795,471.686,0.418
0,28.535,303.279,0.654,442,11.829,471.567,0.418
0,28.488,303.279,0.654,443,11.843,471.623,0.418
0,28.535,303.279,0.653,444,11.808,474.273,0.419
0,28.767,306.953,0.662,445,11.73,480.42,0.422
0,28.814,306.953,0.661,446,11.704,482.873,0.423
0,28.814,307.93,0.661,447,11.665,483.548,0.424
0,28.86,307.93,0.662,443,11.885,479.529,0.42
0,28.86,307.93,0.661,444,11.87,480.956,0.421
0,28.86,307.93,0.662,445,11.854,482.53,0.421
0,28.86,307.93,0.661,446,11.851,482.53,0.422
0,28.953,307.93,0.66,447,11.803,486.492,0.423
0,29.0,308.14,0.662,448,11.783,489.449,0.424
0,29.0,308.14,0.662,449,11.77,489.449,0.425
0,29.186,309.14,0.663,448,11.838,492.858,0.424
0,29.233,309.14,0.662,449,11.768,494.234,0.425
0,29.326,311.884,0.669,450,11.591,499.562,0.428
0,29.349,311.884,0.669,451,11.591,499.981,0.428
0,29.349,311.884,0.669,452,11.576,501.031,0.429
0,29.302,311.884,0.669,453,11.575,500.567,0.429
0,29.302,311.884,0.669,454,11.57,501.181,0.429
0,29.209,311.884,0.668,455,11.56,501.07,0.43
0,29.302,312.605,0.68,456,11.528,505.494,0.431
0,29.302,312.605,0.68,457,11.514,505.494,0.431
0,29.349,312.605,0.68,458,11.424,507.003,0.433
0,29.535,312.605,0.682,454,11.428,509.041,0.431
0,29.535,312.605,0.681,455,11.417,510.116,0.432
0,29.488,312.605,0.681,456,11.421,509.907,0.432
0,29.488,312.605,0.681,457,11.407,510.372,0.433
0,29.349,312.605,0.681,458,11.408,509.957,0.433
0,29.395,312.605,0.68,459,11.381,512.254,0.435
0,29.302,312.605,0.68,460,11.409,511.566,0.435
0,29.302,312.605,0.68,461,11.388,513.08,0.436
0,29.349,312.605,0.679,462,11.272,514.778,0.438
0,29.349,312.605,0.679,463,11.269,514.931,0.438
0,29.349,312.605,0.68,464,11.253,515.24,0.439
0,29.302,312.605,0.679,465,11.245,515.381,0.44
0,29.349,312.605,0.681,460,11.35,513.107,0.437
0,29.209,312.605,0.681,461,11.373,511.955,0.437
0,29.209,312.605,0.681,462,11.355,512.264,0.437
0,29.163,312.698,0.681,463,11.337,512.488,0.438
0,29.163,312.698,0.681,464,11.331,512.642,0.439
0,29.07,312.698,0.68,465,11.334,511.058,0.439
0,29.07,312.767,0.682,460,11.421,507.331,0.436
0,29.07,312.767,0.682,461,11.417,507.331,0.437
0,28.977,312.767,0.682,462,11.415,506.207,0.437
0,28.93,312.767,0.681,463,11.407,505.722,0.438
0,28.837,312.767,0.681,464,11.413,504.081,0.438
0,28.884,312.767,0.685,465,11.383,506.239,0.44
0,28.884,312.0,0.68,462,11.548,501.695,0.434
0,28.884,312.0,0.679,463,11.529,502.15,0.434
0,28.884,312.0,0.679,464,11.525,502.103,0.435
0,28.884,312.116,0.68,465,11.509,502.556,0.436
0,28.837,312.116,0.679,466,11.482,503.366,0.438
1,28.791,310.233,0.683,466,19.734,494.358,0.436
0,28.884,310.233,0.682,467,19.705,498.06,0.438
0,28.884,310.233,0.683,468,19.663,500.763,0.44
0,28.884,310.233,0.682,469,19.649,501.67,0.44
0,28.744,310.233,0.682,470,19.643,498.471,0.441
1,28.744,310.233,0.682,470,19.643,498.471,0.441
0,28.744,310.233,0.681,471,19.633,499.666,0.442
0,28.721,310.558,0.683,468,19.673,498.87,0.441
