bloqueo,entropia,msi,bfr,rutas,pathconsec,entropiauso,porcuso
0,0.023,0.07,0.0,1,350.871,0.0,0.0
0,0.116,0.442,0.0,2,349.823,0.0,0.002
0,0.116,0.674,0.0,3,349.426,0.0,0.002
0,0.209,0.767,0.0,4,349.005,0.0,0.003
0,0.302,1.14,0.0,5,347.715,0.0,0.004
0,0.372,1.419,0.0,6,346.828,0.0,0.005
0,0.465,2.186,0.001,7,339.99,0.0,0.007
0,0.605,3.093,0.002,8,323.9,0.076,0.008
0,0.698,3.884,0.003,9,311.747,0.126,0.009
0,0.791,4.349,0.003,10,310.491,0.227,0.011
0,0.837,4.744,0.003,11,303.208,0.236,0.012
0,0.884,5.186,0.003,12,295.448,0.334,0.013
0,1.023,6.349,0.005,13,283.497,0.545,0.015
0,1.047,6.349,0.005,14,283.401,0.61,0.015
0,1.116,6.349,0.005,15,283.312,0.616,0.015
0,1.116,6.419,0.005,16,283.218,0.623,0.015
0,1.209,7.721,0.007,17,276.728,0.704,0.017
0,1.256,7.767,0.007,18,275.241,0.705,0.017
0,1.256,7.977,0.007,19,274.965,0.725,0.018
0,1.395,8.767,0.009,20,262.34,0.841,0.018
0,1.442,9.814,0.01,21,258.588,0.966,0.02
0,1.488,10.488,0.011,22,255.322,1.172,0.021
0,1.488,10.605,0.011,23,255.081,1.205,0.022
0,1.581,11.814,0.013,24,247.514,1.385,0.023
0,1.674,12.442,0.013,25,236.415,1.522,0.025
0,1.767,12.628,0.013,26,236.216,1.55,0.026
0,1.814,13.349,0.013,27,231.338,1.69,0.027
0,1.953,14.163,0.014,28,228.621,1.793,0.029
0,2.14,15.395,0.017,29,221.799,2.262,0.03
0,2.14,15.395,0.016,30,221.748,2.274,0.031
0,2.186,15.814,0.017,31,220.619,2.47,0.031
0,2.279,16.442,0.018,31,219.79,2.684,0.032
0,2.372,18.907,0.023,32,209.282,3.163,0.034
0,2.465,19.233,0.023,33,206.332,3.166,0.035
0,2.465,19.558,0.023,34,205.81,3.303,0.036
0,2.465,19.744,0.023,35,205.411,3.303,0.037
0,2.465,20.023,0.023,36,205.28,3.343,0.037
0,2.465,20.023,0.023,37,205.26,3.343,0.038
0,2.512,20.023,0.023,38,205.203,3.352,0.038
0,2.488,20.023,0.023,39,206.578,3.351,0.038
0,2.488,20.023,0.022,40,206.534,3.364,0.038
0,2.674,22.953,0.029,41,199.837,3.743,0.04
0,2.721,22.953,0.028,42,199.622,4.012,0.041
0,2.814,23.302,0.029,43,198.817,4.081,0.041
0,2.814,23.302,0.029,44,198.573,4.171,0.041
0,2.837,23.442,0.029,45,198.123,4.341,0.042
0,2.837,23.442,0.028,46,197.912,4.549,0.043
0,2.884,23.744,0.028,47,197.574,4.765,0.044
0,2.93,23.744,0.027,48,196.522,5.058,0.044
0,3.07,24.86,0.028,49,191.053,5.71,0.047
0,3.093,25.07,0.03,47,181.656,5.773,0.045
0,3.233,25.674,0.031,48,179.201,6.385,0.046
0,3.233,25.86,0.031,49,178.665,6.511,0.047
0,3.279,26.093,0.031,50,175.586,6.573,0.048
0,3.302,26.093,0.03,51,175.398,6.828,0.048
0,3.395,26.535,0.03,52,172.29,6.924,0.049
0,3.488,26.535,0.03,53,170.055,7.23,0.049
0,3.581,27.395,0.031,54,167.252,7.838,0.051
0,3.581,27.395,0.031,55,167.224,7.838,0.051
0,3.581,27.488,0.031,56,167.192,7.838,0.052
0,3.628,27.814,0.031,57,165.547,7.858,0.052
0,3.535,27.814,0.03,58,167.412,7.652,0.053
0,3.535,28.0,0.03,59,167.038,7.791,0.054
0,3.721,29.744,0.033,60,158.821,8.494,0.056
0,3.767,29.977,0.033,61,152.997,9.002,0.057
0,3.767,30.302,0.033,62,152.635,9.369,0.058
0,3.767,30.581,0.033,63,152.447,9.369,0.058
0,3.767,30.86,0.033,64,152.306,9.495,0.059
0,3.86,32.116,0.035,65,148.86,9.924,0.061
0,3.86,32.116,0.035,66,148.802,9.989,0.061
0,4.047,33.326,0.039,66,142.425,10.061,0.061
0,4.093,34.07,0.039,67,141.155,10.536,0.063
0,4.14,34.14,0.039,68,136.719,10.595,0.063
0,4.163,34.14,0.039,69,136.677,10.738,0.063
0,4.209,34.279,0.038,70,135.608,10.818,0.064
0,4.163,34.279,0.038,71,135.777,10.838,0.065
0,4.209,34.279,0.037,72,134.461,11.118,0.065
0,4.302,34.488,0.037,73,133.719,11.527,0.066
0,4.349,34.884,0.038,74,132.779,11.894,0.067
0,4.488,35.395,0.039,74,131.364,12.19,0.067
0,4.512,35.558,0.039,75,131.107,12.232,0.068
0,4.605,35.558,0.038,76,128.656,12.501,0.069
0,4.651,35.791,0.038,77,126.391,12.596,0.069
0,4.698,36.953,0.04,78,125.683,13.115,0.07
0,4.698,36.953,0.04,79,125.602,13.14,0.071
0,4.791,38.047,0.042,80,124.52,13.831,0.072
0,4.884,39.442,0.044,81,119.885,14.02,0.074
0,5.023,41.674,0.049,82,117.824,14.863,0.075
0,5.023,41.721,0.049,83,117.784,14.863,0.075
0,5.163,41.953,0.051,82,117.898,14.778,0.075
0,5.116,41.953,0.05,83,117.987,14.753,0.075
0,5.163,41.953,0.05,84,117.139,14.939,0.076
0,5.186,41.953,0.049,85,117.021,15.215,0.076
0,5.233,42.907,0.052,86,115.771,15.558,0.077
0,5.465,45.558,0.059,87,108.503,16.204,0.077
0,5.465,45.721,0.059,88,108.067,16.315,0.078
0,5.512,46.093,0.058,89,107.473,16.567,0.08
0,5.535,46.093,0.058,90,107.394,16.871,0.08
0,5.442,46.186,0.057,91,108.348,16.669,0.081
0,5.535,46.628,0.057,92,107.041,17.598,0.082
0,5.535,46.628,0.057,93,107.157,17.95,0.083
0,5.535,47.047,0.06,92,105.461,18.091,0.081
0,5.581,47.442,0.061,93,100.207,18.417,0.082
0,5.628,48.279,0.061,94,99.424,18.847,0.084
0,5.814,52.791,0.072,95,97.263,20.041,0.087
0,5.907,54.372,0.076,96,96.268,20.567,0.088
0,5.953,55.744,0.08,97,95.463,20.742,0.089
0,6.0,56.302,0.08,98,95.215,21.021,0.09
0,6.093,57.209,0.082,99,93.139,21.049,0.091
0,6.093,57.326,0.081,100,92.92,21.322,0.092
0,6.093,57.326,0.081,101,92.949,21.577,0.092
0,6.233,57.93,0.081,102,92.647,21.584,0.094
0,6.233,58.116,0.081,103,92.603,21.706,0.095
0,6.233,58.116,0.081,103,91.964,21.711,0.095
0,6.233,58.116,0.08,104,91.874,21.742,0.095
0,6.233,58.488,0.08,105,91.688,21.928,0.096
0,6.233,58.628,0.08,106,91.606,22.019,0.097
0,6.256,58.628,0.08,107,92.908,22.122,0.097
0,6.163,58.628,0.078,108,93.207,22.211,0.099
0,6.186,58.791,0.078,109,92.693,22.758,0.099
0,6.233,60.209,0.082,108,93.175,22.247,0.099
0,6.279,60.326,0.082,109,92.719,22.476,0.1
0,6.419,60.651,0.082,110,91.975,22.516,0.101
0,6.419,60.651,0.082,111,91.913,22.663,0.101
0,6.419,60.651,0.081,112,91.859,22.755,0.102
0,6.419,60.651,0.081,113,91.75,22.961,0.102
0,6.558,62.86,0.086,114,91.269,23.002,0.104
0,6.651,62.86,0.086,113,91.025,22.805,0.104
0,6.605,62.86,0.086,114,91.923,22.647,0.104
0,6.698,63.581,0.086,115,90.73,24.283,0.106
0,6.791,64.977,0.089,116,90.019,25.256,0.107
0,6.791,64.977,0.089,117,89.856,25.288,0.108
0,6.884,66.698,0.093,118,88.33,26.069,0.109
0,6.93,66.93,0.093,119,86.919,26.231,0.11
0,7.0,66.93,0.092,120,86.901,26.236,0.111
0,7.093,67.512,0.093,121,85.644,27.153,0.111
0,7.093,68.07,0.094,122,85.425,27.843,0.113
0,7.14,68.605,0.094,123,79.703,28.682,0.114
0,7.233,68.07,0.097,119,80.719,28.011,0.11
0,7.233,68.07,0.096,120,81.607,28.342,0.111
0,7.233,68.07,0.095,121,81.468,28.446,0.112
0,7.279,68.628,0.095,122,80.961,28.822,0.113
0,7.372,71.698,0.103,123,79.598,29.394,0.116
0,7.419,73.349,0.107,124,77.883,30.026,0.116
0,7.419,73.349,0.106,125,77.808,30.136,0.117
0,7.442,73.349,0.106,126,77.77,30.253,0.118
0,7.581,73.209,0.108,125,76.679,29.937,0.115
0,7.581,73.209,0.107,126,76.643,29.937,0.116
0,7.581,73.209,0.106,127,76.55,30.117,0.117
0,7.674,74.86,0.111,128,75.084,30.367,0.117
0,7.674,74.977,0.111,129,74.936,30.537,0.118
0,7.674,75.326,0.111,130,74.774,30.863,0.119
0,7.767,77.372,0.116,131,73.884,31.615,0.12
0,7.814,77.953,0.116,132,71.94,32.824,0.122
0,7.86,77.953,0.115,133,71.066,33.315,0.123
0,7.907,77.953,0.114,134,70.623,33.496,0.124
0,7.86,77.953,0.113,135,70.722,33.503,0.125
0,7.907,78.512,0.114,136,70.453,34.146,0.126
0,7.977,78.512,0.113,137,70.4,34.379,0.127
0,7.977,78.512,0.112,138,70.32,34.417,0.128
0,8.023,78.512,0.112,139,70.192,34.503,0.129
0,8.07,79.605,0.113,140,69.441,35.219,0.13
0,8.07,79.744,0.113,141,69.215,35.625,0.131
0,8.209,79.744,0.111,142,68.604,36.775,0.132
0,8.209,80.209,0.116,140,68.942,36.641,0.13
0,8.209,80.209,0.115,141,68.871,36.723,0.131
0,8.256,80.209,0.115,142,68.675,37.015,0.131
0,8.302,80.209,0.115,143,68.256,37.3,0.131
0,8.302,80.209,0.114,144,68.21,37.459,0.132
0,8.349,80.209,0.113,145,67.724,37.574,0.133
0,8.349,80.488,0.113,146,67.622,37.85,0.133
0,8.395,80.488,0.112,147,67.224,38.273,0.135
0,8.442,80.488,0.111,148,67.057,38.467,0.135
0,8.488,81.674,0.113,149,65.81,39.671,0.137
0,8.395,81.674,0.112,150,66.338,39.634,0.138
0,8.442,82.442,0.114,151,65.383,40.629,0.139
0,8.535,84.395,0.118,152,64.264,41.572,0.14
0,8.581,85.209,0.12,153,64.011,42.343,0.142
0,8.721,86.814,0.125,154,63.257,43.999,0.143
0,8.674,86.814,0.123,155,63.137,44.544,0.144
0,8.721,86.116,0.12,155,61.821,45.58,0.145
0,8.767,87.256,0.123,156,61.259,46.042,0.146
0,8.814,88.279,0.125,157,60.738,46.309,0.147
0,8.814,88.279,0.125,158,60.649,46.6,0.147
0,8.814,88.279,0.124,159,60.587,46.93,0.148
0,8.814,88.279,0.124,159,60.411,46.968,0.148
0,8.907,88.279,0.122,160,59.479,47.059,0.15
0,9.0,90.953,0.128,161,58.957,48.535,0.153
0,9.0,91.047,0.128,162,58.896,48.535,0.153
0,9.047,91.372,0.128,161,57.898,49.294,0.154
0,9.047,91.372,0.127,162,57.78,49.708,0.155
0,9.047,91.721,0.128,163,57.692,50.052,0.156
0,9.047,92.0,0.128,164,57.622,50.395,0.157
0,9.093,92.0,0.127,165,57.249,50.946,0.157
0,9.186,93.326,0.131,166,56.954,51.82,0.157
0,9.14,93.326,0.131,167,57.086,51.465,0.158
0,9.14,93.349,0.131,168,56.931,51.425,0.158
0,9.186,93.349,0.132,168,56.974,51.416,0.157
0,9.326,94.395,0.134,169,56.538,53.178,0.158
0,9.372,95.023,0.135,170,56.262,53.395,0.159
0,9.465,99.581,0.146,171,54.23,56.237,0.162
0,9.465,99.628,0.147,172,54.218,56.237,0.162
0,9.512,101.349,0.15,173,53.591,57.108,0.165
0,9.605,105.256,0.159,174,52.154,58.195,0.168
0,9.791,105.256,0.162,172,51.344,59.974,0.165
0,9.791,105.256,0.162,173,51.332,60.069,0.165
0,9.791,105.256,0.161,174,51.294,60.118,0.166
0,9.744,105.442,0.161,175,51.441,59.997,0.167
0,9.744,105.442,0.16,176,51.41,59.997,0.167
0,9.744,105.442,0.16,177,51.401,60.046,0.167
0,9.791,106.419,0.162,178,51.132,60.569,0.169
0,9.791,106.512,0.162,179,51.132,60.569,0.169
0,9.791,106.535,0.162,180,51.126,60.613,0.169
0,9.791,106.535,0.162,181,51.072,60.708,0.169
0,9.791,106.535,0.161,182,51.028,61.366,0.17
0,9.93,107.953,0.164,183,50.135,63.809,0.172
0,9.837,107.953,0.163,184,50.41,63.97,0.173
0,9.837,108.047,0.163,185,50.386,64.113,0.173
0,9.837,108.047,0.162,186,50.224,64.849,0.174
0,9.837,108.047,0.16,187,50.111,65.373,0.176
0,10.023,110.14,0.166,187,49.616,66.43,0.177
0,9.977,110.14,0.165,188,49.805,66.086,0.178
0,10.07,111.744,0.169,189,49.213,67.614,0.18
0,10.116,112.558,0.17,190,48.628,68.542,0.182
0,10.116,112.628,0.17,191,48.612,68.684,0.182
0,10.116,112.628,0.169,192,48.544,68.684,0.183
0,10.209,116.442,0.179,193,47.642,71.588,0.185
0,10.256,116.442,0.177,194,47.412,72.298,0.187
0,10.349,117.953,0.181,195,46.95,74.111,0.189
0,10.488,120.023,0.186,196,46.412,75.474,0.19
0,10.535,120.698,0.186,197,45.993,76.794,0.193
0,10.535,120.698,0.186,198,45.983,76.794,0.193
0,10.628,123.581,0.194,196,45.772,78.733,0.194
0,10.674,123.581,0.194,197,45.733,79.102,0.195
0,10.721,123.581,0.193,198,45.497,79.963,0.196
0,10.814,125.581,0.198,199,44.547,82.566,0.197
0,10.814,125.953,0.199,200,44.464,82.939,0.198
0,10.814,126.023,0.198,201,44.41,83.103,0.199
0,10.814,126.023,0.197,202,44.361,83.103,0.2
0,10.86,126.023,0.198,201,44.212,83.778,0.2
0,10.953,126.953,0.2,202,43.891,84.612,0.2
0,10.907,126.953,0.199,203,43.891,84.48,0.201
0,10.907,126.953,0.199,204,43.856,84.803,0.201
0,10.907,126.977,0.199,205,43.836,84.803,0.202
0,10.907,127.721,0.2,206,43.628,86.366,0.204
0,10.907,127.721,0.199,207,43.598,86.366,0.204
0,10.953,127.721,0.198,208,43.368,87.382,0.205
0,11.0,130.0,0.205,209,43.229,87.824,0.206
0,11.093,130.628,0.206,210,41.828,89.143,0.207
0,10.953,128.186,0.204,205,43.484,85.802,0.201
0,10.953,128.186,0.203,206,43.446,85.915,0.201
0,11.0,128.186,0.202,207,43.094,87.099,0.202
0,11.047,128.791,0.202,208,42.942,88.147,0.204
0,11.047,128.86,0.202,209,42.83,88.293,0.205
0,11.047,128.86,0.202,210,42.82,88.35,0.205
0,11.047,129.14,0.202,211,42.776,88.685,0.206
0,11.047,129.14,0.201,212,42.727,88.741,0.206
0,11.047,129.14,0.201,213,42.716,88.741,0.206
0,11.093,129.14,0.201,214,42.374,89.891,0.207
0,11.047,129.14,0.2,215,42.35,89.887,0.207
0,11.116,130.256,0.203,213,41.71,91.822,0.208
0,11.116,130.256,0.203,214,41.685,91.937,0.208
0,11.256,131.395,0.205,215,41.343,93.346,0.21
0,11.302,131.86,0.205,216,41.024,94.496,0.212
0,11.395,131.86,0.204,217,38.334,96.819,0.213
0,11.488,132.419,0.205,218,37.892,98.866,0.214
0,11.581,133.488,0.207,219,37.438,100.389,0.215
0,11.628,133.744,0.207,220,37.349,100.396,0.216
0,11.535,133.744,0.207,221,37.503,100.066,0.217
0,11.628,134.233,0.211,219,37.46,99.809,0.214
0,11.698,134.233,0.211,220,37.454,100.377,0.215
0,11.837,136.209,0.216,221,36.975,103.613,0.217
0,11.884,138.256,0.222,222,36.305,104.321,0.217
0,11.884,138.256,0.222,223,36.274,104.445,0.218
0,11.837,137.512,0.22,223,36.455,102.669,0.217
0,11.837,137.512,0.22,224,36.393,102.782,0.217
0,11.93,138.953,0.224,225,35.789,104.854,0.218
0,11.977,138.953,0.223,226,35.751,105.747,0.218
0,11.977,138.953,0.223,227,35.724,106.121,0.219
0,11.884,138.953,0.222,228,35.768,105.985,0.219
0,11.837,139.14,0.222,229,35.831,105.648,0.22
0,11.884,139.14,0.221,230,35.58,106.681,0.221
0,11.884,139.14,0.221,231,35.532,106.807,0.221
0,11.837,139.674,0.225,229,35.773,105.931,0.219
0,11.884,140.605,0.226,230,35.512,107.165,0.221
0,11.93,141.767,0.229,231,35.326,108.525,0.223
0,11.93,141.814,0.229,232,35.309,108.588,0.223
0,11.93,141.814,0.229,233,35.292,108.885,0.223
0,12.07,143.116,0.232,234,34.656,110.661,0.224
0,12.163,143.558,0.232,235,34.017,111.994,0.226
0,12.163,143.558,0.231,236,33.994,112.056,0.227
0,12.209,143.558,0.231,237,34.048,112.269,0.227
0,12.349,143.837,0.232,237,33.856,113.053,0.228
0,12.442,144.953,0.234,238,33.663,114.648,0.229
0,12.488,145.605,0.236,239,33.605,114.855,0.23
0,12.535,146.023,0.237,240,33.528,115.748,0.231
0,12.535,146.372,0.237,241,33.469,116.064,0.232
0,12.581,148.07,0.242,242,33.151,116.593,0.233
0,12.628,150.395,0.248,243,32.936,117.747,0.234
0,12.535,150.395,0.247,244,33.192,116.92,0.235
0,12.581,152.209,0.253,245,33.176,116.92,0.235
0,12.721,154.093,0.258,246,32.884,118.129,0.236
0,12.814,154.814,0.259,247,32.323,121.569,0.238
0,13.186,154.814,0.262,245,31.847,124.351,0.236
0,13.186,154.814,0.261,246,31.678,125.266,0.237
0,13.186,154.814,0.261,247,31.619,125.43,0.237
0,13.186,154.814,0.26,248,31.602,125.498,0.237
0,13.186,154.814,0.26,249,31.58,125.762,0.238
0,13.326,156.581,0.267,250,31.371,127.469,0.238
0,13.372,156.395,0.271,248,31.729,126.033,0.232
0,13.372,156.674,0.272,249,31.662,126.313,0.233
0,13.465,156.674,0.271,250,31.314,128.088,0.234
0,13.465,156.674,0.271,251,31.298,128.088,0.234
0,13.465,156.767,0.271,252,31.276,128.296,0.235
0,13.512,156.884,0.27,253,31.134,129.589,0.236
0,13.558,156.395,0.27,252,31.328,129.631,0.234
0,13.605,157.302,0.272,253,31.195,130.916,0.235
0,13.651,157.465,0.272,254,31.034,130.929,0.237
0,13.698,157.605,0.27,255,30.807,132.938,0.239
0,13.698,157.605,0.27,256,30.799,132.938,0.239
0,13.837,158.14,0.272,254,30.533,132.673,0.239
0,13.837,158.14,0.272,255,30.524,132.673,0.239
0,13.837,158.14,0.272,256,30.508,132.673,0.24
0,13.698,158.14,0.27,257,30.533,131.551,0.241
0,13.698,158.233,0.269,258,30.472,132.094,0.242
0,13.744,158.233,0.269,259,30.421,132.608,0.243
0,13.837,158.233,0.269,259,30.298,133.863,0.242
0,13.884,158.977,0.272,260,30.231,134.394,0.243
0,13.791,158.977,0.271,261,30.283,133.201,0.243
0,13.791,158.977,0.27,262,30.209,133.485,0.244
0,13.977,156.791,0.268,257,30.073,132.495,0.239
0,14.07,158.186,0.272,258,29.904,134.42,0.241
0,14.07,158.186,0.271,259,29.806,135.34,0.242
0,14.023,158.186,0.27,260,29.874,135.285,0.242
0,14.023,158.186,0.27,261,29.864,135.429,0.242
0,14.023,158.186,0.269,262,29.801,135.501,0.243
0,14.023,158.186,0.269,263,29.771,135.72,0.244
0,14.349,161.628,0.282,261,29.284,136.976,0.242
0,14.395,163.279,0.287,262,29.092,137.553,0.243
0,14.488,165.465,0.294,263,28.668,139.868,0.245
0,14.442,165.465,0.293,264,28.682,139.769,0.245
0,14.581,166.093,0.294,265,28.444,141.215,0.247
0,14.535,166.326,0.296,264,28.665,141.238,0.246
0,14.721,167.674,0.3,265,28.459,143.041,0.247
0,14.814,167.674,0.298,266,28.297,143.631,0.249
0,14.907,169.512,0.304,267,27.903,144.786,0.251
0,15.233,169.628,0.306,264,27.437,148.201,0.248
0,15.209,169.628,0.306,265,27.483,148.017,0.248
0,15.163,169.628,0.305,266,27.508,147.967,0.249
0,15.163,169.628,0.304,267,27.479,148.198,0.25
0,15.116,169.628,0.303,268,27.46,148.124,0.251
0,15.209,169.721,0.302,269,27.397,148.218,0.252
0,15.233,169.721,0.302,270,27.395,148.222,0.253
0,15.233,169.721,0.302,271,27.369,148.377,0.253
0,15.233,169.721,0.302,272,27.358,148.377,0.253
0,15.233,169.721,0.301,273,27.307,148.613,0.254
0,15.279,169.721,0.3,274,27.212,150.412,0.255
0,15.279,169.721,0.3,275,27.202,150.491,0.255
0,15.326,169.721,0.299,276,27.117,151.25,0.256
0,15.651,169.721,0.303,273,27.066,154.005,0.252
0,15.698,170.326,0.304,274,26.966,154.659,0.253
0,15.698,170.465,0.304,275,26.931,154.823,0.254
0,15.744,170.465,0.303,276,26.882,154.839,0.255
0,15.791,170.465,0.303,277,25.986,156.167,0.255
0,15.837,171.442,0.305,278,25.706,159.978,0.257
0,15.884,171.628,0.304,279,25.565,160.653,0.259
0,15.93,173.465,0.308,280,25.259,162.907,0.262
0,16.07,174.419,0.31,281,25.047,165.864,0.263
0,16.07,174.628,0.311,282,25.016,166.504,0.264
0,16.209,172.465,0.307,278,25.55,165.205,0.26
0,16.256,172.465,0.306,279,25.492,165.307,0.261
0,16.302,172.465,0.305,280,25.375,166.488,0.262
0,16.302,172.837,0.306,281,25.342,167.468,0.263
0,16.442,174.372,0.31,282,25.183,169.722,0.265
0,16.395,174.372,0.31,283,25.308,169.616,0.266
0,16.488,176.279,0.315,284,25.0,171.178,0.268
0,16.581,178.209,0.32,285,24.579,173.241,0.269
0,16.674,179.884,0.325,286,24.349,176.778,0.272
0,16.581,179.884,0.326,284,24.417,177.218,0.271
0,16.628,179.884,0.325,285,24.403,178.355,0.271
0,16.628,179.977,0.325,286,24.377,178.355,0.272
0,16.628,179.977,0.324,287,24.335,178.441,0.273
0,16.628,179.977,0.323,288,24.266,178.321,0.274
0,16.488,179.977,0.322,289,24.271,177.346,0.275
0,16.535,179.977,0.321,290,24.133,177.994,0.276
0,16.535,179.977,0.321,291,24.129,177.994,0.276
0,16.488,179.977,0.323,288,24.142,177.602,0.273
0,16.535,181.116,0.327,289,24.033,179.1,0.274
0,16.488,181.116,0.326,290,24.039,178.616,0.275
0,16.628,185.302,0.339,291,23.688,179.001,0.277
0,16.628,185.302,0.343,286,23.993,175.825,0.273
0,16.628,185.302,0.343,287,24.099,176.018,0.273
0,16.721,186.209,0.345,288,23.96,179.932,0.276
0,16.953,187.14,0.349,286,23.116,184.075,0.275
0,17.0,187.14,0.348,287,22.991,184.92,0.275
0,16.953,187.14,0.348,288,23.086,184.839,0.275
0,16.907,187.14,0.347,289,23.072,184.482,0.276
0,16.907,187.14,0.347,290,23.051,184.571,0.276
0,16.953,187.14,0.346,291,22.974,185.638,0.277
0,17.0,187.14,0.345,292,22.88,187.381,0.278
0,17.0,187.14,0.345,293,22.877,187.471,0.278
0,16.86,187.14,0.343,294,22.919,186.948,0.279
0,16.907,187.14,0.344,293,22.926,186.602,0.279
0,16.86,187.14,0.344,294,22.94,185.885,0.279
0,16.86,187.698,0.345,295,22.836,186.15,0.281
0,16.86,187.698,0.345,296,22.829,186.15,0.281
0,16.86,187.698,0.344,297,22.826,186.323,0.281
0,16.907,190.186,0.355,297,23.471,184.259,0.28
0,16.86,190.186,0.355,298,23.482,183.734,0.28
0,16.86,190.186,0.355,299,23.473,183.903,0.281
0,16.86,190.279,0.354,300,23.404,184.573,0.281
0,16.86,190.279,0.354,301,23.402,184.662,0.281
0,16.86,190.279,0.354,302,23.363,184.819,0.282
0,16.907,190.372,0.353,303,23.294,185.401,0.283
0,16.953,190.674,0.354,304,23.22,186.767,0.283
0,16.953,191.233,0.357,302,23.258,187.413,0.282
0,16.953,191.233,0.356,303,23.114,188.282,0.284
0,16.953,191.233,0.355,304,23.097,188.606,0.285
0,16.953,191.233,0.355,305,23.093,188.606,0.285
0,17.093,193.884,0.366,306,22.903,191.311,0.286
0,17.093,193.884,0.365,307,22.868,191.401,0.287
0,17.093,193.884,0.365,308,22.823,192.325,0.287
0,17.14,193.884,0.364,309,22.798,192.503,0.288
0,17.186,194.86,0.365,310,22.039,195.809,0.29
0,17.047,194.86,0.371,308,22.401,190.462,0.284
0,17.047,194.86,0.37,309,22.373,191.304,0.285
0,17.0,194.86,0.37,310,23.085,190.57,0.285
0,17.0,194.86,0.369,311,23.067,190.913,0.286
0,17.0,195.419,0.37,312,22.997,192.224,0.287
0,17.047,195.419,0.369,313,22.942,193.385,0.288
0,17.093,195.419,0.369,314,22.847,193.886,0.289
0,17.047,195.419,0.368,315,22.835,193.889,0.29
0,17.093,197.163,0.374,316,22.723,194.944,0.291
0,17.093,197.163,0.373,317,22.647,195.435,0.292
0,17.116,197.163,0.373,318,22.639,196.121,0.292
0,17.326,197.163,0.377,312,22.584,194.947,0.288
0,17.326,197.302,0.377,313,22.567,195.208,0.288
0,17.372,198.326,0.38,314,22.461,196.763,0.29
0,17.419,198.884,0.381,315,22.369,198.546,0.291
0,17.419,198.884,0.381,316,22.369,198.546,0.291
0,17.512,200.953,0.389,317,22.209,202.577,0.293
0,17.558,200.953,0.388,318,22.151,203.549,0.294
0,17.651,202.465,0.394,319,22.01,204.905,0.295
0,17.605,202.465,0.393,320,22.066,205.179,0.296
0,17.605,202.465,0.392,321,22.037,205.455,0.297
0,17.512,202.465,0.391,322,22.024,205.041,0.298
0,17.767,207.023,0.405,321,21.807,208.187,0.3
0,17.814,208.767,0.411,322,21.619,209.364,0.303
0,17.767,208.767,0.41,323,21.582,209.328,0.303
0,17.86,214.372,0.422,324,21.437,211.414,0.306
0,17.721,214.372,0.421,325,21.504,211.458,0.307
0,17.721,214.372,0.421,326,21.484,211.458,0.308
0,17.628,214.372,0.422,324,21.546,209.968,0.307
0,17.628,214.372,0.421,325,21.404,211.726,0.308
0,17.628,214.372,0.421,326,21.388,211.726,0.309
0,17.767,216.023,0.426,327,21.126,216.661,0.311
0,17.767,216.023,0.425,328,21.121,216.661,0.311
0,17.814,218.163,0.433,329,20.908,220.116,0.313
0,17.86,219.791,0.437,330,20.726,221.806,0.314
0,17.907,219.791,0.436,331,20.439,222.989,0.315
0,17.907,219.93,0.436,332,20.416,223.546,0.315
0,18.14,219.605,0.438,331,20.54,225.225,0.312
0,18.14,219.605,0.438,332,20.531,225.225,0.312
0,18.093,219.605,0.438,333,20.53,225.049,0.313
0,18.093,219.953,0.438,334,20.511,225.24,0.314
0,17.953,219.953,0.437,335,20.547,224.366,0.315
0,18.14,219.953,0.438,334,20.517,226.328,0.314
0,18.14,219.953,0.438,335,20.507,226.328,0.315
0,18.093,219.953,0.437,336,20.5,226.069,0.315
0,18.14,220.512,0.439,337,20.451,227.795,0.317
0,18.14,220.512,0.438,338,20.437,227.795,0.317
0,18.047,220.512,0.437,339,20.432,226.955,0.318
0,18.093,220.512,0.437,340,20.237,228.404,0.318
0,18.047,220.512,0.437,341,20.25,228.054,0.318
0,18.186,220.512,0.439,340,21.509,228.598,0.316
0,18.14,220.512,0.438,341,21.503,228.274,0.316
0,18.186,222.0,0.443,342,21.421,229.557,0.318
0,18.233,222.0,0.443,343,21.281,230.561,0.319
0,18.372,222.0,0.446,339,19.669,230.061,0.315
0,18.372,222.0,0.446,340,19.669,230.061,0.315
0,18.372,222.0,0.445,341,19.578,231.25,0.316
0,18.372,222.0,0.444,342,19.538,231.637,0.317
0,18.419,222.0,0.441,343,19.385,232.887,0.319
0,18.558,222.186,0.441,344,19.252,234.282,0.321
0,18.651,222.186,0.438,345,19.108,237.524,0.324
0,18.651,222.186,0.438,346,19.118,237.51,0.324
0,18.791,226.349,0.451,347,18.907,240.89,0.326
0,18.791,226.628,0.452,348,18.889,241.38,0.327
0,18.791,226.628,0.451,349,18.848,241.96,0.327
0,18.698,226.628,0.451,350,18.886,241.798,0.327
0,18.791,227.953,0.455,351,18.71,244.348,0.329
0,19.023,228.488,0.459,347,18.622,246.93,0.327
0,19.023,228.488,0.459,348,18.616,246.93,0.327
0,19.023,228.535,0.459,349,18.603,247.129,0.328
0,19.163,231.698,0.471,350,18.476,250.373,0.33
0,19.163,231.698,0.471,351,18.474,250.373,0.33
0,19.163,231.698,0.471,352,18.466,250.476,0.33
0,19.163,231.698,0.471,353,18.458,250.576,0.33
0,19.163,231.698,0.471,354,18.441,250.659,0.33
0,19.209,231.698,0.47,355,18.129,252.604,0.331
0,19.163,230.372,0.471,350,18.508,251.399,0.327
0,19.163,230.372,0.47,351,18.492,251.501,0.327
0,19.326,230.023,0.475,347,18.715,251.721,0.322
0,19.372,230.023,0.474,348,18.669,252.507,0.323
0,19.372,230.023,0.473,349,18.656,253.507,0.324
0,19.372,230.395,0.474,350,18.605,255.084,0.325
0,19.372,230.86,0.475,351,18.559,256.669,0.326
0,19.372,230.86,0.475,352,18.541,256.771,0.326
0,19.372,230.86,0.474,353,18.506,257.178,0.328
0,19.837,230.86,0.479,348,18.425,261.693,0.323
0,19.744,230.86,0.478,349,18.449,261.093,0.324
0,19.698,230.86,0.478,350,18.46,260.47,0.324
0,19.698,230.86,0.478,351,18.45,260.788,0.324
0,19.721,230.86,0.478,352,18.433,261.768,0.324
0,19.884,230.488,0.48,346,18.713,260.521,0.318
0,19.744,230.488,0.479,347,18.696,260.441,0.32
0,19.744,230.488,0.478,348,18.653,260.757,0.321
0,19.744,230.488,0.477,349,18.629,260.863,0.321
0,19.791,230.488,0.477,350,18.588,261.55,0.322
0,19.744,230.488,0.476,351,18.581,261.519,0.323
0,19.744,230.488,0.476,352,18.576,261.519,0.323
0,19.744,230.488,0.475,353,18.552,261.625,0.323
0,19.907,230.488,0.479,349,18.603,261.479,0.321
0,20.0,234.116,0.489,350,18.424,264.983,0.323
0,19.907,234.116,0.489,351,18.49,264.771,0.323
0,19.721,234.116,0.488,352,18.58,261.38,0.323
0,19.814,234.465,0.488,353,18.387,265.872,0.325
0,19.721,234.465,0.49,351,18.528,259.639,0.322
0,19.721,234.465,0.489,352,18.498,261.319,0.323
0,19.674,234.465,0.489,353,18.549,260.108,0.323
0,19.674,234.744,0.489,354,18.5,260.108,0.324
0,19.674,234.744,0.488,355,18.463,260.211,0.324
0,19.674,234.93,0.489,356,18.447,260.617,0.325
0,20.116,235.116,0.498,350,17.959,257.327,0.317
0,20.163,235.884,0.501,351,17.908,257.677,0.317
0,20.07,235.884,0.5,352,17.825,256.312,0.318
0,20.163,235.884,0.499,353,17.74,258.876,0.319
0,19.977,235.884,0.497,354,17.709,257.52,0.321
0,19.977,235.884,0.497,355,17.701,257.839,0.321
0,19.977,236.349,0.498,356,17.646,259.169,0.322
0,19.837,236.349,0.498,357,17.727,257.291,0.323
0,19.837,236.349,0.497,358,17.712,257.397,0.323
0,19.744,236.349,0.496,359,17.688,257.421,0.325
0,19.791,236.721,0.497,360,17.549,260.521,0.327
0,19.977,236.721,0.495,361,17.202,267.573,0.329
0,20.023,236.721,0.494,362,17.122,268.053,0.33
0,20.302,236.721,0.498,360,17.11,269.356,0.327
0,20.302,236.86,0.497,361,17.073,269.901,0.328
0,20.442,239.767,0.508,362,16.898,272.803,0.33
0,20.488,239.767,0.508,363,16.805,275.435,0.332
0,20.488,239.767,0.508,364,16.782,275.86,0.332
0,20.535,239.767,0.507,365,16.7,276.677,0.333
0,20.581,242.349,0.515,366,16.517,277.731,0.335
0,20.628,242.349,0.514,367,16.485,278.438,0.335
0,20.628,242.349,0.515,366,16.496,277.108,0.334
0,20.674,243.116,0.516,367,16.344,279.779,0.336
0,20.581,243.116,0.516,368,16.36,278.456,0.337
0,20.581,243.535,0.517,369,16.328,279.43,0.338
0,20.535,243.535,0.517,370,16.394,279.224,0.338
0,20.535,243.535,0.517,371,16.367,279.416,0.339
0,20.535,243.535,0.516,372,16.356,279.738,0.339
0,20.581,243.535,0.515,373,16.218,281.688,0.34
0,20.628,243.535,0.515,374,16.195,282.892,0.34
0,20.674,243.535,0.514,375,16.186,283.634,0.341
0,20.674,243.535,0.514,376,16.177,284.714,0.341
0,20.674,245.093,0.518,377,16.081,284.963,0.343
0,20.674,245.093,0.518,378,16.061,285.291,0.343
0,20.721,245.093,0.522,376,16.279,281.387,0.339
0,20.674,245.093,0.522,377,16.301,280.636,0.339
0,20.814,245.093,0.521,378,16.209,280.948,0.341
0,20.86,245.093,0.52,379,16.146,281.891,0.342
0,20.767,245.093,0.52,380,16.166,279.57,0.342
0,21.256,245.093,0.524,375,16.13,284.524,0.338
0,21.302,245.093,0.525,376,15.818,288.709,0.341
0,21.326,245.093,0.524,377,15.812,288.72,0.341
0,21.372,245.093,0.523,378,15.699,290.258,0.342
0,21.465,245.093,0.522,379,15.582,292.053,0.344
0,21.558,246.86,0.529,380,15.495,296.219,0.345
0,21.605,248.163,0.536,381,15.445,297.745,0.346
0,21.651,248.488,0.537,382,15.406,300.297,0.347
0,22.163,248.488,0.54,376,15.34,301.94,0.343
0,22.163,248.488,0.54,377,15.353,302.236,0.343
0,22.163,248.488,0.54,378,15.35,302.236,0.343
0,22.163,248.488,0.539,379,15.308,302.703,0.344
0,22.163,248.488,0.538,380,15.288,303.746,0.345
0,22.256,249.256,0.541,381,15.218,308.624,0.346
0,22.302,249.698,0.541,382,15.072,311.992,0.348
0,22.256,249.698,0.54,383,15.068,312.619,0.349
0,22.302,250.14,0.541,384,15.008,312.672,0.351
0,22.302,250.14,0.54,385,14.98,313.58,0.352
0,22.302,250.14,0.539,386,14.959,313.906,0.353
0,22.349,250.14,0.539,387,14.892,316.051,0.353
0,22.349,250.14,0.539,388,14.88,316.512,0.353
0,22.442,250.14,0.541,386,15.158,314.865,0.352
0,22.581,251.14,0.544,387,15.094,318.781,0.353
0,22.535,251.14,0.543,388,15.086,318.383,0.354
0,22.628,251.14,0.542,389,15.019,319.743,0.354
0,22.721,251.326,0.541,390,14.944,324.913,0.357
0,22.721,251.326,0.541,391,14.905,326.09,0.357
0,22.721,251.326,0.539,392,14.809,327.654,0.36
0,22.674,251.326,0.538,393,14.792,327.082,0.361
0,22.767,251.326,0.536,394,14.727,327.245,0.362
0,22.814,251.442,0.536,395,14.67,328.013,0.363
0,22.814,251.535,0.536,396,14.663,328.255,0.363
0,22.907,252.884,0.541,397,14.628,328.885,0.365
0,23.186,252.442,0.544,392,14.672,332.803,0.36
0,23.14,252.442,0.544,393,14.683,332.907,0.36
0,23.186,254.953,0.553,394,14.601,335.616,0.362
0,23.093,254.953,0.552,395,14.591,334.895,0.363
0,23.233,258.535,0.56,396,14.415,340.132,0.366
0,23.326,258.535,0.56,397,14.182,340.481,0.367
0,23.372,260.023,0.56,398,13.839,345.993,0.369
0,23.605,260.023,0.562,396,13.792,349.525,0.368
0,23.605,260.023,0.562,397,13.778,349.525,0.368
0,23.651,260.023,0.561,398,13.71,349.91,0.37
0,23.651,260.023,0.561,399,13.691,350.785,0.37
0,23.651,260.023,0.56,400,13.687,350.785,0.37
0,23.605,260.023,0.56,401,13.64,350.563,0.371
0,23.605,260.116,0.56,402,13.58,351.011,0.371
0,23.674,260.116,0.559,403,13.571,353.525,0.372
0,23.767,260.116,0.557,404,13.416,354.734,0.374
0,23.767,260.116,0.556,405,13.355,355.109,0.377
0,23.907,260.116,0.558,401,13.485,348.991,0.37
0,23.86,260.116,0.557,402,13.478,348.875,0.371
0,23.86,260.163,0.557,403,13.423,350.412,0.371
0,23.907,260.163,0.556,404,13.335,352.473,0.372
0,23.907,260.163,0.556,405,13.328,352.599,0.372
0,23.907,260.512,0.557,406,13.305,353.357,0.373
0,23.86,260.512,0.557,407,13.301,352.573,0.374
0,23.907,260.512,0.557,408,13.258,352.709,0.374
0,23.907,260.512,0.557,409,13.161,353.23,0.375
0,24.279,260.512,0.558,407,12.965,361.729,0.375
0,24.279,261.093,0.56,408,12.927,362.744,0.377
0,24.279,261.093,0.559,409,12.924,362.998,0.377
0,24.349,260.907,0.56,405,12.948,361.288,0.375
0,24.395,260.907,0.559,406,12.905,362.438,0.376
0,24.581,264.977,0.576,407,12.828,365.832,0.378
0,24.488,264.977,0.575,408,12.828,364.602,0.379
0,24.349,263.163,0.57,402,13.178,355.81,0.373
0,24.349,263.163,0.57,403,13.165,356.196,0.373
0,24.349,263.163,0.569,404,13.153,356.579,0.374
0,24.302,263.163,0.569,405,13.152,355.657,0.374
0,24.349,263.93,0.571,406,13.069,357.984,0.375
0,24.302,263.93,0.571,407,13.052,358.446,0.376
0,24.395,264.395,0.573,408,13.032,360.339,0.376
0,24.442,264.395,0.572,409,12.982,361.937,0.377
0,24.442,261.535,0.564,401,13.18,355.338,0.37
0,24.395,261.535,0.564,402,13.177,354.476,0.371
0,24.395,261.535,0.563,403,13.111,356.898,0.372
0,24.488,261.535,0.565,404,12.955,359.787,0.374
0,24.581,261.535,0.564,405,12.924,362.609,0.375
0,24.581,261.535,0.563,406,12.907,363.502,0.376
0,24.651,261.535,0.563,407,12.867,365.566,0.376
0,24.651,261.535,0.562,408,12.83,366.836,0.377
0,24.605,261.535,0.563,408,12.853,364.612,0.377
0,24.605,261.535,0.562,409,12.842,365.122,0.377
0,24.605,261.535,0.562,410,12.79,367.572,0.378
0,24.558,261.535,0.562,411,12.787,367.298,0.378
0,24.558,261.535,0.562,412,12.758,367.679,0.379
0,24.605,261.535,0.56,413,12.69,370.261,0.382
0,24.651,261.86,0.56,414,12.573,375.091,0.383
0,24.674,261.86,0.56,415,12.57,375.196,0.384
0,24.628,261.86,0.559,416,12.557,375.268,0.385
0,24.674,261.86,0.559,417,12.409,378.671,0.385
0,24.814,261.977,0.561,412,12.444,377.527,0.383
0,24.814,261.977,0.561,413,12.427,378.305,0.384
0,24.721,261.977,0.559,414,12.419,377.72,0.385
0,24.721,261.977,0.559,415,12.411,378.228,0.385
0,24.721,261.977,0.559,416,12.406,378.341,0.385
0,24.837,261.977,0.567,406,12.708,370.648,0.377
0,24.837,261.977,0.567,407,12.657,372.664,0.378
0,24.837,261.977,0.566,408,12.627,372.664,0.379
0,24.837,261.977,0.566,409,12.625,372.795,0.379
0,24.884,261.977,0.565,410,12.594,373.867,0.38
0,25.07,261.977,0.569,407,12.738,373.355,0.374
0,25.023,261.977,0.569,408,12.739,373.622,0.375
0,25.07,264.093,0.573,409,12.645,375.773,0.377
0,25.07,264.093,0.572,410,12.618,377.042,0.378
0,25.07,264.093,0.572,411,12.612,377.175,0.378
0,25.116,264.279,0.573,406,12.618,378.295,0.377
0,25.116,264.279,0.573,407,12.614,378.427,0.377
0,25.209,264.279,0.572,408,12.545,380.395,0.378
0,25.209,264.279,0.571,409,12.522,380.526,0.379
0,25.302,264.279,0.569,410,12.422,383.125,0.381
0,25.302,264.279,0.568,411,12.402,385.074,0.382
0,25.256,264.279,0.568,412,12.419,384.45,0.382
0,25.302,265.186,0.572,413,12.358,386.828,0.384
0,25.302,265.186,0.571,414,12.347,387.461,0.384
0,25.256,265.698,0.572,415,12.288,388.769,0.387
0,25.581,265.698,0.573,408,12.415,383.901,0.381
0,25.581,265.698,0.572,409,12.389,384.82,0.382
0,25.674,269.674,0.58,410,12.268,391.886,0.385
0,25.721,269.674,0.58,411,12.251,392.69,0.386
0,25.721,269.884,0.579,412,12.196,392.794,0.387
0,25.674,269.884,0.579,413,12.19,392.629,0.387
0,25.674,269.884,0.579,414,12.165,393.279,0.388
0,25.674,269.884,0.578,415,12.142,393.913,0.388
0,25.674,269.884,0.578,416,12.136,393.913,0.389
0,25.674,269.884,0.578,417,12.13,394.314,0.389
0,25.744,269.884,0.578,418,12.118,397.499,0.389
0,25.744,269.884,0.576,419,12.093,399.724,0.391
0,25.744,269.884,0.574,420,12.032,402.156,0.393
0,26.023,271.605,0.586,414,12.012,400.616,0.388
0,26.023,271.605,0.587,415,11.999,400.616,0.388
0,26.163,273.907,0.596,416,11.915,407.941,0.391
0,26.209,275.488,0.602,417,11.876,410.563,0.392
0,26.256,275.93,0.603,418,11.823,413.844,0.393
0,26.163,275.93,0.603,419,11.83,412.507,0.394
0,26.209,275.93,0.601,420,11.784,415.803,0.395
0,26.163,275.93,0.601,421,11.776,415.361,0.396
0,26.256,277.488,0.606,422,11.706,415.71,0.399
0,26.256,277.488,0.606,423,11.703,416.391,0.399
0,26.163,277.488,0.608,419,11.86,408.304,0.395
0,26.186,277.488,0.608,420,11.858,408.317,0.395
0,26.186,277.488,0.607,421,11.784,409.434,0.397
0,26.186,277.488,0.607,422,11.779,409.701,0.397
0,26.233,278.581,0.612,423,11.73,411.745,0.399
0,26.233,278.581,0.612,424,11.721,412.016,0.4
0,26.233,278.581,0.612,425,11.689,413.586,0.4
0,26.326,278.744,0.615,426,11.595,418.014,0.402
0,26.326,278.744,0.614,427,11.591,418.014,0.402
0,26.233,278.744,0.616,424,11.204,414.49,0.4
0,26.372,278.744,0.616,425,11.139,418.971,0.401
0,26.372,278.744,0.619,426,11.024,420.258,0.402
0,26.372,279.116,0.618,427,10.968,423.894,0.404
0,26.326,279.116,0.617,428,10.947,423.052,0.405
0,26.465,279.116,0.617,429,10.838,426.563,0.406
0,26.465,279.116,0.616,430,10.821,426.972,0.406
0,26.465,279.116,0.616,431,10.807,426.972,0.407
0,26.512,279.512,0.618,432,10.722,431.376,0.408
0,26.512,279.512,0.618,433,10.716,432.455,0.408
0,26.581,279.512,0.619,430,10.726,429.155,0.406
0,26.535,279.512,0.619,431,10.699,430.148,0.407
0,26.535,279.791,0.62,432,10.686,430.834,0.408
0,26.581,280.977,0.622,433,10.619,434.15,0.409
0,26.674,280.581,0.621,430,10.735,429.589,0.406
0,26.674,280.721,0.621,431,10.718,430.002,0.407
0,26.628,280.721,0.619,432,10.692,431.923,0.409
0,26.628,280.721,0.618,433,10.642,434.358,0.411
0,26.581,280.721,0.617,434,10.614,434.422,0.412
0,26.442,280.721,0.617,435,10.64,433.782,0.412
0,26.442,280.721,0.616,436,10.632,434.197,0.413
0,26.86,280.721,0.617,432,10.531,442.076,0.412
0,26.86,280.86,0.617,433,10.496,443.542,0.413
0,26.86,280.86,0.617,434,10.493,443.542,0.413
0,26.953,280.86,0.616,435,10.411,445.849,0.415
0,26.953,280.86,0.614,436,10.394,446.96,0.416
0,26.953,280.86,0.613,437,10.365,447.242,0.417
0,26.953,280.86,0.613,438,10.36,447.927,0.418
0,26.953,280.721,0.615,435,10.97,443.838,0.414
0,27.047,282.535,0.628,436,10.926,448.806,0.416
0,27.186,283.395,0.632,437,10.894,452.142,0.418
0,27.186,283.395,0.632,438,10.889,452.142,0.419
0,27.14,283.395,0.631,439,10.87,452.464,0.419
0,27.186,284.442,0.635,440,10.812,454.89,0.422
0,27.233,286.093,0.638,441,10.772,458.945,0.423
0,27.233,286.093,0.638,442,10.753,459.615,0.424
0,27.233,286.279,0.638,443,10.717,461.013,0.425
0,27.186,286.279,0.638,444,10.717,459.662,0.425
0,27.465,286.349,0.644,437,10.905,451.287,0.416
0,27.512,286.349,0.642,438,10.817,455.475,0.419
0,27.465,286.349,0.642,439,10.8,455.148,0.419
0,27.465,286.349,0.642,440,10.797,455.148,0.42
0,27.465,286.349,0.641,441,10.793,455.71,0.42
0,27.512,286.349,0.641,442,10.789,456.508,0.42
0,27.884,288.442,0.645,434,10.85,459.099,0.416
0,27.884,288.442,0.644,435,10.839,459.242,0.417
0,27.884,288.442,0.644,436,10.83,459.535,0.418
0,27.884,288.442,0.644,437,10.813,459.971,0.418
0,28.209,288.442,0.647,434,10.873,459.492,0.414
0,28.209,288.442,0.647,435,10.856,460.666,0.415
0,28.302,288.442,0.647,436,10.821,465.252,0.417
0,28.209,288.442,0.646,437,10.842,465.217,0.418
0,28.349,288.442,0.648,433,10.857,463.812,0.415
0,28.395,288.442,0.648,434,10.795,464.54,0.416
0,28.395,288.442,0.647,435,10.78,464.689,0.417
0,28.465,290.558,0.648,436,10.744,469.039,0.419
0,28.465,290.558,0.648,437,10.722,469.671,0.42
0,28.419,290.558,0.647,438,10.745,468.894,0.42
0,28.372,290.558,0.647,439,10.739,469.015,0.421
0,28.419,290.558,0.646,440,10.721,471.286,0.422
0,28.465,290.558,0.649,435,11.781,465.961,0.418
0,28.465,290.558,0.649,436,11.778,465.961,0.418
0,28.465,290.558,0.649,437,11.774,466.256,0.418
0,28.419,290.558,0.648,438,11.762,466.279,0.419
0,28.419,290.558,0.648,439,11.751,466.279,0.419
0,28.419,290.698,0.649,440,11.743,467.587,0.42
0,28.372,290.395,0.649,436,11.893,461.47,0.414
0,28.372,290.395,0.649,437,11.886,462.038,0.415
0,28.372,290.395,0.649,438,11.867,462.632,0.415
0,28.372,290.395,0.648,439,11.847,463.774,0.416
0,28.465,289.488,0.65,431,12.064,457.738,0.406
0,28.465,289.488,0.649,432,12.049,458.335,0.407
0,28.558,294.628,0.65,433,11.99,464.752,0.41
0,28.558,294.628,0.65,434,11.982,465.496,0.41
0,28.651,303.023,0.651,435,11.971,468.748,0.413
0,28.605,303.023,0.65,436,11.951,470.163,0.414
0,28.558,303.023,0.649,437,11.94,470.469,0.416
0,28.651,303.14,0.654,438,11.895,474.984,0.417
0,28.651,303.14,0.652,439,11.823,476.235,0.419
0,28.651,303.14,0.652,440,11.809,476.688,0.419
0,28.605,303.279,0.651,441,11.78,476.828,0.42
0,28.605,303.279,0.651,442,11.768,477.703,0.421
0,28.605,303.279,0.652,443,11.704,479.634,0.423
0,28.721,303.279,0.655,436,11.856,471.147,0.416
0,28.721,303.279,0.655,437,11.751,472.646,0.416
0,28.674,303.279,0.654,438,11.732,472.61,0.417
0,28.674,303.279,0.654,439,11.724,473.059,0.418
0,28.628,303.279,0.654,440,11.784,472.135,0.418
0,28.581,303.279,0.654,441,11.795,471.686,0.418
0,28.535,303.279,0.654,442,11.829,471.567,0.418
0,28.488,303.279,0.654,443,11.843,471.623,0.418
0,28.535,303.279,0.653,444,11.808,474.273,0.419
0,28.767,306.953,0.662,445,11.73,480.42,0.422
0,28.814,306.953,0.661,446,11.704,482.873,0.423
0,28.814,307.93,0.661,447,11.665,483.548,0.424
0,28.86,307.93,0.662,443,11.885,479.529,0.42
0,28.86,307.93,0.661,444,11.87,480.956,0.421
0,28.86,307.93,0.662,445,11.854,482.53,0.421
0,28.86,307.93,0.661,446,11.851,482.53,0.422
0,28.953,307.93,0.66,447,11.803,486.492,0.423
0,29.0,308.14,0.662,448,11.783,489.449,0.424
0,29.0,308.14,0.662,449,11.77,489.449,0.425
0,29.186,309.14,0.663,448,11.838,492.858,0.424
0,29.233,309.14,0.662,449,11.768,494.234,0.425
0,29.326,311.884,0.669,450,11.591,499.562,0.428
0,29.349,311.884,0.669,451,11.591,499.981,0.428
0,29.349,311.884,0.669,452,11.576,501.031,0.429
0,29.302,311.884,0.669,453,11.575,500.567,0.429
0,29.302,311.884,0.669,454,11.57,501.181,0.429
0,29.209,311.884,0.668,455,11.56,501.07,0.43
0,29.302,312.605,0.68,456,11.528,505.494,0.431
0,29.302,312.605,0.68,457,11.514,505.494,0.431
0,29.349,312.605,0.68,458,11.424,507.003,0.433
0,29.535,312.605,0.682,454,11.428,509.041,0.431
0,29.535,312.605,0.681,455,11.417,510.116,0.432
0,29.488,312.605,0.681,456,11.421,509.907,0.432
0,29.488,312.605,0.681,457,11.407,510.372,0.433
0,29.349,312.605,0.681,458,11.408,509.957,0.433
0,29.395,312.605,0.68,459,11.381,512.254,0.435
0,29.302,312.605,0.68,460,11.409,511.566,0.435
0,29.302,312.605,0.68,461,11.388,513.08,0.436
0,29.349,312.605,0.679,462,11.272,514.778,0.438
0,29.349,312.605,0.679,463,11.269,514.931,0.438
0,29.349,312.605,0.68,464,11.253,515.24,0.439
0,29.302,312.605,0.679,465,11.245,515.381,0.44
0,29.349,312.605,0.681,460,11.35,513.107,0.437
0,29.209,312.605,0.681,461,11.373,511.955,0.437
0,29.209,312.605,0.681,462,11.355,512.264,0.437
0,29.163,312.698,0.681,463,11.337,512.488,0.438
0,29.163,312.698,0.681,464,11.331,512.642,0.439
0,29.07,312.698,0.68,465,11.334,511.058,0.439
0,29.07,312.767,0.682,460,11.421,507.331,0.436
0,29.07,312.767,0.682,461,11.417,507.331,0.437
0,28.977,312.767,0.682,462,11.415,506.207,0.437
0,28.93,312.767,0.681,463,11.407,505.722,0.438
0,28.837,312.767,0.681,464,11.413,504.081,0.438
0,28.884,312.767,0.685,465,11.383,506.239,0.44
0,28.884,312.0,0.68,462,11.548,501.695,0.434
0,28.884,312.0,0.679,463,11.529,502.15,0.434
0,28.884,312.0,0.679,464,11.525,502.103,0.435
0,28.884,312.116,0.68,465,11.509,502.556,0.436
0,28.837,312.116,0.679,466,11.482,503.366,0.438
1,29.419,314.14,0.693,466,18.799,504.097,0.436
0,29.512,314.14,0.692,467,18.772,508.124,0.438
0,29.419,314.14,0.691,468,18.74,509.326,0.44
0,29.419,314.14,0.69,469,18.726,509.631,0.44
0,29.372,314.14,0.69,470,18.694,508.162,0.441
1,29.372,314.14,0.69,470,18.694,508.162,0.441
0,29.372,314.14,0.691,471,18.684,509.932,0.442
0,29.209,314.14,0.692,468,18.761,506.482,0.441
0,29.116,314.14,0.691,469,18.739,506.843,0.443
0,29.116,314.14,0.691,470,18.72,506.843,0.443
0,29.163,314.14,0.691,471,18.692,509.133,0.444
0,29.116,314.14,0.69,472,18.688,508.818,0.445
0,29.116,314.14,0.691,473,18.64,511.872,0.446
0,29.023,314.14,0.69,474,18.627,511.361,0.448
0,29.023,314.14,0.69,475,18.603,512.119,0.448
0,29.023,314.14,0.69,476,18.596,513.702,0.449
0,29.023,314.14,0.69,477,18.588,513.812,0.449
0,29.14,314.14,0.692,471,18.614,511.1,0.447
0,29.14,314.14,0.691,472,18.601,512.17,0.447
0,29.186,314.14,0.692,473,18.588,514.153,0.448
0,29.186,314.14,0.692,474,18.586,514.458,0.448
0,29.186,314.14,0.692,475,18.582,514.763,0.448
0,29.14,314.14,0.692,476,18.584,514.919,0.449
0,29.14,314.14,0.691,477,18.579,514.919,0.449
0,29.093,314.14,0.691,478,18.57,515.175,0.45
0,29.047,314.14,0.692,479,18.563,514.67,0.451
0,29.186,314.14,0.694,473,18.707,511.473,0.445
0,29.186,314.256,0.694,474,18.699,512.531,0.446
0,29.14,314.256,0.694,475,18.698,512.137,0.446
0,29.093,314.256,0.694,476,18.696,511.092,0.446
0,29.186,314.256,0.693,477,18.452,518.199,0.448
0,29.186,314.256,0.692,478,18.425,519.57,0.449
0,29.186,314.256,0.692,479,18.379,521.903,0.45
0,29.023,309.674,0.69,472,18.597,511.938,0.441
0,29.116,309.674,0.691,473,18.548,513.315,0.441
0,29.209,309.884,0.695,474,18.499,517.843,0.442
0,29.209,309.884,0.695,475,18.49,518.151,0.443
0,29.116,309.884,0.694,476,18.516,518.113,0.443
0,29.116,309.884,0.694,477,18.503,518.676,0.444
0,29.116,309.884,0.694,478,18.445,520.111,0.445
0,29.116,309.884,0.694,479,18.426,520.111,0.446
0,29.163,308.535,0.692,474,18.61,519.241,0.441
0,29.163,308.535,0.692,475,18.602,520.017,0.441
0,29.209,308.535,0.691,476,18.564,521.867,0.443
0,29.209,308.907,0.69,477,18.528,522.021,0.444
0,29.209,308.907,0.69,478,18.521,522.486,0.445
0,29.209,308.907,0.69,479,18.519,522.486,0.445
0,29.209,308.907,0.689,480,18.509,523.336,0.446
0,29.209,308.907,0.689,481,18.49,524.873,0.447
0,29.209,309.279,0.688,482,18.467,526.364,0.448
0,29.047,309.279,0.687,480,18.507,519.864,0.448
0,29.047,309.279,0.688,481,18.496,520.015,0.448
0,29.093,312.093,0.692,482,18.359,523.859,0.451
0,29.14,315.0,0.692,483,18.337,526.104,0.452
0,29.372,308.837,0.695,477,18.424,519.868,0.445
0,29.419,312.419,0.695,478,18.357,525.96,0.446
0,29.419,312.419,0.693,479,18.344,528.368,0.447
0,29.465,312.419,0.692,480,18.331,529.356,0.449
0,29.512,312.419,0.693,481,18.303,530.684,0.45
0,29.512,312.419,0.692,482,18.251,532.257,0.451
0,29.744,312.419,0.692,477,18.228,533.718,0.448
0,29.744,312.419,0.692,478,18.226,533.875,0.448
0,29.744,312.419,0.692,479,18.216,533.875,0.448
0,29.837,312.419,0.692,480,18.195,538.919,0.449
0,29.698,309.186,0.694,474,18.318,530.517,0.444
0,29.698,309.605,0.693,475,18.289,532.676,0.445
0,29.698,309.605,0.692,476,18.263,532.676,0.446
0,29.651,309.605,0.692,477,18.261,532.602,0.447
0,29.651,309.605,0.692,478,18.256,532.894,0.447
0,29.953,309.674,0.697,470,18.343,528.841,0.441
0,29.953,309.674,0.696,471,18.335,528.967,0.442
0,29.953,309.674,0.696,472,18.295,532.727,0.443
0,29.907,309.674,0.696,473,18.293,532.573,0.443
0,29.814,309.674,0.695,474,18.247,534.122,0.445
0,29.86,309.674,0.695,475,18.23,535.325,0.446
0,29.86,309.674,0.695,476,18.227,535.325,0.446
0,29.814,309.674,0.694,477,18.212,535.346,0.447
0,29.767,309.674,0.694,478,18.218,534.262,0.447
0,29.814,310.884,0.697,479,18.181,539.472,0.448
0,30.0,310.884,0.697,480,18.089,544.068,0.45
0,30.047,310.884,0.698,481,18.085,545.448,0.45
0,30.047,310.884,0.698,482,18.074,545.926,0.451
0,30.233,310.884,0.698,476,18.236,546.941,0.448
0,30.233,310.884,0.698,477,18.232,547.711,0.448
0,30.279,310.884,0.699,478,18.185,551.302,0.449
0,30.372,310.884,0.699,479,18.142,553.044,0.45
0,30.372,310.884,0.698,480,18.136,553.694,0.451
0,30.372,310.93,0.698,481,18.126,553.855,0.451
0,30.419,310.605,0.7,480,18.225,551.969,0.449
0,30.419,310.605,0.699,481,18.204,554.066,0.45
0,30.465,310.605,0.699,482,18.178,554.256,0.451
0,30.512,310.605,0.699,483,18.172,554.582,0.451
0,30.512,310.605,0.699,484,18.145,556.77,0.453
0,30.558,310.605,0.698,485,18.049,558.036,0.455
0,30.605,310.605,0.698,486,18.029,557.404,0.455
0,30.605,310.628,0.698,487,18.021,557.563,0.455
0,30.605,310.628,0.697,488,18.006,557.723,0.456
0,30.605,310.628,0.696,489,17.974,557.795,0.458
0,30.744,312.372,0.701,490,17.911,564.21,0.46
0,31.209,312.372,0.703,487,18.054,566.728,0.455
0,31.209,312.372,0.703,488,18.049,567.228,0.456
0,31.256,312.372,0.702,489,18.019,568.879,0.457
0,31.302,313.465,0.708,490,17.96,570.643,0.458
0,31.488,313.465,0.713,485,18.034,567.97,0.452
0,31.628,313.977,0.712,486,17.901,575.121,0.454
0,31.721,313.977,0.714,487,17.853,578.52,0.455
0,31.721,313.977,0.713,488,17.84,579.352,0.456
0,31.721,313.977,0.713,489,17.832,579.69,0.457
0,31.721,313.977,0.713,490,17.828,580.001,0.457
0,31.721,313.977,0.713,491,17.811,581.898,0.458
0,31.721,313.977,0.712,492,17.808,582.4,0.458
0,31.581,313.977,0.712,493,17.796,579.249,0.459
0,31.907,311.093,0.715,485,17.943,575.634,0.45
0,31.93,311.093,0.715,486,17.942,576.0,0.45
0,31.93,311.279,0.716,487,17.921,576.169,0.45
0,31.884,311.279,0.715,488,17.917,575.271,0.451
0,31.791,311.279,0.715,489,17.911,575.566,0.452
0,31.744,310.767,0.714,486,18.009,573.674,0.448
0,31.744,310.767,0.714,487,18.002,574.36,0.448
0,31.744,310.767,0.713,488,17.999,574.533,0.449
0,31.744,310.767,0.713,489,17.993,575.202,0.449
0,31.744,310.767,0.713,490,17.984,575.877,0.45
0,31.744,310.767,0.713,491,17.953,576.388,0.451
0,31.744,310.767,0.713,492,17.95,577.066,0.451
0,31.744,310.767,0.713,493,17.947,577.237,0.452
0,31.744,310.767,0.713,494,17.909,578.905,0.452
0,31.744,310.767,0.714,495,17.899,580.647,0.453
0,31.791,311.116,0.716,496,17.889,582.563,0.454
0,31.977,310.744,0.718,491,17.961,580.982,0.449
0,31.93,310.884,0.717,492,17.561,582.852,0.45
0,31.884,310.884,0.717,493,17.56,582.303,0.45
0,31.791,310.907,0.717,494,17.559,580.299,0.451
0,31.791,310.907,0.717,495,17.521,580.415,0.451
0,31.977,310.907,0.717,491,17.476,586.554,0.451
0,32.023,310.907,0.719,492,17.466,589.538,0.452
0,32.023,310.907,0.719,493,17.455,590.847,0.453
0,32.047,311.791,0.718,494,17.435,591.673,0.454
0,32.047,311.791,0.718,495,17.432,591.673,0.454
0,32.093,311.791,0.718,496,17.41,592.024,0.455
0,32.047,311.791,0.718,497,17.401,591.676,0.455
0,32.0,311.791,0.718,498,17.397,590.768,0.456
0,32.512,312.326,0.722,490,17.551,586.985,0.447
0,32.581,315.605,0.723,491,17.519,590.185,0.449
0,32.442,315.605,0.723,492,17.521,589.285,0.45
0,32.395,315.605,0.722,493,17.506,590.319,0.451
0,32.395,315.605,0.723,494,17.49,592.155,0.451
0,32.442,315.605,0.722,495,17.461,592.948,0.452
0,32.535,315.605,0.725,491,17.546,588.571,0.447
0,32.581,315.605,0.725,492,17.525,589.408,0.448
0,33.0,315.605,0.727,487,17.58,588.644,0.442
0,33.047,315.605,0.727,488,17.551,590.867,0.442
0,33.047,315.605,0.727,489,17.539,591.031,0.442
0,33.047,315.605,0.727,490,17.536,591.566,0.443
0,33.047,315.605,0.727,491,17.535,591.566,0.443
0,33.047,315.605,0.727,492,17.528,592.465,0.443
0,32.907,315.605,0.726,493,17.527,590.166,0.444
0,32.907,315.605,0.726,493,17.531,589.464,0.444
0,32.907,315.605,0.726,494,17.527,589.787,0.444
0,32.907,315.744,0.726,495,17.515,589.962,0.445
0,32.907,315.744,0.725,496,17.495,592.58,0.446
0,32.953,315.744,0.726,497,17.445,597.769,0.448
0,32.953,315.744,0.726,498,17.443,598.298,0.448
0,33.0,315.744,0.725,499,17.419,600.763,0.449
0,33.047,315.744,0.724,500,17.379,604.224,0.451
0,33.093,315.744,0.724,501,17.358,606.209,0.451
0,33.093,315.744,0.724,502,17.354,607.086,0.451
0,33.186,316.744,0.728,503,17.307,608.948,0.453
0,33.186,316.744,0.727,499,17.472,601.683,0.449
0,33.14,316.744,0.727,500,17.47,600.605,0.45
0,33.326,319.186,0.733,501,17.393,605.572,0.452
0,33.558,319.186,0.736,496,17.406,605.292,0.448
0,33.465,319.186,0.736,497,17.45,605.015,0.448
0,33.279,319.186,0.735,498,17.452,601.727,0.449
0,33.279,320.512,0.736,499,17.43,603.126,0.45
0,33.186,320.512,0.736,500,17.372,603.464,0.452
0,33.14,320.512,0.735,501,17.371,603.439,0.452
0,33.14,320.512,0.735,502,17.36,604.316,0.453
0,33.14,320.512,0.735,503,17.358,604.981,0.453
0,33.093,320.512,0.735,504,17.351,604.583,0.454
0,33.047,320.512,0.734,505,17.33,605.289,0.455
0,33.047,320.512,0.734,506,17.314,606.004,0.456
0,33.047,320.512,0.733,507,17.278,607.558,0.457
0,32.767,320.512,0.735,504,17.419,601.658,0.454
0,32.767,320.512,0.735,505,17.416,602.012,0.454
0,32.814,320.512,0.735,506,17.392,605.068,0.455
0,32.86,321.488,0.735,507,17.38,605.779,0.456
0,32.814,321.488,0.736,508,17.299,605.52,0.458
0,32.814,321.488,0.737,509,17.284,608.932,0.459
0,32.86,321.488,0.737,510,17.267,610.758,0.459
0,32.721,321.488,0.736,511,17.267,608.613,0.46
0,32.628,321.488,0.736,512,17.265,607.494,0.46
0,21.0,320.698,0.624,513,27.382,369.748,0.46
0,21.442,320.605,0.628,505,27.478,373.525,0.454
0,21.488,320.605,0.628,506,27.46,375.38,0.454
0,21.488,320.605,0.627,507,27.403,374.916,0.456
0,21.535,320.791,0.626,508,27.355,374.921,0.457
0,21.512,320.791,0.626,509,27.372,374.846,0.457
0,21.558,320.791,0.626,510,27.349,376.124,0.458
0,21.558,320.791,0.626,511,27.346,376.556,0.458
0,21.907,314.814,0.629,502,27.394,379.563,0.453
0,21.814,314.814,0.628,503,27.389,378.174,0.454
0,21.86,314.814,0.627,504,27.343,380.454,0.455
0,21.86,314.814,0.627,505,27.311,382.212,0.456
0,21.86,314.814,0.627,506,27.307,382.428,0.457
0,21.814,314.814,0.626,507,27.269,382.842,0.458
0,21.86,314.814,0.625,508,27.2,383.884,0.459
0,21.814,314.814,0.625,509,27.218,384.093,0.46
0,21.721,314.814,0.624,510,27.214,382.784,0.46
0,21.953,314.814,0.626,508,27.207,386.628,0.458
0,22.0,314.814,0.625,509,27.181,389.03,0.459
0,22.047,314.814,0.626,510,27.161,389.805,0.46
0,22.047,314.814,0.626,511,27.149,389.805,0.46
0,22.093,314.814,0.626,512,27.086,390.253,0.461
0,22.14,314.814,0.628,513,27.047,390.81,0.462
0,22.233,317.326,0.637,514,26.878,393.652,0.464
0,22.233,317.349,0.637,515,26.871,394.22,0.464
0,22.279,317.349,0.637,516,26.841,396.955,0.464
0,22.279,317.349,0.637,517,26.833,397.069,0.465
0,22.372,317.349,0.635,518,26.741,403.018,0.467
0,22.372,317.349,0.635,519,26.738,403.018,0.468
0,22.395,320.674,0.635,520,26.711,403.056,0.469
0,22.535,320.674,0.637,516,26.741,402.91,0.466
1,22.535,320.674,0.637,516,26.741,402.91,0.466
0,22.488,320.674,0.638,517,26.725,402.644,0.467
0,22.628,320.674,0.638,518,26.644,406.61,0.467
0,22.721,320.674,0.636,519,26.511,408.876,0.469
0,22.721,320.674,0.637,520,26.474,409.342,0.47
0,22.628,320.674,0.637,521,26.485,406.294,0.47
0,22.628,320.674,0.636,522,26.47,407.087,0.471
0,22.581,320.674,0.635,523,26.452,407.63,0.472
0,22.488,320.674,0.634,524,26.44,407.371,0.474
0,23.047,320.674,0.639,514,26.445,404.376,0.467
0,23.093,320.674,0.638,515,26.392,407.31,0.469
0,23.093,320.674,0.638,516,26.389,407.541,0.469
0,23.093,320.674,0.638,517,26.378,408.215,0.469
0,23.093,320.674,0.638,518,26.371,408.566,0.47
0,23.535,320.674,0.644,511,26.415,414.341,0.464
0,23.535,320.674,0.643,512,26.398,414.935,0.465
0,23.581,320.674,0.649,513,26.322,416.881,0.466
0,23.628,320.674,0.648,514,26.29,420.534,0.467
1,23.628,320.674,0.648,514,26.29,420.534,0.467
0,23.581,320.674,0.648,515,26.287,419.927,0.467
0,23.628,320.674,0.649,516,26.251,422.989,0.469
0,23.628,320.674,0.648,517,26.239,423.11,0.47
1,23.953,320.674,0.651,512,26.246,426.714,0.466
0,23.907,320.674,0.65,513,26.245,426.509,0.466
0,23.953,320.674,0.65,514,26.154,429.784,0.468
0,23.953,320.721,0.649,515,26.15,429.784,0.468
0,24.0,320.721,0.649,516,26.137,432.555,0.468
0,24.419,320.721,0.654,508,26.23,430.836,0.46
0,24.326,320.721,0.652,509,26.178,433.442,0.463
0,24.372,320.721,0.657,510,26.163,435.185,0.464
0,24.372,320.721,0.657,511,26.149,435.801,0.464
0,24.419,320.721,0.656,512,26.128,438.429,0.464
0,24.698,320.721,0.663,505,26.312,439.811,0.456
0,24.651,320.721,0.663,506,26.31,439.657,0.456
0,24.512,320.721,0.662,507,26.304,438.135,0.457
0,24.698,320.721,0.666,508,26.212,445.671,0.461
0,24.791,320.721,0.664,509,26.115,446.429,0.463
0,24.791,320.721,0.664,510,26.083,447.572,0.464
0,24.791,320.721,0.664,511,26.074,448.544,0.465
0,24.837,320.721,0.67,512,26.011,451.354,0.467
0,24.698,320.721,0.669,513,26.027,449.903,0.467
0,24.977,327.209,0.676,509,20.422,449.357,0.463
0,24.93,327.209,0.675,510,20.414,449.96,0.464
0,24.93,327.209,0.675,511,20.412,449.96,0.464
0,24.93,327.209,0.675,512,20.407,450.444,0.464
0,24.93,327.209,0.675,513,20.399,451.059,0.465
0,24.977,327.209,0.675,514,20.354,451.983,0.466
0,24.977,327.209,0.675,515,20.33,452.238,0.467
0,24.977,327.209,0.674,516,20.309,452.238,0.468
0,25.07,327.209,0.673,517,20.264,454.1,0.47
0,25.116,327.209,0.672,518,20.087,459.186,0.472
0,25.163,327.209,0.672,519,20.076,460.386,0.472
0,25.209,327.209,0.672,520,20.056,461.283,0.472
0,25.674,327.372,0.676,512,20.16,461.03,0.465
0,25.674,327.372,0.675,513,20.138,461.906,0.465
0,25.674,327.372,0.675,514,20.125,461.906,0.466
0,25.721,327.372,0.677,515,20.043,467.714,0.468
0,25.814,327.372,0.683,516,19.943,470.956,0.471
0,25.814,327.372,0.682,517,19.898,472.403,0.472
0,25.86,327.372,0.681,518,19.875,473.422,0.473
0,25.767,327.372,0.68,519,19.871,472.982,0.474
0,25.814,327.372,0.679,520,19.831,475.038,0.476
0,25.814,327.372,0.678,521,19.813,476.056,0.476
1,25.953,327.372,0.681,516,19.93,473.792,0.471
0,26.0,327.372,0.682,517,19.887,474.612,0.472
0,25.953,327.372,0.682,518,19.891,474.867,0.473
0,25.953,327.372,0.682,519,19.889,475.262,0.473
0,25.953,327.372,0.681,520,19.851,474.949,0.473
0,25.86,327.372,0.681,521,19.852,473.036,0.474
0,25.814,327.372,0.681,522,19.851,472.264,0.474
0,26.093,327.372,0.683,516,18.168,478.038,0.47
0,26.14,327.372,0.682,517,18.024,481.323,0.472
0,26.14,327.372,0.682,518,18.019,481.323,0.473
0,26.0,327.372,0.681,519,18.02,479.053,0.474
0,26.0,327.372,0.681,520,18.007,479.578,0.474
0,26.0,327.372,0.68,521,17.993,481.169,0.475
0,26.0,327.372,0.68,522,17.958,481.169,0.476
0,26.419,327.372,0.684,513,17.967,485.047,0.471
0,26.419,327.372,0.684,514,17.963,485.589,0.472
0,26.419,327.512,0.683,515,17.925,487.079,0.473
0,26.465,327.512,0.683,516,17.901,487.187,0.474
0,26.512,327.512,0.683,517,17.896,488.663,0.475
0,26.512,327.512,0.683,518,17.885,488.797,0.475
0,26.512,327.512,0.683,519,17.868,488.932,0.475
0,26.977,327.512,0.687,507,17.929,490.624,0.467
0,27.023,327.512,0.687,508,17.903,494.399,0.468
0,27.023,327.512,0.686,509,17.881,494.54,0.469
0,27.023,327.512,0.687,510,17.87,494.54,0.469
0,27.163,327.512,0.692,511,17.787,502.612,0.471
0,27.302,327.953,0.697,512,17.681,511.523,0.473
0,27.256,327.953,0.696,513,17.683,509.401,0.474
0,27.256,327.953,0.696,514,17.679,509.541,0.474
0,27.209,327.953,0.694,507,17.758,511.516,0.469
0,27.209,328.0,0.694,508,17.709,511.658,0.469
0,27.163,328.0,0.694,509,17.705,511.25,0.469
0,27.209,328.0,0.694,510,17.685,512.733,0.47
0,27.209,328.0,0.693,511,17.674,513.968,0.471
0,27.256,328.0,0.693,512,17.651,515.416,0.471
0,27.256,328.0,0.692,513,17.618,516.679,0.472
0,27.256,328.093,0.692,514,17.609,518.218,0.473
0,27.256,328.093,0.692,515,17.6,519.056,0.473
0,27.395,328.093,0.697,516,17.548,525.248,0.475
0,27.395,328.093,0.698,517,17.522,525.676,0.476
1,28.0,319.581,0.693,517,24.987,534.012,0.476
0,28.0,319.581,0.692,518,24.971,534.448,0.476
0,28.279,321.14,0.698,516,24.896,538.106,0.474
0,28.279,321.14,0.698,517,24.896,538.106,0.475
0,28.233,321.14,0.697,518,24.891,538.128,0.476
0,28.326,321.14,0.697,519,24.869,540.178,0.476
0,28.326,321.14,0.697,520,24.868,540.178,0.476
0,28.326,321.14,0.697,521,24.854,542.024,0.477
0,28.326,321.14,0.697,522,24.847,543.05,0.477
0,28.326,321.14,0.696,523,24.803,544.233,0.479
0,28.233,321.14,0.696,524,24.809,542.113,0.48
0,28.186,321.14,0.695,525,24.807,541.633,0.48
0,28.488,322.442,0.7,520,20.773,543.656,0.477
0,28.488,322.442,0.7,521,20.762,543.559,0.477
0,28.581,322.767,0.7,522,20.702,548.597,0.48
1,28.581,322.767,0.7,522,20.702,548.597,0.48
0,28.674,324.488,0.702,523,20.619,554.412,0.482
0,28.767,324.488,0.705,524,20.562,560.309,0.484
1,28.767,324.488,0.705,524,20.562,560.309,0.484
0,29.256,324.488,0.706,520,20.746,562.827,0.478
0,29.256,324.488,0.706,521,20.735,562.98,0.479
0,29.302,324.488,0.707,522,20.713,564.798,0.48
0,29.163,324.488,0.706,523,20.712,562.478,0.481
0,29.163,324.488,0.706,524,20.699,562.478,0.482
0,29.07,324.488,0.706,525,20.72,562.367,0.482
0,29.07,324.488,0.705,526,20.71,562.367,0.482
1,29.07,324.488,0.705,526,20.71,562.367,0.482
0,29.116,324.488,0.705,527,20.685,564.521,0.483
0,29.116,324.488,0.705,528,20.648,564.53,0.484
0,29.372,324.488,0.706,525,20.626,567.28,0.482
0,29.372,324.488,0.706,526,20.566,567.413,0.484
0,29.372,324.488,0.705,527,20.559,568.706,0.485
0,29.326,324.488,0.705,528,20.555,568.718,0.485
0,29.326,324.488,0.706,529,20.537,570.389,0.486
0,29.326,324.488,0.707,530,20.494,572.399,0.487
1,29.581,324.442,0.709,524,20.563,572.902,0.482
1,29.581,324.442,0.709,524,20.563,572.902,0.482
1,29.581,324.442,0.709,524,20.563,572.902,0.482
0,29.535,324.442,0.708,525,20.551,572.944,0.483
0,29.442,324.442,0.708,526,20.544,571.272,0.484
1,29.442,324.442,0.708,526,20.544,571.272,0.484
0,29.349,324.442,0.708,527,20.545,570.889,0.484
0,29.349,324.442,0.708,528,20.537,571.803,0.485
1,29.349,324.442,0.708,528,20.537,571.803,0.485
0,29.488,324.233,0.709,524,20.53,572.835,0.483
0,29.395,324.233,0.708,525,20.524,571.444,0.484
0,29.302,324.233,0.707,526,20.514,571.026,0.486
0,29.302,324.233,0.707,527,20.517,571.45,0.486
0,29.302,324.233,0.707,528,20.505,571.601,0.486
0,29.326,324.233,0.707,529,20.493,572.377,0.487
0,29.326,324.372,0.706,530,20.487,572.841,0.487
0,29.14,324.372,0.706,527,20.567,570.141,0.485
0,29.14,324.372,0.706,528,20.565,570.141,0.485
1,29.14,324.372,0.706,528,20.565,570.141,0.485
0,29.14,324.372,0.706,529,20.559,571.366,0.486
1,29.14,324.372,0.706,529,20.559,571.366,0.486
1,29.14,324.372,0.706,529,20.559,571.366,0.486
0,29.093,324.372,0.705,530,20.552,570.459,0.486
0,29.14,324.372,0.705,531,20.53,572.743,0.487
0,29.14,324.372,0.705,532,20.527,572.743,0.487
0,29.279,324.372,0.705,531,20.533,573.612,0.486
0,29.326,324.372,0.705,532,20.502,576.647,0.488
0,29.372,324.372,0.705,533,20.46,577.089,0.489
0,29.372,324.372,0.705,534,20.453,577.395,0.49
0,29.372,324.372,0.704,535,20.448,577.547,0.49
0,29.279,324.465,0.704,536,20.443,576.092,0.49
0,29.279,326.116,0.708,537,20.423,576.22,0.491
0,29.605,326.023,0.709,534,20.428,577.817,0.49
0,29.512,326.023,0.708,535,20.43,576.652,0.49
0,29.558,326.023,0.71,536,20.417,579.032,0.491
1,29.558,326.023,0.708,532,20.436,576.165,0.487
0,29.558,326.023,0.707,533,20.431,577.954,0.488
0,29.558,326.023,0.709,534,20.411,579.833,0.489
0,29.558,326.023,0.71,535,20.382,582.219,0.49
0,29.698,326.023,0.709,536,20.328,584.92,0.492
0,29.698,326.023,0.709,537,20.325,584.92,0.492
1,29.698,326.023,0.709,537,20.325,584.92,0.492
0,29.698,326.07,0.709,538,20.316,584.92,0.492
0,29.744,326.07,0.709,539,20.295,584.947,0.492
0,29.837,326.07,0.712,540,20.274,589.903,0.494
0,29.884,326.07,0.712,533,20.328,586.181,0.487
0,29.791,326.07,0.711,534,20.309,585.292,0.489
0,29.791,326.07,0.711,531,20.554,579.687,0.486
0,29.744,326.07,0.711,532,20.546,579.898,0.487
0,29.698,326.07,0.71,533,20.54,578.842,0.487
0,29.721,329.442,0.71,534,20.536,578.129,0.488
0,29.674,329.442,0.711,535,20.537,576.959,0.488
0,29.674,329.442,0.711,536,20.526,576.43,0.489
1,29.698,329.442,0.71,533,20.538,575.588,0.487
0,29.698,329.442,0.71,534,20.524,575.588,0.488
0,29.558,329.442,0.71,535,20.531,572.538,0.488
0,29.558,329.442,0.709,536,20.503,573.675,0.489
0,29.651,329.442,0.709,537,20.431,574.136,0.49
0,29.465,329.442,0.708,538,20.443,572.101,0.491
0,29.465,329.442,0.708,539,20.431,573.016,0.492
0,29.558,329.442,0.707,540,20.403,575.878,0.493
0,30.023,329.442,0.708,536,20.431,583.438,0.489
0,30.023,329.442,0.707,537,20.428,583.438,0.49
1,30.023,329.442,0.707,537,20.428,583.438,0.49
0,29.977,329.442,0.707,538,20.424,582.548,0.49
0,30.07,329.442,0.71,539,20.409,584.266,0.491
1,30.07,329.442,0.71,539,20.409,584.266,0.491
0,30.07,329.442,0.71,540,20.385,584.578,0.492
0,30.07,329.442,0.71,541,20.381,584.89,0.493
0,30.023,329.442,0.709,542,20.376,584.885,0.494
0,30.209,329.442,0.71,539,14.745,589.059,0.493
0,30.209,329.442,0.709,540,14.744,589.375,0.493
1,30.372,328.837,0.719,540,20.642,585.568,0.494
1,30.372,328.837,0.719,540,20.642,585.568,0.494
0,30.558,328.837,0.723,533,20.38,583.96,0.49
0,30.558,328.837,0.722,534,20.367,584.759,0.49
0,30.605,328.837,0.723,535,20.357,585.268,0.491
0,30.698,328.837,0.722,536,20.341,586.63,0.491
0,30.651,328.837,0.722,537,20.328,586.818,0.492
0,30.651,328.837,0.722,538,20.321,587.808,0.492
0,30.791,328.837,0.723,534,20.348,585.153,0.489
0,30.837,328.837,0.723,535,20.272,587.426,0.49
0,30.884,328.837,0.722,536,20.245,589.237,0.491
0,30.93,328.837,0.722,537,20.237,590.793,0.492
0,30.93,328.837,0.722,538,20.229,590.954,0.492
0,30.93,328.837,0.723,539,20.227,591.585,0.492
0,31.186,328.837,0.724,533,19.03,593.527,0.488
0,31.186,328.837,0.723,534,19.013,594.021,0.489
0,31.14,328.837,0.723,535,18.781,595.845,0.49
0,31.233,328.837,0.721,536,18.715,596.696,0.493
0,31.186,328.837,0.722,537,18.71,595.586,0.493
0,31.14,328.837,0.723,538,18.695,595.792,0.494
0,31.14,328.837,0.722,539,18.677,595.957,0.495
0,31.14,328.837,0.723,540,18.663,597.733,0.496
0,31.186,328.837,0.726,541,18.629,598.858,0.497
0,31.349,328.837,0.727,534,18.774,596.703,0.491
0,24.326,326.698,0.692,535,26.331,447.998,0.493
0,24.326,326.698,0.692,536,26.329,448.242,0.493
0,24.326,326.698,0.692,537,26.276,448.924,0.494
1,24.326,326.698,0.692,537,26.276,448.924,0.494
0,24.512,326.698,0.7,538,26.211,453.413,0.496
0,24.558,326.698,0.7,539,26.12,454.598,0.496
0,24.651,326.698,0.699,540,26.108,455.909,0.497
0,24.651,326.698,0.699,541,26.092,456.159,0.497
0,24.605,326.698,0.698,542,26.093,456.154,0.498
0,24.698,326.698,0.698,543,26.072,458.663,0.499
0,24.651,326.698,0.698,544,26.08,457.293,0.499
0,24.698,326.698,0.698,545,26.067,459.158,0.499
0,24.93,326.698,0.696,540,26.104,464.606,0.496
1,24.93,326.698,0.696,540,26.104,464.606,0.496
0,24.93,326.698,0.696,541,26.094,464.606,0.497
0,24.884,326.698,0.696,542,26.083,463.997,0.497
0,24.977,328.488,0.696,543,25.793,467.378,0.498
1,24.977,328.488,0.696,543,25.793,467.378,0.498
0,25.023,328.488,0.699,544,25.761,468.042,0.499
0,25.116,328.488,0.699,545,25.705,473.204,0.501
0,25.163,328.488,0.698,546,25.678,473.317,0.502
0,25.163,328.488,0.698,546,25.67,471.628,0.501
0,25.302,328.488,0.698,547,25.572,475.905,0.502
1,25.302,328.488,0.698,547,25.572,475.905,0.502
0,25.302,328.488,0.697,548,25.548,476.919,0.503
1,25.302,328.488,0.697,548,25.548,476.919,0.503
1,25.302,328.488,0.697,548,25.548,476.919,0.503
0,25.349,329.651,0.697,549,25.501,479.153,0.504
1,25.628,329.651,0.702,543,25.652,478.342,0.498
0,25.628,329.651,0.702,544,25.64,478.342,0.498
0,25.628,329.651,0.703,545,25.628,478.599,0.499
0,25.581,329.651,0.702,546,25.618,478.002,0.5
0,25.581,329.651,0.704,547,25.614,478.383,0.5
0,25.581,329.651,0.703,548,25.598,478.383,0.501
0,25.674,329.651,0.702,545,25.458,480.249,0.5
0,25.674,329.651,0.702,546,25.44,479.567,0.501
0,25.674,329.651,0.702,547,25.429,479.567,0.501
0,25.674,329.651,0.701,548,25.424,479.567,0.502
0,25.674,329.651,0.701,549,25.417,480.071,0.502
0,26.07,329.651,0.709,544,25.429,483.826,0.499
0,26.116,329.651,0.714,545,25.388,486.656,0.5
0,26.116,329.651,0.713,546,25.35,487.58,0.502
0,26.163,329.651,0.713,547,25.342,487.874,0.502
0,26.209,329.651,0.712,548,25.328,489.2,0.503
0,26.209,329.721,0.712,549,25.183,489.556,0.503
0,26.163,329.721,0.712,550,25.18,487.862,0.503
0,26.163,329.721,0.713,551,25.139,489.163,0.505
1,26.163,329.721,0.713,551,25.139,489.163,0.505
0,26.163,329.721,0.712,552,25.133,490.206,0.506
0,26.163,329.721,0.712,553,25.131,490.456,0.506
0,26.326,328.953,0.71,545,25.299,487.794,0.496
0,26.326,328.953,0.71,546,25.289,488.692,0.497
0,26.279,328.953,0.71,547,25.308,487.597,0.497
0,26.279,328.953,0.71,548,25.304,487.597,0.497
1,26.279,328.953,0.71,548,25.304,487.597,0.497
0,26.93,329.116,0.719,538,25.41,492.219,0.487
0,26.93,329.116,0.719,539,25.406,492.219,0.487
0,26.93,329.116,0.718,540,25.405,492.219,0.488
0,26.93,329.116,0.718,541,25.384,492.847,0.489
0,27.023,329.116,0.717,542,25.318,495.858,0.491
0,27.209,329.116,0.718,540,25.318,498.868,0.489
0,27.209,329.116,0.717,541,25.315,498.868,0.49
0,27.256,329.116,0.717,542,25.285,500.057,0.491
0,27.256,329.116,0.717,543,25.284,500.057,0.491
0,27.302,329.116,0.717,544,25.044,505.383,0.493
0,27.256,329.116,0.717,545,25.046,504.602,0.493
0,27.442,329.116,0.718,538,25.18,504.146,0.485
0,27.395,329.116,0.719,539,25.169,503.764,0.486
0,27.442,329.116,0.718,540,25.131,504.601,0.488
0,27.488,329.116,0.718,541,25.121,506.94,0.488
0,27.442,329.116,0.717,542,25.118,506.551,0.488
0,27.442,329.116,0.717,543,25.111,506.551,0.489
0,27.442,329.116,0.716,544,25.104,507.108,0.49
1,27.442,329.116,0.716,544,25.104,507.108,0.49
0,27.442,329.116,0.716,545,25.086,507.929,0.491
0,27.488,329.116,0.719,546,25.04,508.92,0.493
0,27.488,329.116,0.719,547,25.036,509.466,0.493
0,27.674,329.116,0.719,548,24.985,512.077,0.495
0,27.721,329.116,0.719,549,24.963,516.503,0.496
0,27.86,329.116,0.719,545,24.994,515.693,0.493
0,27.86,329.116,0.719,546,24.992,515.835,0.494
0,27.86,329.116,0.719,547,24.989,516.933,0.494
1,27.86,329.116,0.719,547,24.989,516.933,0.494
0,27.814,329.116,0.718,548,24.94,517.589,0.496
0,27.767,329.116,0.718,549,24.945,517.557,0.496
0,27.767,329.116,0.718,550,24.94,517.697,0.496
0,27.721,329.116,0.716,545,25.089,508.78,0.493
0,27.721,329.116,0.716,546,25.084,508.78,0.493
0,27.721,329.116,0.716,547,25.072,510.132,0.494
0,27.721,329.116,0.715,548,25.06,511.464,0.495
1,27.721,329.116,0.715,548,25.06,511.464,0.495
0,27.814,329.116,0.714,549,25.035,515.891,0.496
0,27.837,329.116,0.714,550,25.034,516.349,0.496
0,27.791,329.116,0.716,551,25.022,517.674,0.497
0,27.651,329.116,0.716,552,25.027,515.338,0.497
0,27.605,329.116,0.715,553,25.014,515.478,0.498
0,27.605,329.116,0.715,554,24.99,515.278,0.499
0,27.791,329.116,0.716,555,24.953,518.324,0.5
0,27.837,329.116,0.716,556,24.911,518.999,0.501
0,27.791,329.116,0.714,555,25.086,515.696,0.5
0,27.744,329.116,0.714,556,25.068,516.058,0.502
1,27.744,329.116,0.714,556,25.068,516.058,0.502
0,27.791,329.116,0.715,557,25.039,516.507,0.503
1,27.791,329.116,0.715,557,25.039,516.507,0.503
0,27.837,329.116,0.715,558,25.029,516.544,0.503
0,27.837,329.116,0.715,559,25.014,517.37,0.504
0,27.93,329.116,0.715,560,24.986,517.386,0.506
0,27.93,329.116,0.715,561,24.98,517.79,0.507
0,27.93,329.116,0.713,562,24.967,519.007,0.507
0,27.884,329.116,0.713,563,24.964,518.861,0.508
0,27.744,329.116,0.713,560,25.128,516.368,0.505
1,27.744,329.116,0.713,560,25.128,516.368,0.505
0,27.651,329.116,0.712,561,25.14,513.716,0.505
0,27.651,329.116,0.711,562,25.131,515.044,0.506
0,27.558,329.116,0.711,563,25.128,512.433,0.506
0,27.558,329.116,0.71,564,25.118,512.984,0.506
0,27.558,329.116,0.71,565,25.1,514.456,0.508
0,27.558,329.116,0.71,566,25.099,514.728,0.508
0,27.581,329.605,0.709,567,25.097,515.232,0.508
0,27.581,329.605,0.71,568,25.083,515.782,0.509
1,27.581,329.605,0.71,568,25.083,515.782,0.509
1,27.581,329.605,0.71,568,25.083,515.782,0.509
0,27.581,329.605,0.709,569,25.07,515.782,0.509
0,27.814,329.605,0.71,565,25.084,517.863,0.506
0,27.814,329.605,0.709,566,25.075,517.863,0.507
0,27.814,329.605,0.708,567,25.069,517.863,0.507
0,27.674,329.605,0.707,568,25.064,516.705,0.509
0,27.674,329.605,0.706,569,25.027,517.399,0.51
0,27.721,329.605,0.707,570,24.987,523.34,0.511
0,27.767,329.605,0.707,571,24.972,524.283,0.512
1,27.767,329.605,0.707,571,24.972,524.283,0.512
0,27.721,329.605,0.707,572,24.974,523.349,0.512
0,27.581,329.605,0.706,573,24.969,521.748,0.513
0,27.535,329.605,0.705,574,24.95,520.51,0.514
0,27.535,329.605,0.705,575,24.948,520.648,0.514
0,28.0,329.605,0.711,568,25.03,526.908,0.507
0,28.047,329.605,0.71,569,25.001,527.872,0.508
0,28.093,329.605,0.71,570,24.972,531.671,0.509
1,28.093,329.605,0.71,570,24.972,531.671,0.509
1,28.093,329.605,0.71,570,24.972,531.671,0.509
0,28.093,329.605,0.71,571,24.932,532.469,0.51
0,27.953,329.605,0.71,572,24.938,529.171,0.51
1,27.953,329.605,0.71,572,24.938,529.171,0.51
0,28.14,328.86,0.713,567,25.378,522.374,0.503
1,28.14,328.86,0.713,567,25.378,522.374,0.503
0,28.14,328.86,0.712,568,25.369,522.802,0.504
0,28.233,335.256,0.716,569,21.013,528.055,0.505
0,28.233,335.256,0.716,570,21.003,528.2,0.506
1,28.512,335.256,0.716,565,21.064,531.382,0.503
0,28.419,335.256,0.715,566,21.066,529.447,0.503
0,28.512,335.256,0.715,567,21.054,531.529,0.503
0,28.605,335.256,0.715,568,21.045,535.935,0.503
0,28.558,335.256,0.713,569,21.033,534.76,0.505
0,28.558,335.256,0.713,570,21.024,534.905,0.506
0,28.698,335.256,0.715,571,20.961,541.343,0.507
0,28.651,335.256,0.715,572,20.965,541.248,0.507
0,28.558,335.256,0.714,573,20.978,540.636,0.508
0,28.651,335.256,0.718,574,20.764,547.828,0.51
0,28.93,335.256,0.722,563,20.916,545.535,0.501
0,28.791,335.256,0.72,564,20.906,545.298,0.503
0,28.791,335.256,0.72,565,20.897,545.298,0.503
0,28.86,335.256,0.72,566,20.889,545.595,0.504
1,28.86,335.256,0.72,566,20.889,545.595,0.504
0,28.86,335.256,0.72,567,20.884,545.744,0.504
0,28.86,335.256,0.722,568,20.866,545.741,0.506
0,29.0,335.256,0.722,562,20.905,540.852,0.502
0,29.0,335.256,0.722,563,20.896,541.58,0.503
0,29.047,335.256,0.721,564,20.852,544.142,0.504
1,29.047,335.256,0.721,564,20.852,544.142,0.504
0,28.907,335.256,0.72,565,20.853,542.327,0.505
0,29.279,335.233,0.719,559,20.504,546.498,0.499
0,29.279,335.233,0.719,560,20.501,546.798,0.499
0,29.326,335.233,0.719,561,20.477,546.975,0.5
0,29.326,335.233,0.719,562,20.476,547.126,0.501
0,29.186,335.233,0.719,563,20.472,544.927,0.501
0,29.186,335.233,0.718,564,20.463,545.68,0.502
0,29.186,336.512,0.718,565,20.449,545.563,0.503
0,29.186,336.512,0.719,566,20.441,545.727,0.504
0,29.186,336.512,0.72,567,20.419,546.465,0.505
0,29.186,336.512,0.72,568,20.418,546.465,0.505
0,29.14,336.512,0.719,569,20.407,546.756,0.506
0,29.14,336.512,0.719,570,20.381,547.057,0.507
0,29.488,336.512,0.723,563,20.288,555.042,0.503
0,29.488,336.512,0.722,564,20.277,555.486,0.503
0,29.488,336.512,0.722,565,20.276,555.486,0.503
0,29.488,336.512,0.722,566,20.247,557.897,0.505
0,29.581,336.512,0.723,567,20.234,561.509,0.505
0,29.581,336.512,0.723,568,20.231,561.509,0.505
0,29.628,336.512,0.722,569,20.213,564.583,0.506
1,29.628,336.512,0.722,569,20.213,564.583,0.506
0,29.674,336.512,0.722,570,20.175,565.953,0.507
1,29.674,336.512,0.722,570,20.175,565.953,0.507
0,29.698,336.512,0.722,571,20.174,565.969,0.507
1,30.209,336.512,0.725,563,20.283,567.707,0.5
0,30.209,336.512,0.725,564,20.277,567.855,0.501
0,30.209,336.512,0.725,565,20.27,568.16,0.501
0,30.209,336.512,0.725,566,20.268,568.47,0.501
0,30.209,336.512,0.724,567,20.262,569.788,0.502
0,30.233,337.419,0.724,568,20.222,573.105,0.503
0,30.442,337.419,0.723,562,20.569,571.715,0.498
0,30.488,337.419,0.723,563,20.555,572.966,0.499
0,30.488,337.419,0.722,564,20.549,573.595,0.499
1,30.488,337.419,0.722,564,20.549,573.595,0.499
0,30.581,337.419,0.725,565,20.522,575.441,0.5
0,30.581,337.419,0.725,566,20.512,576.075,0.501
0,30.581,337.419,0.726,567,20.495,576.867,0.502
0,30.535,337.419,0.726,568,20.494,576.494,0.502
1,30.907,336.512,0.728,560,20.542,570.101,0.493
1,30.907,336.512,0.728,560,20.542,570.101,0.493
0,30.86,336.512,0.727,561,20.534,570.666,0.494
0,30.907,336.512,0.727,562,20.486,575.067,0.495
1,30.907,336.512,0.727,562,20.486,575.067,0.495
0,31.0,336.512,0.728,563,20.449,576.155,0.497
0,31.0,336.512,0.728,564,20.439,576.155,0.498
0,30.953,336.512,0.728,565,20.433,576.139,0.499
0,30.907,336.512,0.727,566,20.415,576.896,0.501
0,30.86,336.512,0.727,567,20.395,577.963,0.502
0,31.302,336.512,0.728,560,20.437,576.614,0.496
0,31.349,336.767,0.727,561,20.397,579.306,0.498
0,31.349,336.767,0.727,562,20.37,580.439,0.499
0,31.302,336.767,0.726,563,20.369,579.828,0.499
0,31.302,336.767,0.726,564,20.356,579.991,0.5
0,31.581,336.767,0.726,558,20.447,579.875,0.493
0,31.581,336.767,0.726,559,20.442,579.875,0.494
1,31.581,336.767,0.726,559,20.442,579.875,0.494
0,31.721,336.767,0.726,560,20.412,583.75,0.495
0,31.721,336.767,0.726,561,20.367,584.228,0.496
0,31.767,336.767,0.728,555,20.391,581.204,0.494
0,31.721,336.767,0.727,556,20.395,580.312,0.494
0,31.767,336.767,0.727,557,20.376,582.136,0.495
0,31.86,336.767,0.73,558,20.351,583.113,0.495
0,31.721,336.767,0.73,559,20.357,578.753,0.496
0,31.837,333.186,0.728,553,20.554,578.665,0.49
0,31.837,333.186,0.728,554,20.531,578.829,0.49
0,31.837,333.628,0.727,555,20.521,581.605,0.491
0,31.791,333.628,0.728,556,20.497,582.741,0.492
0,31.791,333.628,0.727,557,20.468,582.906,0.494
0,31.791,333.628,0.727,558,20.46,583.071,0.495
0,31.814,333.628,0.727,559,20.451,583.289,0.495
0,31.86,333.628,0.726,560,20.356,586.072,0.495
0,31.86,333.628,0.725,561,20.338,586.897,0.497
0,31.884,333.628,0.725,562,20.334,587.325,0.497
0,31.93,333.628,0.73,563,20.308,589.171,0.498
0,31.93,333.628,0.73,564,20.293,589.336,0.499
1,31.93,333.628,0.73,564,20.293,589.336,0.499
1,32.349,333.628,0.732,559,20.421,588.212,0.492
1,32.349,333.628,0.732,559,20.421,588.212,0.492
0,32.442,337.395,0.734,560,20.102,592.32,0.494
0,32.256,337.395,0.733,561,20.146,590.458,0.496
1,32.256,337.395,0.733,561,20.146,590.458,0.496
0,32.302,337.395,0.733,562,20.102,591.077,0.498
0,32.209,337.395,0.736,554,20.262,585.866,0.491
0,32.209,337.395,0.736,555,20.254,587.723,0.491
1,32.209,337.395,0.736,555,20.254,587.723,0.491
0,32.163,337.395,0.736,556,20.247,587.158,0.492
1,32.163,337.395,0.736,556,20.247,587.158,0.492
0,32.209,337.395,0.736,557,20.238,588.788,0.492
0,32.256,337.395,0.735,558,20.218,590.061,0.493
0,32.302,337.395,0.735,559,20.192,590.256,0.494
1,32.302,337.395,0.735,559,20.192,590.256,0.494
0,32.163,337.395,0.735,560,20.209,587.542,0.495
0,32.163,337.395,0.734,556,20.3,582.6,0.492
0,32.163,337.395,0.734,557,20.294,582.768,0.492
0,32.116,337.395,0.734,558,20.308,581.962,0.493
0,32.116,337.395,0.734,559,20.19,582.858,0.493
0,32.116,337.395,0.733,560,20.179,583.695,0.494
1,32.116,337.395,0.733,560,20.179,583.695,0.494
0,32.07,337.395,0.733,561,20.171,583.574,0.494
0,32.07,337.395,0.733,562,20.169,584.065,0.495
0,32.349,337.395,0.736,552,20.607,573.815,0.483
0,32.395,337.395,0.735,553,20.603,576.303,0.483
0,32.488,337.395,0.735,554,20.576,583.217,0.485
0,32.442,337.395,0.736,555,20.566,583.787,0.486
0,32.442,337.395,0.735,556,20.557,584.612,0.487
0,32.442,337.395,0.736,557,20.521,591.861,0.489
0,32.442,337.395,0.736,558,20.518,592.029,0.489
0,32.302,337.395,0.735,559,20.52,590.37,0.49
0,32.256,337.395,0.734,560,20.503,590.698,0.491
0,32.256,337.395,0.735,561,20.492,590.866,0.493
0,32.163,337.395,0.734,562,20.47,589.666,0.494
0,32.023,337.395,0.736,556,19.145,581.565,0.488
0,32.023,337.395,0.735,557,19.13,581.732,0.49
0,32.023,337.395,0.735,558,19.124,583.118,0.49
0,32.023,337.395,0.735,559,19.116,583.593,0.491
0,32.07,337.395,0.734,560,19.084,586.042,0.493
0,32.163,337.395,0.735,561,19.049,591.933,0.495
0,32.163,337.395,0.736,560,19.081,590.753,0.494
0,32.163,337.395,0.735,561,19.07,591.259,0.495
0,32.163,337.395,0.735,562,19.064,591.259,0.496
0,32.163,337.395,0.735,563,19.058,591.113,0.496
0,32.116,337.395,0.735,564,19.059,590.526,0.496
0,32.07,337.395,0.735,565,19.054,590.427,0.497
0,31.977,337.395,0.734,566,19.044,589.162,0.497
0,26.651,328.0,0.696,567,27.104,479.462,0.493
0,26.651,328.0,0.695,568,27.09,479.462,0.493
0,27.07,328.0,0.699,564,27.287,482.236,0.488
0,27.07,328.0,0.699,565,27.286,482.236,0.488
0,27.07,328.0,0.698,566,27.276,482.236,0.489
0,27.581,331.791,0.714,559,22.938,488.384,0.486
0,27.581,331.791,0.719,560,21.98,489.43,0.486
0,27.581,331.791,0.719,561,21.975,490.273,0.487
0,27.488,331.791,0.718,562,21.972,489.234,0.488
1,27.488,331.791,0.718,562,21.972,489.234,0.488
0,27.488,331.791,0.718,563,21.967,489.234,0.488
0,27.442,331.791,0.718,564,21.947,488.903,0.489
0,27.395,331.791,0.717,565,21.939,488.873,0.491
0,27.442,331.791,0.718,560,21.966,485.571,0.488
0,25.302,317.488,0.667,561,30.887,444.914,0.485
0,25.302,317.488,0.666,562,30.881,444.914,0.486
0,25.302,317.488,0.666,563,30.867,445.04,0.486
0,25.349,317.488,0.667,564,30.824,447.862,0.488
1,25.349,317.488,0.667,564,30.824,447.862,0.488
0,25.442,317.488,0.669,565,30.766,451.098,0.489
0,25.581,317.488,0.668,566,30.722,458.764,0.49
0,25.674,317.488,0.668,567,30.686,461.546,0.491
0,25.581,317.488,0.667,568,30.686,459.419,0.491
0,25.628,318.977,0.667,569,30.437,459.953,0.491
0,25.721,318.977,0.675,570,30.412,460.105,0.493
0,25.814,318.977,0.68,571,30.365,462.962,0.494
0,25.953,318.977,0.68,566,30.329,458.117,0.49
0,25.953,318.977,0.679,567,30.3,459.418,0.491
0,26.0,326.93,0.679,568,25.968,463.098,0.492
0,26.047,331.163,0.69,569,23.261,464.243,0.493
0,26.186,331.163,0.691,570,23.239,467.103,0.494
0,26.186,331.163,0.691,571,23.224,467.621,0.494
0,26.186,331.163,0.691,572,23.205,470.133,0.496
0,26.233,338.953,0.691,573,17.776,473.634,0.497
0,26.233,338.953,0.691,574,17.766,474.115,0.497
0,26.233,338.953,0.69,575,17.625,473.836,0.498
0,26.233,338.953,0.69,576,17.622,473.836,0.498
0,26.233,339.023,0.69,577,17.609,474.498,0.499
0,26.326,339.023,0.689,578,17.559,477.255,0.501
0,26.651,338.837,0.69,571,17.642,472.059,0.494
0,26.744,338.837,0.692,572,17.621,475.352,0.495
0,26.744,338.837,0.691,573,17.605,476.6,0.495
0,26.605,338.837,0.691,574,17.619,473.766,0.496
0,26.558,338.837,0.692,575,17.61,474.295,0.497
0,26.512,338.977,0.692,576,17.599,473.663,0.498
0,26.558,338.977,0.695,577,17.581,476.062,0.499
0,26.651,340.116,0.698,578,17.536,478.637,0.501
0,26.698,340.116,0.699,579,17.522,478.669,0.502
0,27.116,338.326,0.703,570,17.626,476.213,0.494
0,27.116,338.326,0.703,571,17.614,477.65,0.495
0,27.302,338.326,0.702,572,17.555,481.159,0.496
0,27.302,338.326,0.705,573,17.533,481.522,0.496
0,27.302,338.326,0.705,574,17.526,481.921,0.497
0,27.395,338.326,0.709,575,17.462,486.61,0.498
0,27.419,340.488,0.709,576,17.413,487.647,0.501
0,27.326,340.488,0.709,577,17.413,487.024,0.502
0,27.372,340.488,0.711,578,17.383,490.447,0.503
0,27.93,340.488,0.716,570,17.366,492.336,0.495
0,27.837,340.488,0.716,571,17.373,492.476,0.495
0,27.93,340.488,0.715,572,17.312,494.817,0.497
0,27.977,340.488,0.715,573,17.287,496.662,0.497
0,27.977,340.488,0.715,574,17.285,496.662,0.498
0,28.023,340.488,0.715,575,17.262,499.185,0.498
0,28.209,340.488,0.713,571,17.36,498.513,0.493
0,28.209,340.488,0.713,572,17.349,498.657,0.494
0,28.302,340.488,0.717,573,17.22,501.827,0.496
0,28.395,340.488,0.72,574,17.206,504.444,0.497
0,28.395,340.605,0.72,575,17.194,505.156,0.497
0,28.395,340.605,0.718,576,17.184,506.452,0.499
0,28.349,340.605,0.718,577,17.184,505.519,0.499
0,28.349,340.605,0.717,578,17.161,506.388,0.5
0,28.349,340.605,0.717,579,17.139,507.543,0.501
0,28.302,340.605,0.717,580,17.137,506.77,0.501
0,28.256,340.605,0.717,581,17.141,505.898,0.501
0,28.442,340.605,0.724,582,17.058,511.86,0.504
0,28.581,340.605,0.723,583,17.023,519.827,0.505
0,28.86,340.605,0.726,577,17.045,522.328,0.502
0,28.814,340.605,0.727,578,16.903,524.959,0.503
0,28.907,340.605,0.728,579,15.972,527.612,0.504
0,28.767,340.605,0.727,580,15.96,526.467,0.506
0,28.767,340.605,0.726,581,15.952,527.16,0.507
0,28.767,340.605,0.726,582,15.947,527.749,0.507
0,28.86,340.605,0.726,583,15.919,528.392,0.508
0,29.163,340.605,0.728,580,15.844,528.674,0.507
0,29.163,340.605,0.727,581,15.837,529.266,0.507
0,29.116,340.605,0.726,582,15.824,530.858,0.509
0,29.209,340.605,0.725,583,15.788,532.775,0.51
0,28.884,340.605,0.718,578,16.012,519.997,0.504
0,28.884,340.605,0.718,579,15.997,519.997,0.506
0,28.93,340.605,0.718,580,15.984,521.471,0.507
0,28.93,340.651,0.718,581,15.96,521.619,0.507
0,28.884,340.651,0.717,582,15.955,521.063,0.508
0,28.884,341.047,0.716,583,15.947,522.862,0.509
0,29.186,341.047,0.719,578,15.962,522.596,0.502
0,29.116,341.535,0.718,579,20.801,523.671,0.504
0,29.116,341.535,0.717,580,20.799,523.671,0.504
0,29.256,341.535,0.717,581,20.747,527.393,0.505
0,29.535,341.698,0.717,578,20.747,528.087,0.503
0,29.535,341.698,0.716,579,20.736,528.959,0.504
0,29.674,341.698,0.718,580,20.7,529.83,0.505
0,29.674,341.698,0.718,581,20.694,530.27,0.506
0,29.674,341.698,0.719,582,20.667,531.996,0.507
0,29.674,341.698,0.718,583,20.587,532.895,0.508
0,29.628,341.698,0.717,584,20.587,532.864,0.509
0,29.674,341.698,0.722,585,20.575,535.321,0.51
0,30.093,341.698,0.721,580,20.132,537.975,0.504
0,30.0,341.698,0.721,581,20.117,537.426,0.505
1,30.0,341.698,0.721,581,20.117,537.426,0.505
0,30.0,341.698,0.72,582,19.83,537.658,0.506
0,30.0,341.698,0.719,583,19.805,541.164,0.507
0,30.0,341.698,0.719,584,19.804,541.164,0.508
0,30.0,341.698,0.719,585,19.802,541.312,0.508
0,30.674,341.698,0.728,576,19.723,550.242,0.499
0,30.628,341.698,0.727,577,19.727,550.049,0.5
0,30.628,341.698,0.727,578,19.722,550.785,0.5
0,30.674,341.698,0.726,579,19.668,552.549,0.502
0,30.674,341.698,0.726,580,19.67,552.513,0.502
0,30.744,341.279,0.73,574,19.723,551.956,0.497
0,30.744,341.279,0.729,575,19.703,553.279,0.498
1,30.744,341.279,0.729,575,19.703,553.279,0.498
0,30.744,341.279,0.729,576,19.681,553.749,0.499
0,30.698,341.279,0.728,577,19.671,553.456,0.5
0,30.698,341.279,0.728,578,19.67,553.456,0.5
0,30.698,341.279,0.73,579,19.658,554.798,0.501
0,30.837,341.279,0.729,572,19.683,555.953,0.497
0,30.884,341.279,0.732,573,19.641,560.369,0.499
0,30.884,341.279,0.732,574,19.633,560.369,0.5
0,30.977,341.279,0.731,575,19.606,563.321,0.501
0,30.977,341.279,0.731,576,19.595,564.099,0.502
1,30.977,341.279,0.731,576,19.595,564.099,0.502
0,31.605,340.884,0.736,565,19.754,563.947,0.489
0,31.605,340.884,0.736,566,19.752,564.103,0.489
0,31.698,340.884,0.736,567,19.709,570.23,0.491
0,31.651,340.884,0.736,568,19.696,570.824,0.492
0,31.651,340.884,0.736,569,19.692,570.824,0.493
0,31.744,341.233,0.735,570,19.664,573.759,0.494
0,31.605,341.233,0.736,571,19.662,572.732,0.495
0,31.837,341.233,0.738,567,19.677,571.248,0.492
0,31.791,341.233,0.737,568,19.685,570.872,0.492
0,31.651,341.233,0.737,569,19.684,570.004,0.493
0,31.651,341.233,0.737,570,19.652,570.648,0.495
0,31.744,341.233,0.739,567,19.701,567.51,0.491
0,31.744,341.233,0.738,568,19.694,567.671,0.491
0,31.93,341.233,0.749,569,14.533,576.867,0.493
0,31.953,341.233,0.749,570,14.53,577.009,0.493
0,31.907,341.233,0.748,571,14.517,577.2,0.494
0,31.86,333.721,0.739,572,23.786,581.02,0.495
0,31.86,333.721,0.739,573,23.781,581.02,0.496
0,31.907,333.721,0.738,573,23.776,581.938,0.496
0,31.86,333.721,0.738,574,23.78,581.815,0.496
0,31.86,333.721,0.738,575,23.764,582.471,0.497
0,31.86,333.721,0.738,576,23.756,583.415,0.497
0,31.86,333.721,0.738,577,23.719,583.763,0.499
0,31.907,333.721,0.737,578,23.702,587.441,0.5
0,31.86,333.721,0.737,579,23.698,587.425,0.501
0,32.023,333.721,0.737,568,23.785,581.473,0.494
0,32.023,333.721,0.737,569,23.775,581.639,0.495
0,32.023,333.721,0.737,570,23.751,582.134,0.497
0,32.163,333.721,0.736,571,23.684,584.042,0.498
0,32.256,333.721,0.736,560,23.745,579.452,0.492
0,32.256,333.721,0.736,561,23.739,579.452,0.493
0,32.209,333.721,0.734,562,23.711,579.349,0.495
0,32.256,333.721,0.735,563,23.672,579.656,0.496
0,32.395,333.721,0.735,564,23.606,584.504,0.497
0,32.349,333.721,0.735,565,23.603,583.966,0.498
0,32.302,333.721,0.736,563,23.668,579.174,0.494
1,32.302,333.721,0.736,563,23.668,579.174,0.494
0,32.302,333.721,0.736,564,23.661,579.174,0.495
0,32.395,333.721,0.735,565,23.515,586.803,0.497
0,32.442,333.721,0.736,566,23.477,590.563,0.498
0,32.535,333.721,0.741,567,23.458,593.611,0.499
1,32.535,333.721,0.741,567,23.458,593.611,0.499
0,32.488,333.721,0.74,568,23.453,593.556,0.501
0,32.488,333.721,0.74,569,23.45,593.556,0.501
0,32.535,333.721,0.74,570,23.423,595.55,0.502
1,32.535,333.721,0.74,570,23.423,595.55,0.502
0,32.535,333.721,0.739,571,23.406,595.686,0.503
0,32.302,333.721,0.737,564,23.486,591.814,0.5
0,32.302,333.814,0.736,565,23.485,591.814,0.5
0,32.209,333.86,0.737,566,23.48,589.753,0.501
0,32.209,333.86,0.736,567,23.463,592.27,0.501
0,32.256,333.86,0.736,568,23.457,592.275,0.502
1,32.256,333.86,0.736,568,23.457,592.275,0.502
0,32.256,333.86,0.736,569,23.444,592.441,0.503
0,32.116,333.86,0.735,562,23.594,577.771,0.496
0,32.116,334.0,0.735,563,23.584,579.181,0.497
1,32.116,334.0,0.735,563,23.584,579.181,0.497
0,32.256,334.0,0.739,558,23.688,575.234,0.49
0,32.209,334.0,0.738,559,23.687,574.552,0.49
0,32.256,334.0,0.738,560,23.666,576.761,0.492
0,32.302,334.0,0.739,561,23.646,579.859,0.493
0,32.302,334.0,0.74,558,23.657,576.094,0.49
0,32.302,334.0,0.74,559,23.65,577.554,0.491
1,32.302,334.0,0.74,559,23.65,577.554,0.491
0,32.326,334.0,0.74,560,23.649,578.268,0.491
1,32.326,334.0,0.74,560,23.649,578.268,0.491
0,32.326,334.0,0.738,561,23.621,580.686,0.493
1,32.326,334.0,0.738,561,23.621,580.686,0.493
0,32.326,334.0,0.739,562,23.589,583.658,0.494
0,32.558,334.0,0.74,558,23.588,583.539,0.491
0,32.558,334.0,0.739,559,23.582,583.634,0.491
0,32.558,334.186,0.739,560,23.202,585.329,0.492
1,32.558,334.186,0.739,560,23.202,585.329,0.492
0,32.558,334.186,0.739,561,23.187,585.663,0.492
0,32.372,334.186,0.739,562,23.196,582.374,0.493
1,32.372,334.186,0.739,562,23.196,582.374,0.493
0,32.279,334.186,0.739,563,23.194,581.742,0.493
0,32.14,334.186,0.738,564,23.201,578.578,0.494
0,32.14,334.186,0.739,565,23.185,582.289,0.495
0,32.442,334.186,0.744,559,23.249,578.081,0.487
0,32.442,334.186,0.744,560,23.246,579.142,0.487
0,32.442,334.186,0.744,561,23.239,579.469,0.487
1,32.442,334.186,0.744,561,23.239,579.469,0.487
0,32.395,334.186,0.743,562,23.237,578.729,0.488
0,32.674,334.186,0.743,558,23.275,581.663,0.484
0,32.674,334.186,0.743,559,23.271,581.829,0.484
0,32.628,334.349,0.742,560,23.255,582.066,0.486
0,32.721,334.349,0.742,561,23.255,585.015,0.486
0,32.535,334.349,0.742,562,23.264,582.893,0.486
0,32.442,334.349,0.742,563,23.265,581.168,0.486
1,32.442,334.349,0.742,563,23.265,581.168,0.486
0,32.442,334.349,0.741,564,23.24,583.523,0.488
0,32.395,334.349,0.743,565,23.231,582.815,0.489
0,32.442,334.349,0.744,566,23.211,585.991,0.49
0,32.535,334.349,0.743,567,23.16,586.476,0.492
0,32.535,334.349,0.743,568,23.159,586.639,0.492
0,33.0,334.349,0.746,558,23.198,584.54,0.485
0,33.0,334.349,0.745,559,23.176,586.505,0.487
0,33.047,334.349,0.747,560,23.152,587.014,0.488
0,33.0,334.349,0.747,561,23.151,586.873,0.489
0,32.953,334.349,0.749,562,23.133,589.314,0.49
0,33.0,334.349,0.749,563,23.121,592.074,0.491
0,33.093,334.349,0.749,564,23.104,594.213,0.491
0,33.047,334.651,0.75,565,23.096,592.653,0.492
0,33.047,334.651,0.751,566,23.091,593.951,0.493
0,33.14,334.651,0.751,567,23.076,596.993,0.494
0,33.233,334.651,0.745,561,23.109,596.737,0.49
0,33.233,334.651,0.745,562,23.106,596.906,0.49
0,33.279,334.651,0.749,563,23.077,598.103,0.492
0,33.279,334.651,0.749,564,23.075,598.384,0.492
0,33.279,334.651,0.749,565,23.07,598.705,0.492
0,33.233,334.651,0.749,566,23.068,598.372,0.492
0,33.326,334.651,0.748,567,23.051,601.516,0.494
1,33.326,334.651,0.748,567,23.051,601.516,0.494
0,33.326,334.651,0.749,568,23.045,602.341,0.494
0,33.326,334.651,0.749,569,23.035,603.811,0.495
0,33.372,334.651,0.75,570,23.017,606.249,0.496
0,34.023,334.651,0.754,556,23.173,599.877,0.483
0,34.07,334.651,0.754,557,23.164,602.09,0.483
0,34.07,334.651,0.753,558,23.163,602.09,0.484
0,33.977,334.791,0.753,559,23.139,603.534,0.485
0,34.116,334.791,0.752,560,23.071,609.547,0.487
0,34.07,334.791,0.751,561,23.058,609.813,0.488
0,34.07,334.791,0.751,562,23.046,611.185,0.489
0,34.163,334.791,0.751,563,23.015,615.097,0.49
0,34.186,334.791,0.751,564,23.013,615.152,0.49
0,34.14,334.791,0.751,565,23.016,614.566,0.491
0,34.14,334.791,0.75,566,23.004,615.917,0.492
0,34.14,334.791,0.75,567,22.986,617.479,0.493
0,34.14,334.907,0.75,568,22.973,618.48,0.493
1,34.419,334.86,0.751,559,23.407,608.953,0.485
0,34.419,334.86,0.751,560,23.381,610.699,0.485
1,34.419,334.86,0.751,560,23.381,610.699,0.485
0,34.651,334.86,0.756,551,23.956,611.142,0.479
0,34.558,334.86,0.755,552,23.963,610.431,0.479
1,34.558,334.86,0.755,552,23.963,610.431,0.479
0,34.558,334.86,0.756,553,23.911,611.543,0.48
0,34.512,334.86,0.756,554,23.902,611.175,0.481
0,34.419,334.86,0.754,544,23.983,606.957,0.474
0,34.465,334.86,0.753,545,23.968,611.574,0.474
0,34.372,334.86,0.753,546,23.951,611.187,0.476
0,34.372,334.86,0.753,547,23.94,612.969,0.477
0,34.419,334.86,0.755,548,23.918,617.064,0.479
0,34.419,334.86,0.755,549,23.915,617.749,0.479
0,34.372,334.86,0.754,550,23.91,617.586,0.479
0,34.419,334.86,0.754,551,23.906,617.596,0.48
0,34.558,334.86,0.755,552,23.872,622.486,0.481
0,34.744,334.86,0.761,547,23.884,621.964,0.479
0,34.837,335.047,0.761,548,23.459,629.89,0.482
0,34.93,335.047,0.764,549,23.442,630.074,0.484
1,34.93,335.047,0.764,549,23.442,630.074,0.484
0,35.023,335.047,0.766,550,23.346,635.589,0.485
0,35.023,335.047,0.766,551,23.328,635.589,0.488
1,35.023,335.047,0.766,551,23.328,635.589,0.488
0,35.023,335.047,0.766,552,23.306,638.797,0.489
0,34.977,335.047,0.766,553,23.297,638.276,0.49
1,34.977,335.047,0.766,553,23.297,638.276,0.49
1,34.977,335.047,0.766,553,23.297,638.276,0.49
0,35.093,335.047,0.766,549,23.381,636.464,0.485
0,35.093,335.047,0.765,550,23.376,636.981,0.486
0,35.14,335.047,0.765,551,23.371,637.165,0.486
0,35.047,335.047,0.765,552,23.369,636.729,0.487
1,35.047,335.047,0.765,552,23.369,636.729,0.487
0,35.047,335.047,0.765,553,23.345,637.056,0.488
1,35.047,335.047,0.765,553,23.345,637.056,0.488
1,35.047,335.047,0.765,553,23.345,637.056,0.488
1,35.047,335.047,0.765,553,23.345,637.056,0.488
0,34.907,335.047,0.764,554,23.332,636.676,0.49
0,34.907,335.047,0.764,555,23.332,636.676,0.49
0,34.907,335.047,0.764,556,23.325,637.96,0.49
0,34.907,335.047,0.765,552,23.361,635.251,0.488
1,34.907,335.047,0.765,552,23.361,635.251,0.488
0,34.93,335.047,0.765,553,23.356,635.263,0.489
0,34.977,335.047,0.765,554,23.354,636.268,0.489
0,34.884,335.047,0.764,555,23.343,636.53,0.491
0,34.884,335.047,0.764,556,23.334,636.53,0.491
0,34.977,335.047,0.765,557,23.298,641.919,0.493
0,34.977,335.047,0.765,558,23.291,642.981,0.493
0,35.116,335.047,0.765,556,23.328,641.355,0.491
0,35.116,335.047,0.764,557,23.29,642.046,0.491
0,35.116,335.047,0.764,558,23.261,642.225,0.492
0,35.116,335.047,0.764,559,23.234,643.232,0.493
0,35.163,335.047,0.764,560,23.207,643.833,0.494
0,35.256,335.047,0.764,561,23.164,651.32,0.496
0,35.256,335.14,0.764,562,23.134,651.32,0.496
0,35.209,335.14,0.763,554,23.243,640.655,0.487
0,35.209,335.14,0.763,555,23.241,639.888,0.488
0,35.209,335.14,0.762,556,23.231,640.594,0.488
0,35.209,335.14,0.762,557,23.225,641.121,0.489
0,35.209,335.14,0.763,558,23.218,641.833,0.49
0,35.209,335.14,0.763,559,23.215,642.375,0.49
0,35.302,335.14,0.764,560,23.21,643.659,0.49
0,35.279,334.395,0.767,554,23.349,637.344,0.484
0,35.186,334.395,0.767,555,23.347,635.372,0.484
0,35.186,334.395,0.767,556,23.343,635.372,0.484
0,35.14,334.395,0.766,557,23.054,636.952,0.485
0,35.14,334.395,0.766,558,23.052,636.952,0.486
0,35.093,334.395,0.765,559,23.058,636.119,0.486
0,35.07,334.395,0.766,553,23.218,623.595,0.48
0,35.023,334.395,0.766,554,23.205,623.963,0.481
0,34.977,334.395,0.768,555,23.187,625.085,0.482
0,35.023,334.395,0.769,556,23.161,629.419,0.483
0,35.163,334.395,0.769,557,23.128,633.447,0.484
0,35.163,334.395,0.769,558,23.12,633.626,0.485
0,35.163,334.395,0.769,559,23.12,633.626,0.485
1,35.395,334.395,0.77,553,23.154,634.381,0.481
0,35.395,334.395,0.77,554,23.138,635.935,0.481
0,35.442,334.395,0.77,555,23.103,637.215,0.483
1,35.442,334.395,0.77,555,23.103,637.215,0.483
0,35.488,334.395,0.771,556,23.052,640.099,0.484
0,35.488,334.395,0.771,557,23.048,640.464,0.485
0,35.535,334.395,0.771,558,23.041,640.676,0.485
0,35.488,334.395,0.77,559,23.031,640.533,0.486
1,35.628,334.395,0.771,555,23.102,639.499,0.481
1,35.628,334.395,0.771,555,23.102,639.499,0.481
0,35.86,334.395,0.771,556,23.072,646.072,0.483
0,35.86,334.395,0.771,557,23.065,646.436,0.483
0,35.86,334.395,0.771,558,23.06,646.436,0.483
1,35.86,334.395,0.771,558,23.06,646.436,0.483
0,35.814,334.395,0.771,559,23.06,645.683,0.483
0,35.465,334.395,0.771,552,23.147,624.589,0.476
0,35.512,334.395,0.772,553,23.12,628.838,0.478
0,35.512,334.395,0.772,554,23.119,628.838,0.478
0,35.558,334.395,0.771,555,23.084,631.805,0.48
0,35.512,334.395,0.771,556,23.08,630.622,0.481
0,35.535,334.395,0.771,557,23.078,632.42,0.481
0,35.442,334.395,0.771,558,23.067,633.047,0.482
0,35.395,334.395,0.771,559,23.066,633.032,0.482
0,35.442,334.395,0.77,560,23.046,634.248,0.483
0,35.442,334.395,0.77,561,23.04,634.248,0.484
0,35.465,334.395,0.77,562,23.038,634.686,0.484
0,35.465,334.395,0.77,563,23.026,634.686,0.484
0,35.233,334.093,0.771,553,23.22,613.634,0.475
0,35.186,334.093,0.771,554,23.216,612.829,0.476
0,35.233,334.093,0.77,555,23.185,613.144,0.477
0,35.186,334.093,0.771,556,23.174,614.881,0.479
0,35.186,334.093,0.771,557,23.174,614.881,0.479
0,35.233,334.093,0.772,558,23.122,622.037,0.482
0,35.233,334.093,0.771,559,23.109,622.58,0.483
0,35.233,334.093,0.771,560,23.103,622.737,0.483
0,35.419,334.093,0.773,561,23.059,631.815,0.485
1,35.419,334.093,0.773,561,23.059,631.815,0.485
0,35.558,334.093,0.773,561,23.04,631.531,0.485
1,35.558,334.093,0.773,561,23.04,631.531,0.485
0,35.558,334.093,0.772,562,23.023,632.482,0.486
0,35.558,334.093,0.772,563,23.018,632.319,0.487
0,35.558,334.093,0.772,564,23.012,632.62,0.488
0,35.558,334.093,0.772,565,23.009,632.798,0.488
1,35.558,334.093,0.772,565,23.009,632.798,0.488
0,35.465,334.093,0.772,563,23.048,628.464,0.487
1,35.465,334.093,0.772,563,23.048,628.464,0.487
0,35.628,334.093,0.775,559,23.425,620.696,0.482
0,35.488,334.093,0.775,560,23.451,617.399,0.482
0,35.488,334.093,0.775,561,23.446,618.647,0.483
0,35.488,334.093,0.775,562,23.443,618.647,0.483
1,35.814,334.093,0.776,555,23.509,615.058,0.476
0,35.814,334.093,0.776,556,23.491,617.075,0.477
0,35.674,334.093,0.776,557,23.488,616.214,0.478
0,35.674,334.093,0.775,558,23.286,619.443,0.479
0,35.674,334.093,0.775,559,23.285,619.443,0.479
0,35.605,334.512,0.775,560,23.283,619.047,0.481
0,35.628,334.512,0.775,561,23.222,620.929,0.481
0,35.581,334.512,0.775,562,23.221,620.924,0.481
0,35.535,334.512,0.775,563,23.225,618.902,0.481
0,35.535,334.512,0.776,564,23.211,621.006,0.482
0,35.814,334.512,0.777,552,23.327,614.241,0.474
1,35.814,334.512,0.777,552,23.327,614.241,0.474
0,35.767,334.512,0.777,553,23.332,614.107,0.475
1,35.767,334.512,0.777,553,23.332,614.107,0.475
0,35.86,334.512,0.776,554,23.309,614.323,0.477
1,35.86,334.512,0.776,554,23.309,614.323,0.477
1,35.86,334.512,0.776,554,23.309,614.323,0.477
0,35.86,334.512,0.776,555,23.293,615.385,0.478
1,35.86,334.512,0.776,555,23.293,615.385,0.478
1,35.86,334.512,0.776,555,23.293,615.385,0.478
0,35.884,334.512,0.775,556,23.288,616.365,0.478
1,36.116,334.512,0.777,550,23.41,611.449,0.471
0,36.116,334.512,0.777,551,23.378,613.547,0.472
0,36.07,334.512,0.776,552,23.366,612.826,0.472
0,36.023,334.512,0.776,553,23.338,612.498,0.474
0,36.116,334.512,0.777,554,23.298,619.14,0.476
0,36.116,334.512,0.777,555,23.294,619.802,0.476
0,35.977,334.512,0.776,556,23.3,619.686,0.477
0,36.256,334.512,0.777,548,23.338,614.299,0.472
0,36.116,334.512,0.776,549,23.325,613.246,0.474
0,36.209,334.512,0.776,550,23.266,616.752,0.475
0,36.163,334.512,0.775,551,23.259,618.094,0.476
0,36.163,334.512,0.775,552,23.254,618.094,0.476
0,36.163,334.512,0.775,553,23.247,618.812,0.477
0,36.163,334.512,0.775,554,23.227,621.166,0.477
0,36.163,334.512,0.774,555,23.21,623.302,0.479
0,36.023,334.512,0.774,551,23.291,618.475,0.476
0,35.977,334.512,0.774,552,23.285,618.506,0.477
0,35.977,334.512,0.774,553,23.271,620.671,0.478
0,35.884,334.512,0.774,554,23.269,620.859,0.479
0,35.884,334.512,0.773,555,23.259,621.384,0.48
1,35.791,334.512,0.775,549,23.489,615.212,0.476
0,35.651,334.512,0.775,550,23.494,611.563,0.476
0,35.651,334.512,0.774,551,23.489,611.736,0.476
0,35.651,334.512,0.774,552,23.486,612.702,0.477
0,35.651,334.512,0.775,553,23.461,616.814,0.478
0,35.465,334.186,0.774,545,23.545,610.889,0.474
0,35.465,334.186,0.774,546,23.539,610.889,0.474
1,35.465,334.186,0.774,546,23.539,610.889,0.474
0,35.465,334.186,0.774,547,23.523,612.347,0.475
0,35.419,334.186,0.773,548,23.51,612.147,0.476
0,35.372,334.186,0.773,549,23.493,612.84,0.478
0,35.326,334.186,0.772,550,23.486,612.456,0.478
0,35.279,334.186,0.774,545,23.55,605.681,0.475
