1,10,0,0.302,2.093,0.0,10,345.752,0.0,0.007,0.041
2,3,0,0.465,2.535,0.0,13,344.4,0.197,0.009,0.043
3,3,0,0.605,3.651,0.001,16,327.567,0.317,0.011,0.027
4,3,0,0.744,5.512,0.003,19,313.23,0.677,0.014,0.019
5,4,0,0.907,6.674,0.004,23,298.499,1.043,0.016,0.012
6,7,0,1.233,9.628,0.007,29,268.406,2.147,0.022,0.006
7,5,0,1.465,13.977,0.015,34,249.601,3.526,0.027,0.004
8,5,0,1.791,16.163,0.018,38,231.462,4.771,0.03,0.002
9,5,0,1.977,20.047,0.025,42,221.702,5.894,0.035,0.002
10,3,0,2.07,21.14,0.026,45,218.843,6.388,0.037,0.002
11,6,0,2.116,22.0,0.026,51,216.412,6.996,0.039,0.002
12,9,0,2.256,23.419,0.024,59,211.361,9.334,0.046,0.002
13,4,0,2.535,26.535,0.029,63,205.866,11.216,0.051,0.002
14,4,0,2.488,26.535,0.027,67,206.39,11.123,0.052,0.002
15,3,0,2.535,27.07,0.025,70,204.638,12.125,0.056,0.002
16,8,0,2.674,29.953,0.029,77,196.513,13.944,0.06,0.001
17,4,0,2.86,32.116,0.032,81,187.91,15.99,0.064,0.001
18,4,0,2.86,32.628,0.03,85,187.198,16.457,0.067,0.001
19,7,0,2.93,35.256,0.035,91,185.34,18.667,0.071,0.001
20,8,0,2.93,36.86,0.035,98,184.202,19.342,0.075,0.001
21,3,0,3.116,38.233,0.04,98,180.9,20.591,0.075,0.001
22,3,0,3.186,39.326,0.044,98,178.645,21.14,0.074,0.001
23,3,0,3.279,41.326,0.047,101,177.833,22.999,0.077,0.001
24,3,0,3.279,41.326,0.045,104,177.899,23.432,0.079,0.001
25,5,0,3.419,44.163,0.049,108,174.524,24.714,0.084,0.001
26,6,0,3.326,43.953,0.047,113,173.2,25.46,0.086,0.001
27,8,0,3.651,47.372,0.052,119,169.491,29.444,0.092,0.001
28,6,0,3.767,49.628,0.054,125,168.662,31.124,0.096,0.001
29,3,0,3.907,49.884,0.055,127,168.077,33.647,0.097,0.001
30,3,0,4.047,50.605,0.055,130,166.845,35.368,0.099,0.001
31,5,0,4.186,51.605,0.061,130,166.071,35.011,0.096,0.001
32,8,0,4.442,53.488,0.063,137,163.929,39.343,0.1,0.002
33,3,0,4.535,55.953,0.069,139,162.742,41.42,0.103,0.002
34,4,0,4.628,56.302,0.068,143,161.925,43.979,0.105,0.002
35,6,0,4.86,57.233,0.067,148,162.556,47.44,0.109,0.002
36,3,0,4.907,58.256,0.069,151,161.843,49.4,0.111,0.002
37,9,0,5.372,62.047,0.078,157,155.944,56.567,0.115,0.002
38,0,0,5.209,61.279,0.079,154,158.297,53.239,0.112,0.002
39,6,0,5.512,62.767,0.082,157,156.139,56.093,0.114,0.002
40,2,0,5.512,62.767,0.081,159,156.055,56.188,0.115,0.002
41,2,0,5.651,62.767,0.081,161,155.429,57.261,0.115,0.002
42,3,0,5.558,62.209,0.081,162,161.463,54.914,0.113,0.002
43,7,0,5.837,63.791,0.084,168,159.88,58.969,0.116,0.003
44,7,0,5.977,64.953,0.085,173,158.984,62.133,0.119,0.003
45,4,0,6.256,65.884,0.09,175,158.157,63.412,0.118,0.003
46,8,0,6.256,68.209,0.094,180,157.024,65.495,0.12,0.003
47,3,0,6.628,69.186,0.096,179,156.096,71.037,0.122,0.003
48,10,0,7.209,77.163,0.113,187,148.374,81.0,0.131,0.003
49,8,0,7.256,80.302,0.12,192,146.315,84.446,0.135,0.003
50,2,0,7.442,77.698,0.116,190,148.028,83.7,0.132,0.004
51,7,0,7.419,77.698,0.113,196,147.973,86.763,0.135,0.004
52,4,0,7.651,77.837,0.115,198,147.598,87.85,0.134,0.004
53,6,0,7.698,77.837,0.112,202,147.369,91.483,0.136,0.004
54,2,0,7.884,78.116,0.112,203,146.963,94.207,0.137,0.004
55,5,0,7.977,79.07,0.115,204,146.658,96.298,0.138,0.005
56,6,0,8.116,80.14,0.115,209,146.101,100.282,0.141,0.005
57,5,0,8.256,80.395,0.113,212,145.629,105.086,0.144,0.005
58,5,0,8.302,80.395,0.111,215,145.523,106.668,0.146,0.005
59,7,0,8.512,82.186,0.115,218,144.871,111.578,0.149,0.006
60,8,0,8.837,87.047,0.126,224,141.934,118.096,0.153,0.006
61,1,0,8.698,87.512,0.13,221,142.438,114.887,0.151,0.006
62,6,0,8.605,87.512,0.127,225,141.502,116.67,0.154,0.006
63,6,0,8.605,88.07,0.127,228,141.255,117.373,0.155,0.006
64,5,0,8.837,88.698,0.127,231,141.207,124.226,0.159,0.007
65,3,0,9.047,88.791,0.128,230,141.137,125.889,0.158,0.007
66,7,0,9.0,88.442,0.126,235,141.138,126.337,0.16,0.007
67,3,0,9.233,88.442,0.128,235,140.636,128.603,0.158,0.007
68,6,0,9.419,89.395,0.13,238,140.388,132.247,0.16,0.008
69,6,0,9.558,92.698,0.135,242,139.889,137.463,0.166,0.009
70,5,0,10.07,94.372,0.14,244,139.265,144.569,0.168,0.011
71,8,0,10.116,95.093,0.137,252,138.832,151.627,0.173,0.011
72,8,0,10.023,98.14,0.148,257,138.731,154.175,0.176,0.012
73,5,0,10.256,99.093,0.153,257,137.674,159.469,0.175,0.012
74,6,0,10.488,100.605,0.159,258,137.407,164.339,0.175,0.013
75,7,0,11.0,101.605,0.16,262,136.775,174.553,0.178,0.015
76,5,0,11.047,101.698,0.16,264,136.699,178.71,0.179,0.015
77,5,0,11.209,101.791,0.16,266,136.572,181.117,0.179,0.016
78,5,0,11.605,101.605,0.16,268,136.3,186.07,0.178,0.018
79,3,0,11.698,101.605,0.159,268,136.226,188.109,0.179,0.019
80,3,0,11.512,101.605,0.157,271,136.282,185.239,0.18,0.018
81,2,0,11.814,101.628,0.163,269,136.399,184.375,0.175,0.018
82,3,0,11.884,101.907,0.165,269,136.423,187.165,0.174,0.019
83,8,0,12.023,102.093,0.163,275,136.21,195.134,0.177,0.02
84,2,0,11.977,102.767,0.164,275,136.175,194.436,0.178,0.02
85,6,0,11.93,104.302,0.165,279,135.619,199.54,0.183,0.021
86,5,0,11.837,104.721,0.164,282,135.288,205.063,0.186,0.021
87,5,0,11.86,106.093,0.169,281,135.342,207.952,0.187,0.021
88,4,0,11.86,106.837,0.167,284,135.188,209.966,0.191,0.022
89,9,0,11.651,109.674,0.173,291,135.155,211.464,0.196,0.023
90,5,0,11.837,109.884,0.175,292,135.258,213.192,0.195,0.024
91,3,0,12.07,110.488,0.181,290,135.165,215.372,0.193,0.025
92,5,0,12.023,110.884,0.18,290,135.321,216.167,0.195,0.025
93,5,0,11.93,111.186,0.181,288,135.153,215.231,0.196,0.025
94,5,0,12.116,113.186,0.185,290,134.721,218.169,0.199,0.027
95,5,0,12.535,114.698,0.191,292,134.269,226.754,0.2,0.031
96,1,0,12.535,114.698,0.193,289,134.371,227.293,0.198,0.03
97,5,0,12.767,116.628,0.203,291,134.25,232.041,0.199,0.032
98,3,0,12.907,118.581,0.21,290,134.135,233.77,0.2,0.034
99,5,0,12.953,118.581,0.209,292,134.24,234.649,0.2,0.035
100,5,0,13.047,120.837,0.214,295,133.863,241.553,0.205,0.038
101,4,0,9.814,108.535,0.155,295,136.09,189.846,0.208,0.016
102,7,0,9.953,110.791,0.162,299,135.906,193.06,0.212,0.017
103,4,0,10.047,111.628,0.168,297,135.845,194.738,0.21,0.018
104,4,0,10.512,114.186,0.182,296,135.258,204.561,0.211,0.02
105,5,0,10.791,114.326,0.182,297,135.086,209.219,0.211,0.022
106,4,0,10.884,114.558,0.185,295,135.313,209.225,0.209,0.022
107,2,0,11.186,114.442,0.188,293,135.204,211.677,0.207,0.023
108,8,0,11.419,115.86,0.195,297,134.985,218.356,0.208,0.025
109,2,0,11.744,115.86,0.198,294,134.656,223.797,0.207,0.027
110,3,0,11.651,115.86,0.199,293,134.679,221.911,0.206,0.026
111,5,0,12.023,118.0,0.211,294,134.531,229.311,0.206,0.029
112,6,0,11.837,118.372,0.206,298,134.389,232.711,0.211,0.029
113,7,0,12.07,118.884,0.21,300,134.155,237.383,0.209,0.03
114,2,0,12.047,118.884,0.211,296,134.158,233.408,0.207,0.029
115,5,0,12.349,118.907,0.214,296,134.177,238.018,0.205,0.031
116,6,0,12.302,119.977,0.215,298,134.141,235.361,0.208,0.032
117,4,0,12.488,120.023,0.222,298,134.259,232.379,0.203,0.031
118,2,0,12.465,120.023,0.223,295,134.248,229.36,0.201,0.03
119,8,0,12.581,121.395,0.226,301,134.086,236.666,0.205,0.033
120,4,0,12.628,121.395,0.227,302,134.118,236.287,0.204,0.033
121,4,0,12.628,121.163,0.227,301,134.257,232.738,0.203,0.033
122,9,0,12.953,124.674,0.235,307,133.579,247.717,0.211,0.04
123,5,0,13.186,124.674,0.236,307,133.345,252.869,0.212,0.043
124,6,0,13.0,127.023,0.243,308,133.409,246.038,0.214,0.042
125,4,0,13.0,127.023,0.244,308,133.466,243.709,0.213,0.041
126,5,0,13.163,129.953,0.26,312,133.371,247.998,0.214,0.044
127,4,0,12.977,127.209,0.247,313,133.506,241.443,0.21,0.04
128,9,0,12.907,128.209,0.247,317,133.362,246.826,0.214,0.041
129,8,0,12.767,128.535,0.248,321,133.378,241.445,0.215,0.04
130,5,0,12.86,128.535,0.247,323,133.268,243.477,0.216,0.041
131,6,0,12.953,128.93,0.246,328,133.121,247.564,0.219,0.044
132,7,0,13.279,129.581,0.247,332,132.708,259.454,0.221,0.049
133,6,0,13.465,131.907,0.253,336,132.523,267.49,0.224,0.054
134,5,0,13.698,131.767,0.255,335,132.499,271.318,0.222,0.056
135,6,0,13.558,132.023,0.252,340,132.288,271.529,0.226,0.057
136,5,0,13.837,133.186,0.254,340,132.09,280.828,0.228,0.062
137,4,0,13.837,133.558,0.255,341,132.071,281.275,0.229,0.064
138,5,0,13.837,134.093,0.255,343,132.153,281.477,0.23,0.064
139,8,0,13.791,135.605,0.26,350,132.013,287.719,0.235,0.067
140,7,0,13.814,135.698,0.261,352,132.089,286.732,0.234,0.068
141,8,0,14.023,135.698,0.257,358,131.825,293.067,0.238,0.076
142,5,0,14.349,137.442,0.262,360,131.496,301.1,0.24,0.084
143,11,0,14.767,136.279,0.258,361,131.39,310.831,0.238,0.092
144,7,0,14.767,137.07,0.26,365,131.297,313.695,0.241,0.095
145,5,0,15.07,137.977,0.263,364,131.12,323.812,0.242,0.104
146,7,0,15.442,138.209,0.264,366,131.055,329.512,0.242,0.116
147,6,0,15.512,138.698,0.267,368,130.962,335.945,0.243,0.12
148,5,0,15.744,139.558,0.268,369,128.904,339.604,0.246,0.124
149,5,0,15.698,140.744,0.274,369,130.829,341.654,0.246,0.13
150,8,0,15.558,142.023,0.28,373,130.852,338.756,0.247,0.126
151,2,0,15.86,141.977,0.281,369,130.82,342.729,0.245,0.134
152,11,0,16.186,144.209,0.285,375,130.521,357.059,0.252,0.158
153,2,0,16.419,144.209,0.286,373,130.45,362.041,0.251,0.166
154,2,0,16.605,144.209,0.291,369,130.534,357.076,0.247,0.167
155,4,0,16.651,144.93,0.295,369,130.485,365.145,0.248,0.169
156,4,0,16.698,147.698,0.307,369,130.511,361.459,0.247,0.169
157,8,0,16.907,148.93,0.308,369,130.383,374.191,0.252,0.19
158,4,0,16.907,149.442,0.308,371,130.259,381.474,0.256,0.198
159,5,0,16.767,149.442,0.309,373,130.22,382.427,0.257,0.194
160,4,0,16.953,150.791,0.319,368,130.261,381.828,0.254,0.196
161,5,0,16.767,150.86,0.322,364,130.374,373.852,0.251,0.181
162,1,0,16.884,150.86,0.325,359,130.528,373.667,0.248,0.181
163,3,0,16.884,149.907,0.326,355,130.787,363.34,0.242,0.17
164,4,0,16.721,149.977,0.33,350,130.943,351.679,0.238,0.156
165,4,0,16.721,149.814,0.328,351,130.893,356.705,0.24,0.159
166,4,0,16.86,150.256,0.333,349,130.992,351.79,0.237,0.158
167,2,0,16.721,150.256,0.335,347,131.074,347.591,0.234,0.148
168,4,0,16.907,152.093,0.344,347,131.003,352.468,0.235,0.158
169,5,0,17.047,152.093,0.343,350,130.915,355.321,0.238,0.169
170,5,0,16.953,152.093,0.34,355,130.861,360.121,0.241,0.171
171,2,0,16.953,152.093,0.341,353,130.871,359.709,0.241,0.17
172,3,0,17.07,152.093,0.339,350,130.845,358.433,0.239,0.172
173,8,0,17.372,152.744,0.348,350,130.709,365.832,0.241,0.188
174,3,0,17.419,155.163,0.355,349,130.677,369.825,0.241,0.19
175,5,0,17.512,156.163,0.357,353,130.548,374.262,0.244,0.201
176,2,0,17.372,156.163,0.359,349,130.749,366.446,0.241,0.188
177,5,0,17.326,156.163,0.358,345,130.834,360.223,0.238,0.181
178,6,0,17.442,157.233,0.363,344,130.825,364.256,0.238,0.186
179,6,0,17.581,158.698,0.365,345,130.825,365.388,0.237,0.191
180,2,0,17.512,158.628,0.367,339,130.923,361.379,0.234,0.182
181,5,0,17.465,158.628,0.367,337,130.908,361.756,0.234,0.18
182,7,0,17.302,158.628,0.367,340,130.855,359.8,0.238,0.18
183,2,0,17.256,157.698,0.363,337,131.076,356.88,0.235,0.173
184,10,0,17.116,157.256,0.358,345,131.005,356.854,0.238,0.172
185,8,0,17.07,158.395,0.362,351,130.89,364.203,0.241,0.175
186,2,0,16.93,157.953,0.359,349,131.029,356.525,0.238,0.164
187,7,0,16.93,156.767,0.356,352,130.994,362.234,0.24,0.169
188,5,0,16.698,156.767,0.355,352,131.011,356.159,0.24,0.158
189,3,0,16.953,156.767,0.356,349,130.881,357.645,0.239,0.165
190,8,0,16.953,160.163,0.361,353,130.831,367.802,0.242,0.173
191,1,0,16.953,160.163,0.36,354,130.819,368.512,0.243,0.174
192,6,0,16.907,160.581,0.361,356,130.701,375.58,0.246,0.179
193,6,0,17.0,167.047,0.364,361,130.472,383.32,0.252,0.194
194,7,0,17.023,168.163,0.367,365,130.368,392.237,0.255,0.202
195,8,0,17.535,172.395,0.375,364,130.164,406.845,0.257,0.235
196,5,0,17.395,172.395,0.374,363,130.155,403.799,0.258,0.229
197,2,0,17.302,172.395,0.374,362,130.155,402.465,0.258,0.224
198,7,0,17.256,172.302,0.374,362,130.209,398.898,0.257,0.22
199,4,0,17.488,172.302,0.375,364,130.126,405.684,0.259,0.235
200,2,0,17.581,172.744,0.379,366,130.063,413.858,0.263,0.252
201,2,0,15.698,150.977,0.317,365,130.375,364.358,0.261,0.156
202,5,0,15.605,150.977,0.317,366,130.351,361.753,0.262,0.152
203,4,0,15.721,151.093,0.316,369,130.275,370.268,0.263,0.16
204,5,0,15.814,153.651,0.322,370,130.215,375.135,0.265,0.168
205,6,0,16.14,156.186,0.331,374,130.026,383.454,0.268,0.188
206,5,0,16.186,156.186,0.333,371,130.203,381.122,0.264,0.183
207,4,0,16.163,156.558,0.335,372,130.224,380.207,0.265,0.183
208,4,0,16.256,157.326,0.34,374,130.208,382.986,0.265,0.188
209,3,0,16.163,157.326,0.338,376,130.18,383.668,0.267,0.187
210,12,0,16.349,157.116,0.337,383,130.064,388.494,0.268,0.198
211,6,0,16.674,157.023,0.339,383,130.101,392.573,0.264,0.205
212,3,0,16.953,157.512,0.348,380,130.166,389.485,0.259,0.207
213,5,0,17.0,157.907,0.349,384,130.116,395.9,0.261,0.214
214,1,0,16.767,157.419,0.348,378,130.245,384.43,0.257,0.195
215,1,0,17.163,157.372,0.352,369,130.332,383.687,0.251,0.2
216,2,0,17.116,158.512,0.357,367,130.391,383.55,0.251,0.198
217,5,0,16.767,158.512,0.359,363,130.633,369.538,0.247,0.174
218,4,0,16.698,158.512,0.359,362,130.644,368.241,0.246,0.169
219,7,0,16.698,159.86,0.364,362,130.73,371.48,0.248,0.173
220,4,0,16.605,159.86,0.363,364,130.715,371.366,0.249,0.171
221,6,0,16.791,160.419,0.365,367,130.629,378.954,0.252,0.186
222,5,0,16.721,160.535,0.364,370,130.584,383.241,0.255,0.189
223,3,0,16.744,157.884,0.361,362,130.815,377.241,0.25,0.18
224,5,0,16.698,158.395,0.366,355,131.017,368.614,0.247,0.172
225,7,0,16.488,158.674,0.366,358,131.249,365.647,0.249,0.168
226,10,0,16.535,158.884,0.365,364,131.106,370.019,0.252,0.175
227,5,0,16.419,158.884,0.364,368,131.106,372.912,0.254,0.174
228,5,0,16.209,159.256,0.365,368,131.071,371.556,0.256,0.17
229,4,0,16.349,159.535,0.364,370,130.903,380.422,0.259,0.181
230,4,0,16.535,159.907,0.368,367,130.976,380.653,0.256,0.185
231,2,0,16.674,159.907,0.368,364,130.978,383.155,0.256,0.192
232,3,0,16.837,159.907,0.37,361,131.01,386.164,0.254,0.195
233,6,0,17.116,159.907,0.371,362,131.041,390.617,0.253,0.205
234,2,0,17.302,160.372,0.377,362,130.976,395.428,0.254,0.217
235,1,0,17.209,160.372,0.377,359,130.996,394.55,0.253,0.21
236,1,0,17.209,160.372,0.379,355,131.315,384.814,0.25,0.206
237,5,0,17.116,160.372,0.378,354,131.282,383.261,0.251,0.203
238,3,0,17.395,161.093,0.383,351,131.264,392.372,0.25,0.215
239,3,0,17.372,161.256,0.383,350,131.216,394.087,0.251,0.216
240,4,0,17.442,161.256,0.383,353,131.153,394.875,0.251,0.219
241,6,0,17.302,161.465,0.383,356,131.066,399.154,0.253,0.216
242,8,0,17.535,161.465,0.384,358,131.081,405.938,0.252,0.226
243,4,0,17.628,162.93,0.387,358,131.065,410.149,0.252,0.232
244,8,0,17.86,163.07,0.387,360,130.942,416.847,0.254,0.249
245,3,0,18.0,163.07,0.388,356,131.003,411.002,0.249,0.243
246,6,0,17.953,163.442,0.389,356,130.977,411.338,0.25,0.244
247,10,0,18.163,166.349,0.391,366,130.57,427.247,0.256,0.271
248,7,0,18.07,166.349,0.391,371,130.753,425.36,0.258,0.272
249,7,0,18.256,166.465,0.392,374,130.709,428.874,0.257,0.279
250,6,0,17.814,166.465,0.392,376,130.766,417.273,0.257,0.253
251,5,0,18.116,166.465,0.392,376,130.728,425.673,0.258,0.273
252,5,0,18.163,166.488,0.39,375,130.8,425.595,0.255,0.27
253,4,0,18.093,166.488,0.391,374,130.833,427.937,0.257,0.27
254,3,0,18.302,168.209,0.396,375,130.628,438.402,0.26,0.29
255,7,0,18.326,168.535,0.394,381,130.53,444.056,0.264,0.306
256,6,0,18.465,169.07,0.399,377,130.619,440.174,0.259,0.3
257,3,0,18.651,169.07,0.4,375,130.655,445.854,0.258,0.309
258,3,0,18.744,169.07,0.401,374,130.672,443.582,0.257,0.312
259,2,0,18.674,169.07,0.401,373,130.713,440.825,0.257,0.308
260,3,0,18.721,168.744,0.401,371,130.75,441.477,0.256,0.307
261,7,0,18.814,170.395,0.405,373,130.586,448.251,0.258,0.317
262,3,0,18.767,170.395,0.405,373,130.597,447.183,0.257,0.312
263,8,0,18.977,170.581,0.404,376,130.514,459.405,0.261,0.339
264,3,0,19.023,170.581,0.404,379,130.477,461.745,0.263,0.348
265,2,0,19.256,170.581,0.406,375,130.513,464.067,0.26,0.357
266,5,0,19.488,171.093,0.41,375,130.443,478.152,0.264,0.387
267,5,0,19.395,173.209,0.413,376,130.441,478.023,0.265,0.383
268,7,0,19.419,176.047,0.42,376,130.408,482.413,0.266,0.387
269,4,0,19.512,177.953,0.425,372,130.408,476.536,0.265,0.391
270,3,0,19.721,179.419,0.428,369,130.404,479.583,0.264,0.402
271,5,0,19.698,179.907,0.428,368,130.281,484.731,0.266,0.407
272,3,0,19.651,180.023,0.427,365,130.295,476.387,0.263,0.395
273,9,0,19.977,178.116,0.425,365,130.301,478.648,0.261,0.409
274,5,0,20.163,178.116,0.424,367,130.231,485.244,0.262,0.427
275,4,0,20.07,178.116,0.425,364,130.305,478.929,0.259,0.41
276,3,0,20.093,176.256,0.424,363,130.365,475.398,0.257,0.407
277,7,0,20.047,176.256,0.421,367,130.376,482.755,0.26,0.414
278,6,0,19.907,176.442,0.422,369,130.35,480.118,0.261,0.404
279,6,0,19.953,176.442,0.419,374,130.229,491.935,0.267,0.429
280,5,0,19.791,176.442,0.418,375,130.27,478.167,0.265,0.411
281,5,0,19.721,176.442,0.417,372,130.541,475.668,0.265,0.409
282,6,1,19.814,176.442,0.418,375,130.328,486.883,0.27,0.43
283,0,0,19.767,176.256,0.418,367,130.394,478.02,0.266,0.414
284,2,0,19.814,175.442,0.419,362,130.454,473.552,0.262,0.404
285,5,0,19.814,175.581,0.422,357,130.487,463.755,0.257,0.386
286,7,0,20.093,175.628,0.421,359,130.36,470.563,0.257,0.404
287,7,0,20.0,175.581,0.42,363,130.341,476.881,0.259,0.406
288,4,0,19.767,175.581,0.42,363,130.385,473.634,0.26,0.392
289,6,0,19.721,175.581,0.419,361,130.137,473.354,0.261,0.392
290,8,0,19.767,175.581,0.416,362,130.101,472.646,0.263,0.399
291,3,0,19.837,175.581,0.416,359,130.082,474.947,0.263,0.404
292,6,0,19.837,176.023,0.421,360,130.12,470.654,0.261,0.397
293,3,0,19.884,176.023,0.421,360,130.06,477.618,0.262,0.405
294,0,0,20.116,176.023,0.422,355,130.117,475.276,0.259,0.412
295,5,0,20.023,176.023,0.422,355,130.154,473.053,0.258,0.403
296,4,0,20.07,176.023,0.421,358,130.099,474.895,0.26,0.414
297,8,0,19.977,176.14,0.422,360,130.14,473.63,0.258,0.4
298,4,0,20.07,175.279,0.425,359,130.216,464.066,0.253,0.389
299,4,0,20.163,175.209,0.424,355,130.247,467.811,0.253,0.396
300,8,0,19.953,175.209,0.424,358,130.257,471.583,0.253,0.381
301,5,0,14.953,153.605,0.328,355,132.743,340.936,0.249,0.117
302,6,0,14.884,155.0,0.33,359,132.058,340.768,0.252,0.117
303,3,0,14.977,155.0,0.33,359,132.003,340.981,0.252,0.119
304,4,0,15.093,155.0,0.329,360,131.893,341.873,0.252,0.122
305,6,0,15.047,155.0,0.329,364,131.837,345.673,0.255,0.126
306,3,0,15.093,158.023,0.328,367,131.78,348.406,0.257,0.13
307,4,0,15.465,161.372,0.345,368,131.522,359.928,0.26,0.149
308,2,0,16.023,161.372,0.35,361,131.638,358.942,0.251,0.155
309,5,0,16.186,161.814,0.35,364,131.554,362.085,0.252,0.162
310,2,0,16.326,161.814,0.355,362,131.382,360.854,0.247,0.157
311,6,0,16.419,161.814,0.353,367,131.272,364.579,0.249,0.165
312,3,0,16.186,161.814,0.352,368,131.269,360.929,0.251,0.161
313,7,0,16.279,162.767,0.358,370,131.186,369.789,0.254,0.17
314,6,0,16.326,159.837,0.356,374,131.113,372.563,0.255,0.174
315,7,0,16.093,160.0,0.356,375,131.144,369.751,0.257,0.166
316,6,0,16.186,160.837,0.361,378,131.116,374.41,0.259,0.176
317,4,0,16.465,160.837,0.362,378,131.071,381.526,0.259,0.188
318,6,0,16.628,163.884,0.367,379,131.131,385.483,0.258,0.195
319,3,0,16.628,164.535,0.37,379,131.106,385.536,0.259,0.195
320,2,0,16.814,164.395,0.371,377,130.956,387.662,0.257,0.199
321,2,0,16.86,164.395,0.372,373,131.001,383.547,0.254,0.196
322,8,0,16.814,170.837,0.371,377,130.931,385.67,0.257,0.2
323,6,0,16.953,173.721,0.373,379,130.87,389.98,0.26,0.215
324,3,0,16.814,173.349,0.371,376,130.887,386.54,0.259,0.203
325,4,0,16.721,176.163,0.372,375,130.952,384.006,0.257,0.195
326,9,0,16.581,176.651,0.369,384,130.701,389.892,0.263,0.202
327,5,0,16.744,176.651,0.373,387,130.638,395.741,0.265,0.215
328,4,0,16.837,176.744,0.375,387,130.659,397.799,0.264,0.216
329,5,0,16.93,177.116,0.383,388,130.628,403.274,0.266,0.226
330,6,0,16.977,177.116,0.382,390,130.556,405.558,0.266,0.229
331,4,0,16.93,177.116,0.38,392,130.521,409.69,0.268,0.231
332,4,0,17.07,177.488,0.386,389,130.586,407.42,0.265,0.232
333,3,0,17.0,177.488,0.385,387,130.563,405.822,0.266,0.23
334,6,0,16.767,177.674,0.384,391,130.526,408.77,0.27,0.227
335,12,0,17.163,177.674,0.385,396,130.384,419.908,0.272,0.255
336,5,0,17.163,177.674,0.385,398,130.403,420.135,0.272,0.256
337,6,0,16.93,177.674,0.388,402,130.47,416.92,0.275,0.249
338,11,0,17.372,177.302,0.39,402,130.524,424.317,0.272,0.268
339,4,0,17.558,177.791,0.388,400,130.483,428.576,0.273,0.281
340,4,0,17.372,178.209,0.39,397,130.511,424.285,0.271,0.265
341,6,0,17.0,177.14,0.381,396,130.502,417.548,0.271,0.244
342,7,0,17.186,177.465,0.384,397,130.428,421.394,0.271,0.253
343,2,0,17.372,177.651,0.39,394,130.402,421.611,0.269,0.26
344,6,0,17.442,177.651,0.39,395,130.314,427.322,0.271,0.268
345,7,0,17.488,178.302,0.391,400,130.195,436.97,0.276,0.285
346,6,0,17.442,178.302,0.392,403,130.217,435.463,0.277,0.285
347,5,0,17.535,178.302,0.393,405,130.204,439.12,0.279,0.298
348,7,0,17.744,178.302,0.389,404,130.132,443.339,0.278,0.306
349,7,0,17.884,180.977,0.391,405,130.008,449.647,0.28,0.323
350,5,0,17.651,180.977,0.392,405,130.067,443.497,0.28,0.306
351,3,0,18.023,180.977,0.391,404,129.94,458.135,0.281,0.336
352,4,0,17.837,180.977,0.39,403,129.972,448.604,0.281,0.322
353,2,0,17.791,180.977,0.391,400,130.047,444.152,0.278,0.31
354,3,0,17.977,180.977,0.391,396,130.117,442.045,0.274,0.311
355,6,0,17.884,181.163,0.393,399,130.132,445.344,0.275,0.306
356,6,0,18.0,180.977,0.397,397,130.27,437.276,0.27,0.299
357,7,0,18.302,182.186,0.409,398,130.145,444.483,0.272,0.325
358,6,0,18.628,182.233,0.414,394,130.254,444.286,0.267,0.331
359,10,0,18.488,182.093,0.408,396,130.203,452.434,0.271,0.336
360,4,0,18.93,182.093,0.41,392,130.209,457.734,0.267,0.353
361,2,0,19.07,182.093,0.412,390,130.21,454.85,0.266,0.36
362,9,0,18.837,182.093,0.409,397,130.214,457.087,0.27,0.356
363,5,0,18.977,182.256,0.411,398,130.193,460.608,0.269,0.364
364,2,0,18.977,182.256,0.413,397,130.16,460.52,0.27,0.368
365,6,1,19.023,182.256,0.411,401,130.067,471.022,0.275,0.387
366,6,0,19.488,182.256,0.414,401,129.911,485.471,0.277,0.429
367,9,2,19.349,182.256,0.415,401,129.947,481.789,0.277,0.417
368,11,1,19.302,182.651,0.418,405,129.861,483.682,0.281,0.428
369,5,1,19.116,182.837,0.42,407,129.82,486.331,0.283,0.422
370,4,0,19.023,182.907,0.419,406,129.848,479.545,0.283,0.413
371,4,0,19.163,183.93,0.419,408,129.816,488.43,0.284,0.429
372,4,1,19.07,183.93,0.419,407,129.829,485.54,0.283,0.419
373,8,1,19.163,185.791,0.423,412,129.739,493.88,0.286,0.436
374,8,0,19.209,185.791,0.422,418,129.668,497.695,0.289,0.447
375,4,0,19.535,185.791,0.421,413,129.744,499.066,0.284,0.457
376,6,0,19.395,185.791,0.417,415,129.677,501.876,0.287,0.456
377,6,0,19.372,185.837,0.416,418,129.706,502.275,0.288,0.458
378,6,0,19.0,185.837,0.414,422,129.703,502.207,0.29,0.438
379,3,0,18.814,185.837,0.413,422,129.76,498.529,0.292,0.429
380,5,0,18.674,186.698,0.413,422,129.749,499.693,0.294,0.427
381,6,1,19.0,186.698,0.419,423,129.701,510.129,0.294,0.452
382,9,2,18.884,185.837,0.419,421,129.827,491.071,0.288,0.419
383,5,0,19.023,185.837,0.419,421,129.719,496.842,0.289,0.432
384,7,0,18.558,185.837,0.416,423,129.762,483.839,0.289,0.4
385,5,0,18.651,185.837,0.415,421,129.722,492.913,0.29,0.41
386,3,1,18.93,185.837,0.417,419,129.734,493.435,0.288,0.424
387,3,0,19.302,186.047,0.417,418,129.689,501.66,0.287,0.447
388,3,0,19.395,182.791,0.418,418,129.712,501.611,0.285,0.449
389,8,0,19.395,182.791,0.416,425,129.644,508.728,0.289,0.464
390,6,0,19.674,182.581,0.417,423,129.698,511.834,0.287,0.477
391,8,0,19.814,182.581,0.424,426,129.611,523.716,0.29,0.497
392,3,0,19.907,182.581,0.426,423,129.722,515.841,0.286,0.49
393,6,0,19.581,182.581,0.425,426,129.699,509.376,0.287,0.47
394,2,1,19.628,182.581,0.427,420,129.75,508.861,0.285,0.466
395,3,1,19.395,182.0,0.423,414,129.931,493.543,0.279,0.428
396,3,0,19.302,182.0,0.425,413,129.991,490.585,0.278,0.417
397,11,0,19.349,182.326,0.421,419,129.865,493.928,0.281,0.43
398,2,0,19.302,182.326,0.422,413,129.892,490.804,0.277,0.414
399,5,0,19.256,182.326,0.424,410,129.858,493.331,0.277,0.41
400,5,0,19.209,182.326,0.422,409,129.942,490.955,0.275,0.401
401,4,0,14.837,160.302,0.342,410,130.481,372.632,0.274,0.146
402,9,0,14.977,164.14,0.363,414,130.275,381.948,0.279,0.161
403,3,0,15.442,164.14,0.366,411,130.269,388.994,0.277,0.176
404,3,0,15.535,164.302,0.367,408,130.282,392.169,0.277,0.181
405,2,0,15.674,164.302,0.367,407,130.258,396.511,0.276,0.186
406,6,0,15.907,165.349,0.373,406,130.159,398.584,0.275,0.192
407,2,0,16.047,165.884,0.374,406,130.129,407.241,0.276,0.203
408,9,0,16.233,167.395,0.379,412,129.966,416.325,0.28,0.22
409,5,0,16.372,167.395,0.38,411,129.965,418.069,0.278,0.223
410,6,0,16.419,168.837,0.39,409,130.008,413.419,0.275,0.219
411,5,0,16.419,168.372,0.39,408,130.032,413.907,0.275,0.219
412,6,0,16.512,172.093,0.391,407,130.042,413.025,0.273,0.219
413,6,0,16.465,172.093,0.388,410,129.991,412.773,0.273,0.216
414,4,0,16.628,172.093,0.388,409,129.861,415.267,0.272,0.222
415,3,0,16.814,172.093,0.389,408,129.816,418.43,0.271,0.229
416,7,0,17.047,175.721,0.394,412,129.631,436.279,0.278,0.26
417,3,0,17.233,175.721,0.393,411,129.544,443.755,0.28,0.276
418,4,0,17.512,175.721,0.392,408,129.478,450.629,0.28,0.293
419,0,0,17.814,175.721,0.393,403,129.468,457.27,0.279,0.31
420,6,0,17.907,176.605,0.402,408,129.383,466.881,0.282,0.326
421,5,0,18.093,177.0,0.403,409,129.351,472.707,0.283,0.341
422,6,0,18.326,177.0,0.403,413,129.232,478.628,0.286,0.367
423,5,1,18.14,175.326,0.403,411,129.305,472.621,0.285,0.35
424,2,1,17.953,175.326,0.401,407,129.44,458.036,0.28,0.324
425,4,0,18.047,177.651,0.405,406,129.466,462.852,0.28,0.328
426,7,0,18.093,177.651,0.403,411,129.385,468.838,0.282,0.337
427,8,1,18.302,177.651,0.406,410,129.4,469.995,0.28,0.347
428,3,0,18.349,177.651,0.407,405,129.494,468.428,0.275,0.334
429,3,0,18.349,177.651,0.407,403,129.511,465.806,0.275,0.334
430,3,0,18.628,177.651,0.409,405,129.345,476.084,0.278,0.362
431,3,0,18.86,177.651,0.41,403,129.289,478.764,0.278,0.378
432,3,0,18.953,177.651,0.41,402,129.267,480.662,0.278,0.385
433,0,0,18.953,177.651,0.407,398,129.357,473.943,0.275,0.375
434,9,0,19.0,177.651,0.406,404,129.273,483.224,0.278,0.388
435,6,0,19.093,177.907,0.406,406,129.241,484.983,0.279,0.4
436,5,0,19.023,177.791,0.404,405,129.261,482.292,0.276,0.385
437,7,0,19.163,179.233,0.41,405,129.133,493.538,0.28,0.407
438,10,0,19.093,179.233,0.406,413,129.058,502.968,0.286,0.423
439,3,0,19.395,179.233,0.408,410,129.075,508.916,0.283,0.435
440,3,0,19.395,179.233,0.41,405,129.103,501.11,0.279,0.422
441,6,0,19.488,180.442,0.414,407,129.081,506.6,0.281,0.435
442,2,0,19.605,180.744,0.416,403,129.168,507.571,0.277,0.432
443,4,0,19.791,180.744,0.419,402,129.202,511.078,0.276,0.441
444,5,0,19.744,180.744,0.42,402,129.285,506.012,0.273,0.429
445,2,0,19.837,180.744,0.421,396,129.424,499.78,0.268,0.42
446,2,0,19.651,180.744,0.421,394,129.436,489.585,0.268,0.402
447,5,0,19.651,179.651,0.419,392,129.431,488.419,0.267,0.401
448,4,0,19.605,179.651,0.42,395,129.398,490.419,0.269,0.405
449,6,0,19.419,179.651,0.418,398,129.399,490.427,0.272,0.401
450,6,0,19.419,179.651,0.422,401,129.343,495.456,0.275,0.41
451,7,0,19.698,182.256,0.43,406,129.193,512.947,0.28,0.448
452,4,0,19.744,182.395,0.431,407,129.152,514.786,0.281,0.456
453,7,0,19.558,182.721,0.433,408,129.236,512.445,0.281,0.442
454,4,1,19.605,182.721,0.433,408,129.285,510.813,0.279,0.44
455,13,0,19.581,182.721,0.436,416,129.237,522.937,0.284,0.455
456,3,0,19.581,182.721,0.435,417,129.269,521.631,0.282,0.449
457,2,0,19.442,182.721,0.434,416,129.305,516.825,0.282,0.436
458,4,0,19.488,182.721,0.435,417,129.298,517.563,0.282,0.442
459,4,0,19.581,182.721,0.434,416,129.215,518.677,0.285,0.459
460,6,0,19.535,182.721,0.435,416,129.238,515.962,0.283,0.449
461,5,0,19.442,180.14,0.432,412,129.359,511.028,0.28,0.431
462,8,0,19.651,180.14,0.432,415,129.338,516.92,0.28,0.445
463,8,2,19.977,181.186,0.433,416,129.142,531.805,0.284,0.485
464,3,0,19.977,181.186,0.432,413,129.124,530.205,0.284,0.485
465,7,1,19.93,181.186,0.431,416,128.975,536.664,0.287,0.492
466,7,0,20.488,181.605,0.434,417,128.75,558.506,0.292,0.55
467,5,0,20.488,181.605,0.433,418,128.754,556.269,0.291,0.548
468,6,0,20.628,181.279,0.431,418,128.661,568.214,0.294,0.567
469,3,0,20.442,179.651,0.431,418,128.686,555.285,0.292,0.549
470,0,0,20.395,179.651,0.432,416,128.751,551.216,0.291,0.539
471,7,1,20.395,182.0,0.435,413,128.707,548.344,0.293,0.546
472,7,0,20.302,182.558,0.433,418,128.7,555.492,0.294,0.544
473,8,0,20.209,182.558,0.433,424,128.642,557.438,0.297,0.547
474,4,0,20.279,183.884,0.431,426,128.577,566.682,0.301,0.565
475,1,0,20.233,183.884,0.431,423,128.606,566.438,0.3,0.561
476,4,0,19.86,182.581,0.436,419,128.586,552.908,0.3,0.529
477,4,0,19.884,182.581,0.437,418,128.602,551.327,0.299,0.527
478,5,0,20.023,183.047,0.441,417,128.611,554.982,0.299,0.538
479,2,0,20.023,183.047,0.44,416,128.555,556.266,0.298,0.535
480,5,1,20.047,184.233,0.439,418,128.592,555.793,0.298,0.536
481,3,0,20.0,184.233,0.44,416,128.655,548.857,0.296,0.527
482,6,0,19.674,184.233,0.441,421,128.612,546.228,0.301,0.519
483,4,0,19.744,184.233,0.44,416,128.651,543.663,0.3,0.52
484,6,0,20.07,184.233,0.441,415,128.592,554.862,0.3,0.546
485,8,1,20.907,186.07,0.444,412,128.561,577.84,0.297,0.599
486,7,0,21.14,186.07,0.444,418,128.456,591.454,0.3,0.627
487,4,2,21.047,186.07,0.444,419,128.494,583.07,0.3,0.619
488,9,0,20.907,185.744,0.442,425,128.525,588.874,0.303,0.621
489,5,1,21.093,185.744,0.441,424,128.511,591.227,0.303,0.632
490,4,0,21.023,185.744,0.442,425,128.561,590.826,0.302,0.625
491,4,0,21.07,185.744,0.443,422,128.585,586.495,0.299,0.619
492,3,0,21.07,185.465,0.443,423,128.614,582.915,0.3,0.621
493,2,0,21.116,185.465,0.443,419,128.611,578.944,0.297,0.617
494,8,1,21.302,185.605,0.442,422,128.478,595.555,0.302,0.646
495,3,0,21.395,185.605,0.444,423,128.421,601.445,0.304,0.657
496,1,0,21.535,185.605,0.445,418,128.507,594.074,0.298,0.647
497,6,0,21.442,185.605,0.445,419,128.465,594.522,0.298,0.642
498,3,0,21.535,185.605,0.446,416,128.464,595.026,0.296,0.643
499,4,0,21.814,185.465,0.442,410,128.546,590.433,0.292,0.647
500,6,0,21.814,185.465,0.446,412,128.507,593.966,0.294,0.653
501,4,0,16.233,160.698,0.315,411,129.289,436.332,0.293,0.252
502,4,0,16.465,161.023,0.32,411,129.232,446.269,0.294,0.267
503,3,0,16.651,161.116,0.325,406,129.193,449.242,0.292,0.272
504,1,0,16.698,161.116,0.327,404,129.214,451.202,0.29,0.271
505,4,0,16.791,161.047,0.332,402,129.275,452.486,0.287,0.268
506,2,0,16.884,161.047,0.334,400,129.271,454.652,0.286,0.271
507,4,0,17.442,161.047,0.338,392,129.17,466.33,0.283,0.295
508,5,0,17.395,160.93,0.337,394,129.17,467.582,0.283,0.293
509,7,0,17.349,160.93,0.337,397,129.259,462.653,0.283,0.29
510,7,0,17.721,160.884,0.337,399,129.14,473.173,0.284,0.317
511,4,0,18.047,162.907,0.338,400,129.084,483.195,0.285,0.344
512,5,0,17.767,162.907,0.34,400,129.211,468.119,0.283,0.317
513,7,0,17.698,163.535,0.342,402,129.197,467.62,0.284,0.317
514,8,0,18.07,164.488,0.347,401,129.124,474.124,0.283,0.337
515,4,0,18.093,164.209,0.347,398,129.159,466.111,0.28,0.33
516,4,0,18.372,167.837,0.357,399,129.099,478.881,0.281,0.353
517,3,0,18.419,167.837,0.357,398,129.067,482.01,0.281,0.357
518,6,0,18.558,169.093,0.363,399,129.02,486.805,0.284,0.375
519,5,0,18.698,173.163,0.382,395,129.044,484.566,0.283,0.382
520,4,0,18.651,173.163,0.383,395,129.094,483.387,0.281,0.374
521,5,0,18.651,173.349,0.383,392,129.211,480.069,0.281,0.372
522,6,0,18.698,173.86,0.385,392,129.241,480.867,0.281,0.378
523,3,0,18.651,173.86,0.385,390,129.285,474.572,0.28,0.37
524,9,0,18.953,175.442,0.389,396,129.252,490.554,0.284,0.406
525,5,0,18.953,175.442,0.391,399,129.199,495.022,0.285,0.411
526,4,0,19.0,175.814,0.392,399,129.239,494.05,0.283,0.409
527,4,0,19.14,175.814,0.394,398,129.25,489.813,0.282,0.413
528,5,0,19.093,175.814,0.394,399,129.258,495.438,0.283,0.413
529,9,0,19.163,175.907,0.395,402,129.259,499.155,0.283,0.421
530,6,0,19.116,175.907,0.395,403,129.357,490.483,0.282,0.413
531,5,0,19.349,178.047,0.402,402,129.392,496.093,0.281,0.429
532,4,0,19.581,180.651,0.406,403,129.295,509.431,0.285,0.457
533,6,0,19.442,181.116,0.406,401,129.329,507.964,0.285,0.45
534,5,1,19.488,179.651,0.403,399,129.369,509.958,0.284,0.449
535,3,0,19.256,179.651,0.403,396,129.412,500.584,0.283,0.428
536,7,1,19.395,180.349,0.405,396,129.327,495.655,0.281,0.429
537,5,0,19.558,180.628,0.404,398,129.276,504.556,0.282,0.447
538,3,0,19.512,180.488,0.405,396,129.335,496.384,0.278,0.43
539,6,0,19.512,180.488,0.406,398,129.469,493.352,0.28,0.437
540,2,0,19.628,180.488,0.408,394,129.476,495.084,0.277,0.434
541,7,0,19.628,180.674,0.409,397,129.47,500.715,0.279,0.443
542,5,0,19.837,180.674,0.409,397,129.487,502.897,0.278,0.454
543,5,0,19.791,183.256,0.41,399,129.401,512.107,0.281,0.46
544,13,1,20.047,189.558,0.408,406,129.173,533.073,0.289,0.51
545,12,0,20.093,190.349,0.411,413,128.984,551.862,0.297,0.54
546,7,0,20.419,190.349,0.418,412,128.925,568.653,0.299,0.572
547,6,0,20.558,190.349,0.418,412,128.906,564.311,0.297,0.576
548,5,0,20.767,190.488,0.422,410,128.883,569.982,0.297,0.592
549,3,0,20.907,190.488,0.421,408,128.844,569.459,0.297,0.601
550,3,0,20.767,190.488,0.42,407,128.853,567.273,0.296,0.586
551,1,0,20.721,190.488,0.419,401,128.924,557.66,0.292,0.571
552,2,0,20.674,190.488,0.418,403,128.919,561.203,0.293,0.569
553,3,1,20.488,190.488,0.417,398,129.014,544.698,0.289,0.544
554,6,1,20.465,190.488,0.416,398,128.996,546.761,0.29,0.543
555,5,0,20.558,190.628,0.422,395,128.859,550.884,0.29,0.55
556,13,0,20.558,191.628,0.428,402,128.834,561.764,0.293,0.56
557,7,0,20.605,191.628,0.428,407,128.784,568.02,0.295,0.57
558,3,0,20.698,191.628,0.428,405,128.789,568.549,0.293,0.572
559,2,0,20.558,191.628,0.429,402,128.848,554.719,0.29,0.55
560,6,0,20.605,191.628,0.43,404,128.803,558.795,0.291,0.557
561,7,0,21.07,191.628,0.441,405,128.712,573.006,0.292,0.595
562,4,0,21.023,191.628,0.44,402,128.754,565.257,0.29,0.583
563,3,0,21.209,191.628,0.437,401,128.746,570.089,0.289,0.594
564,6,0,21.209,191.977,0.435,399,128.674,566.962,0.288,0.589
565,3,0,20.93,191.977,0.43,397,128.779,559.561,0.284,0.556
566,4,0,21.209,191.977,0.432,394,128.811,561.147,0.281,0.567
567,2,0,21.07,191.977,0.433,390,128.865,551.936,0.277,0.544
568,4,0,20.977,191.977,0.433,394,128.8,555.033,0.282,0.553
569,4,1,21.116,191.977,0.43,392,128.816,556.735,0.28,0.558
570,3,0,20.93,191.977,0.427,392,128.938,548.726,0.277,0.53
571,4,0,20.791,191.977,0.425,392,128.987,547.547,0.275,0.515
572,8,0,20.884,191.977,0.428,397,128.838,557.071,0.282,0.545
573,8,0,20.93,192.023,0.427,401,128.873,563.992,0.284,0.558
574,2,0,21.163,192.023,0.428,397,128.896,561.755,0.282,0.567
575,11,0,21.209,192.023,0.426,406,128.806,575.978,0.287,0.589
576,3,1,21.302,192.023,0.426,406,128.811,575.638,0.286,0.592
577,7,0,21.326,191.977,0.428,404,128.866,571.767,0.285,0.589
578,4,0,21.465,191.977,0.428,404,128.867,575.959,0.285,0.599
579,6,0,21.419,191.605,0.434,405,128.876,579.524,0.285,0.597
580,10,0,21.163,191.349,0.432,410,128.821,578.496,0.286,0.582
581,5,0,21.395,191.349,0.436,410,128.751,587.708,0.289,0.607
582,4,1,21.535,191.209,0.44,404,128.851,580.359,0.281,0.593
583,5,0,21.86,191.186,0.445,398,128.889,584.035,0.277,0.602
584,4,0,21.767,191.186,0.445,398,128.904,578.237,0.276,0.592
585,13,0,21.791,191.279,0.442,410,128.752,593.959,0.285,0.625
586,1,0,21.721,191.279,0.443,404,128.942,578.06,0.28,0.604
587,7,1,21.512,191.279,0.443,404,128.885,571.875,0.281,0.59
588,5,0,21.721,191.279,0.442,406,128.868,577.613,0.282,0.609
589,6,0,21.884,191.279,0.443,407,128.827,581.265,0.282,0.62
590,1,0,21.698,191.279,0.442,404,128.889,572.893,0.28,0.599
591,5,0,21.814,191.279,0.446,405,128.88,578.58,0.28,0.611
592,3,0,21.721,190.14,0.444,403,128.939,571.052,0.277,0.594
593,2,0,21.767,190.209,0.444,401,128.944,571.582,0.277,0.595
594,4,0,21.93,189.767,0.446,399,128.988,570.639,0.275,0.603
595,8,1,21.884,189.767,0.444,402,128.902,578.605,0.278,0.609
596,6,0,21.884,189.767,0.442,405,128.807,584.902,0.28,0.615
597,7,0,21.651,189.767,0.441,408,128.787,581.688,0.282,0.605
598,5,0,21.465,189.767,0.442,405,128.86,572.953,0.28,0.583
599,5,0,21.651,190.558,0.441,407,128.801,584.422,0.282,0.605
600,3,0,21.698,190.558,0.441,404,128.807,576.976,0.282,0.606
601,4,0,18.419,166.651,0.371,405,129.551,468.514,0.278,0.35
602,7,0,18.488,167.395,0.375,406,129.551,468.102,0.278,0.354
603,1,0,18.628,167.395,0.375,404,129.533,464.371,0.276,0.358
604,5,0,18.488,166.535,0.366,404,129.518,460.721,0.277,0.351
605,5,0,18.628,169.279,0.377,401,129.488,464.489,0.276,0.357
606,0,0,18.721,169.279,0.38,395,129.556,464.411,0.272,0.352
607,4,0,18.581,169.279,0.381,393,129.709,455.945,0.271,0.338
608,7,0,18.674,169.814,0.385,394,129.877,454.692,0.271,0.346
609,3,0,19.0,169.814,0.39,390,129.889,460.462,0.269,0.364
610,4,0,19.047,170.349,0.393,388,129.92,461.309,0.27,0.369
611,6,0,19.093,171.465,0.397,392,129.843,462.886,0.272,0.38
612,3,0,19.419,171.465,0.401,386,129.698,463.358,0.265,0.378
613,6,0,19.605,173.233,0.405,388,129.596,475.188,0.268,0.4
614,2,0,19.465,173.233,0.406,387,129.698,466.447,0.266,0.383
615,9,0,19.419,173.233,0.407,388,129.745,462.581,0.265,0.378
616,5,0,19.558,173.233,0.407,387,129.771,462.919,0.264,0.387
617,2,0,19.279,171.512,0.403,385,129.885,454.249,0.262,0.361
618,5,0,19.465,171.512,0.404,386,129.881,461.318,0.264,0.381
619,8,0,19.256,171.279,0.405,388,129.923,461.469,0.266,0.371
620,8,0,19.116,171.419,0.407,387,130.015,460.292,0.267,0.365
621,5,0,19.256,171.419,0.408,385,130.1,454.814,0.263,0.361
622,10,0,19.349,172.977,0.414,391,129.908,468.407,0.266,0.377
623,8,0,19.442,175.581,0.415,397,129.718,475.515,0.271,0.401
624,3,0,19.209,175.581,0.415,397,129.749,469.666,0.271,0.384
625,6,0,18.977,175.581,0.413,400,129.755,464.699,0.272,0.37
626,0,0,19.023,175.581,0.414,394,129.845,462.669,0.268,0.361
627,2,0,19.163,175.581,0.416,387,129.901,458.917,0.265,0.36
628,4,0,19.163,175.581,0.416,389,129.917,459.682,0.265,0.361
629,3,0,19.07,175.581,0.415,392,129.904,459.932,0.266,0.358
630,4,0,19.209,175.581,0.414,392,129.921,463.495,0.267,0.37
631,8,0,19.488,175.581,0.414,394,129.887,474.409,0.267,0.391
632,2,0,19.535,175.581,0.413,392,129.905,470.215,0.266,0.393
633,8,0,19.674,175.721,0.415,390,129.894,470.004,0.264,0.396
634,5,0,19.535,176.209,0.414,392,129.932,466.484,0.264,0.386
635,5,0,19.488,176.372,0.414,394,129.903,466.088,0.264,0.383
636,5,0,19.349,176.372,0.413,398,129.851,471.837,0.267,0.382
637,6,0,19.488,175.884,0.415,399,129.88,473.484,0.268,0.394
638,7,0,19.442,175.884,0.417,402,129.835,475.538,0.271,0.402
639,3,0,19.442,175.884,0.42,400,129.869,469.66,0.269,0.395
640,8,0,19.256,175.884,0.421,403,129.921,467.178,0.27,0.387
641,3,0,19.209,175.651,0.418,403,129.951,464.171,0.268,0.377
642,3,0,19.349,175.814,0.419,405,129.933,469.448,0.27,0.392
643,5,0,19.302,176.093,0.419,407,129.908,467.837,0.27,0.39
644,8,0,19.163,177.698,0.417,410,129.865,466.853,0.27,0.379
645,6,0,19.116,178.186,0.419,412,129.851,465.301,0.273,0.384
646,5,0,19.349,178.721,0.422,412,129.842,469.877,0.272,0.4
647,4,0,19.535,178.837,0.423,412,129.783,472.588,0.271,0.41
648,5,0,19.581,180.465,0.426,412,129.77,474.659,0.272,0.417
649,4,0,19.581,180.302,0.424,414,129.764,474.982,0.272,0.417
650,3,0,19.86,183.14,0.425,411,129.872,480.141,0.269,0.427
651,0,0,19.767,183.14,0.425,405,130.02,468.353,0.264,0.402
652,4,0,19.767,183.14,0.426,405,130.081,465.969,0.263,0.4
653,2,0,19.953,183.14,0.427,404,130.053,470.275,0.262,0.412
654,8,0,20.0,183.14,0.426,407,130.001,473.308,0.263,0.418
655,4,0,19.953,183.14,0.424,408,129.945,475.027,0.265,0.421
656,5,0,19.721,182.651,0.419,405,130.124,455.258,0.259,0.383
657,7,0,19.86,182.651,0.418,410,130.058,464.471,0.261,0.4
658,6,0,19.512,184.884,0.413,410,130.096,455.896,0.263,0.383
659,2,0,19.605,184.884,0.413,410,130.09,457.558,0.263,0.389
660,4,1,19.698,184.884,0.413,407,130.002,461.733,0.264,0.398
661,3,0,19.698,184.884,0.413,407,130.152,458.856,0.262,0.39
662,5,0,19.837,184.07,0.414,402,130.114,455.999,0.26,0.396
663,6,0,19.837,184.07,0.414,403,130.076,456.873,0.259,0.391
664,5,0,19.837,185.163,0.421,402,130.097,459.065,0.259,0.39
665,3,0,19.744,185.163,0.421,398,130.139,454.963,0.257,0.376
666,4,0,19.698,185.163,0.422,398,130.163,452.98,0.257,0.373
667,9,0,19.698,185.442,0.421,404,130.099,458.446,0.26,0.385
668,3,0,19.628,185.442,0.421,404,130.089,457.378,0.261,0.382
669,5,0,19.535,185.442,0.419,401,130.166,451.28,0.257,0.362
670,3,0,19.535,185.442,0.419,398,130.221,441.707,0.254,0.354
671,7,0,19.674,185.442,0.419,400,130.237,445.937,0.254,0.361
672,5,0,19.488,185.302,0.414,401,130.232,443.474,0.254,0.351
673,1,0,19.535,185.302,0.411,398,130.304,439.855,0.252,0.347
674,5,0,20.093,185.302,0.411,396,130.195,451.528,0.253,0.389
675,6,0,20.233,185.302,0.412,390,130.271,452.632,0.249,0.388
676,7,0,20.279,185.419,0.414,393,130.162,458.221,0.253,0.405
677,4,0,20.279,184.14,0.416,393,130.226,453.241,0.252,0.402
678,2,0,20.651,184.14,0.42,389,130.226,459.067,0.25,0.42
679,7,0,20.442,184.302,0.422,391,130.168,458.924,0.253,0.415
680,2,0,20.349,184.302,0.42,390,130.165,457.1,0.252,0.406
681,4,0,20.209,184.302,0.421,388,130.282,448.418,0.248,0.382
682,5,0,20.279,184.163,0.421,386,130.313,442.407,0.246,0.381
683,4,0,20.326,184.163,0.421,388,130.289,450.023,0.247,0.387
684,7,0,20.326,184.163,0.421,388,130.298,447.907,0.247,0.386
685,4,0,20.419,184.163,0.42,388,130.307,444.737,0.246,0.389
686,6,0,20.326,184.163,0.42,389,130.314,441.33,0.245,0.38
687,2,0,20.047,183.977,0.419,386,130.426,428.676,0.24,0.345
688,4,0,20.372,183.977,0.419,384,130.358,432.034,0.239,0.362
689,0,0,20.512,183.977,0.419,380,130.366,433.011,0.237,0.368
690,7,0,20.233,183.977,0.418,384,130.412,425.815,0.237,0.348
691,4,0,20.233,183.977,0.419,382,130.433,423.793,0.234,0.338
692,1,0,20.093,184.116,0.416,378,130.553,413.503,0.231,0.318
693,4,0,20.047,184.116,0.416,374,130.637,408.344,0.228,0.307
694,5,0,20.093,184.116,0.414,375,130.515,413.116,0.23,0.315
695,8,0,20.047,184.116,0.412,377,130.479,421.088,0.234,0.326
696,5,0,19.884,183.349,0.409,377,130.575,413.612,0.234,0.313
697,4,0,19.977,183.953,0.409,375,130.599,409.989,0.233,0.316
698,3,0,20.302,183.953,0.41,371,130.554,414.112,0.23,0.33
699,7,0,20.163,183.651,0.406,371,130.564,411.341,0.229,0.317
700,4,0,20.07,183.651,0.407,370,130.595,406.639,0.227,0.305
701,3,0,15.814,158.651,0.351,370,131.89,326.269,0.224,0.103
702,1,0,15.93,158.651,0.351,369,131.916,328.408,0.223,0.106
703,3,0,16.07,158.837,0.352,366,131.939,332.925,0.224,0.111
704,5,0,16.163,158.977,0.349,367,131.695,343.293,0.227,0.118
705,4,0,16.256,158.837,0.348,368,131.583,349.089,0.229,0.124
706,3,0,16.698,159.349,0.354,363,131.568,353.292,0.226,0.134
707,3,0,16.93,159.349,0.353,360,131.54,355.203,0.224,0.139
708,6,0,17.023,160.047,0.354,359,131.506,356.045,0.224,0.143
709,4,0,16.837,160.209,0.357,357,131.515,351.021,0.223,0.135
710,7,0,16.884,160.209,0.356,359,131.415,358.138,0.225,0.14
711,10,0,17.093,160.512,0.356,366,131.266,366.892,0.229,0.155
712,8,0,17.093,160.512,0.354,370,131.107,373.859,0.233,0.161
713,4,0,17.14,158.233,0.348,369,131.167,373.451,0.232,0.161
714,4,0,16.953,159.651,0.352,371,131.035,374.06,0.234,0.158
715,4,0,16.814,159.651,0.351,372,131.06,370.262,0.235,0.153
716,7,0,16.93,159.651,0.352,370,130.96,371.904,0.234,0.156
717,4,0,17.07,159.651,0.354,371,130.902,376.349,0.236,0.165
718,8,0,16.86,160.326,0.354,374,130.852,377.178,0.24,0.164
719,2,0,17.047,160.326,0.355,372,130.823,376.272,0.238,0.168
720,7,0,17.0,160.512,0.361,374,130.702,383.875,0.242,0.174
721,3,0,17.116,160.512,0.363,371,130.752,381.969,0.239,0.173
722,6,0,17.07,160.512,0.361,374,130.648,383.439,0.241,0.175
723,6,0,17.302,160.512,0.362,375,130.588,390.542,0.242,0.188
724,4,0,17.512,161.07,0.361,375,130.419,406.25,0.246,0.207
725,4,0,17.465,161.442,0.352,376,130.312,406.992,0.25,0.213
726,5,0,17.605,161.442,0.353,377,130.302,407.522,0.248,0.215
727,8,0,18.209,167.395,0.358,378,130.047,423.328,0.251,0.256
728,7,0,17.791,167.395,0.361,380,130.095,415.717,0.252,0.235
729,6,0,18.14,168.419,0.367,375,130.181,416.771,0.25,0.25
730,8,0,17.953,174.093,0.368,377,130.163,419.0,0.252,0.244
731,5,0,17.767,173.93,0.367,372,130.32,406.058,0.247,0.222
732,8,0,17.767,178.628,0.372,380,130.125,418.138,0.255,0.24
733,7,0,17.977,183.977,0.381,382,130.074,422.598,0.257,0.258
734,10,0,18.186,183.605,0.386,387,129.948,432.109,0.258,0.273
735,9,0,18.326,183.721,0.393,390,129.944,429.569,0.258,0.283
736,5,0,18.744,183.721,0.394,390,129.957,438.529,0.257,0.307
737,5,1,18.837,183.721,0.396,390,129.856,444.658,0.26,0.32
738,5,0,18.674,183.721,0.395,394,129.816,445.36,0.262,0.317
739,6,0,18.395,182.605,0.39,392,129.919,430.13,0.259,0.288
740,7,0,18.163,182.605,0.391,393,129.949,430.114,0.261,0.28
741,6,0,18.163,182.791,0.389,396,129.877,433.316,0.263,0.287
742,8,0,18.116,182.791,0.389,399,129.868,431.745,0.264,0.285
743,11,0,17.837,182.698,0.389,404,130.088,423.842,0.264,0.27
744,1,0,17.791,182.698,0.387,401,130.103,419.543,0.263,0.264
745,6,0,17.86,182.977,0.388,403,130.02,423.42,0.264,0.272
746,8,0,18.186,183.116,0.387,403,129.947,435.059,0.265,0.296
747,2,0,18.674,183.465,0.39,397,129.942,444.699,0.263,0.322
748,5,0,19.07,183.465,0.393,397,129.914,449.88,0.261,0.341
749,8,0,19.116,185.791,0.401,398,129.787,455.855,0.262,0.348
750,4,0,18.791,185.791,0.403,396,129.925,442.809,0.26,0.319
751,8,0,18.698,185.791,0.401,401,129.849,445.199,0.264,0.324
752,5,0,18.698,185.791,0.402,404,129.881,445.154,0.265,0.329
753,2,0,18.814,185.791,0.402,400,129.942,444.189,0.261,0.324
754,7,0,18.767,185.977,0.404,404,129.816,449.642,0.266,0.337
755,7,0,18.535,185.814,0.402,401,129.929,443.637,0.266,0.32
756,6,0,18.442,185.047,0.399,401,130.003,439.938,0.264,0.307
757,8,0,18.163,185.047,0.395,403,130.033,435.51,0.266,0.298
758,4,0,18.535,185.047,0.4,402,129.741,452.562,0.268,0.327
759,3,0,18.488,185.047,0.4,402,129.779,450.579,0.268,0.321
760,5,0,18.535,186.047,0.401,406,129.68,456.263,0.271,0.334
761,6,0,18.395,186.047,0.4,406,129.822,455.733,0.273,0.332
762,3,0,18.395,186.047,0.402,403,129.81,456.287,0.271,0.327
763,7,0,18.395,186.047,0.403,402,129.793,454.116,0.271,0.325
764,5,0,18.209,185.186,0.403,403,129.834,450.642,0.269,0.308
765,6,0,18.047,185.186,0.405,403,129.652,443.445,0.269,0.295
766,8,0,18.0,185.326,0.406,406,129.619,441.766,0.271,0.3
767,3,0,18.0,185.651,0.404,406,129.605,443.097,0.272,0.302
768,4,0,18.186,185.651,0.409,405,129.591,447.152,0.273,0.316
769,4,0,18.372,185.651,0.409,404,129.528,454.181,0.273,0.33
770,2,0,18.581,185.651,0.411,402,129.513,457.858,0.274,0.346
771,5,0,18.907,185.651,0.412,400,129.528,460.108,0.271,0.36
772,6,0,18.558,185.651,0.41,402,129.62,450.784,0.272,0.341
773,5,0,18.558,185.651,0.411,402,129.522,456.075,0.272,0.34
774,6,0,18.605,186.0,0.409,402,129.687,455.029,0.27,0.338
775,4,0,18.698,185.814,0.409,398,129.649,453.974,0.268,0.335
776,5,0,18.698,185.884,0.409,400,129.615,456.258,0.269,0.341
777,4,0,18.86,185.884,0.412,399,129.468,466.287,0.272,0.361
778,4,0,19.047,185.698,0.412,399,129.452,472.595,0.272,0.373
779,7,0,19.186,185.698,0.411,399,129.513,470.331,0.27,0.376
780,4,0,19.326,185.698,0.414,398,129.53,472.847,0.269,0.383
781,6,0,19.558,185.698,0.419,399,129.465,480.184,0.27,0.403
782,2,0,19.605,185.698,0.419,401,129.415,483.823,0.271,0.41
783,5,0,19.674,185.698,0.418,405,129.34,487.138,0.272,0.42
784,4,0,19.674,185.698,0.418,403,129.424,483.669,0.27,0.415
785,3,0,19.86,185.698,0.421,401,129.418,485.478,0.269,0.425
786,7,0,19.953,185.698,0.426,403,129.217,495.356,0.274,0.447
787,6,0,20.233,185.953,0.428,404,129.189,505.196,0.275,0.473
788,4,0,20.233,185.953,0.428,405,129.152,506.384,0.276,0.475
789,6,1,20.233,185.953,0.429,407,129.142,506.407,0.276,0.477
790,5,0,20.512,185.953,0.43,405,129.115,514.887,0.276,0.496
791,4,0,20.791,185.953,0.431,403,129.046,520.196,0.274,0.509
792,6,0,21.023,186.14,0.433,400,129.008,519.105,0.272,0.521
793,2,0,20.977,186.488,0.435,397,129.017,524.681,0.273,0.522
794,7,0,20.651,186.488,0.434,397,129.092,515.899,0.274,0.5
795,7,0,20.698,186.488,0.432,402,128.951,529.638,0.28,0.525
796,4,0,20.791,186.488,0.431,404,128.922,534.559,0.282,0.539
797,1,0,20.605,186.326,0.43,398,129.125,516.589,0.277,0.509
798,9,0,20.884,187.581,0.427,401,129.03,527.251,0.28,0.54
799,3,0,20.884,188.07,0.43,398,129.04,522.375,0.279,0.535
800,6,0,20.93,188.07,0.43,403,128.948,530.445,0.283,0.552
801,6,0,17.279,165.047,0.377,401,129.897,440.844,0.28,0.282
802,1,0,17.326,165.047,0.377,400,129.878,442.136,0.28,0.284
803,8,0,17.326,165.163,0.378,402,129.808,445.646,0.282,0.289
804,4,0,17.651,166.186,0.378,400,129.646,453.016,0.282,0.311
805,3,0,17.674,166.558,0.378,398,129.681,455.736,0.284,0.319
806,6,0,17.674,166.558,0.377,400,129.787,461.099,0.287,0.327
807,4,0,18.07,172.279,0.38,394,129.758,472.488,0.286,0.352
808,6,0,18.209,174.465,0.394,394,129.758,473.785,0.286,0.363
809,2,0,18.14,174.465,0.396,390,129.858,462.917,0.282,0.346
810,5,0,18.14,174.465,0.393,392,129.733,472.113,0.286,0.359
811,4,0,18.326,174.465,0.401,392,129.708,473.769,0.286,0.372
812,8,0,18.279,175.674,0.408,395,129.659,481.066,0.289,0.379
813,1,0,18.326,175.674,0.41,390,129.684,478.842,0.287,0.374
814,6,0,18.372,178.14,0.411,393,129.608,482.157,0.29,0.388
815,9,0,18.326,178.465,0.407,399,129.518,486.047,0.293,0.394
816,0,0,18.465,178.465,0.411,392,129.605,482.378,0.288,0.388
817,5,0,18.372,178.186,0.41,393,129.703,471.968,0.285,0.371
818,4,0,18.512,178.186,0.411,392,129.799,471.12,0.28,0.366
819,5,0,18.605,178.186,0.412,392,129.812,473.937,0.281,0.375
820,7,0,18.279,179.581,0.412,395,129.817,468.084,0.282,0.354
821,7,0,18.326,179.581,0.41,401,129.739,471.272,0.284,0.365
822,4,0,18.442,184.395,0.415,394,129.808,469.551,0.279,0.356
823,6,0,18.442,184.395,0.413,396,129.792,472.576,0.28,0.358
824,6,0,18.256,184.395,0.414,394,129.99,461.314,0.277,0.339
825,6,0,18.535,184.581,0.415,392,129.885,476.574,0.278,0.362
826,2,0,18.814,184.581,0.418,385,129.974,472.755,0.273,0.364
827,6,0,18.628,184.581,0.411,388,129.883,470.685,0.277,0.362
828,4,0,18.535,184.581,0.411,390,129.923,468.846,0.277,0.356
829,5,0,18.302,184.581,0.412,392,129.947,469.403,0.278,0.343
830,3,0,18.512,183.395,0.414,387,130.011,465.297,0.274,0.346
831,8,0,18.884,186.047,0.42,387,130.101,471.77,0.275,0.378
832,4,0,18.814,186.047,0.417,387,130.073,468.071,0.273,0.365
833,4,0,18.814,184.349,0.419,386,130.058,466.066,0.272,0.36
834,5,0,18.814,184.465,0.421,388,130.004,467.332,0.273,0.365
835,7,0,18.814,184.465,0.42,391,129.949,469.911,0.275,0.372
836,3,0,18.907,184.977,0.421,392,129.946,471.174,0.277,0.383
837,2,0,19.047,184.977,0.421,389,129.905,475.683,0.276,0.391
838,2,0,19.233,184.977,0.422,386,129.919,478.698,0.274,0.398
839,10,1,19.0,185.349,0.425,393,129.803,487.48,0.281,0.403
840,6,0,18.86,185.349,0.427,393,129.962,474.604,0.277,0.38
841,5,0,18.86,185.535,0.426,396,129.743,476.177,0.278,0.384
842,7,0,18.884,185.535,0.429,399,129.73,481.454,0.28,0.392
843,5,1,18.93,185.535,0.429,399,129.726,484.038,0.281,0.399
844,1,0,19.023,185.535,0.429,395,129.747,485.098,0.279,0.399
845,4,0,18.977,185.535,0.428,398,129.679,488.466,0.282,0.405
846,3,0,19.116,185.535,0.433,396,129.496,492.764,0.281,0.412
847,5,0,19.349,185.744,0.434,398,129.482,498.202,0.282,0.431
848,5,0,19.581,186.558,0.435,399,129.448,508.026,0.284,0.455
849,6,1,19.442,186.698,0.433,400,129.605,506.379,0.282,0.438
850,5,0,19.349,186.907,0.432,401,129.589,503.41,0.281,0.429
851,5,0,19.256,186.907,0.432,406,129.568,503.992,0.283,0.429
852,6,0,18.977,186.907,0.432,407,129.709,500.046,0.284,0.413
853,4,0,19.209,186.907,0.431,408,129.678,512.719,0.286,0.436
854,7,0,19.209,186.907,0.43,407,129.607,510.66,0.285,0.432
855,4,0,18.814,184.512,0.431,407,129.644,499.3,0.286,0.408
856,6,0,18.884,184.698,0.431,406,129.626,502.719,0.287,0.417
857,6,1,18.605,184.628,0.431,408,129.677,497.336,0.289,0.403
858,6,0,18.721,184.628,0.43,410,129.638,502.435,0.29,0.412
859,6,0,18.907,184.628,0.429,411,129.563,510.574,0.29,0.429
860,3,0,19.349,184.628,0.43,403,129.657,505.019,0.282,0.432
861,5,0,19.442,184.628,0.432,405,129.623,510.045,0.284,0.447
862,3,0,19.442,184.628,0.433,401,129.668,506.723,0.28,0.435
863,9,0,19.651,184.628,0.431,407,129.403,511.766,0.284,0.464
864,7,0,19.605,187.0,0.43,409,129.419,511.82,0.287,0.469
865,4,0,19.744,188.279,0.433,405,129.467,514.941,0.286,0.476
866,8,0,19.558,188.279,0.426,405,129.563,506.313,0.284,0.455
867,8,0,19.767,188.442,0.427,399,129.575,494.445,0.278,0.451
868,2,0,20.0,188.442,0.43,396,129.557,501.746,0.277,0.466
869,4,0,19.721,188.442,0.427,395,129.614,491.378,0.276,0.439
870,4,0,20.0,188.442,0.428,395,129.548,498.175,0.276,0.459
871,5,0,20.093,188.442,0.428,394,129.685,498.431,0.276,0.468
872,5,0,20.419,188.442,0.429,393,129.456,507.911,0.277,0.495
873,4,0,20.419,188.442,0.427,391,129.492,503.658,0.275,0.489
874,2,0,20.605,188.442,0.426,389,129.374,508.927,0.275,0.501
875,3,0,20.605,188.442,0.428,387,129.45,499.297,0.271,0.488
876,2,0,20.698,188.442,0.427,387,129.432,502.706,0.272,0.497
877,3,0,20.651,188.442,0.427,383,129.549,497.102,0.268,0.483
878,4,0,20.558,189.372,0.434,378,129.61,488.509,0.266,0.467
879,7,0,20.488,189.372,0.435,378,129.649,481.632,0.263,0.451
880,6,0,20.372,190.186,0.433,380,129.639,480.752,0.263,0.441
881,9,0,20.233,190.326,0.431,387,129.571,485.861,0.266,0.442
882,6,0,20.302,190.326,0.432,389,129.517,491.667,0.269,0.458
883,13,0,20.209,190.442,0.433,395,129.523,490.101,0.271,0.459
884,1,0,20.14,190.442,0.434,388,129.596,484.724,0.268,0.443
885,5,0,19.86,190.442,0.432,386,129.637,481.68,0.268,0.423
886,2,0,19.953,190.442,0.433,386,129.659,481.943,0.267,0.426
887,7,0,20.0,190.442,0.432,386,129.578,490.417,0.271,0.444
888,4,0,19.907,190.442,0.435,380,129.948,480.129,0.267,0.424
889,1,0,20.047,186.488,0.432,371,130.291,464.952,0.256,0.399
890,4,0,20.093,186.488,0.431,370,130.486,462.453,0.255,0.401
891,2,0,20.326,186.116,0.431,369,130.241,470.596,0.257,0.421
892,1,0,20.256,186.116,0.432,368,130.252,468.657,0.257,0.416
893,4,0,20.349,186.116,0.432,366,130.331,462.703,0.252,0.406
894,6,0,20.279,186.116,0.431,365,130.387,461.344,0.251,0.399
895,3,0,20.302,186.116,0.43,365,130.307,467.119,0.253,0.407
896,9,0,20.116,186.116,0.429,370,130.29,469.727,0.255,0.4
897,2,0,19.93,185.674,0.422,368,130.542,455.676,0.253,0.38
898,7,0,19.837,186.791,0.425,374,130.377,463.03,0.258,0.389
899,9,0,20.209,186.791,0.428,373,130.351,465.941,0.259,0.422
900,5,0,20.07,186.791,0.426,375,130.353,462.846,0.26,0.414
901,8,0,15.512,165.651,0.356,380,131.112,352.049,0.26,0.149
902,5,0,15.465,165.651,0.355,381,131.139,351.141,0.261,0.15
903,7,0,15.628,165.651,0.354,381,131.08,355.217,0.262,0.157
904,2,0,15.395,165.651,0.354,381,131.165,349.372,0.261,0.146
905,3,0,15.581,165.698,0.356,377,131.198,352.008,0.26,0.151
906,7,0,15.442,165.86,0.358,376,131.329,346.456,0.257,0.142
907,12,0,15.581,167.047,0.364,385,131.179,352.874,0.261,0.153
908,5,0,15.558,167.233,0.364,385,131.143,353.928,0.261,0.153
909,5,0,15.814,167.233,0.361,386,131.111,361.504,0.26,0.161
910,6,0,16.0,169.256,0.364,389,131.021,370.773,0.265,0.18
911,4,0,15.907,169.256,0.365,389,131.144,369.447,0.264,0.174
912,5,0,16.047,169.372,0.365,388,130.993,373.76,0.266,0.184
913,4,0,16.0,169.372,0.366,388,131.009,368.123,0.265,0.18
914,4,0,15.814,169.372,0.367,388,131.032,364.825,0.265,0.171
915,6,0,16.186,172.163,0.375,387,131.057,368.312,0.264,0.186
916,5,0,16.186,172.721,0.38,386,131.073,372.372,0.265,0.188
917,2,0,16.372,172.721,0.381,384,131.084,372.547,0.263,0.193
918,8,0,16.605,176.791,0.389,386,131.06,375.833,0.264,0.206
919,4,0,16.651,176.791,0.388,384,131.022,375.803,0.261,0.202
920,7,0,16.628,176.791,0.388,387,131.074,373.293,0.262,0.202
921,2,0,16.721,176.791,0.389,386,131.066,376.533,0.261,0.206
922,4,0,16.814,176.791,0.387,384,131.127,372.249,0.257,0.201
923,3,0,16.814,176.791,0.386,383,131.108,371.733,0.257,0.202
924,2,0,16.744,177.744,0.39,381,131.084,371.487,0.257,0.197
925,6,0,16.558,177.698,0.39,381,131.003,376.419,0.258,0.19
926,10,0,16.488,181.023,0.387,385,131.052,379.833,0.261,0.194
927,5,0,16.465,181.023,0.386,385,131.202,378.704,0.262,0.196
928,5,0,16.558,181.023,0.388,386,131.201,379.991,0.261,0.199
929,3,0,16.837,181.023,0.389,381,131.159,387.747,0.26,0.21
930,3,0,17.07,181.023,0.391,378,131.143,389.2,0.259,0.219
931,3,0,17.116,180.837,0.39,376,131.139,389.529,0.258,0.22
932,6,0,17.465,180.837,0.386,374,131.0,400.969,0.259,0.24
933,7,0,17.605,180.767,0.388,375,131.06,405.856,0.261,0.253
934,5,0,17.558,180.628,0.387,374,131.08,405.086,0.261,0.252
935,6,0,17.651,180.628,0.388,375,131.024,407.22,0.263,0.262
936,3,0,17.791,180.628,0.388,374,131.307,405.261,0.259,0.262
937,5,0,17.744,180.628,0.391,377,131.134,413.17,0.263,0.27
938,5,0,17.674,180.628,0.39,377,131.187,408.152,0.262,0.263
939,7,0,17.512,181.279,0.391,378,131.41,410.645,0.264,0.26
940,10,0,17.651,182.0,0.393,383,130.81,425.305,0.269,0.279
941,3,0,17.907,180.93,0.395,379,130.83,427.435,0.267,0.287
942,6,0,18.047,177.279,0.393,382,130.736,435.201,0.268,0.3
943,5,0,18.163,177.279,0.397,385,130.677,441.786,0.27,0.315
944,4,0,18.326,177.0,0.397,382,130.746,437.385,0.267,0.317
945,3,0,18.07,181.721,0.396,381,130.774,431.473,0.265,0.293
946,3,0,18.209,181.721,0.394,375,131.183,425.339,0.26,0.289
947,5,0,18.233,182.047,0.397,377,131.101,431.619,0.263,0.3
948,5,0,18.209,182.047,0.396,377,131.075,431.546,0.264,0.301
949,1,0,18.256,182.163,0.398,373,131.091,430.843,0.262,0.298
950,4,0,18.186,182.047,0.397,373,131.105,430.432,0.262,0.294
951,6,0,18.0,182.047,0.396,376,131.056,428.709,0.266,0.293
952,5,0,18.349,182.302,0.397,373,130.987,438.07,0.267,0.318
953,3,0,18.209,182.302,0.398,372,130.947,436.559,0.268,0.313
954,9,0,18.326,181.698,0.4,375,130.795,445.344,0.269,0.323
955,1,0,18.419,181.512,0.4,369,130.841,439.874,0.265,0.317
956,6,0,18.326,181.512,0.399,374,130.803,436.907,0.267,0.315
957,2,0,18.349,181.93,0.402,370,130.849,436.039,0.265,0.31
958,6,0,18.372,181.93,0.404,370,130.832,436.075,0.265,0.312
959,5,0,18.488,181.93,0.408,370,130.47,439.341,0.265,0.317
960,5,0,18.488,181.93,0.408,372,130.458,441.096,0.266,0.32
961,2,0,18.488,181.93,0.408,370,130.491,438.818,0.264,0.316
962,5,0,18.349,181.93,0.409,369,130.59,431.818,0.263,0.302
963,4,1,18.209,181.93,0.409,365,130.781,420.024,0.259,0.282
964,7,1,18.093,184.535,0.409,367,130.718,422.924,0.26,0.279
965,9,0,18.14,184.535,0.408,372,130.65,428.341,0.263,0.291
966,3,0,18.14,184.628,0.408,373,130.613,430.715,0.264,0.294
967,5,0,18.0,183.674,0.401,373,130.75,427.75,0.265,0.289
968,4,0,18.186,183.791,0.402,374,130.532,435.03,0.266,0.301
969,1,0,18.279,183.791,0.403,370,130.635,433.035,0.264,0.302
970,12,0,18.14,183.791,0.404,376,130.41,435.655,0.266,0.299
971,1,0,18.372,183.791,0.405,370,130.491,435.412,0.262,0.302
972,5,0,18.488,183.791,0.408,370,130.374,438.103,0.263,0.31
973,10,0,18.674,183.977,0.409,375,130.3,442.58,0.263,0.323
974,6,0,18.395,184.163,0.408,377,130.272,438.613,0.264,0.307
975,7,0,18.512,184.163,0.407,380,130.046,447.888,0.268,0.327
976,5,0,18.791,184.163,0.408,382,129.895,458.734,0.272,0.357
977,5,0,18.837,184.163,0.408,380,129.99,457.143,0.272,0.362
978,4,0,18.884,184.163,0.409,377,130.033,454.948,0.27,0.36
979,8,0,18.837,184.116,0.41,377,130.036,453.154,0.27,0.356
980,3,0,18.465,184.116,0.407,371,130.239,433.703,0.264,0.312
981,2,0,18.605,184.116,0.408,370,130.247,431.145,0.262,0.316
982,7,0,18.465,184.698,0.409,368,130.357,423.979,0.261,0.304
983,5,0,18.535,184.698,0.408,371,130.254,424.201,0.263,0.314
984,4,0,18.535,184.698,0.406,368,130.312,421.116,0.26,0.305
985,6,0,18.442,184.698,0.405,371,130.244,422.313,0.262,0.304
986,1,0,18.442,184.698,0.403,365,130.314,420.188,0.256,0.287
987,3,0,18.465,185.209,0.403,363,130.314,421.565,0.257,0.289
988,7,0,18.419,185.209,0.402,364,130.264,425.072,0.259,0.295
989,4,0,18.605,185.209,0.403,365,130.174,429.219,0.259,0.305
990,6,0,18.93,185.581,0.409,363,130.025,441.839,0.26,0.33
991,5,0,18.93,185.581,0.408,364,130.003,444.577,0.262,0.335
992,2,0,18.837,185.581,0.409,362,130.061,442.423,0.26,0.324
993,1,0,18.884,185.581,0.41,359,130.075,443.391,0.259,0.323
994,4,0,18.86,185.07,0.41,360,130.067,445.127,0.258,0.319
995,8,1,18.791,185.14,0.41,361,130.064,444.288,0.259,0.317
996,2,0,18.744,185.14,0.413,356,130.271,431.362,0.252,0.293
997,3,0,18.651,185.14,0.413,357,130.275,430.162,0.254,0.292
998,9,0,18.837,186.372,0.413,363,130.011,448.967,0.262,0.33
999,5,0,19.023,188.86,0.415,363,129.901,459.263,0.263,0.346
1000,0,0,19.023,188.86,0.416,357,130.045,448.404,0.258,0.329
