1,10,0,0.791,4.349,0.003,10,310.491,0.227,0.011,0.016
2,8,0,1.256,7.767,0.007,18,275.241,0.705,0.017,0.007
3,6,0,1.581,11.814,0.013,24,247.514,1.385,0.023,0.003
4,7,0,2.186,15.488,0.017,30,221.815,2.31,0.03,0.002
5,6,0,2.465,20.023,0.023,36,205.28,3.343,0.037,0.001
6,13,0,3.186,24.372,0.029,46,183.246,5.966,0.045,0.001
7,2,0,3.233,25.674,0.031,48,179.201,6.385,0.046,0.001
8,6,0,3.581,27.395,0.031,54,167.252,7.838,0.051,0.001
9,8,0,3.767,30.302,0.033,62,152.635,9.369,0.058,0.0
10,4,0,3.907,32.116,0.037,65,143.313,9.832,0.059,0.0
11,9,0,4.349,34.884,0.038,73,132.837,11.894,0.066,0.0
12,7,0,4.791,38.047,0.042,80,124.52,13.831,0.072,0.0
13,3,0,5.023,40.977,0.05,81,118.655,14.349,0.073,0.0
14,12,0,5.488,46.628,0.06,91,105.686,17.932,0.08,0.0
15,12,0,6.233,58.116,0.081,102,91.982,21.68,0.094,0.0
16,7,0,6.186,58.791,0.08,107,93.462,22.094,0.097,0.0
17,7,0,6.605,62.721,0.087,112,91.374,22.556,0.102,0.0
18,6,0,6.884,66.698,0.093,118,88.33,26.069,0.109,0.0
19,5,0,7.186,67.907,0.097,118,81.385,27.778,0.109,0.0
20,8,0,7.581,73.209,0.108,124,76.696,29.937,0.115,0.0
21,10,0,7.907,77.953,0.114,134,70.623,33.496,0.124,0.0
22,8,0,8.163,79.628,0.115,139,69.179,35.664,0.129,0.0
23,6,0,8.349,80.209,0.113,145,67.724,37.574,0.133,0.0
24,10,0,8.581,85.116,0.119,154,64.205,43.693,0.143,0.0
25,5,0,8.814,88.279,0.124,158,60.435,46.879,0.148,0.0
26,4,0,9.047,91.047,0.129,160,58.319,48.94,0.153,0.0
27,8,0,9.186,93.349,0.132,167,57.001,51.333,0.157,0.0
28,7,0,9.791,105.256,0.164,171,51.358,59.37,0.164,0.001
29,6,0,9.744,105.442,0.16,177,51.401,60.046,0.167,0.001
30,10,0,9.93,108.047,0.161,186,49.967,65.63,0.175,0.001
31,12,0,10.488,120.698,0.187,195,46.193,76.426,0.191,0.001
32,7,0,10.86,126.023,0.198,200,44.261,83.264,0.199,0.001
33,10,0,10.953,128.186,0.204,204,43.538,85.577,0.2,0.001
34,11,0,10.977,129.093,0.201,212,42.416,89.432,0.206,0.001
35,9,0,11.581,133.744,0.211,218,37.595,98.729,0.213,0.001
36,5,0,11.884,137.512,0.221,222,36.46,102.676,0.216,0.001
37,9,0,11.791,139.14,0.224,228,35.954,104.6,0.218,0.001
38,9,0,12.349,143.558,0.231,236,33.906,112.736,0.227,0.002
39,11,0,13.186,154.814,0.263,244,31.898,123.958,0.235,0.002
40,6,0,13.372,156.395,0.271,247,31.734,126.033,0.232,0.002
41,6,0,13.558,156.395,0.271,251,31.351,129.415,0.234,0.002
42,5,0,13.744,157.605,0.271,253,30.778,132.02,0.238,0.003
43,6,0,13.837,158.233,0.269,258,30.302,133.79,0.242,0.003
44,4,0,13.977,156.791,0.269,256,30.134,132.135,0.238,0.003
45,7,0,14.209,158.186,0.272,260,29.6,135.129,0.241,0.003
46,5,0,14.535,166.093,0.296,263,28.702,140.573,0.246,0.004
47,4,0,15.186,169.256,0.305,263,27.543,147.491,0.248,0.004
48,13,0,15.698,169.721,0.303,272,26.998,154.708,0.252,0.005
49,10,0,16.163,172.465,0.308,277,25.589,164.954,0.259,0.006
50,9,0,16.535,179.884,0.327,283,24.537,175.832,0.27,0.008
51,8,0,16.488,179.977,0.324,287,24.151,177.602,0.273,0.008
52,4,0,16.628,185.302,0.344,285,24.021,174.926,0.273,0.009
53,3,0,16.86,186.023,0.347,285,23.878,179.95,0.273,0.009
54,9,0,16.907,187.14,0.345,292,22.935,186.602,0.278,0.01
55,5,0,16.814,187.698,0.348,296,23.629,182.201,0.278,0.01
56,8,0,16.953,190.674,0.356,301,23.308,186.023,0.281,0.01
57,9,0,17.047,194.86,0.371,307,22.418,190.462,0.284,0.011
58,11,0,17.326,197.163,0.378,311,22.654,193.087,0.286,0.012
59,11,0,17.628,202.465,0.391,320,21.947,206.153,0.298,0.016
60,6,0,17.721,214.372,0.422,323,21.547,209.717,0.306,0.018
61,9,0,18.14,219.488,0.439,330,20.57,224.669,0.311,0.022
62,5,0,18.186,219.953,0.439,333,20.529,225.921,0.314,0.023
63,8,0,18.233,220.512,0.439,339,19.899,229.876,0.316,0.023
64,4,0,18.372,222.0,0.446,338,19.68,229.964,0.314,0.023
65,13,0,18.977,227.814,0.457,346,18.706,244.454,0.326,0.032
66,9,0,19.163,230.372,0.472,349,18.548,249.451,0.326,0.034
67,2,0,19.302,230.023,0.475,346,18.701,251.58,0.322,0.034
68,7,0,19.791,230.86,0.479,347,18.577,259.318,0.322,0.039
69,5,0,19.884,230.488,0.481,345,18.739,259.394,0.318,0.038
70,8,0,19.907,230.488,0.479,348,18.611,261.479,0.321,0.039
71,5,0,19.721,234.465,0.49,350,18.55,259.639,0.322,0.038
72,6,0,20.116,234.93,0.498,349,17.975,257.114,0.316,0.039
73,13,0,20.302,236.721,0.498,359,17.145,269.14,0.326,0.046
74,8,0,20.674,242.349,0.516,365,16.538,277.469,0.333,0.055
75,13,0,20.814,245.093,0.522,375,16.265,283.364,0.338,0.062
76,5,0,21.256,245.093,0.524,374,16.16,284.302,0.338,0.069
77,8,0,22.163,248.488,0.54,375,15.346,301.467,0.342,0.093
78,13,0,22.442,250.14,0.541,385,15.204,314.543,0.351,0.113
79,12,0,23.233,252.442,0.544,391,14.691,332.892,0.359,0.152
80,7,0,23.512,260.023,0.563,395,13.929,345.984,0.366,0.175
81,10,0,23.907,260.116,0.558,400,13.511,348.131,0.37,0.2
82,9,0,24.14,260.512,0.558,406,13.14,354.572,0.373,0.219
83,3,0,24.302,260.907,0.56,404,13.003,361.037,0.374,0.23
84,4,0,24.302,263.163,0.571,401,13.196,355.357,0.372,0.226
85,8,0,24.395,260.326,0.559,400,13.195,354.635,0.37,0.224
86,8,0,24.558,261.535,0.563,407,12.86,363.74,0.376,0.248
87,10,0,24.814,261.86,0.561,411,12.461,377.397,0.382,0.279
88,5,0,25.07,261.977,0.567,405,12.663,372.03,0.377,0.279
89,5,0,25.047,261.977,0.569,406,12.741,372.838,0.374,0.271
90,5,0,25.116,264.093,0.574,405,12.677,376.007,0.375,0.278
91,10,0,25.535,265.698,0.573,407,12.43,383.431,0.381,0.32
92,13,0,25.93,269.884,0.58,413,12.054,397.54,0.386,0.364
93,10,0,26.163,277.488,0.609,418,11.879,406.685,0.394,0.408
94,9,0,26.233,278.744,0.617,423,11.234,413.944,0.399,0.424
95,10,0,26.581,279.512,0.62,429,10.744,429.155,0.406,0.472
96,4,0,26.721,280.581,0.621,429,10.739,430.239,0.406,0.483
97,7,0,26.767,280.721,0.618,431,10.601,438.897,0.411,0.507
98,7,0,26.953,280.721,0.616,434,10.974,443.563,0.414,0.534
99,10,0,27.419,285.209,0.641,436,10.983,449.322,0.413,0.567
100,6,0,27.837,286.349,0.645,433,10.95,454.468,0.415,0.603
101,4,0,28.209,288.442,0.648,433,10.889,459.492,0.414,0.627
102,4,0,28.302,288.442,0.65,432,10.926,460.705,0.413,0.632
103,8,0,28.605,290.558,0.65,434,11.776,467.17,0.417,0.672
104,6,0,28.419,290.395,0.65,435,11.909,461.382,0.413,0.648
105,4,0,28.465,289.488,0.65,430,12.072,457.589,0.406,0.627
106,13,0,28.721,303.279,0.655,435,11.864,470.999,0.415,0.677
107,12,0,28.86,307.93,0.663,442,11.918,476.133,0.419,0.696
108,7,0,29.14,308.14,0.66,447,11.865,488.674,0.422,0.725
109,11,0,29.488,312.605,0.68,453,11.538,505.189,0.43,0.764
110,12,0,29.349,312.605,0.681,459,11.343,513.063,0.436,0.773
111,6,0,29.07,312.628,0.682,459,11.43,506.127,0.436,0.756
112,6,0,28.837,312.0,0.68,461,11.561,499.858,0.433,0.736
113,12,2,29.209,314.14,0.692,467,18.771,506.482,0.44,0.814
114,10,0,29.14,314.14,0.692,470,18.647,510.646,0.446,0.823
115,9,0,29.186,314.14,0.694,472,18.722,510.636,0.444,0.821
116,7,0,29.023,309.674,0.69,471,18.601,511.787,0.441,0.806
117,8,0,29.163,308.442,0.692,473,18.635,517.744,0.44,0.811
118,9,0,29.047,309.279,0.687,479,18.537,518.964,0.446,0.819
119,4,0,29.419,308.837,0.695,476,18.421,520.347,0.444,0.832
120,6,0,29.651,312.419,0.693,476,18.308,529.042,0.446,0.845
121,4,0,29.744,309.186,0.694,473,18.33,530.153,0.443,0.842
122,5,0,30.047,309.605,0.696,469,18.347,529.624,0.441,0.85
123,13,0,30.279,310.884,0.698,475,18.249,547.469,0.447,0.869
124,6,0,30.372,310.605,0.7,479,18.242,551.326,0.449,0.876
125,11,0,31.163,312.372,0.704,486,18.063,565.49,0.455,0.908
126,4,0,31.488,313.465,0.712,484,18.058,565.529,0.451,0.912
127,9,0,31.907,311.093,0.715,484,17.947,574.982,0.449,0.919
128,5,0,31.744,310.767,0.714,485,18.022,572.852,0.447,0.914
129,11,0,31.93,310.744,0.719,490,18.028,580.514,0.447,0.918
130,5,0,32.023,310.907,0.718,490,17.517,582.945,0.449,0.921
131,8,0,32.465,311.791,0.722,489,17.563,586.813,0.446,0.927
132,6,0,32.535,315.605,0.725,490,17.55,588.245,0.447,0.929
133,2,0,32.953,315.605,0.728,486,17.605,587.716,0.441,0.932
134,7,0,32.907,315.605,0.727,492,17.534,589.464,0.443,0.934
135,11,0,33.186,316.744,0.727,498,17.494,601.503,0.448,0.943
136,3,0,33.512,319.186,0.736,495,17.437,600.928,0.447,0.947
137,12,0,32.814,320.512,0.735,503,17.417,602.147,0.454,0.941
138,10,0,21.488,320.605,0.628,504,27.479,373.793,0.453,0.39
139,7,0,21.907,314.814,0.63,501,27.433,378.358,0.452,0.418
140,9,0,21.953,314.814,0.627,507,27.213,386.628,0.458,0.442
141,13,0,22.628,320.674,0.638,515,26.746,403.742,0.465,0.515
142,10,1,23.0,320.674,0.639,513,26.48,402.259,0.466,0.544
143,5,0,23.535,320.674,0.643,510,26.425,413.861,0.464,0.578
144,8,1,23.953,320.674,0.651,512,26.246,426.714,0.466,0.616
145,5,1,24.465,320.721,0.655,507,26.238,431.46,0.46,0.631
146,5,0,24.744,320.721,0.664,504,26.313,440.905,0.455,0.638
147,9,0,25.023,320.721,0.672,508,26.116,447.874,0.461,0.676
148,12,0,25.674,327.209,0.676,511,20.173,460.981,0.464,0.686
149,10,0,25.953,327.372,0.681,516,19.93,473.792,0.471,0.724
150,7,1,26.0,327.372,0.681,515,18.188,474.969,0.469,0.708
151,7,0,26.372,327.372,0.684,512,18.008,483.657,0.47,0.734
152,7,0,26.884,327.512,0.687,506,17.972,490.371,0.467,0.755
153,8,0,27.209,327.953,0.695,506,17.769,509.852,0.468,0.776
154,13,1,28.186,319.581,0.695,515,25.025,533.165,0.472,0.864
155,10,0,28.488,321.14,0.697,519,25.01,541.658,0.475,0.879
156,7,2,29.233,324.488,0.706,519,20.751,562.757,0.478,0.893
157,10,1,29.326,324.488,0.707,524,20.656,565.346,0.481,0.9
158,6,0,29.581,324.442,0.709,524,20.563,572.902,0.482,0.908
159,9,5,29.442,324.233,0.709,523,20.554,570.517,0.482,0.903
160,7,0,29.14,324.372,0.706,526,20.57,570.141,0.485,0.899
161,9,3,29.279,324.372,0.706,530,20.545,573.612,0.485,0.903
162,7,0,29.512,326.023,0.709,533,20.484,577.045,0.488,0.913
163,3,0,29.558,326.023,0.708,532,20.436,576.165,0.487,0.913
164,10,2,29.884,326.07,0.712,532,20.347,584.779,0.487,0.919
165,2,0,29.884,326.07,0.712,530,20.555,582.347,0.486,0.919
166,6,0,29.698,329.442,0.71,533,20.538,575.588,0.487,0.916
167,8,1,29.977,329.442,0.708,535,20.441,582.735,0.489,0.924
168,9,2,30.209,329.442,0.71,538,14.771,586.115,0.492,0.919
169,4,2,30.465,328.837,0.722,532,20.747,578.109,0.488,0.934
170,6,0,30.837,328.837,0.724,533,20.394,586.185,0.488,0.94
171,6,0,31.14,328.837,0.725,532,19.069,591.786,0.487,0.942
172,9,0,31.349,328.837,0.726,533,18.777,596.06,0.491,0.948
173,13,1,24.93,326.698,0.695,539,26.128,461.805,0.495,0.77
174,9,2,25.163,328.488,0.699,545,25.672,471.5,0.501,0.794
175,7,3,25.628,329.651,0.702,543,25.652,478.342,0.498,0.809
176,6,1,25.674,329.651,0.703,544,25.463,480.249,0.5,0.815
177,5,0,25.93,329.651,0.706,543,25.526,481.515,0.496,0.82
178,11,1,26.372,328.953,0.71,544,25.313,487.825,0.496,0.837
179,5,1,26.884,328.953,0.718,537,25.455,491.983,0.486,0.839
180,5,0,27.209,329.116,0.718,539,25.332,498.385,0.489,0.858
181,6,0,27.442,329.116,0.719,537,25.331,500.286,0.483,0.857
182,13,1,27.86,329.116,0.72,544,25.0,515.136,0.493,0.886
183,7,1,27.721,329.116,0.716,544,25.156,505.706,0.491,0.879
184,13,1,27.791,329.116,0.715,554,25.091,515.149,0.499,0.893
185,11,2,27.744,329.116,0.713,559,25.129,516.368,0.504,0.899
186,13,3,27.767,329.605,0.71,564,25.09,516.855,0.506,0.901
187,12,1,28.0,329.605,0.712,567,25.049,525.547,0.506,0.908
188,8,3,28.14,328.86,0.712,566,25.384,521.813,0.503,0.909
189,5,1,28.512,335.256,0.716,565,21.064,531.382,0.503,0.906
190,10,1,28.93,335.256,0.722,562,20.923,545.535,0.501,0.914
191,7,1,29.0,335.256,0.722,561,20.908,540.702,0.502,0.917
192,5,1,29.279,335.047,0.719,558,21.01,545.671,0.498,0.92
193,12,0,29.535,336.512,0.723,562,20.407,553.81,0.502,0.928
194,11,2,30.209,336.512,0.725,563,20.283,567.707,0.5,0.939
195,6,1,30.442,337.419,0.724,561,20.573,571.249,0.498,0.942
196,8,1,30.907,336.512,0.728,560,20.542,570.101,0.493,0.945
197,10,3,31.349,336.512,0.728,559,20.436,576.515,0.495,0.954
198,5,0,31.535,336.767,0.726,557,20.458,576.868,0.493,0.954
199,5,1,31.814,336.767,0.726,554,20.406,579.141,0.492,0.958
200,5,0,31.721,333.186,0.728,552,20.576,572.718,0.488,0.954
201,13,1,32.349,333.628,0.732,559,20.421,588.212,0.492,0.964
202,6,3,32.256,337.395,0.737,553,20.273,585.882,0.489,0.961
203,10,3,32.163,337.395,0.733,555,20.314,580.261,0.491,0.961
204,8,1,32.442,337.395,0.736,551,20.617,575.151,0.482,0.96
205,11,0,31.884,337.395,0.729,555,20.576,573.748,0.487,0.956
206,6,0,32.163,337.395,0.736,559,19.083,590.753,0.494,0.961
207,9,0,27.116,328.0,0.699,563,27.28,482.47,0.487,0.86
208,3,0,27.535,327.86,0.702,558,27.401,483.4,0.482,0.867
209,8,1,27.395,331.791,0.718,559,22.0,484.489,0.487,0.848
210,13,1,25.953,318.977,0.68,565,30.333,458.117,0.489,0.829
211,13,0,26.698,338.837,0.69,570,17.646,472.127,0.494,0.811
212,9,0,27.023,338.326,0.699,569,17.681,475.648,0.493,0.825
213,9,0,28.023,340.488,0.717,569,17.367,492.509,0.494,0.867
214,6,0,28.07,340.488,0.713,570,17.387,493.279,0.492,0.864
215,13,0,28.86,340.605,0.726,576,17.071,520.438,0.5,0.9
216,7,0,29.116,340.605,0.727,579,15.936,528.096,0.506,0.911
217,4,0,28.93,340.605,0.718,577,16.011,520.771,0.504,0.905
218,6,0,29.186,341.047,0.719,577,15.972,522.346,0.502,0.909
219,4,0,29.488,341.535,0.717,577,20.782,525.31,0.502,0.928
220,8,0,30.14,341.698,0.722,579,20.592,538.289,0.503,0.941
221,7,1,30.581,341.698,0.725,575,19.772,544.247,0.497,0.942
222,5,0,30.744,341.279,0.729,573,19.75,551.332,0.496,0.944
223,7,1,30.791,341.279,0.729,571,19.745,550.654,0.495,0.944
224,6,1,31.558,340.884,0.736,564,19.764,563.921,0.488,0.951
225,7,0,31.93,341.233,0.738,566,19.675,572.691,0.492,0.958
226,4,0,31.744,341.233,0.739,566,19.709,567.347,0.49,0.955
227,7,0,31.907,333.721,0.739,572,23.791,581.284,0.495,0.965
228,7,0,31.977,333.721,0.736,567,23.799,579.024,0.494,0.965
229,4,0,32.256,333.721,0.736,559,23.761,579.452,0.492,0.966
230,6,0,32.256,333.721,0.735,562,23.676,578.977,0.494,0.967
231,12,3,32.349,333.721,0.737,563,23.497,592.604,0.499,0.97
232,7,1,32.116,333.86,0.736,561,23.598,577.607,0.496,0.967
233,3,1,32.256,334.0,0.739,557,23.692,574.902,0.49,0.965
234,4,0,32.209,334.0,0.74,557,23.726,572.018,0.489,0.965
235,8,3,32.605,334.0,0.74,557,23.603,583.569,0.491,0.969
236,10,2,32.442,334.186,0.744,558,23.259,577.749,0.486,0.965
237,5,1,32.674,334.186,0.744,557,23.287,579.271,0.483,0.966
238,12,1,33.0,334.349,0.746,557,23.207,583.421,0.485,0.97
239,10,0,33.233,334.651,0.745,560,23.118,595.957,0.49,0.974
240,11,1,34.07,334.651,0.754,555,23.173,601.018,0.483,0.978
241,13,0,34.419,334.86,0.751,559,23.407,608.953,0.485,0.981
242,3,2,34.651,334.86,0.754,550,23.958,610.625,0.478,0.98
243,5,1,34.465,334.86,0.755,543,24.01,606.54,0.472,0.977
244,9,0,34.698,334.86,0.756,546,23.909,621.755,0.478,0.981
245,11,4,35.116,335.047,0.766,548,23.38,636.6,0.485,0.984
246,12,4,34.953,335.047,0.765,551,23.361,636.186,0.488,0.984
247,8,1,35.07,335.047,0.765,555,23.338,640.314,0.49,0.985
248,7,0,35.256,335.14,0.763,553,23.249,641.166,0.487,0.985
249,7,0,35.302,334.395,0.767,553,23.339,637.413,0.483,0.985
250,6,0,35.07,334.395,0.767,552,23.226,622.602,0.479,0.983
251,7,0,35.395,334.395,0.77,553,23.154,634.381,0.481,0.985
252,8,2,35.628,334.395,0.771,555,23.102,639.499,0.481,0.986
253,7,3,35.419,334.395,0.769,551,23.17,623.585,0.475,0.983
254,12,0,35.279,334.093,0.77,552,23.229,612.169,0.474,0.982
255,10,1,35.558,334.093,0.773,560,23.075,630.911,0.483,0.986
256,7,2,35.512,334.093,0.772,562,23.066,628.111,0.486,0.986
257,2,1,35.581,334.093,0.775,558,23.437,620.681,0.48,0.985
258,4,0,35.814,334.093,0.776,555,23.509,615.058,0.476,0.986
259,10,1,35.814,334.512,0.777,551,23.337,612.814,0.474,0.985
260,11,6,36.116,334.512,0.777,550,23.41,611.449,0.471,0.986
261,7,1,36.256,334.512,0.777,547,23.352,613.748,0.471,0.986
262,8,0,36.023,334.512,0.775,550,23.303,617.75,0.476,0.986
263,5,0,35.791,334.512,0.775,549,23.489,615.212,0.476,0.986
264,5,1,35.605,334.186,0.774,544,23.553,610.926,0.472,0.984
265,7,1,35.372,334.186,0.774,544,23.548,606.426,0.474,0.983
