1,10,0,0.302,2.093,0.0,10,345.752,0.0,0.007,0.041
2,3,0,0.465,2.535,0.0,13,344.4,0.197,0.009,0.043
3,3,0,0.605,3.651,0.001,16,327.567,0.317,0.011,0.027
4,3,0,0.744,5.512,0.003,19,313.23,0.677,0.014,0.019
5,4,0,0.907,6.674,0.004,23,298.499,1.043,0.016,0.012
6,7,0,1.233,9.628,0.007,29,268.406,2.147,0.022,0.006
7,5,0,1.465,13.977,0.015,34,249.601,3.526,0.027,0.004
8,5,0,1.791,16.163,0.018,38,231.462,4.771,0.03,0.002
9,5,0,1.977,20.047,0.025,42,221.702,5.894,0.035,0.002
10,3,0,2.07,21.14,0.026,45,218.843,6.388,0.037,0.002
11,6,0,2.116,22.0,0.026,51,216.412,6.996,0.039,0.002
12,9,0,2.256,23.419,0.024,59,211.361,9.334,0.046,0.002
13,4,0,2.535,26.535,0.029,63,205.866,11.216,0.051,0.002
14,4,0,2.488,26.535,0.027,67,206.39,11.123,0.052,0.002
15,3,0,2.535,27.07,0.025,70,204.638,12.125,0.056,0.002
16,8,0,2.674,29.953,0.029,77,196.513,13.944,0.06,0.001
17,4,0,2.86,32.116,0.032,81,187.91,15.99,0.064,0.001
18,4,0,2.86,32.628,0.03,85,187.198,16.457,0.067,0.001
19,7,0,2.93,35.256,0.035,91,185.34,18.667,0.071,0.001
20,8,0,2.93,36.86,0.035,98,184.202,19.342,0.075,0.001
21,3,0,3.116,38.233,0.04,98,180.9,20.591,0.075,0.001
22,3,0,3.186,39.326,0.044,98,178.645,21.14,0.074,0.001
23,3,0,3.279,41.326,0.047,101,177.833,22.999,0.077,0.001
24,3,0,3.279,41.326,0.045,104,177.899,23.432,0.079,0.001
25,5,0,3.419,44.163,0.049,108,174.524,24.714,0.084,0.001
26,6,0,3.326,43.953,0.047,113,173.2,25.46,0.086,0.001
27,8,0,3.651,47.372,0.052,119,169.491,29.444,0.092,0.001
28,6,0,3.767,49.628,0.054,125,168.662,31.124,0.096,0.001
29,3,0,3.907,49.884,0.055,127,168.077,33.647,0.097,0.001
30,3,0,4.047,50.605,0.055,130,166.845,35.368,0.099,0.001
31,5,0,4.186,51.605,0.061,130,166.071,35.011,0.096,0.001
32,8,0,4.442,53.488,0.063,137,163.929,39.343,0.1,0.002
33,3,0,4.535,55.953,0.069,139,162.742,41.42,0.103,0.002
34,4,0,4.628,56.302,0.068,143,161.925,43.979,0.105,0.002
35,6,0,4.86,57.233,0.067,148,162.556,47.44,0.109,0.002
36,3,0,4.907,58.256,0.069,151,161.843,49.4,0.111,0.002
37,9,0,5.372,62.047,0.078,157,155.944,56.567,0.115,0.002
38,0,0,5.209,61.279,0.079,154,158.297,53.239,0.112,0.002
39,6,0,5.512,62.767,0.082,157,156.139,56.093,0.114,0.002
40,2,0,5.512,62.767,0.081,159,156.055,56.188,0.115,0.002
41,2,0,5.651,62.767,0.081,161,155.429,57.261,0.115,0.002
42,3,0,5.558,62.209,0.081,162,161.463,54.914,0.113,0.002
43,7,0,5.837,63.791,0.084,168,159.88,58.969,0.116,0.003
44,7,0,5.977,64.953,0.085,173,158.984,62.133,0.119,0.003
45,4,0,6.256,65.884,0.09,175,158.157,63.412,0.118,0.003
46,8,0,6.256,68.209,0.094,180,157.024,65.495,0.12,0.003
47,3,0,6.628,69.186,0.096,179,156.096,71.037,0.122,0.003
48,10,0,7.209,77.163,0.113,187,148.374,81.0,0.131,0.003
49,8,0,7.256,80.302,0.12,192,146.315,84.446,0.135,0.003
50,2,0,7.442,77.698,0.116,190,148.028,83.7,0.132,0.004
51,7,0,7.419,77.698,0.113,196,147.973,86.763,0.135,0.004
52,4,0,7.651,77.837,0.115,198,147.598,87.85,0.134,0.004
53,6,0,7.698,77.837,0.112,202,147.369,91.483,0.136,0.004
54,2,0,7.884,78.116,0.112,203,146.963,94.207,0.137,0.004
55,5,0,7.977,79.07,0.115,204,146.658,96.298,0.138,0.005
56,6,0,8.116,80.14,0.115,209,146.101,100.282,0.141,0.005
57,5,0,8.256,80.395,0.113,212,145.629,105.086,0.144,0.005
58,5,0,8.302,80.395,0.111,215,145.523,106.668,0.146,0.005
59,7,0,8.512,82.186,0.115,218,144.871,111.578,0.149,0.006
60,8,0,8.837,87.047,0.126,224,141.934,118.096,0.153,0.006
61,1,0,8.698,87.512,0.13,221,142.438,114.887,0.151,0.006
62,6,0,8.605,87.512,0.127,225,141.502,116.67,0.154,0.006
63,6,0,8.605,88.07,0.127,228,141.255,117.373,0.155,0.006
64,5,0,8.837,88.698,0.127,231,141.207,124.226,0.159,0.007
65,3,0,9.047,88.791,0.128,230,141.137,125.889,0.158,0.007
66,7,0,9.0,88.442,0.126,235,141.138,126.337,0.16,0.007
67,3,0,9.233,88.442,0.128,235,140.636,128.603,0.158,0.007
68,6,0,9.419,89.395,0.13,238,140.388,132.247,0.16,0.008
69,6,0,9.558,92.698,0.135,242,139.889,137.463,0.166,0.009
70,5,0,10.07,94.372,0.14,244,139.265,144.569,0.168,0.011
71,8,0,10.116,95.093,0.137,252,138.832,151.627,0.173,0.011
72,8,0,10.023,98.14,0.148,257,138.731,154.175,0.176,0.012
73,5,0,10.256,99.093,0.153,257,137.674,159.469,0.175,0.012
74,6,0,10.488,100.605,0.159,258,137.407,164.339,0.175,0.013
75,7,0,11.0,101.605,0.16,262,136.775,174.553,0.178,0.015
76,5,0,11.047,101.698,0.16,264,136.699,178.71,0.179,0.015
77,5,0,11.209,101.791,0.16,266,136.572,181.117,0.179,0.016
78,5,0,11.605,101.605,0.16,268,136.3,186.07,0.178,0.018
79,3,0,11.698,101.605,0.159,268,136.226,188.109,0.179,0.019
80,3,0,11.512,101.605,0.157,271,136.282,185.239,0.18,0.018
81,2,0,11.814,101.628,0.163,269,136.399,184.375,0.175,0.018
82,3,0,11.884,101.907,0.165,269,136.423,187.165,0.174,0.019
83,8,0,12.023,102.093,0.163,275,136.21,195.134,0.177,0.02
84,2,0,11.977,102.767,0.164,275,136.175,194.436,0.178,0.02
85,6,0,11.93,104.302,0.165,279,135.619,199.54,0.183,0.021
86,5,0,11.837,104.721,0.164,282,135.288,205.063,0.186,0.021
87,5,0,11.86,106.093,0.169,281,135.342,207.952,0.187,0.021
88,4,0,11.86,106.837,0.167,284,135.188,209.966,0.191,0.022
89,9,0,11.651,109.674,0.173,291,135.155,211.464,0.196,0.023
90,5,0,11.837,109.884,0.175,292,135.258,213.192,0.195,0.024
91,3,0,12.07,110.488,0.181,290,135.165,215.372,0.193,0.025
92,5,0,12.023,110.884,0.18,290,135.321,216.167,0.195,0.025
93,5,0,11.93,111.186,0.181,288,135.153,215.231,0.196,0.025
94,5,0,12.116,113.186,0.185,290,134.721,218.169,0.199,0.027
95,5,0,12.535,114.698,0.191,292,134.269,226.754,0.2,0.031
96,1,0,12.535,114.698,0.193,289,134.371,227.293,0.198,0.03
97,5,0,12.767,116.628,0.203,291,134.25,232.041,0.199,0.032
98,3,0,12.907,118.581,0.21,290,134.135,233.77,0.2,0.034
99,5,0,12.953,118.581,0.209,292,134.24,234.649,0.2,0.035
100,5,0,13.047,120.837,0.214,295,133.863,241.553,0.205,0.038
101,4,0,9.698,105.884,0.146,295,136.147,180.35,0.204,0.015
102,7,0,9.791,107.953,0.152,299,135.847,186.715,0.208,0.016
103,4,0,9.651,106.302,0.146,297,136.122,184.44,0.206,0.015
104,4,0,10.209,108.86,0.157,296,135.437,196.513,0.208,0.018
105,5,0,10.721,109.907,0.163,297,135.01,206.255,0.208,0.02
106,4,0,11.14,111.721,0.174,295,134.789,212.653,0.206,0.022
107,2,0,11.349,111.721,0.175,293,134.702,216.509,0.204,0.023
108,8,0,11.395,111.884,0.174,297,134.576,218.818,0.205,0.024
109,2,0,11.814,111.884,0.177,294,134.264,225.284,0.203,0.026
110,3,0,11.767,111.047,0.175,293,134.376,223.094,0.203,0.025
111,5,0,12.14,113.907,0.189,294,134.187,230.307,0.202,0.028
112,6,0,12.093,114.0,0.184,298,134.087,237.615,0.207,0.029
113,7,0,12.233,115.465,0.192,300,133.964,235.418,0.205,0.03
114,2,0,12.395,115.465,0.193,296,133.886,236.98,0.203,0.03
115,5,0,12.674,116.698,0.2,296,133.864,243.294,0.201,0.032
116,6,0,12.628,116.326,0.197,298,134.001,240.838,0.203,0.033
117,4,0,12.814,116.372,0.203,298,134.17,237.908,0.198,0.032
118,2,0,12.814,116.372,0.204,295,134.229,238.176,0.197,0.032
119,8,0,12.814,117.721,0.205,301,134.057,244.523,0.201,0.034
120,4,0,12.721,117.721,0.206,302,134.115,242.255,0.201,0.033
121,4,0,12.721,116.907,0.204,301,134.15,238.45,0.2,0.032
122,9,0,13.14,117.884,0.201,307,133.552,257.943,0.207,0.04
123,5,0,13.512,119.256,0.208,307,133.367,262.721,0.208,0.045
124,6,0,13.837,120.209,0.21,308,133.178,270.369,0.21,0.05
125,4,0,14.116,120.209,0.212,308,133.126,276.333,0.208,0.053
126,5,0,14.209,120.93,0.215,312,133.087,278.933,0.209,0.056
127,4,0,14.209,120.209,0.213,313,133.095,277.764,0.208,0.054
128,9,0,14.14,122.233,0.218,317,132.984,279.849,0.211,0.056
129,8,0,14.023,122.767,0.22,321,132.832,278.483,0.212,0.054
130,5,0,14.023,122.767,0.219,323,132.757,278.102,0.213,0.055
131,6,0,14.07,124.767,0.226,328,132.617,281.309,0.216,0.058
132,7,0,13.884,125.558,0.228,332,132.615,282.953,0.218,0.056
133,6,0,13.791,125.558,0.224,336,132.481,287.551,0.222,0.058
134,5,0,13.837,125.512,0.227,335,132.659,288.456,0.22,0.057
135,6,0,13.884,127.791,0.235,340,132.556,295.906,0.225,0.062
136,5,0,13.884,127.791,0.233,340,132.636,297.535,0.226,0.063
137,4,0,14.023,128.93,0.237,341,132.5,302.963,0.228,0.067
138,5,0,14.116,129.465,0.24,343,132.361,304.433,0.228,0.068
139,8,0,14.302,132.0,0.247,350,132.053,312.419,0.232,0.076
140,7,0,14.442,132.0,0.249,352,132.02,313.271,0.231,0.077
141,8,0,14.628,132.837,0.25,358,131.938,324.608,0.234,0.086
142,5,0,14.86,133.651,0.253,360,131.797,332.115,0.236,0.093
143,11,0,15.0,134.93,0.26,361,131.976,334.355,0.236,0.098
144,7,0,15.0,134.93,0.258,365,131.835,341.149,0.239,0.101
145,5,0,14.93,135.721,0.263,364,131.741,341.634,0.24,0.1
146,7,0,15.116,136.395,0.266,366,131.742,344.834,0.241,0.106
147,6,0,15.047,139.581,0.28,368,131.672,343.423,0.242,0.105
148,5,0,15.279,140.233,0.28,369,129.612,346.06,0.244,0.109
149,5,0,15.233,141.349,0.287,369,131.612,346.198,0.244,0.114
150,8,0,15.512,143.698,0.301,373,131.422,352.907,0.245,0.124
151,2,0,15.651,143.907,0.304,369,131.399,355.105,0.243,0.125
152,11,0,15.837,146.488,0.313,375,131.217,367.221,0.249,0.141
153,2,0,15.93,146.488,0.314,373,131.209,370.512,0.248,0.143
154,2,0,15.977,146.488,0.317,369,131.316,362.333,0.245,0.139
155,4,0,16.116,147.047,0.321,369,131.252,369.385,0.245,0.146
156,4,0,16.163,147.907,0.323,369,131.367,366.91,0.244,0.146
157,8,0,16.488,152.628,0.344,369,131.152,379.956,0.25,0.169
158,4,0,16.535,152.628,0.341,371,130.951,388.479,0.254,0.179
159,5,0,16.302,152.628,0.34,373,131.001,384.115,0.255,0.172
160,4,0,16.721,152.814,0.342,368,131.066,386.647,0.252,0.185
161,5,0,16.814,155.093,0.35,364,131.145,386.334,0.249,0.183
162,1,0,17.0,155.093,0.351,359,131.233,387.661,0.246,0.185
163,3,0,17.0,155.093,0.353,355,131.346,379.722,0.241,0.174
164,4,0,17.023,155.093,0.355,350,131.446,372.012,0.238,0.169
165,4,0,17.023,155.093,0.355,351,131.358,377.622,0.239,0.172
166,4,0,16.977,155.093,0.356,349,131.485,370.465,0.236,0.164
167,2,0,17.116,155.093,0.357,347,131.502,369.859,0.234,0.166
168,4,0,17.07,157.047,0.361,347,131.52,371.026,0.236,0.167
169,5,0,16.884,157.047,0.358,350,131.47,371.375,0.238,0.164
170,5,0,16.884,157.302,0.357,355,131.271,373.686,0.242,0.171
171,2,0,16.93,157.302,0.357,353,131.356,374.189,0.241,0.172
172,3,0,16.93,157.302,0.358,350,131.462,370.786,0.239,0.169
173,8,0,17.209,157.86,0.361,350,131.376,377.451,0.241,0.185
174,3,0,17.349,157.86,0.36,349,131.157,381.908,0.241,0.191
175,5,0,17.442,158.535,0.363,353,131.087,385.646,0.244,0.202
176,2,0,17.163,158.535,0.362,349,131.235,375.321,0.241,0.182
177,5,0,16.698,158.535,0.362,345,131.659,366.842,0.239,0.16
178,6,0,16.791,159.093,0.363,344,131.662,370.81,0.239,0.163
179,6,0,16.651,159.093,0.363,345,131.569,364.146,0.238,0.156
180,2,0,16.698,156.814,0.359,339,131.427,363.662,0.236,0.151
181,5,0,17.163,157.163,0.361,337,131.341,374.639,0.236,0.171
182,7,0,17.349,157.279,0.36,340,131.117,380.262,0.238,0.184
183,2,0,17.465,156.372,0.361,337,131.118,379.551,0.236,0.184
184,10,0,17.535,158.674,0.364,345,131.01,385.864,0.239,0.193
185,8,0,17.442,157.953,0.363,351,130.888,393.016,0.241,0.194
186,2,0,17.279,157.953,0.365,349,131.124,382.741,0.239,0.181
187,7,0,17.349,159.047,0.363,352,130.896,390.366,0.242,0.19
188,5,0,17.209,159.163,0.364,352,130.952,386.168,0.241,0.183
189,3,0,17.186,159.163,0.365,349,131.018,379.121,0.239,0.178
190,8,0,17.302,159.0,0.366,353,130.882,388.428,0.243,0.191
191,1,0,17.256,159.0,0.365,354,130.875,387.766,0.244,0.19
192,6,0,17.395,159.0,0.365,356,130.697,398.471,0.247,0.204
193,6,0,17.581,159.0,0.363,361,130.535,410.045,0.253,0.227
194,7,0,17.488,159.302,0.362,365,130.481,413.886,0.256,0.23
195,8,0,17.953,160.326,0.367,364,130.376,426.797,0.257,0.26
196,5,0,17.907,160.14,0.365,363,130.348,429.462,0.258,0.259
197,2,0,17.977,160.14,0.364,362,130.326,432.319,0.258,0.264
198,7,0,18.116,160.14,0.364,362,130.291,434.11,0.258,0.271
199,4,0,18.349,160.605,0.367,364,130.214,441.827,0.259,0.288
200,2,0,18.488,163.186,0.368,366,130.152,451.776,0.263,0.31
201,2,0,12.605,137.837,0.232,365,131.405,301.637,0.263,0.069
202,5,0,12.744,138.535,0.236,366,131.313,302.19,0.263,0.072
203,4,0,12.884,139.233,0.238,369,131.162,310.272,0.265,0.076
204,5,0,12.977,139.86,0.24,370,131.029,314.472,0.266,0.08
205,6,0,13.209,140.837,0.242,374,130.766,324.061,0.269,0.088
206,5,0,13.698,141.465,0.25,371,130.718,332.405,0.266,0.097
207,4,0,13.791,141.465,0.25,372,130.699,335.255,0.266,0.1
208,4,0,13.884,142.488,0.256,374,130.692,337.534,0.267,0.103
209,3,0,13.977,142.93,0.257,376,130.685,340.809,0.268,0.108
210,12,0,14.209,143.442,0.26,383,130.528,347.501,0.269,0.116
211,6,0,14.349,143.581,0.265,383,130.63,345.18,0.266,0.115
212,3,0,14.791,143.698,0.275,380,130.658,348.967,0.26,0.12
213,5,0,14.698,143.744,0.274,384,130.603,347.629,0.262,0.121
214,1,0,14.907,143.302,0.275,378,130.549,349.548,0.259,0.122
215,1,0,15.279,142.605,0.279,369,130.796,346.1,0.253,0.126
216,2,0,15.465,144.326,0.288,367,130.745,348.647,0.252,0.132
217,5,0,15.767,144.698,0.294,363,130.738,353.521,0.249,0.137
218,4,0,15.535,144.698,0.295,362,130.832,344.879,0.248,0.127
219,7,0,15.884,145.698,0.299,362,130.642,357.274,0.249,0.142
220,4,0,15.884,145.698,0.298,364,130.633,358.089,0.25,0.143
221,6,0,16.163,148.186,0.308,367,130.466,371.176,0.254,0.161
222,5,0,16.256,148.186,0.305,370,130.263,381.633,0.257,0.171
223,3,0,16.209,148.186,0.309,362,130.465,372.776,0.253,0.16
224,5,0,16.349,148.465,0.313,355,130.709,371.84,0.248,0.159
225,7,0,16.372,149.047,0.315,358,130.734,372.501,0.25,0.164
226,10,0,16.442,149.372,0.314,364,130.511,379.807,0.254,0.173
227,5,0,16.488,149.372,0.312,368,130.466,383.748,0.256,0.179
228,5,0,16.767,150.07,0.314,368,130.239,391.831,0.258,0.197
229,4,0,16.86,152.279,0.323,370,130.126,401.185,0.261,0.208
230,4,0,17.093,152.326,0.326,367,130.258,398.657,0.258,0.213
231,2,0,17.14,152.326,0.327,364,130.266,399.761,0.257,0.213
232,3,0,17.093,152.977,0.332,361,130.365,395.365,0.255,0.205
233,6,0,17.605,152.977,0.333,362,130.244,404.671,0.253,0.228
234,2,0,17.698,152.977,0.333,362,130.195,407.584,0.254,0.235
235,1,0,17.791,152.977,0.333,359,130.187,410.124,0.253,0.238
236,1,0,17.837,153.488,0.339,355,130.327,402.677,0.251,0.235
237,5,0,18.116,153.488,0.339,354,130.231,408.266,0.251,0.252
238,3,0,18.209,155.256,0.348,351,130.254,412.123,0.25,0.255
239,3,0,18.163,155.419,0.347,350,130.264,410.056,0.251,0.255
240,4,0,18.279,155.419,0.346,353,130.22,412.647,0.252,0.263
241,6,0,18.093,155.744,0.347,356,130.168,416.725,0.254,0.257
242,8,0,17.953,156.512,0.352,358,130.302,412.561,0.254,0.249
243,4,0,17.907,156.512,0.351,358,130.291,413.856,0.254,0.247
244,8,0,18.14,159.326,0.365,360,130.181,418.567,0.256,0.266
245,3,0,18.093,159.326,0.368,356,130.284,407.709,0.251,0.249
246,6,0,18.047,160.186,0.37,356,130.257,407.786,0.252,0.25
247,10,0,17.953,160.186,0.367,366,130.096,416.147,0.258,0.26
248,7,0,17.791,160.186,0.365,371,130.121,416.978,0.26,0.256
249,7,0,18.209,160.186,0.366,374,130.093,425.199,0.258,0.275
250,6,0,18.256,160.186,0.366,376,130.059,429.398,0.258,0.279
251,5,0,18.349,160.558,0.369,376,130.019,432.435,0.259,0.286
252,5,0,18.116,159.698,0.368,375,130.147,418.2,0.256,0.265
253,4,0,18.256,159.372,0.369,374,130.084,427.889,0.257,0.275
254,3,0,18.349,159.372,0.368,375,130.049,438.353,0.259,0.288
255,7,0,18.326,159.372,0.365,381,129.949,442.411,0.264,0.3
256,6,0,18.233,160.907,0.38,377,130.251,428.058,0.257,0.277
257,3,0,18.465,161.0,0.381,375,130.204,431.388,0.256,0.287
258,3,0,18.233,161.0,0.381,374,130.29,425.727,0.256,0.274
259,2,0,18.233,161.0,0.38,373,130.304,424.964,0.257,0.275
260,3,0,18.163,161.0,0.381,371,130.369,422.335,0.256,0.268
261,7,0,18.07,161.0,0.381,373,130.336,421.728,0.256,0.264
262,3,0,18.163,161.0,0.381,373,130.338,424.565,0.256,0.269
263,8,0,18.349,162.047,0.384,376,130.132,435.992,0.26,0.291
264,3,0,18.302,162.535,0.384,379,130.046,436.753,0.262,0.294
265,2,0,18.302,162.233,0.385,375,130.231,427.605,0.259,0.285
266,5,0,18.674,165.093,0.39,375,130.063,450.36,0.263,0.321
267,5,0,18.814,167.116,0.396,376,130.079,454.327,0.264,0.335
268,7,0,18.767,171.651,0.399,376,130.183,453.852,0.265,0.335
269,4,0,18.442,172.116,0.402,372,130.29,444.313,0.263,0.309
270,3,0,18.14,168.419,0.399,369,130.413,432.265,0.261,0.284
271,5,0,18.07,171.907,0.402,368,130.408,434.62,0.264,0.286
272,3,0,18.302,171.907,0.404,365,130.456,435.849,0.261,0.294
273,9,0,18.395,172.256,0.405,365,130.472,428.062,0.259,0.292
274,5,0,18.395,172.395,0.405,367,130.39,434.36,0.26,0.297
275,4,0,18.302,172.395,0.406,364,130.488,424.48,0.258,0.283
276,3,0,18.256,173.395,0.407,363,130.523,423.998,0.257,0.279
277,7,0,17.791,173.395,0.406,367,130.74,414.271,0.26,0.259
278,6,0,17.93,173.395,0.406,369,130.7,416.824,0.259,0.267
279,6,0,18.07,177.605,0.406,374,130.541,429.006,0.265,0.291
280,5,0,18.07,177.605,0.409,375,130.528,429.948,0.264,0.287
281,5,0,17.907,178.047,0.407,372,130.549,425.336,0.264,0.278
282,6,0,18.186,178.047,0.408,376,130.364,439.83,0.27,0.313
283,0,0,17.953,178.047,0.41,368,130.486,425.478,0.266,0.287
284,2,0,18.093,178.047,0.407,363,130.581,427.019,0.262,0.285
285,5,0,18.14,177.977,0.408,358,130.691,418.611,0.257,0.274
286,7,0,17.86,177.977,0.407,360,130.651,414.442,0.257,0.256
287,7,0,17.721,177.674,0.405,364,130.676,413.105,0.259,0.253
288,4,0,17.814,177.767,0.406,364,130.668,413.459,0.259,0.259
289,6,0,17.953,179.233,0.409,362,130.523,418.375,0.26,0.27
290,8,0,17.512,179.233,0.407,363,130.606,413.935,0.262,0.249
291,3,0,17.488,179.233,0.407,360,130.663,408.221,0.262,0.247
292,6,0,17.698,179.116,0.409,361,130.638,414.015,0.26,0.255
293,3,0,17.837,182.442,0.421,361,130.457,420.416,0.262,0.266
294,0,0,18.209,182.279,0.422,356,130.446,423.279,0.259,0.281
295,5,0,18.0,185.953,0.423,356,130.472,418.126,0.258,0.265
296,4,0,18.0,186.116,0.423,359,130.411,419.523,0.261,0.272
297,8,0,17.837,186.116,0.42,361,130.491,414.054,0.259,0.259
298,4,0,17.884,186.116,0.42,360,130.681,412.804,0.253,0.246
299,4,0,17.977,186.279,0.421,356,130.554,417.879,0.254,0.253
300,8,0,17.884,186.279,0.417,359,130.587,416.869,0.254,0.247
301,5,0,15.07,158.372,0.362,356,131.923,347.537,0.247,0.114
302,6,0,15.279,161.372,0.361,360,131.609,358.195,0.251,0.126
303,3,0,15.465,161.372,0.362,360,131.552,362.148,0.25,0.131
304,4,0,15.674,162.186,0.365,361,131.446,366.329,0.249,0.137
305,6,0,15.442,162.186,0.364,365,131.394,366.479,0.253,0.134
306,3,0,15.302,162.186,0.363,368,131.392,364.193,0.255,0.132
307,4,0,15.767,173.186,0.395,369,131.048,376.142,0.257,0.154
308,2,0,16.0,172.93,0.396,362,131.176,369.934,0.249,0.148
309,5,0,16.14,173.163,0.396,365,131.079,372.536,0.249,0.153
310,2,0,15.86,173.163,0.397,363,131.385,361.007,0.244,0.134
311,6,0,15.953,173.163,0.395,368,131.297,366.71,0.247,0.142
312,3,0,15.907,173.186,0.394,369,131.199,372.397,0.25,0.146
313,7,0,15.907,173.186,0.394,371,131.18,375.495,0.253,0.152
314,6,0,16.186,173.186,0.394,375,131.009,382.737,0.253,0.163
315,7,0,16.279,173.186,0.388,376,130.923,390.303,0.256,0.172
316,6,0,16.419,174.953,0.389,379,130.828,399.944,0.259,0.185
317,4,0,16.512,176.674,0.39,379,130.825,401.26,0.26,0.191
318,6,1,16.791,176.721,0.393,379,130.814,403.448,0.257,0.199
319,3,0,16.884,180.767,0.393,379,130.819,407.056,0.257,0.204
320,2,0,17.07,180.767,0.394,377,130.771,410.102,0.255,0.208
321,2,0,17.163,179.581,0.398,373,130.809,410.634,0.253,0.206
322,8,0,17.302,181.093,0.396,377,130.709,417.671,0.256,0.222
323,6,0,17.395,181.256,0.395,379,130.67,426.961,0.26,0.236
324,3,0,17.581,180.605,0.395,376,130.661,426.685,0.257,0.241
325,4,0,17.535,180.605,0.396,375,130.712,424.713,0.256,0.233
326,9,0,17.558,181.837,0.397,384,130.447,432.501,0.261,0.249
327,5,0,17.419,182.93,0.396,387,130.406,432.174,0.264,0.247
328,4,0,17.605,181.721,0.397,387,130.356,437.507,0.262,0.253
329,5,0,17.558,182.233,0.4,388,130.381,437.856,0.263,0.253
330,6,0,17.674,187.14,0.401,390,130.406,443.862,0.264,0.263
331,4,0,17.628,187.465,0.401,392,130.398,443.89,0.265,0.264
332,4,0,18.233,187.465,0.402,389,130.404,457.929,0.263,0.296
333,3,0,18.233,187.465,0.403,387,130.399,459.564,0.264,0.298
334,6,0,18.233,187.465,0.401,391,130.168,470.495,0.268,0.309
335,12,0,18.488,188.698,0.399,396,130.032,478.034,0.269,0.327
336,5,0,18.302,188.698,0.398,398,130.057,473.245,0.269,0.317
337,6,0,18.488,188.698,0.406,402,129.993,481.293,0.272,0.337
338,11,0,19.279,188.698,0.404,402,129.898,498.869,0.27,0.387
339,4,0,19.326,188.698,0.405,399,129.913,496.457,0.268,0.383
340,4,0,19.465,188.698,0.402,396,129.941,501.167,0.266,0.388
341,6,0,19.465,188.047,0.405,395,129.968,501.961,0.267,0.391
342,7,0,19.512,188.047,0.405,396,129.895,504.161,0.266,0.391
343,2,0,19.651,188.047,0.404,393,129.921,498.185,0.264,0.393
344,6,0,19.93,188.047,0.406,394,129.866,504.469,0.264,0.416
345,7,0,20.047,188.907,0.406,399,129.741,520.638,0.269,0.44
346,6,0,20.14,189.116,0.405,402,129.656,522.199,0.27,0.451
347,5,0,20.093,189.116,0.404,404,129.609,524.88,0.272,0.455
348,7,0,20.279,191.14,0.409,403,129.545,525.814,0.271,0.463
349,7,0,20.372,191.465,0.409,404,129.439,526.845,0.272,0.476
350,5,0,20.326,192.698,0.406,404,129.452,530.148,0.273,0.473
351,3,0,20.233,192.698,0.405,403,129.488,529.323,0.274,0.47
352,4,0,20.14,192.698,0.406,402,129.511,522.112,0.273,0.46
353,2,0,19.86,191.256,0.404,399,129.698,507.016,0.27,0.43
354,3,0,19.721,191.256,0.405,395,129.742,496.872,0.267,0.409
355,6,0,19.581,191.256,0.406,398,129.734,493.724,0.268,0.401
356,6,0,19.535,190.326,0.403,396,129.879,477.175,0.262,0.378
357,7,0,19.442,190.326,0.406,397,129.898,476.477,0.264,0.378
358,6,0,19.651,190.326,0.405,393,129.979,476.631,0.259,0.376
359,10,0,19.651,188.326,0.402,395,129.844,484.274,0.264,0.392
360,4,0,19.884,188.326,0.404,391,129.842,487.806,0.26,0.398
361,2,0,19.977,188.326,0.403,389,129.885,487.741,0.26,0.402
362,9,0,19.837,188.326,0.402,396,129.913,488.59,0.264,0.406
363,5,0,19.93,188.326,0.403,397,129.883,490.942,0.263,0.411
364,2,0,20.116,188.326,0.405,396,129.837,497.098,0.264,0.429
365,6,0,20.023,188.326,0.406,401,129.749,505.185,0.27,0.443
366,6,0,20.302,188.279,0.406,401,129.568,518.618,0.273,0.472
367,9,0,20.116,188.279,0.404,403,129.512,518.981,0.276,0.469
368,11,1,20.209,190.256,0.407,407,129.351,528.58,0.279,0.487
369,5,0,20.302,190.256,0.408,410,129.231,541.636,0.283,0.508
370,4,0,20.488,190.256,0.419,409,129.181,545.647,0.282,0.518
371,4,0,20.256,190.256,0.419,411,129.185,544.912,0.284,0.506
372,4,1,20.302,190.256,0.419,410,129.173,546.768,0.282,0.505
373,8,1,20.14,190.256,0.417,415,129.116,545.656,0.286,0.504
374,8,1,20.047,190.256,0.415,420,129.13,548.973,0.287,0.5
375,4,0,20.465,190.256,0.419,415,129.154,551.82,0.283,0.518
376,6,0,20.465,190.256,0.418,417,129.115,554.267,0.285,0.526
377,6,0,20.14,190.326,0.419,420,129.241,547.936,0.286,0.504
378,6,0,20.14,190.326,0.418,424,129.207,556.434,0.287,0.51
379,3,0,20.14,190.326,0.418,424,129.215,555.904,0.288,0.513
380,5,0,20.233,190.326,0.415,424,129.148,560.09,0.29,0.529
381,6,1,20.326,190.326,0.415,425,129.175,559.636,0.29,0.535
382,9,1,20.372,190.209,0.417,424,129.114,545.017,0.287,0.526
383,5,0,20.233,190.209,0.417,424,129.066,545.116,0.287,0.517
384,7,0,20.116,190.209,0.415,425,129.217,538.631,0.286,0.502
385,5,0,20.256,190.209,0.423,423,129.188,542.756,0.286,0.514
386,3,0,20.302,190.209,0.424,422,129.172,545.077,0.287,0.52
387,3,0,20.488,190.163,0.425,421,129.144,550.046,0.286,0.532
388,3,0,20.767,190.163,0.427,420,129.176,553.037,0.283,0.543
389,8,0,20.814,190.163,0.425,427,129.078,562.982,0.287,0.562
390,6,0,20.767,190.047,0.426,425,129.118,552.954,0.286,0.554
391,8,0,21.14,190.372,0.425,428,129.004,572.33,0.289,0.593
392,3,0,21.163,190.372,0.425,425,129.052,562.254,0.286,0.583
393,6,0,21.349,190.372,0.43,428,129.037,575.136,0.287,0.601
394,2,1,21.419,190.372,0.427,422,128.966,568.394,0.285,0.598
395,3,0,21.302,190.372,0.427,418,128.995,558.64,0.282,0.581
396,3,0,21.163,190.372,0.427,417,129.027,552.762,0.281,0.566
397,11,0,21.023,189.186,0.427,423,129.094,557.092,0.285,0.568
398,2,0,21.256,189.023,0.428,417,129.086,556.583,0.281,0.571
399,5,1,21.512,187.558,0.427,413,129.045,554.986,0.279,0.583
400,5,0,21.326,189.047,0.423,412,129.181,548.299,0.277,0.566
401,4,0,15.744,159.395,0.345,413,130.336,403.486,0.274,0.183
402,9,0,16.047,163.814,0.357,417,130.186,419.828,0.278,0.207
403,3,0,16.233,164.023,0.359,414,130.174,421.175,0.276,0.211
404,3,0,16.326,164.023,0.36,411,130.163,425.504,0.276,0.216
405,2,0,16.302,164.023,0.361,410,130.214,423.817,0.275,0.214
406,6,0,16.349,164.023,0.363,409,130.147,418.978,0.274,0.213
407,2,0,16.419,164.581,0.364,409,130.122,426.934,0.276,0.22
408,9,0,16.535,167.326,0.371,415,130.028,434.455,0.28,0.238
409,5,0,16.767,167.326,0.37,414,129.981,437.233,0.278,0.246
410,6,0,17.163,167.326,0.372,412,129.832,446.091,0.277,0.265
411,5,0,17.395,168.953,0.378,410,129.792,450.566,0.275,0.273
412,6,0,17.442,171.605,0.38,409,129.82,445.953,0.272,0.269
413,6,0,17.279,172.814,0.368,412,129.794,445.095,0.273,0.26
414,4,0,17.233,172.698,0.369,412,129.865,443.555,0.272,0.256
415,3,0,17.419,173.349,0.371,411,129.818,446.027,0.271,0.264
416,7,0,17.233,173.442,0.376,415,129.712,453.186,0.278,0.271
417,3,0,17.512,173.442,0.375,413,129.613,461.333,0.278,0.289
418,4,0,17.953,179.279,0.383,410,129.541,472.95,0.279,0.319
419,0,0,18.279,179.279,0.384,405,129.512,480.406,0.277,0.338
420,6,0,18.279,179.977,0.386,410,129.427,491.405,0.281,0.349
421,5,0,18.326,179.977,0.386,411,129.442,491.455,0.281,0.353
422,6,0,18.279,179.977,0.389,415,129.426,488.738,0.284,0.359
423,5,1,18.233,180.047,0.39,413,129.41,489.177,0.283,0.351
424,2,0,18.326,180.047,0.398,410,129.364,483.08,0.28,0.349
425,4,0,18.326,180.047,0.399,409,129.362,480.116,0.279,0.345
426,7,0,18.326,180.326,0.398,414,129.312,486.04,0.281,0.351
427,8,0,18.419,180.279,0.397,414,129.323,485.805,0.281,0.356
428,3,0,18.163,179.674,0.39,409,129.447,471.079,0.276,0.323
429,3,0,18.349,179.674,0.39,407,129.448,475.156,0.276,0.336
430,3,0,18.442,179.674,0.389,409,129.359,479.422,0.278,0.35
431,3,0,18.302,182.535,0.395,407,129.322,473.996,0.278,0.339
432,3,0,18.209,182.535,0.393,406,129.394,473.802,0.278,0.333
433,0,0,18.047,182.535,0.394,402,129.509,465.648,0.275,0.313
434,9,0,18.093,181.372,0.388,408,129.493,469.248,0.278,0.325
435,6,0,18.233,181.721,0.384,409,129.39,473.534,0.278,0.336
436,5,0,18.465,181.07,0.388,408,129.406,475.56,0.275,0.341
437,7,0,18.465,181.07,0.393,408,129.311,483.023,0.279,0.354
438,10,0,18.605,181.07,0.398,416,129.15,493.484,0.285,0.384
439,3,0,18.512,181.07,0.4,413,129.244,484.619,0.283,0.37
440,3,0,18.791,181.07,0.402,408,129.29,483.4,0.279,0.377
441,6,0,18.605,181.233,0.402,410,129.276,481.775,0.281,0.369
442,2,0,18.512,181.233,0.401,406,129.323,480.407,0.278,0.353
443,4,0,18.419,181.233,0.397,405,129.355,480.432,0.277,0.343
444,5,0,18.605,181.233,0.399,404,129.431,473.831,0.272,0.343
445,2,0,18.465,181.116,0.4,398,129.599,468.186,0.268,0.321
446,2,0,18.581,181.116,0.4,396,129.599,470.654,0.268,0.327
447,5,0,18.698,180.465,0.402,393,129.613,466.663,0.266,0.329
448,4,0,18.605,180.465,0.4,396,129.581,472.103,0.268,0.33
449,6,0,18.558,183.256,0.402,399,129.531,473.04,0.272,0.338
450,6,0,18.512,185.884,0.401,402,129.41,482.643,0.275,0.345
451,7,0,18.791,185.884,0.395,407,129.158,500.259,0.281,0.385
452,4,0,18.953,185.488,0.396,408,129.101,504.393,0.282,0.4
453,7,0,19.047,185.488,0.396,409,129.086,507.356,0.283,0.409
454,4,0,18.814,185.488,0.386,410,129.126,499.466,0.282,0.39
455,13,0,18.953,186.791,0.399,418,129.076,516.864,0.287,0.417
456,3,0,18.977,186.791,0.396,419,129.085,514.813,0.286,0.414
457,2,0,18.884,186.791,0.397,418,129.144,506.903,0.285,0.405
458,4,0,18.698,186.791,0.393,419,129.211,509.173,0.286,0.395
459,4,0,18.744,186.791,0.398,418,129.169,507.358,0.288,0.404
460,6,0,18.558,186.791,0.399,418,129.253,496.749,0.286,0.385
461,5,0,18.651,187.535,0.401,414,129.358,495.533,0.283,0.382
462,8,0,18.791,187.535,0.401,417,129.346,498.851,0.283,0.391
463,8,2,18.884,188.535,0.398,418,129.271,505.488,0.286,0.41
464,3,0,19.116,188.535,0.4,415,129.261,511.714,0.286,0.426
465,7,0,19.302,188.535,0.405,419,129.156,525.684,0.29,0.454
466,7,1,19.488,189.116,0.413,419,129.042,535.466,0.293,0.481
467,5,0,19.628,190.047,0.417,420,128.987,538.567,0.293,0.491
468,6,1,20.093,190.814,0.42,419,128.869,552.14,0.294,0.528
469,3,0,20.14,190.814,0.422,419,128.88,551.725,0.293,0.528
470,0,0,20.14,190.814,0.423,417,128.912,548.815,0.291,0.522
471,7,1,20.209,190.814,0.43,414,128.903,552.421,0.293,0.533
472,7,0,20.023,190.884,0.424,419,128.927,553.699,0.295,0.526
473,8,0,20.07,190.884,0.423,425,128.889,561.132,0.298,0.54
474,4,0,20.07,190.884,0.422,427,128.803,566.205,0.301,0.553
475,1,0,20.07,190.884,0.421,424,128.82,559.943,0.301,0.553
476,4,0,19.953,190.884,0.421,420,128.829,556.469,0.3,0.54
477,4,0,20.0,190.884,0.421,419,128.845,554.248,0.299,0.54
478,5,1,20.14,190.884,0.423,417,128.821,560.107,0.299,0.55
479,2,0,20.047,190.884,0.422,416,128.812,559.522,0.299,0.542
480,5,0,20.0,190.884,0.424,419,128.733,560.667,0.3,0.543
481,3,0,20.047,190.884,0.426,417,128.749,560.005,0.298,0.54
482,6,0,20.163,191.093,0.427,422,128.588,574.245,0.303,0.566
483,4,0,20.395,192.07,0.434,417,128.553,582.289,0.303,0.581
484,6,0,20.488,192.07,0.432,416,128.515,582.819,0.303,0.588
485,8,0,20.86,192.07,0.43,414,128.559,585.924,0.299,0.604
486,7,0,20.953,192.07,0.432,420,128.47,595.664,0.303,0.622
487,4,1,20.953,192.07,0.428,421,128.539,594.386,0.302,0.621
488,9,1,21.0,192.07,0.429,426,128.476,603.585,0.305,0.635
489,5,1,21.116,192.233,0.429,424,128.491,606.251,0.304,0.638
490,4,0,21.233,192.233,0.433,424,128.501,607.936,0.302,0.641
491,4,0,21.512,192.233,0.434,421,128.461,607.89,0.299,0.65
492,3,0,21.419,192.233,0.432,422,128.472,605.401,0.299,0.644
493,2,0,21.419,192.233,0.433,418,128.545,601.631,0.298,0.639
494,8,0,21.744,192.233,0.44,422,128.464,619.912,0.303,0.678
495,3,0,21.884,192.233,0.442,423,128.417,628.107,0.304,0.692
496,1,0,21.953,191.698,0.443,418,128.566,616.521,0.298,0.678
497,6,0,21.953,191.698,0.443,419,128.513,622.742,0.299,0.682
498,3,0,22.047,191.698,0.443,416,128.493,621.741,0.298,0.683
499,4,0,22.14,191.698,0.445,410,128.537,621.454,0.295,0.68
500,6,0,22.07,191.744,0.445,412,128.512,621.871,0.297,0.683
501,4,0,16.116,162.163,0.347,411,129.868,436.691,0.291,0.242
502,4,0,16.535,162.163,0.35,411,129.724,450.783,0.292,0.268
503,3,0,16.674,162.977,0.36,406,129.766,448.223,0.288,0.268
504,1,0,16.907,166.977,0.367,404,129.769,451.001,0.287,0.278
505,4,0,16.953,166.767,0.364,402,129.872,452.058,0.284,0.273
506,2,0,17.047,166.907,0.365,400,129.819,451.594,0.283,0.276
507,4,0,17.651,167.047,0.37,392,129.819,465.597,0.278,0.3
508,5,0,17.744,167.535,0.367,394,129.709,470.426,0.28,0.31
509,7,0,18.023,167.535,0.368,397,129.743,476.161,0.279,0.328
510,7,0,18.093,167.698,0.368,399,129.658,480.368,0.28,0.335
511,4,0,18.047,168.023,0.37,400,129.629,481.159,0.281,0.335
512,5,0,17.953,166.581,0.377,400,129.757,476.576,0.281,0.327
513,7,0,17.814,168.093,0.385,401,129.765,475.526,0.281,0.32
514,8,0,18.093,168.512,0.387,400,129.74,480.939,0.28,0.334
515,4,0,18.047,168.512,0.389,397,129.884,470.137,0.278,0.326
516,4,0,18.14,170.442,0.395,398,129.796,478.049,0.279,0.336
517,3,0,18.093,170.442,0.396,397,129.779,475.871,0.279,0.333
518,6,0,17.907,171.326,0.393,398,129.807,469.367,0.281,0.327
519,5,0,18.047,173.326,0.402,394,129.911,471.115,0.28,0.331
520,4,0,18.047,173.326,0.401,394,129.997,468.793,0.279,0.328
521,5,0,18.047,173.326,0.402,391,130.077,465.743,0.278,0.326
522,6,0,18.14,173.884,0.402,391,130.086,466.897,0.278,0.333
523,3,0,17.907,173.884,0.4,389,130.153,454.831,0.276,0.314
524,9,0,17.86,174.116,0.398,394,130.142,463.439,0.279,0.317
525,5,0,17.93,174.372,0.398,397,130.061,469.652,0.28,0.327
526,4,0,18.116,174.372,0.403,397,130.04,472.522,0.279,0.335
527,4,0,18.14,174.372,0.404,396,130.062,467.374,0.277,0.33
528,5,0,18.279,174.372,0.407,397,130.041,470.66,0.278,0.342
529,9,0,18.256,171.93,0.412,400,130.066,469.705,0.278,0.341
530,6,0,18.442,171.93,0.413,401,130.017,473.883,0.277,0.35
531,5,0,19.0,175.837,0.42,400,129.905,487.222,0.276,0.387
532,4,0,19.093,178.512,0.43,401,129.781,495.536,0.279,0.405
533,6,0,19.0,179.14,0.43,399,129.876,494.304,0.28,0.401
534,5,0,18.791,182.744,0.43,398,129.774,497.551,0.281,0.388
535,3,0,19.256,184.163,0.432,396,129.697,512.182,0.281,0.424
536,7,1,19.186,181.86,0.432,396,129.703,506.144,0.279,0.409
537,5,1,19.186,181.86,0.431,397,129.657,507.387,0.28,0.412
538,3,0,19.233,182.023,0.43,396,129.71,501.444,0.277,0.406
539,6,0,19.279,183.163,0.431,398,129.841,499.153,0.279,0.418
540,2,0,19.372,182.581,0.434,393,129.965,496.826,0.273,0.405
541,7,0,19.465,182.698,0.433,396,129.943,501.499,0.275,0.42
542,5,0,19.558,182.698,0.434,396,129.989,499.689,0.274,0.423
543,5,0,19.837,183.628,0.433,398,129.832,511.889,0.277,0.453
544,13,0,19.767,183.791,0.436,407,129.545,533.287,0.29,0.493
545,12,0,20.0,183.86,0.438,414,129.332,563.948,0.298,0.539
546,7,0,19.977,183.86,0.441,413,129.349,567.993,0.3,0.545
547,6,0,20.07,184.442,0.446,414,129.321,568.244,0.298,0.547
548,5,0,19.953,184.442,0.441,412,129.301,564.134,0.299,0.538
549,3,0,19.86,184.442,0.443,410,129.245,560.842,0.298,0.53
550,3,0,19.907,184.442,0.442,410,129.231,563.116,0.299,0.534
551,1,0,20.047,184.442,0.442,404,129.282,559.02,0.295,0.532
552,2,0,20.0,184.442,0.442,406,129.275,557.93,0.295,0.53
553,3,0,20.186,184.302,0.441,402,129.14,560.087,0.294,0.538
554,6,1,20.233,184.302,0.442,403,129.074,563.288,0.296,0.548
555,5,1,20.581,188.14,0.445,398,129.032,571.809,0.294,0.566
556,13,0,20.279,188.14,0.441,405,128.851,570.15,0.297,0.554
557,7,1,20.186,188.14,0.44,409,128.852,575.597,0.298,0.549
558,3,0,20.186,188.14,0.441,407,128.865,567.589,0.296,0.543
559,2,0,20.419,188.14,0.442,404,128.843,565.815,0.293,0.551
560,6,0,20.419,188.14,0.44,406,128.851,565.758,0.294,0.553
561,7,0,20.605,187.953,0.444,407,128.772,570.364,0.296,0.573
562,4,0,20.791,187.953,0.445,404,128.819,573.83,0.293,0.579
563,3,1,21.07,187.953,0.447,402,128.83,579.646,0.291,0.592
564,6,0,21.163,188.279,0.447,400,128.779,578.098,0.29,0.596
565,3,0,20.884,186.837,0.439,398,128.972,566.554,0.286,0.561
566,4,0,20.605,186.605,0.44,395,129.114,557.335,0.283,0.529
567,2,0,21.023,186.023,0.442,391,129.11,559.387,0.279,0.549
568,4,0,20.977,186.023,0.44,395,129.001,568.076,0.284,0.561
569,4,0,20.977,186.581,0.439,394,128.96,568.932,0.284,0.562
570,3,0,21.116,186.581,0.437,394,128.958,566.51,0.282,0.564
571,4,0,20.837,186.581,0.432,394,128.993,559.599,0.281,0.539
572,8,0,20.884,186.581,0.434,399,128.885,573.967,0.287,0.564
573,8,0,20.744,186.581,0.433,403,128.901,571.735,0.29,0.563
574,2,0,20.791,186.581,0.431,399,128.911,571.43,0.287,0.556
575,11,0,20.488,187.047,0.428,408,128.889,573.486,0.292,0.552
576,3,0,20.581,187.047,0.429,409,128.803,575.432,0.292,0.56
577,7,0,20.674,187.047,0.432,407,128.865,578.46,0.291,0.562
578,4,0,20.488,187.047,0.431,407,128.849,575.03,0.292,0.55
579,6,0,20.209,187.047,0.431,408,128.902,570.384,0.292,0.529
580,10,0,19.907,187.093,0.432,413,128.879,566.202,0.294,0.513
581,5,0,20.0,188.535,0.434,413,128.806,576.342,0.296,0.527
582,4,0,19.907,191.233,0.436,408,128.879,561.224,0.291,0.503
583,5,0,20.093,191.233,0.44,402,128.968,560.749,0.286,0.499
584,4,0,20.093,191.233,0.438,402,128.975,553.821,0.285,0.495
585,13,0,19.907,191.395,0.434,414,128.794,565.786,0.294,0.514
586,1,0,19.953,191.395,0.436,408,128.937,553.454,0.288,0.496
587,7,0,20.0,191.581,0.434,409,128.899,558.707,0.291,0.512
588,5,0,19.953,191.581,0.433,411,128.908,562.964,0.292,0.512
589,6,0,20.07,193.558,0.434,412,128.904,563.736,0.293,0.522
590,1,0,20.023,193.558,0.434,409,128.939,554.096,0.291,0.513
591,5,0,19.953,193.558,0.434,409,128.972,554.255,0.291,0.507
592,3,0,19.628,192.953,0.435,407,129.149,538.263,0.287,0.468
593,2,0,19.442,192.953,0.433,405,129.223,533.389,0.286,0.452
594,4,0,19.628,190.256,0.432,403,129.263,530.475,0.284,0.461
595,8,0,19.535,190.256,0.429,407,129.208,538.331,0.289,0.469
596,6,0,19.581,190.256,0.43,410,129.145,543.425,0.29,0.478
597,7,0,19.395,190.256,0.428,413,129.091,544.279,0.293,0.471
598,5,0,19.349,190.419,0.43,411,129.138,541.769,0.292,0.464
599,5,0,19.209,190.419,0.428,413,129.083,539.174,0.293,0.46
600,3,0,19.349,190.419,0.433,410,129.08,539.538,0.293,0.467
601,4,0,14.767,161.744,0.336,411,130.008,390.71,0.287,0.167
602,7,0,15.093,161.884,0.338,412,129.94,397.261,0.287,0.181
603,1,0,15.326,162.047,0.341,410,129.904,401.49,0.285,0.187
604,5,0,15.465,163.349,0.347,410,129.841,406.367,0.285,0.194
605,5,0,15.977,163.535,0.354,406,129.797,420.16,0.282,0.211
606,0,0,16.209,163.535,0.357,400,129.853,419.234,0.279,0.215
607,4,0,16.302,163.535,0.358,398,129.87,416.828,0.276,0.215
608,7,0,17.0,166.744,0.38,399,129.72,431.292,0.277,0.256
609,3,0,17.279,166.744,0.384,395,129.64,439.079,0.277,0.27
610,4,0,17.419,168.093,0.392,392,129.511,447.535,0.277,0.278
611,6,0,17.419,168.093,0.391,396,129.468,449.55,0.279,0.284
612,3,0,17.698,168.093,0.396,390,129.575,449.377,0.273,0.284
613,6,0,17.93,169.163,0.4,392,129.491,458.311,0.275,0.307
614,2,0,17.977,169.163,0.401,391,129.537,459.582,0.274,0.305
615,9,0,17.93,168.651,0.399,392,129.563,458.153,0.274,0.302
616,5,0,17.767,168.651,0.4,391,129.661,449.871,0.272,0.287
617,2,0,17.721,167.581,0.395,389,129.736,439.666,0.27,0.277
618,5,0,17.767,167.581,0.393,390,129.702,448.711,0.272,0.287
619,8,0,17.767,168.465,0.394,392,129.62,449.545,0.273,0.289
620,8,0,18.047,170.558,0.399,391,129.522,455.124,0.274,0.31
621,5,0,18.07,170.558,0.401,389,129.614,449.983,0.269,0.298
622,10,0,17.884,174.791,0.405,394,129.674,449.665,0.272,0.294
623,8,0,18.163,174.93,0.405,400,129.489,466.49,0.277,0.328
624,3,0,18.116,176.791,0.412,400,129.469,459.301,0.277,0.324
625,6,0,18.116,176.791,0.411,403,129.509,466.177,0.278,0.327
626,0,0,18.395,176.791,0.414,397,129.634,463.015,0.274,0.334
627,2,0,18.395,176.674,0.415,390,129.78,457.742,0.27,0.323
628,4,0,18.395,179.674,0.415,392,129.814,457.924,0.27,0.323
629,3,0,18.349,179.674,0.414,395,129.796,462.503,0.271,0.324
630,4,0,18.442,179.674,0.418,395,129.832,463.762,0.272,0.333
631,8,0,18.488,179.674,0.418,397,129.837,462.721,0.272,0.337
632,2,0,18.628,179.674,0.418,395,129.875,459.51,0.27,0.341
633,8,0,18.86,179.488,0.419,393,129.908,464.176,0.268,0.351
634,5,0,19.0,180.698,0.428,395,129.929,465.804,0.268,0.361
635,5,0,18.837,181.93,0.421,397,129.903,464.088,0.268,0.347
636,5,0,18.814,183.186,0.42,401,129.863,466.435,0.27,0.354
637,6,0,18.767,183.349,0.42,403,129.863,470.265,0.272,0.355
638,7,0,18.86,183.349,0.421,406,129.8,475.479,0.275,0.373
639,3,0,18.721,183.349,0.422,404,129.844,467.016,0.273,0.357
640,8,0,18.395,184.07,0.423,407,130.021,456.085,0.275,0.34
641,3,0,18.488,184.07,0.425,407,130.039,456.419,0.273,0.34
642,3,0,18.349,184.07,0.424,409,130.021,452.89,0.274,0.336
643,5,0,18.442,184.07,0.422,411,129.973,455.238,0.274,0.342
644,8,0,18.442,184.14,0.422,414,129.982,454.686,0.273,0.339
645,6,0,18.535,185.302,0.426,416,129.949,458.186,0.276,0.353
646,5,0,18.512,185.302,0.428,416,130.108,453.315,0.274,0.347
647,4,0,18.605,185.302,0.431,417,130.024,452.77,0.275,0.356
648,5,0,18.512,185.302,0.431,417,129.978,450.885,0.276,0.351
649,4,0,18.465,184.14,0.429,419,129.972,450.326,0.275,0.347
650,3,0,18.837,184.14,0.436,416,130.002,460.855,0.272,0.364
651,0,0,18.93,184.14,0.437,410,130.096,454.399,0.267,0.353
652,4,0,18.977,184.14,0.437,410,130.113,454.092,0.266,0.354
653,2,0,19.116,184.14,0.437,409,130.096,456.741,0.266,0.362
654,8,0,19.302,184.14,0.436,412,130.024,464.607,0.267,0.381
655,4,0,19.279,184.14,0.434,413,129.921,464.011,0.269,0.383
656,5,0,19.442,182.837,0.428,410,130.111,455.583,0.262,0.374
657,7,0,19.535,182.837,0.427,415,130.097,458.404,0.264,0.386
658,6,0,19.256,182.837,0.43,415,130.212,450.306,0.265,0.371
659,2,0,19.302,182.837,0.43,415,130.225,451.065,0.265,0.373
660,4,0,19.442,182.837,0.43,413,130.162,460.178,0.266,0.389
661,3,0,19.349,182.977,0.431,413,130.278,452.954,0.264,0.374
662,5,0,19.581,183.093,0.432,408,130.357,456.989,0.262,0.385
663,6,0,19.488,183.093,0.432,409,130.344,456.164,0.261,0.375
664,5,1,19.372,183.093,0.43,407,130.496,445.0,0.258,0.358
665,3,0,19.651,183.093,0.431,403,130.48,449.772,0.256,0.372
666,4,0,19.558,183.093,0.431,403,130.599,446.766,0.256,0.366
667,9,0,19.605,184.721,0.437,409,130.366,452.988,0.26,0.38
668,3,0,19.744,184.721,0.436,409,130.351,461.335,0.261,0.392
669,5,0,19.837,184.721,0.437,406,130.479,457.631,0.257,0.386
670,3,0,19.605,184.651,0.438,403,130.647,444.421,0.254,0.362
671,7,0,19.651,184.651,0.437,405,130.667,447.077,0.254,0.363
672,5,0,19.465,184.651,0.438,406,130.657,446.709,0.254,0.352
673,1,0,19.465,184.651,0.437,403,130.754,437.833,0.253,0.347
674,5,0,19.698,184.651,0.437,401,130.887,448.624,0.253,0.367
675,6,0,19.791,184.651,0.436,395,130.948,450.097,0.25,0.364
676,7,0,20.116,184.767,0.439,398,130.823,466.179,0.254,0.401
677,4,0,20.209,184.767,0.435,398,131.029,461.732,0.253,0.405
678,2,0,20.116,183.535,0.43,394,131.108,450.529,0.25,0.389
679,7,0,19.884,183.535,0.429,396,131.163,454.058,0.253,0.383
680,2,0,19.744,183.535,0.428,395,131.207,450.61,0.253,0.372
681,4,0,19.419,183.535,0.425,393,131.42,433.735,0.249,0.337
682,5,0,19.442,183.186,0.426,391,131.546,430.457,0.248,0.336
683,4,0,19.302,183.186,0.426,393,131.622,429.676,0.249,0.33
684,7,0,19.419,183.186,0.427,393,131.581,429.577,0.248,0.336
685,4,0,19.279,183.186,0.426,393,131.63,424.065,0.247,0.321
686,6,0,19.279,183.186,0.426,394,131.579,424.504,0.247,0.322
687,2,0,19.419,183.186,0.426,392,131.592,420.481,0.244,0.323
688,4,0,19.326,183.186,0.426,390,131.584,420.934,0.245,0.318
689,0,0,19.465,183.186,0.427,386,131.592,423.606,0.244,0.323
690,7,0,19.442,184.349,0.426,390,131.575,422.471,0.244,0.323
691,4,0,19.395,184.605,0.425,388,131.524,420.188,0.242,0.314
692,1,0,19.349,184.326,0.427,384,131.639,414.977,0.239,0.3
693,4,0,19.279,184.326,0.43,380,131.733,408.217,0.236,0.289
694,5,0,19.558,184.326,0.43,380,131.553,416.483,0.237,0.308
695,8,0,19.651,184.326,0.43,382,131.407,426.244,0.241,0.327
696,5,0,19.535,184.0,0.431,382,131.533,423.446,0.24,0.317
697,4,0,19.767,184.0,0.433,380,131.487,424.153,0.239,0.327
698,3,0,19.512,176.674,0.432,376,131.748,406.563,0.235,0.3
699,7,0,19.279,176.674,0.429,375,131.809,394.475,0.232,0.276
700,4,0,19.279,176.535,0.429,374,131.83,394.669,0.23,0.271
701,3,0,14.767,146.372,0.313,374,132.39,300.543,0.229,0.084
702,1,0,14.814,146.372,0.314,373,132.388,300.937,0.229,0.085
703,3,0,14.884,145.721,0.312,370,132.173,304.438,0.229,0.087
704,5,0,15.023,149.163,0.322,371,131.747,318.588,0.234,0.095
705,4,0,15.163,149.209,0.321,372,131.663,324.391,0.236,0.101
706,3,0,15.512,150.837,0.332,367,131.679,329.571,0.233,0.106
707,3,0,15.744,151.0,0.334,364,131.648,329.611,0.231,0.111
708,6,0,16.023,151.442,0.337,363,131.646,333.776,0.23,0.119
709,4,0,16.163,151.442,0.339,361,131.732,336.311,0.229,0.121
710,7,0,16.349,152.256,0.341,363,131.634,344.378,0.231,0.13
711,10,0,16.256,154.093,0.347,370,131.595,349.973,0.234,0.133
712,8,0,16.442,156.0,0.353,374,131.4,361.733,0.238,0.146
713,4,0,16.209,156.0,0.353,373,131.546,355.005,0.237,0.136
714,4,0,16.209,156.233,0.352,375,131.556,359.52,0.239,0.139
715,4,0,16.302,155.256,0.351,376,131.694,355.479,0.239,0.144
716,7,0,16.395,155.651,0.351,374,131.556,364.257,0.239,0.147
717,4,0,16.674,155.651,0.35,375,131.447,372.126,0.241,0.161
718,8,0,16.744,156.326,0.352,378,131.324,383.709,0.246,0.173
719,2,0,16.86,156.326,0.353,376,131.325,381.238,0.245,0.176
720,7,0,16.953,159.07,0.355,378,131.027,394.267,0.249,0.189
721,3,0,16.953,159.07,0.358,375,130.976,393.874,0.246,0.182
722,6,0,17.0,159.07,0.357,377,130.919,394.705,0.247,0.186
723,6,0,17.209,158.791,0.354,378,130.845,401.189,0.248,0.198
724,4,0,17.209,160.209,0.359,378,130.732,409.273,0.252,0.208
725,4,0,17.488,164.372,0.378,379,130.497,417.091,0.256,0.23
726,5,0,17.721,164.372,0.379,380,130.478,419.667,0.255,0.241
727,8,0,17.767,167.395,0.387,381,130.332,428.143,0.259,0.254
728,7,0,17.581,167.953,0.389,383,130.319,419.691,0.261,0.247
729,6,0,17.953,168.279,0.39,378,130.287,426.706,0.259,0.264
730,8,0,17.837,168.279,0.39,380,130.233,430.436,0.261,0.262
731,5,0,18.209,168.279,0.393,375,130.298,433.179,0.256,0.271
732,8,0,18.256,169.395,0.39,383,130.14,445.306,0.264,0.296
733,7,0,18.395,171.186,0.398,385,130.006,455.645,0.266,0.312
734,10,0,18.186,170.628,0.395,390,129.975,450.675,0.267,0.301
735,9,0,18.512,171.279,0.394,393,129.839,462.402,0.268,0.324
736,5,0,18.558,171.279,0.388,393,129.857,465.792,0.267,0.326
737,5,0,18.512,173.977,0.393,394,129.753,469.395,0.272,0.338
738,5,0,18.558,173.977,0.392,398,129.696,478.193,0.275,0.35
739,6,0,18.512,173.302,0.392,396,129.77,467.5,0.271,0.334
740,7,0,18.558,173.302,0.39,397,129.767,475.064,0.274,0.346
741,6,0,18.605,173.628,0.39,400,129.715,481.902,0.276,0.357
742,8,0,18.558,173.628,0.39,403,129.683,480.276,0.276,0.354
743,11,0,18.419,173.814,0.389,408,129.765,475.522,0.276,0.345
744,1,0,18.605,174.047,0.39,405,129.678,477.372,0.275,0.353
745,6,0,18.233,174.186,0.389,407,129.709,470.438,0.277,0.333
746,8,0,18.14,173.86,0.388,407,129.584,469.917,0.278,0.33
747,2,1,18.349,173.86,0.394,400,129.645,468.049,0.274,0.333
748,5,0,18.14,173.86,0.396,400,129.812,458.693,0.271,0.311
749,8,0,18.419,176.186,0.405,401,129.754,468.144,0.272,0.331
750,4,0,18.605,176.186,0.407,399,129.812,471.753,0.27,0.338
751,8,0,18.605,176.186,0.406,404,129.639,482.88,0.275,0.352
752,5,0,18.465,176.186,0.406,407,129.691,478.133,0.276,0.346
753,2,0,18.605,176.023,0.407,402,129.782,473.046,0.27,0.338
754,7,0,18.791,177.372,0.41,406,129.61,486.23,0.276,0.368
755,7,1,18.674,177.372,0.411,402,129.757,474.129,0.273,0.353
756,6,0,18.907,177.372,0.414,402,129.786,482.059,0.271,0.362
757,8,0,18.767,177.372,0.416,404,129.669,487.675,0.275,0.364
758,4,0,18.698,179.047,0.419,403,129.583,486.628,0.277,0.365
759,3,0,18.651,177.698,0.413,403,129.597,484.852,0.276,0.358
760,5,0,18.651,178.581,0.419,407,129.533,489.251,0.279,0.368
761,6,0,18.558,178.581,0.419,407,129.462,486.436,0.281,0.369
762,3,0,18.512,178.581,0.419,404,129.477,480.912,0.279,0.358
763,7,0,18.465,180.07,0.425,403,129.541,478.04,0.277,0.348
764,5,0,18.651,180.07,0.426,404,129.545,484.2,0.276,0.357
765,6,0,18.651,180.116,0.428,404,129.464,483.553,0.276,0.358
766,8,0,18.674,180.116,0.426,407,129.395,489.569,0.279,0.37
767,3,0,18.674,180.116,0.426,407,129.39,489.901,0.28,0.372
768,4,0,18.767,182.953,0.428,406,129.389,493.127,0.281,0.384
769,4,0,18.721,183.279,0.43,405,129.38,491.407,0.282,0.384
770,2,0,18.767,181.605,0.429,403,129.358,491.371,0.282,0.386
771,5,0,18.512,182.605,0.43,401,129.438,482.657,0.279,0.36
772,6,0,18.395,183.163,0.429,403,129.45,479.775,0.281,0.356
773,5,0,18.442,183.349,0.428,403,129.405,485.188,0.281,0.361
774,6,0,18.349,183.349,0.431,403,129.569,479.109,0.278,0.346
775,4,0,18.302,183.349,0.427,399,129.63,468.958,0.275,0.332
776,5,0,18.372,183.349,0.428,401,129.6,473.522,0.276,0.341
777,4,0,18.326,183.581,0.427,400,129.56,482.429,0.279,0.346
778,4,0,18.326,183.581,0.428,400,129.545,482.814,0.279,0.347
779,7,0,18.651,183.651,0.428,400,129.543,488.098,0.277,0.364
780,4,0,18.442,183.605,0.427,399,129.617,474.502,0.276,0.346
781,6,0,18.326,185.419,0.428,400,129.596,478.31,0.277,0.34
782,2,0,18.326,185.419,0.427,402,129.563,480.534,0.278,0.344
783,5,0,18.233,185.419,0.427,406,129.49,482.261,0.281,0.346
784,4,0,17.86,185.419,0.424,404,129.594,468.262,0.28,0.318
785,3,0,17.953,185.791,0.424,402,129.599,471.108,0.279,0.322
786,7,0,18.163,187.0,0.422,404,129.465,481.696,0.284,0.35
787,6,1,18.116,187.907,0.428,404,129.468,474.104,0.283,0.343
788,4,0,18.349,187.907,0.431,404,129.369,476.56,0.282,0.355
789,6,0,18.256,187.907,0.432,407,129.342,483.481,0.284,0.356
790,5,0,18.581,187.907,0.434,405,129.336,493.606,0.283,0.378
791,4,0,18.86,188.837,0.435,403,129.298,498.973,0.281,0.391
792,6,0,18.791,190.977,0.435,400,129.307,490.725,0.28,0.382
793,2,0,18.651,190.977,0.434,397,129.348,486.202,0.281,0.375
794,7,0,18.488,190.977,0.433,397,129.347,482.368,0.282,0.365
795,7,0,18.442,190.977,0.434,402,129.28,489.939,0.286,0.377
796,4,0,18.349,190.977,0.433,404,129.267,489.223,0.289,0.38
797,1,0,18.721,190.977,0.435,398,129.341,492.09,0.284,0.389
798,9,0,18.442,190.977,0.431,401,129.293,495.235,0.287,0.379
799,3,0,18.395,190.977,0.43,398,129.327,492.421,0.286,0.372
800,6,0,18.302,190.977,0.429,402,129.27,489.383,0.287,0.37
801,6,0,14.814,162.953,0.342,400,131.591,383.615,0.278,0.157
802,1,0,14.907,163.442,0.346,399,131.596,384.925,0.277,0.159
803,8,0,15.0,163.674,0.347,401,131.34,390.487,0.279,0.166
804,4,0,15.419,164.767,0.359,398,131.476,398.658,0.277,0.181
805,3,0,15.512,164.767,0.358,396,131.136,402.939,0.279,0.187
806,6,0,15.698,165.628,0.366,397,131.087,407.616,0.28,0.2
807,4,0,15.698,165.628,0.367,391,131.059,408.535,0.28,0.199
808,6,0,15.674,166.209,0.368,391,131.006,407.254,0.28,0.199
809,2,0,15.581,166.023,0.369,387,131.007,401.293,0.277,0.187
810,5,0,15.744,167.047,0.37,389,130.802,410.703,0.282,0.204
811,4,0,16.07,170.349,0.375,389,130.637,419.709,0.282,0.221
812,8,0,16.186,172.07,0.382,392,130.534,421.275,0.284,0.233
813,1,0,16.186,172.07,0.384,387,130.564,417.482,0.282,0.227
814,6,0,16.558,173.698,0.388,390,130.309,431.278,0.286,0.258
815,9,0,16.837,174.14,0.387,396,130.099,443.816,0.289,0.281
816,0,0,16.93,174.14,0.391,389,130.371,436.481,0.283,0.271
817,5,0,17.163,174.14,0.393,390,130.371,438.103,0.28,0.279
818,4,0,17.256,174.14,0.393,389,130.464,432.313,0.276,0.272
819,5,0,17.419,174.14,0.396,389,130.423,437.424,0.277,0.285
820,7,0,17.233,174.14,0.395,392,130.391,434.336,0.278,0.275
821,7,0,17.349,176.349,0.395,398,130.402,443.5,0.28,0.291
822,4,0,17.674,176.186,0.394,391,130.457,447.304,0.276,0.298
823,6,0,17.744,177.256,0.4,393,130.432,452.595,0.276,0.304
824,6,0,18.023,177.256,0.401,391,130.427,457.344,0.274,0.314
825,6,0,18.512,179.488,0.404,389,130.257,473.749,0.275,0.35
826,2,0,18.698,179.488,0.407,382,130.377,469.191,0.269,0.346
827,6,0,18.698,179.488,0.407,385,130.326,468.922,0.272,0.356
828,4,0,18.884,179.488,0.407,387,130.321,477.604,0.272,0.37
829,5,0,18.651,179.488,0.406,389,130.313,480.015,0.274,0.358
830,3,0,18.814,179.488,0.411,384,130.495,476.55,0.271,0.361
831,8,0,19.186,179.488,0.409,384,130.269,487.127,0.272,0.39
832,4,0,19.535,179.488,0.41,384,130.235,493.217,0.27,0.407
833,4,0,19.628,179.302,0.409,383,130.254,494.139,0.268,0.407
834,5,0,19.721,179.302,0.408,385,130.212,498.411,0.269,0.42
835,7,0,19.86,179.442,0.407,388,130.057,505.59,0.272,0.438
836,3,0,19.814,179.86,0.41,389,130.048,504.91,0.273,0.44
837,2,0,19.977,180.023,0.411,386,130.024,509.032,0.272,0.449
838,2,0,20.023,180.023,0.411,383,130.054,509.909,0.271,0.447
839,10,1,19.744,180.023,0.408,390,129.951,516.235,0.277,0.447
840,6,0,19.698,180.023,0.408,390,130.227,502.427,0.272,0.429
841,5,0,19.791,180.023,0.407,393,130.027,510.199,0.274,0.441
842,7,0,19.744,182.512,0.418,396,129.889,505.459,0.275,0.441
843,5,1,19.791,182.512,0.417,396,129.881,505.73,0.276,0.448
844,1,0,19.744,182.512,0.418,392,129.921,501.082,0.274,0.437
845,4,0,19.698,182.512,0.417,395,129.885,503.954,0.277,0.443
846,3,0,19.791,182.512,0.417,393,129.851,505.453,0.276,0.447
847,5,0,19.581,182.512,0.416,395,129.861,500.592,0.277,0.434
848,5,0,19.744,182.837,0.418,396,129.805,503.765,0.278,0.452
849,6,0,19.465,183.023,0.422,398,129.816,497.605,0.279,0.431
850,5,0,19.465,183.023,0.421,399,129.823,496.378,0.277,0.426
851,5,0,19.419,183.163,0.421,404,129.794,497.314,0.279,0.43
852,6,0,19.512,183.163,0.421,405,129.783,501.122,0.281,0.442
853,4,0,19.279,183.163,0.42,406,129.802,498.712,0.283,0.431
854,7,0,19.395,181.535,0.421,405,129.817,492.173,0.28,0.432
855,4,0,19.674,181.721,0.427,405,129.821,508.251,0.283,0.462
856,6,0,19.884,181.721,0.426,404,129.787,512.225,0.284,0.481
857,6,0,19.93,182.093,0.425,407,129.756,514.067,0.287,0.496
858,6,0,20.0,182.093,0.425,409,129.852,516.638,0.287,0.503
859,6,0,20.233,182.093,0.424,410,129.653,524.088,0.287,0.522
860,3,0,20.279,181.837,0.421,402,129.767,512.962,0.281,0.501
861,5,0,20.233,181.837,0.423,404,129.759,519.116,0.283,0.506
862,3,0,20.279,181.86,0.424,400,129.783,509.321,0.279,0.495
863,9,0,20.116,183.767,0.428,406,129.597,508.254,0.284,0.499
864,7,0,20.209,184.302,0.43,408,129.492,514.073,0.287,0.516
865,4,0,20.326,184.465,0.431,404,129.572,513.132,0.285,0.519
866,8,0,20.233,181.86,0.431,404,129.651,507.354,0.283,0.505
867,8,0,20.163,181.977,0.43,398,129.576,498.085,0.279,0.486
868,2,0,20.209,181.977,0.431,395,129.573,498.53,0.278,0.484
869,4,0,19.977,181.977,0.427,394,129.604,490.516,0.277,0.463
870,4,0,19.977,181.837,0.428,394,129.621,490.282,0.277,0.462
871,5,0,20.349,182.116,0.428,393,129.463,500.57,0.278,0.494
872,5,0,20.349,182.209,0.427,392,129.493,504.624,0.278,0.494
873,4,0,20.628,182.209,0.427,390,129.481,506.416,0.276,0.509
874,2,0,20.767,181.837,0.425,388,129.446,511.107,0.276,0.518
875,3,0,20.628,181.674,0.427,386,129.498,503.25,0.272,0.495
876,2,0,20.721,181.674,0.426,386,129.473,506.758,0.273,0.504
877,3,0,20.907,181.674,0.423,382,129.544,506.73,0.27,0.51
878,4,0,20.791,181.674,0.422,377,129.637,496.278,0.267,0.491
879,7,0,20.488,181.0,0.423,377,129.764,489.362,0.265,0.458
880,6,0,20.349,181.326,0.424,379,129.812,485.817,0.264,0.446
881,9,0,20.163,181.465,0.424,386,129.8,482.603,0.267,0.441
882,6,0,20.256,181.674,0.426,388,129.729,493.023,0.27,0.458
883,13,0,20.349,182.488,0.427,394,129.686,499.97,0.271,0.472
884,1,0,20.535,182.488,0.426,388,129.709,501.694,0.27,0.482
885,5,0,20.488,182.488,0.427,386,129.57,504.22,0.27,0.477
886,2,0,20.349,182.628,0.427,386,129.628,499.858,0.269,0.462
887,7,0,20.302,183.349,0.431,386,129.537,504.485,0.273,0.471
888,4,0,20.256,184.093,0.431,380,129.605,491.583,0.268,0.452
889,1,0,20.209,184.093,0.43,372,129.862,473.609,0.259,0.417
890,4,0,20.395,184.07,0.43,371,129.976,475.45,0.258,0.43
891,2,0,20.349,184.07,0.431,370,129.897,477.871,0.26,0.43
892,1,0,20.372,184.07,0.432,369,129.896,477.369,0.26,0.432
893,4,0,20.349,184.07,0.429,367,130.037,471.815,0.255,0.414
894,6,0,20.07,184.07,0.43,366,130.116,457.076,0.254,0.391
895,3,0,20.0,184.07,0.43,366,130.088,457.058,0.255,0.389
896,9,0,20.0,184.07,0.429,371,130.057,463.773,0.257,0.395
897,2,0,20.233,184.07,0.43,369,130.071,460.265,0.254,0.402
898,7,0,20.0,184.07,0.429,375,130.06,465.434,0.258,0.4
899,9,0,19.651,185.721,0.429,374,130.04,459.159,0.26,0.379
900,5,0,19.814,185.721,0.429,376,129.989,462.575,0.261,0.396
901,8,0,15.605,155.977,0.345,381,131.224,374.663,0.263,0.159
902,5,0,15.884,156.093,0.346,382,131.082,382.818,0.264,0.173
903,7,0,15.837,156.326,0.348,382,131.116,382.509,0.265,0.172
904,2,0,15.791,156.326,0.349,382,131.134,378.639,0.264,0.169
905,3,0,16.07,156.326,0.351,378,131.036,380.599,0.262,0.176
906,7,0,16.163,156.698,0.349,377,131.11,383.254,0.26,0.176
907,12,0,16.116,157.116,0.351,386,130.976,390.708,0.264,0.182
908,5,0,15.977,157.116,0.346,386,131.083,386.681,0.264,0.177
909,5,0,16.163,159.023,0.359,387,131.114,389.484,0.263,0.183
910,6,0,16.419,161.651,0.362,390,130.986,401.228,0.268,0.207
911,4,0,16.698,161.651,0.363,390,130.949,405.61,0.267,0.219
912,5,0,16.837,162.093,0.366,389,130.87,413.569,0.269,0.231
913,4,0,16.791,162.093,0.366,389,131.031,408.564,0.269,0.229
914,4,0,16.884,162.163,0.367,389,131.012,410.533,0.268,0.232
915,6,0,17.163,164.233,0.377,389,131.047,420.136,0.269,0.251
916,5,0,17.302,164.535,0.383,388,131.034,423.157,0.27,0.262
917,2,0,17.395,164.465,0.383,386,131.048,424.796,0.269,0.264
918,8,0,17.581,164.465,0.382,388,130.951,422.919,0.268,0.271
919,4,0,17.488,164.465,0.38,386,131.079,417.786,0.264,0.257
920,7,0,17.767,164.349,0.381,388,131.045,422.722,0.264,0.272
921,2,0,17.767,164.349,0.382,387,131.048,421.635,0.264,0.271
922,4,0,17.767,164.349,0.383,385,131.121,414.681,0.26,0.262
923,3,0,17.814,164.349,0.382,384,131.104,416.999,0.261,0.265
924,2,0,17.721,164.349,0.382,382,131.154,414.152,0.26,0.259
925,6,0,17.674,164.512,0.382,382,131.017,419.059,0.261,0.259
926,10,0,18.093,170.628,0.385,386,130.905,433.65,0.263,0.29
927,5,0,18.047,171.093,0.389,386,131.002,432.514,0.265,0.292
928,5,0,18.0,171.093,0.391,387,131.01,432.79,0.264,0.288
929,3,0,17.907,171.419,0.391,382,131.151,425.666,0.263,0.278
930,3,0,17.907,171.419,0.389,379,131.147,418.405,0.262,0.276
931,3,0,17.721,171.419,0.389,377,131.205,413.959,0.261,0.263
932,6,0,17.744,174.326,0.401,375,130.748,419.882,0.262,0.264
933,7,0,17.977,174.512,0.401,376,130.577,428.353,0.264,0.283
934,5,0,18.023,174.512,0.398,375,130.616,431.924,0.265,0.29
935,6,0,18.116,174.512,0.397,376,130.579,434.485,0.266,0.299
936,3,0,18.372,177.326,0.4,375,130.66,435.446,0.263,0.306
937,5,0,18.535,177.326,0.401,378,130.371,449.24,0.268,0.329
938,5,0,18.558,174.837,0.403,378,130.397,444.437,0.267,0.328
939,7,0,18.605,175.0,0.403,379,130.31,451.335,0.268,0.336
940,10,0,18.419,175.186,0.401,384,130.243,457.8,0.274,0.34
941,3,0,18.651,175.326,0.403,380,130.176,462.21,0.271,0.346
942,6,0,18.512,175.326,0.403,383,130.108,461.106,0.272,0.341
943,5,0,18.605,175.326,0.403,386,130.071,468.836,0.274,0.352
944,4,0,18.558,175.186,0.403,383,130.272,456.103,0.27,0.338
945,3,0,18.465,175.186,0.4,382,130.409,453.542,0.268,0.328
946,3,0,18.558,175.186,0.402,376,130.546,444.245,0.263,0.316
947,5,0,18.744,177.535,0.406,378,130.416,452.655,0.267,0.341
948,5,0,18.698,177.535,0.405,378,130.407,457.52,0.268,0.341
949,1,0,18.884,177.535,0.406,374,130.446,456.018,0.266,0.348
950,4,0,18.86,177.721,0.409,374,130.466,453.863,0.266,0.347
951,6,0,19.14,177.837,0.411,377,130.349,468.94,0.269,0.376
952,5,0,19.047,177.837,0.41,374,130.187,470.872,0.27,0.372
953,3,0,19.093,177.837,0.41,373,130.149,473.372,0.271,0.379
954,9,1,19.302,177.977,0.407,375,130.059,480.941,0.272,0.396
955,1,0,19.465,174.977,0.409,369,130.127,479.836,0.268,0.394
956,6,0,19.581,175.07,0.408,374,130.083,483.989,0.269,0.406
957,2,0,19.767,174.465,0.407,370,130.158,481.657,0.266,0.412
958,6,0,20.186,174.465,0.409,370,130.091,487.498,0.266,0.443
959,5,0,20.0,174.465,0.409,370,130.077,485.906,0.266,0.429
960,5,0,20.023,174.465,0.411,372,130.036,487.318,0.267,0.435
961,2,0,20.256,174.465,0.41,370,130.019,490.177,0.266,0.448
962,5,0,20.372,174.651,0.412,369,130.13,489.054,0.264,0.45
963,4,0,20.465,174.837,0.41,366,130.16,488.278,0.262,0.449
964,7,0,20.512,175.0,0.41,369,129.998,488.244,0.263,0.458
965,9,0,20.419,174.953,0.408,374,129.916,493.062,0.267,0.463
966,3,0,20.465,174.953,0.408,375,129.888,495.578,0.269,0.472
967,5,0,20.558,175.419,0.408,375,129.834,501.026,0.27,0.485
968,4,0,20.465,175.558,0.41,375,129.892,496.308,0.268,0.472
969,1,0,20.512,175.558,0.411,371,129.944,492.268,0.266,0.467
970,12,0,20.512,175.698,0.413,377,129.839,494.255,0.268,0.472
971,1,0,20.512,175.698,0.411,371,129.984,483.748,0.264,0.46
972,5,0,20.512,175.698,0.41,371,129.87,485.195,0.265,0.462
973,10,1,20.442,175.698,0.409,375,129.906,482.299,0.264,0.455
974,6,0,20.442,175.698,0.409,377,129.885,483.279,0.265,0.459
975,7,0,20.442,175.698,0.408,380,129.645,491.701,0.27,0.472
976,5,0,20.721,175.698,0.408,382,129.477,510.064,0.273,0.507
977,5,1,20.581,174.651,0.404,379,129.509,502.153,0.272,0.49
978,4,0,20.302,174.651,0.405,376,129.636,490.735,0.27,0.464
979,8,0,20.349,174.651,0.408,376,129.669,492.625,0.27,0.465
980,3,0,20.442,174.651,0.41,370,129.785,480.211,0.263,0.449
981,2,0,20.442,174.651,0.411,369,129.832,476.843,0.261,0.442
982,7,0,20.302,175.488,0.414,367,130.065,463.464,0.258,0.421
983,5,0,20.116,175.488,0.413,370,129.973,460.109,0.26,0.415
984,4,0,20.07,175.488,0.413,367,130.012,457.375,0.258,0.405
985,6,0,20.093,175.512,0.412,370,129.949,459.631,0.259,0.411
986,1,0,20.14,175.651,0.412,364,129.987,456.296,0.254,0.396
987,3,0,20.302,175.651,0.412,362,129.94,460.265,0.254,0.409
988,7,0,20.279,175.651,0.412,363,129.845,465.845,0.258,0.417
989,4,0,20.279,175.651,0.413,364,129.817,466.244,0.257,0.416
990,6,0,20.14,175.651,0.412,362,129.835,468.434,0.258,0.407
991,5,0,19.86,175.442,0.411,363,129.924,464.105,0.259,0.391
992,2,0,19.86,175.442,0.412,361,129.966,462.247,0.257,0.384
993,1,0,19.767,175.442,0.411,358,130.014,458.555,0.255,0.372
994,4,0,19.721,175.442,0.412,359,130.081,456.122,0.254,0.366
995,8,0,19.535,175.442,0.415,361,130.235,460.052,0.257,0.362
996,2,0,19.86,175.442,0.415,356,130.282,458.501,0.251,0.365
997,3,0,19.907,175.442,0.415,357,130.25,459.231,0.252,0.374
998,9,0,20.279,176.674,0.421,363,129.891,484.808,0.261,0.429
999,5,0,20.302,176.86,0.421,363,129.866,489.433,0.262,0.434
1000,0,0,20.628,176.86,0.422,357,129.91,487.416,0.257,0.441
