1,10,0,0.302,2.093,0.0,10,345.752,0.0,0.007,0.041
2,3,0,0.465,2.535,0.0,13,344.4,0.197,0.009,0.043
3,3,0,0.605,3.651,0.001,16,327.567,0.317,0.011,0.027
4,3,0,0.744,5.512,0.003,19,313.23,0.677,0.014,0.019
5,4,0,0.907,6.674,0.004,23,298.499,1.043,0.016,0.012
6,7,0,1.233,9.628,0.007,29,268.406,2.147,0.022,0.006
7,5,0,1.465,13.977,0.015,34,249.601,3.526,0.027,0.004
8,5,0,1.791,16.163,0.018,38,231.462,4.771,0.03,0.002
9,5,0,1.977,20.047,0.025,42,221.702,5.894,0.035,0.002
10,3,0,2.07,21.14,0.026,45,218.843,6.388,0.037,0.002
11,6,0,2.116,22.0,0.026,51,216.412,6.996,0.039,0.002
12,9,0,2.256,23.419,0.024,59,211.361,9.334,0.046,0.002
13,4,0,2.535,26.535,0.029,63,205.866,11.216,0.051,0.002
14,4,0,2.488,26.535,0.027,67,206.39,11.123,0.052,0.002
15,3,0,2.535,27.07,0.025,70,204.638,12.125,0.056,0.002
16,8,0,2.674,29.953,0.029,77,196.513,13.944,0.06,0.001
17,4,0,2.86,32.116,0.032,81,187.91,15.99,0.064,0.001
18,4,0,2.86,32.628,0.03,85,187.198,16.457,0.067,0.001
19,7,0,2.93,35.256,0.035,91,185.34,18.667,0.071,0.001
20,8,0,2.93,36.86,0.035,98,184.202,19.342,0.075,0.001
21,3,0,3.116,38.233,0.04,98,180.9,20.591,0.075,0.001
22,3,0,3.186,39.326,0.044,98,178.645,21.14,0.074,0.001
23,3,0,3.279,41.326,0.047,101,177.833,22.999,0.077,0.001
24,3,0,3.279,41.326,0.045,104,177.899,23.432,0.079,0.001
25,5,0,3.419,44.163,0.049,108,174.524,24.714,0.084,0.001
26,6,0,3.326,43.953,0.047,113,173.2,25.46,0.086,0.001
27,8,0,3.651,47.372,0.052,119,169.491,29.444,0.092,0.001
28,6,0,3.767,49.628,0.054,125,168.662,31.124,0.096,0.001
29,3,0,3.907,49.884,0.055,127,168.077,33.647,0.097,0.001
30,3,0,4.047,50.605,0.055,130,166.845,35.368,0.099,0.001
31,5,0,4.186,51.605,0.061,130,166.071,35.011,0.096,0.001
32,8,0,4.442,53.488,0.063,137,163.929,39.343,0.1,0.002
33,3,0,4.535,55.953,0.069,139,162.742,41.42,0.103,0.002
34,4,0,4.628,56.302,0.068,143,161.925,43.979,0.105,0.002
35,6,0,4.86,57.233,0.067,148,162.556,47.44,0.109,0.002
36,3,0,4.907,58.256,0.069,151,161.843,49.4,0.111,0.002
37,9,0,5.372,62.047,0.078,157,155.944,56.567,0.115,0.002
38,0,0,5.209,61.279,0.079,154,158.297,53.239,0.112,0.002
39,6,0,5.512,62.767,0.082,157,156.139,56.093,0.114,0.002
40,2,0,5.512,62.767,0.081,159,156.055,56.188,0.115,0.002
41,2,0,5.651,62.767,0.081,161,155.429,57.261,0.115,0.002
42,3,0,5.558,62.209,0.081,162,161.463,54.914,0.113,0.002
43,7,0,5.837,63.791,0.084,168,159.88,58.969,0.116,0.003
44,7,0,5.977,64.953,0.085,173,158.984,62.133,0.119,0.003
45,4,0,6.256,65.884,0.09,175,158.157,63.412,0.118,0.003
46,8,0,6.256,68.209,0.094,180,157.024,65.495,0.12,0.003
47,3,0,6.628,69.186,0.096,179,156.096,71.037,0.122,0.003
48,10,0,7.209,77.163,0.113,187,148.374,81.0,0.131,0.003
49,8,0,7.256,80.302,0.12,192,146.315,84.446,0.135,0.003
50,2,0,7.442,77.698,0.116,190,148.028,83.7,0.132,0.004
51,7,0,7.419,77.698,0.113,196,147.973,86.763,0.135,0.004
52,4,0,7.651,77.837,0.115,198,147.598,87.85,0.134,0.004
53,6,0,7.698,77.837,0.112,202,147.369,91.483,0.136,0.004
54,2,0,7.884,78.116,0.112,203,146.963,94.207,0.137,0.004
55,5,0,7.977,79.07,0.115,204,146.658,96.298,0.138,0.005
56,6,0,8.116,80.14,0.115,209,146.101,100.282,0.141,0.005
57,5,0,8.256,80.395,0.113,212,145.629,105.086,0.144,0.005
58,5,0,8.302,80.395,0.111,215,145.523,106.668,0.146,0.005
59,7,0,8.512,82.186,0.115,218,144.871,111.578,0.149,0.006
60,8,0,8.837,87.047,0.126,224,141.934,118.096,0.153,0.006
61,1,0,8.698,87.512,0.13,221,142.438,114.887,0.151,0.006
62,6,0,8.605,87.512,0.127,225,141.502,116.67,0.154,0.006
63,6,0,8.605,88.07,0.127,228,141.255,117.373,0.155,0.006
64,5,0,8.837,88.698,0.127,231,141.207,124.226,0.159,0.007
65,3,0,9.047,88.791,0.128,230,141.137,125.889,0.158,0.007
66,7,0,9.0,88.442,0.126,235,141.138,126.337,0.16,0.007
67,3,0,9.233,88.442,0.128,235,140.636,128.603,0.158,0.007
68,6,0,9.419,89.395,0.13,238,140.388,132.247,0.16,0.008
69,6,0,9.558,92.698,0.135,242,139.889,137.463,0.166,0.009
70,5,0,10.07,94.372,0.14,244,139.265,144.569,0.168,0.011
71,8,0,10.116,95.093,0.137,252,138.832,151.627,0.173,0.011
72,8,0,10.023,98.14,0.148,257,138.731,154.175,0.176,0.012
73,5,0,10.256,99.093,0.153,257,137.674,159.469,0.175,0.012
74,6,0,10.488,100.605,0.159,258,137.407,164.339,0.175,0.013
75,7,0,11.0,101.605,0.16,262,136.775,174.553,0.178,0.015
76,5,0,11.047,101.698,0.16,264,136.699,178.71,0.179,0.015
77,5,0,11.209,101.791,0.16,266,136.572,181.117,0.179,0.016
78,5,0,11.605,101.605,0.16,268,136.3,186.07,0.178,0.018
79,3,0,11.698,101.605,0.159,268,136.226,188.109,0.179,0.019
80,3,0,11.512,101.605,0.157,271,136.282,185.239,0.18,0.018
81,2,0,11.814,101.628,0.163,269,136.399,184.375,0.175,0.018
82,3,0,11.884,101.907,0.165,269,136.423,187.165,0.174,0.019
83,8,0,12.023,102.093,0.163,275,136.21,195.134,0.177,0.02
84,2,0,11.977,102.767,0.164,275,136.175,194.436,0.178,0.02
85,6,0,11.93,104.302,0.165,279,135.619,199.54,0.183,0.021
86,5,0,11.837,104.721,0.164,282,135.288,205.063,0.186,0.021
87,5,0,11.86,106.093,0.169,281,135.342,207.952,0.187,0.021
88,4,0,11.86,106.837,0.167,284,135.188,209.966,0.191,0.022
89,9,0,11.651,109.674,0.173,291,135.155,211.464,0.196,0.023
90,5,0,11.837,109.884,0.175,292,135.258,213.192,0.195,0.024
91,3,0,12.07,110.488,0.181,290,135.165,215.372,0.193,0.025
92,5,0,12.023,110.884,0.18,290,135.321,216.167,0.195,0.025
93,5,0,11.93,111.186,0.181,288,135.153,215.231,0.196,0.025
94,5,0,12.116,113.186,0.185,290,134.721,218.169,0.199,0.027
95,5,0,12.535,114.698,0.191,292,134.269,226.754,0.2,0.031
96,1,0,12.535,114.698,0.193,289,134.371,227.293,0.198,0.03
97,5,0,12.767,116.628,0.203,291,134.25,232.041,0.199,0.032
98,3,0,12.907,118.581,0.21,290,134.135,233.77,0.2,0.034
99,5,0,12.953,118.581,0.209,292,134.24,234.649,0.2,0.035
100,5,0,13.047,120.837,0.214,295,133.863,241.553,0.205,0.038
101,4,0,7.419,124.116,0.232,295,139.571,138.434,0.207,0.008
102,7,0,7.512,124.488,0.23,299,139.089,141.76,0.211,0.009
103,4,0,7.791,124.465,0.232,297,138.347,145.094,0.21,0.009
104,4,0,8.488,126.116,0.24,296,137.595,160.944,0.211,0.012
105,5,0,8.674,126.419,0.243,297,137.259,164.279,0.211,0.012
106,4,0,8.674,126.605,0.245,295,137.403,164.145,0.209,0.012
107,2,0,8.907,126.605,0.247,293,137.095,168.477,0.208,0.012
108,8,0,9.14,127.023,0.248,297,137.147,175.445,0.208,0.013
109,2,0,9.465,127.023,0.251,294,136.75,176.719,0.205,0.014
110,3,0,9.605,127.023,0.252,293,136.689,180.335,0.205,0.014
111,5,0,9.884,129.047,0.262,294,136.668,187.5,0.204,0.016
112,6,0,9.93,129.047,0.257,298,136.267,193.787,0.209,0.017
113,7,0,10.023,129.186,0.259,300,135.96,193.796,0.208,0.017
114,2,0,10.326,129.326,0.261,296,135.349,196.401,0.206,0.018
115,5,0,10.674,129.326,0.263,296,135.354,201.264,0.204,0.019
116,6,0,11.023,131.047,0.271,298,135.301,205.972,0.205,0.022
117,4,0,11.302,131.047,0.27,298,135.223,207.334,0.201,0.022
118,2,0,11.535,131.047,0.271,295,135.184,207.48,0.199,0.023
119,8,0,11.674,131.372,0.269,301,134.894,214.203,0.203,0.025
120,4,0,11.721,131.372,0.27,302,134.926,213.458,0.202,0.025
121,4,0,11.674,131.047,0.27,301,134.989,209.854,0.201,0.024
122,9,0,11.744,132.953,0.273,307,134.333,221.612,0.208,0.027
123,5,0,11.744,134.186,0.275,307,134.44,223.902,0.209,0.027
124,6,0,11.791,139.326,0.278,308,134.274,223.145,0.21,0.028
125,4,0,12.116,139.558,0.281,308,133.983,229.711,0.209,0.03
126,5,0,12.163,137.721,0.278,312,133.97,232.204,0.21,0.031
127,4,0,12.256,137.023,0.275,313,133.915,233.257,0.208,0.031
128,9,0,12.395,137.256,0.277,317,133.547,236.534,0.211,0.033
129,8,0,12.535,137.395,0.283,321,133.149,240.617,0.213,0.035
130,5,0,12.581,137.558,0.284,323,133.043,243.279,0.214,0.036
131,6,0,12.721,138.349,0.285,328,132.825,249.068,0.217,0.039
132,7,0,12.674,138.349,0.282,332,132.741,253.768,0.219,0.04
133,6,0,12.674,140.651,0.289,336,132.515,257.415,0.223,0.042
134,5,0,12.767,140.372,0.289,335,132.54,256.761,0.221,0.042
135,6,0,12.442,142.093,0.291,340,132.394,256.174,0.225,0.04
136,5,0,12.581,142.767,0.292,340,132.258,262.964,0.227,0.043
137,4,0,12.814,142.953,0.292,341,132.147,270.736,0.229,0.047
138,5,0,13.14,142.953,0.293,343,131.896,276.814,0.23,0.052
139,8,0,13.14,144.302,0.296,350,131.714,283.197,0.234,0.055
140,7,0,13.419,144.233,0.297,352,131.553,288.794,0.233,0.058
141,8,0,13.419,147.488,0.308,358,131.338,293.03,0.238,0.062
142,5,0,13.605,147.488,0.307,360,131.055,298.377,0.24,0.066
143,11,0,13.977,150.14,0.319,361,131.014,303.159,0.239,0.074
144,7,0,14.14,150.14,0.316,365,130.836,313.105,0.242,0.08
145,5,0,14.349,151.93,0.326,364,130.617,316.267,0.244,0.086
146,7,0,14.465,152.07,0.328,366,130.518,318.751,0.244,0.09
147,6,0,14.744,154.977,0.34,368,130.319,328.705,0.246,0.098
148,5,0,14.605,154.977,0.34,369,130.355,325.378,0.246,0.095
149,5,0,14.651,155.628,0.344,369,130.375,327.712,0.247,0.097
150,8,0,14.791,155.977,0.346,373,130.357,329.749,0.247,0.101
151,2,0,15.256,155.837,0.346,369,130.262,335.467,0.245,0.112
152,11,0,15.419,157.326,0.348,375,130.084,350.713,0.252,0.127
153,2,0,15.558,157.326,0.349,373,130.035,350.513,0.251,0.131
154,2,0,15.651,157.093,0.351,369,130.172,346.617,0.247,0.128
155,4,0,15.744,157.605,0.354,369,130.188,348.184,0.248,0.132
156,4,0,15.814,160.186,0.36,369,130.184,352.58,0.247,0.133
157,8,0,15.884,164.233,0.372,369,129.997,360.481,0.252,0.144
158,4,0,15.977,164.442,0.372,371,129.833,369.464,0.255,0.154
159,5,0,15.93,164.442,0.37,373,129.807,369.937,0.257,0.155
160,4,0,16.349,164.07,0.372,368,129.702,378.256,0.254,0.166
161,5,0,16.488,164.07,0.374,364,129.75,376.811,0.251,0.166
162,1,0,16.395,164.07,0.374,359,129.86,372.613,0.248,0.157
163,3,0,16.488,164.07,0.378,355,129.983,363.867,0.243,0.151
164,4,0,16.814,164.07,0.38,350,130.011,365.331,0.238,0.155
165,4,0,16.767,164.07,0.379,351,129.982,366.401,0.24,0.157
166,4,0,16.512,163.093,0.376,349,130.146,357.285,0.237,0.142
167,2,0,16.419,163.093,0.377,347,130.211,349.367,0.235,0.135
168,4,0,16.698,163.093,0.376,347,130.177,356.07,0.237,0.148
169,5,0,16.884,163.093,0.375,350,129.921,366.557,0.239,0.159
170,5,0,16.837,163.093,0.372,355,129.851,370.227,0.243,0.164
171,2,0,16.977,163.186,0.373,353,129.842,372.748,0.242,0.169
172,3,0,16.977,163.186,0.374,350,129.908,371.915,0.24,0.165
173,8,0,17.419,163.186,0.379,350,129.71,378.645,0.242,0.188
174,3,0,17.465,165.744,0.385,349,129.726,380.706,0.242,0.19
175,5,0,17.372,165.744,0.383,353,129.655,384.513,0.245,0.192
176,2,0,17.791,165.744,0.385,349,129.681,388.904,0.241,0.205
177,5,0,17.372,166.023,0.385,345,129.871,381.436,0.24,0.182
178,6,0,17.581,168.442,0.392,344,129.82,384.044,0.24,0.192
179,6,0,17.744,172.581,0.392,345,129.822,386.451,0.239,0.199
180,2,0,17.744,172.581,0.394,339,129.891,379.409,0.236,0.192
181,5,0,17.698,172.628,0.396,337,129.854,380.454,0.237,0.191
182,7,0,17.907,172.814,0.397,340,129.708,392.089,0.24,0.207
183,2,0,17.86,169.209,0.392,337,129.813,386.194,0.237,0.198
184,10,0,18.047,170.186,0.393,345,129.646,398.419,0.239,0.213
185,8,0,17.674,170.512,0.39,351,129.71,396.885,0.242,0.2
186,2,0,17.581,169.372,0.388,349,129.784,391.26,0.239,0.189
187,7,0,17.302,163.488,0.385,352,129.853,390.871,0.241,0.182
188,5,0,17.256,165.884,0.394,352,129.863,389.469,0.241,0.179
189,3,0,17.395,165.884,0.395,349,129.868,389.775,0.239,0.182
190,8,0,17.395,165.488,0.397,353,129.728,395.009,0.243,0.19
191,1,0,17.442,165.488,0.397,354,129.695,397.0,0.244,0.193
192,6,0,17.535,165.349,0.394,356,129.541,409.754,0.247,0.206
193,6,0,17.442,165.86,0.394,361,129.392,414.942,0.252,0.212
194,7,0,17.558,166.093,0.393,365,129.266,424.856,0.257,0.229
195,8,0,17.651,166.581,0.394,364,129.106,431.88,0.259,0.24
196,5,0,17.698,166.907,0.395,363,129.078,435.361,0.259,0.242
197,2,0,17.744,166.977,0.395,362,129.003,436.665,0.259,0.245
198,7,0,18.116,166.884,0.396,362,128.971,445.645,0.259,0.265
199,4,0,18.047,166.884,0.395,364,128.932,448.292,0.261,0.267
200,2,0,18.186,170.558,0.397,366,128.814,455.23,0.266,0.289
201,2,0,10.047,173.047,0.35,365,132.445,235.824,0.263,0.034
202,5,0,10.233,173.047,0.35,366,132.396,239.267,0.264,0.036
203,4,0,10.372,173.047,0.35,369,132.23,245.284,0.265,0.038
204,5,0,10.279,173.977,0.351,370,132.233,241.912,0.267,0.038
205,6,0,10.512,174.907,0.359,374,131.873,249.916,0.27,0.042
206,5,0,10.721,174.721,0.363,371,132.629,251.291,0.266,0.043
207,4,0,10.953,174.907,0.366,372,132.531,257.612,0.266,0.046
208,4,0,11.233,176.419,0.365,374,132.314,265.363,0.267,0.05
209,3,0,11.233,176.419,0.364,376,132.301,265.172,0.268,0.051
210,12,0,11.488,176.419,0.369,383,132.135,274.129,0.268,0.055
211,6,0,11.814,178.419,0.371,383,132.227,275.917,0.265,0.058
212,3,0,11.628,178.419,0.374,380,132.482,267.707,0.259,0.051
213,5,0,11.721,178.535,0.375,384,132.324,272.858,0.26,0.053
214,1,0,11.953,178.535,0.377,378,132.31,275.353,0.257,0.054
215,1,0,12.047,178.535,0.369,369,132.776,273.899,0.252,0.052
216,2,0,12.186,178.721,0.368,367,132.736,275.957,0.251,0.054
217,5,0,12.372,178.395,0.37,363,132.972,274.205,0.247,0.054
218,4,0,12.465,178.395,0.37,362,133.022,273.235,0.246,0.055
219,7,0,13.07,178.395,0.378,362,132.621,290.069,0.248,0.067
220,4,0,13.163,178.395,0.378,364,132.442,291.774,0.248,0.069
221,6,0,13.14,178.581,0.373,367,132.344,293.675,0.253,0.072
222,5,0,13.233,178.581,0.373,370,132.221,302.583,0.255,0.077
223,3,0,13.395,178.302,0.375,362,132.303,299.736,0.25,0.075
224,5,0,13.86,178.302,0.381,355,132.25,308.379,0.246,0.081
225,7,0,13.488,178.302,0.381,358,132.402,301.745,0.248,0.076
226,10,0,13.419,179.465,0.379,364,132.622,303.792,0.251,0.078
227,5,0,13.512,179.628,0.379,368,132.454,311.919,0.253,0.081
228,5,0,13.744,180.744,0.377,368,132.161,320.678,0.255,0.089
229,4,0,13.605,180.744,0.376,370,132.07,324.789,0.259,0.089
230,4,0,13.837,180.744,0.382,367,132.061,325.299,0.257,0.093
231,2,0,14.116,180.744,0.382,364,132.039,330.783,0.256,0.099
232,3,0,14.209,180.744,0.379,361,132.036,333.263,0.254,0.099
233,6,0,14.581,180.744,0.38,362,131.83,343.902,0.253,0.107
234,2,0,14.581,180.744,0.379,362,131.799,344.816,0.254,0.109
235,1,0,14.767,180.744,0.38,359,131.811,347.045,0.252,0.113
236,1,0,14.953,180.744,0.378,355,131.834,343.101,0.249,0.114
237,5,0,15.0,180.744,0.377,354,131.697,343.444,0.25,0.116
238,3,0,15.093,180.744,0.378,351,131.677,344.11,0.249,0.117
239,3,0,14.814,180.744,0.377,350,131.731,337.695,0.25,0.11
240,4,0,14.86,180.744,0.377,353,131.724,338.551,0.25,0.112
241,6,0,15.093,180.744,0.378,356,131.433,349.008,0.253,0.122
242,8,0,15.605,180.744,0.38,358,131.272,364.315,0.252,0.139
243,4,0,15.884,180.744,0.38,358,131.166,371.346,0.253,0.15
244,8,0,15.93,181.512,0.381,360,131.055,375.875,0.254,0.153
245,3,0,16.209,181.512,0.379,356,131.045,377.825,0.249,0.155
246,6,0,16.302,181.512,0.379,356,131.126,380.543,0.25,0.161
247,10,0,16.163,181.512,0.383,366,130.901,386.02,0.255,0.165
248,7,0,16.07,181.628,0.384,371,130.965,387.523,0.257,0.165
249,7,0,16.093,181.628,0.383,374,130.963,386.901,0.256,0.164
250,6,0,16.047,181.628,0.383,376,130.981,386.714,0.256,0.163
251,5,0,16.233,182.86,0.385,376,131.078,397.857,0.258,0.175
252,5,0,16.698,182.884,0.385,375,131.062,398.623,0.256,0.192
253,4,0,16.605,182.884,0.387,374,131.055,402.558,0.257,0.191
254,3,0,16.767,182.884,0.399,375,130.858,407.692,0.26,0.203
255,7,1,16.767,182.698,0.399,380,130.765,416.089,0.264,0.214
256,6,0,17.0,182.698,0.403,376,130.881,410.694,0.258,0.212
257,3,0,17.233,182.698,0.404,374,130.843,413.726,0.258,0.223
258,3,0,17.279,182.698,0.407,373,130.889,407.677,0.257,0.224
259,2,0,17.326,182.698,0.407,372,130.885,408.724,0.257,0.226
260,3,0,17.233,182.721,0.407,370,130.937,405.655,0.255,0.217
261,7,0,17.093,182.721,0.404,372,131.023,405.296,0.256,0.212
262,3,0,17.14,182.721,0.405,372,131.045,407.48,0.256,0.214
263,8,0,17.372,182.767,0.405,375,130.794,420.215,0.26,0.235
264,3,0,17.372,182.767,0.404,378,130.742,420.668,0.261,0.24
265,2,0,17.721,182.767,0.408,374,130.773,427.075,0.258,0.252
266,5,0,17.814,182.721,0.409,374,130.694,436.441,0.263,0.269
267,5,0,18.093,183.163,0.41,375,130.532,443.348,0.264,0.289
268,7,0,18.512,185.326,0.412,375,130.364,456.012,0.265,0.318
269,4,0,18.465,185.442,0.416,371,130.401,458.414,0.263,0.311
270,3,0,18.698,185.442,0.415,368,130.395,462.604,0.262,0.321
271,5,0,18.674,185.442,0.419,367,130.343,465.252,0.263,0.324
272,3,0,18.698,185.442,0.419,364,130.42,462.773,0.26,0.317
273,9,0,18.791,185.047,0.42,364,130.584,454.101,0.258,0.316
274,5,0,18.651,185.326,0.418,366,130.498,454.285,0.259,0.31
275,4,0,18.558,185.326,0.42,363,130.57,448.321,0.256,0.295
276,3,0,18.512,183.767,0.418,362,130.706,448.752,0.255,0.29
277,7,0,18.558,184.0,0.42,366,130.656,453.358,0.258,0.302
278,6,0,18.512,184.0,0.421,368,130.629,452.691,0.258,0.298
279,6,0,18.744,186.488,0.42,373,130.372,470.364,0.264,0.332
280,5,0,18.744,186.488,0.421,374,130.441,471.331,0.263,0.328
281,5,0,18.605,186.721,0.421,371,130.427,463.677,0.263,0.319
282,6,0,18.651,186.721,0.423,375,130.256,478.409,0.27,0.345
283,0,0,18.791,186.721,0.423,367,130.352,478.859,0.267,0.344
284,2,0,18.698,186.674,0.421,362,130.389,467.657,0.263,0.326
285,5,0,19.047,186.674,0.422,357,130.373,465.562,0.258,0.333
286,7,0,19.372,186.674,0.423,359,130.267,472.197,0.257,0.352
287,7,0,19.256,186.674,0.42,363,130.197,476.189,0.259,0.351
288,4,0,19.163,186.674,0.42,363,130.212,475.313,0.26,0.347
289,6,0,19.209,186.674,0.424,361,130.25,474.013,0.262,0.356
290,8,0,19.233,186.535,0.421,362,130.301,474.389,0.263,0.362
291,3,0,19.047,186.744,0.421,359,130.334,469.188,0.263,0.349
292,6,0,18.907,186.744,0.422,360,130.423,461.315,0.261,0.334
293,3,0,19.0,186.744,0.422,360,130.345,467.09,0.262,0.344
294,0,0,19.0,186.674,0.422,355,130.404,459.166,0.259,0.334
295,5,0,18.767,186.674,0.424,355,130.371,458.054,0.259,0.319
296,4,0,18.721,186.674,0.425,358,130.349,462.727,0.262,0.322
297,8,0,18.535,186.674,0.421,360,130.438,450.746,0.26,0.306
298,4,0,18.814,184.163,0.424,359,130.515,452.442,0.255,0.307
299,4,0,18.558,184.163,0.424,355,130.688,447.398,0.255,0.293
300,8,0,18.628,184.372,0.424,358,130.242,447.032,0.256,0.296
301,5,0,11.163,191.721,0.342,355,133.431,247.386,0.249,0.04
302,6,0,11.372,191.721,0.344,359,132.937,256.277,0.253,0.044
303,3,0,11.605,191.721,0.344,359,132.84,260.547,0.252,0.047
304,4,0,11.651,191.721,0.343,360,132.788,260.841,0.252,0.047
305,6,0,11.698,191.744,0.342,364,132.521,266.574,0.255,0.049
306,3,0,11.837,191.744,0.34,367,132.382,272.613,0.257,0.052
307,4,0,12.163,191.744,0.342,368,132.229,282.846,0.259,0.059
308,2,0,12.581,191.744,0.352,361,132.269,285.56,0.25,0.059
309,5,0,12.767,191.814,0.358,364,132.133,290.16,0.251,0.063
310,2,0,13.047,191.814,0.361,362,132.046,292.873,0.246,0.064
311,6,0,13.0,191.86,0.361,367,131.975,293.256,0.249,0.065
312,3,0,13.093,191.86,0.361,368,131.9,297.733,0.251,0.069
313,7,0,13.186,191.86,0.36,370,131.869,304.283,0.255,0.075
314,6,0,13.279,191.86,0.36,374,131.839,306.658,0.256,0.077
315,7,0,13.558,191.86,0.362,375,131.631,314.399,0.257,0.085
316,6,0,13.744,193.163,0.36,378,131.391,322.142,0.261,0.093
317,4,0,14.023,193.163,0.36,378,131.262,326.834,0.261,0.1
318,6,1,14.186,190.86,0.362,378,131.26,329.349,0.258,0.101
319,3,0,14.186,190.86,0.364,378,131.263,328.604,0.258,0.102
320,2,0,14.326,190.86,0.366,376,131.227,329.285,0.256,0.103
321,2,0,14.465,190.86,0.366,372,131.133,331.961,0.254,0.104
322,8,0,14.535,191.953,0.364,376,131.035,339.127,0.257,0.11
323,6,0,14.791,191.953,0.372,378,130.723,349.809,0.261,0.122
324,3,0,15.023,191.953,0.367,375,130.675,352.215,0.259,0.127
325,4,0,15.163,191.953,0.368,374,130.708,354.765,0.257,0.128
326,9,0,15.116,191.953,0.368,383,130.504,361.445,0.262,0.135
327,5,0,15.023,191.953,0.372,386,130.419,362.762,0.265,0.136
328,4,0,15.116,191.953,0.377,386,130.294,363.337,0.263,0.136
329,5,0,15.163,191.953,0.378,387,130.261,365.72,0.265,0.141
330,6,0,15.163,191.698,0.375,389,130.298,367.534,0.265,0.141
331,4,0,15.163,191.698,0.374,391,130.175,369.222,0.267,0.144
332,4,0,15.535,191.698,0.375,389,130.156,376.46,0.267,0.159
333,3,0,15.488,191.698,0.374,387,130.161,376.643,0.267,0.157
334,6,0,15.581,191.651,0.374,391,130.028,386.61,0.271,0.168
335,12,0,15.698,191.302,0.374,396,129.862,392.853,0.273,0.177
336,5,0,15.721,191.093,0.373,398,129.821,394.425,0.273,0.179
337,6,0,15.767,191.093,0.38,402,129.693,402.403,0.276,0.186
338,11,0,15.907,192.023,0.375,402,129.863,402.202,0.273,0.188
339,4,0,16.186,192.023,0.381,399,129.89,407.561,0.272,0.197
340,4,0,16.651,192.023,0.384,396,129.913,419.31,0.269,0.216
341,6,0,16.977,192.023,0.391,395,129.852,428.651,0.27,0.236
342,7,0,17.116,192.116,0.397,396,129.827,428.448,0.269,0.24
343,2,0,17.209,192.116,0.396,393,129.87,423.103,0.267,0.24
344,6,0,17.372,192.116,0.396,394,129.749,432.57,0.268,0.251
345,7,0,17.558,192.116,0.398,399,129.591,441.996,0.272,0.273
346,6,0,17.605,192.116,0.396,402,129.529,443.105,0.274,0.28
347,5,0,17.558,192.116,0.396,404,129.426,444.152,0.276,0.284
348,7,0,17.651,192.116,0.394,403,129.381,444.905,0.274,0.283
349,7,0,17.837,194.442,0.395,404,129.257,453.81,0.276,0.302
350,5,0,17.791,194.442,0.394,404,129.281,451.457,0.276,0.297
351,3,0,18.07,194.442,0.396,403,129.168,460.469,0.277,0.319
352,4,0,18.302,194.442,0.394,402,129.153,461.317,0.276,0.332
353,2,0,18.349,194.442,0.397,399,129.207,455.708,0.273,0.325
354,3,0,18.256,194.419,0.399,395,129.291,448.516,0.27,0.31
355,6,0,18.395,194.116,0.399,398,129.265,451.405,0.27,0.32
356,6,0,18.488,194.116,0.402,396,129.409,442.692,0.265,0.31
357,7,0,18.326,193.837,0.403,397,129.99,441.428,0.267,0.309
358,6,0,18.605,189.837,0.404,393,130.054,447.741,0.261,0.31
359,10,0,18.651,189.837,0.407,395,130.043,454.023,0.265,0.328
360,4,0,18.488,188.14,0.405,391,130.141,447.124,0.261,0.302
361,2,0,18.488,188.14,0.404,389,130.306,444.646,0.259,0.299
362,9,0,18.395,188.14,0.406,396,130.241,445.806,0.263,0.305
363,5,0,18.093,187.535,0.404,397,130.298,439.005,0.263,0.285
364,2,0,18.14,187.535,0.41,396,130.281,440.279,0.264,0.291
365,6,0,18.326,187.535,0.417,401,130.043,454.933,0.271,0.323
366,6,0,18.279,188.674,0.421,401,129.925,457.98,0.273,0.327
367,9,0,18.651,188.674,0.428,403,129.796,478.16,0.277,0.365
368,11,1,18.814,189.791,0.428,407,129.666,486.886,0.281,0.389
369,5,1,18.953,189.791,0.427,409,129.582,498.102,0.283,0.406
370,4,0,19.047,189.791,0.426,408,129.564,497.591,0.282,0.409
371,4,0,19.186,190.163,0.424,410,129.486,506.214,0.283,0.425
372,4,2,19.326,190.163,0.425,408,129.466,507.62,0.282,0.429
373,8,1,19.233,190.163,0.426,413,129.421,509.984,0.286,0.435
374,8,0,19.372,190.163,0.425,419,129.321,522.138,0.289,0.459
375,4,0,19.419,190.163,0.424,414,129.426,510.677,0.285,0.447
376,6,0,19.372,190.163,0.423,416,129.349,515.297,0.287,0.452
377,6,0,19.279,190.163,0.422,419,129.361,519.034,0.288,0.448
378,6,0,19.047,190.163,0.421,423,129.318,515.832,0.29,0.436
379,3,0,19.233,190.163,0.421,423,129.299,521.666,0.291,0.453
380,5,0,19.279,190.163,0.42,423,129.227,526.217,0.292,0.462
381,6,1,19.047,190.163,0.418,424,129.248,522.182,0.292,0.443
382,9,2,19.349,192.163,0.421,422,129.334,511.021,0.285,0.443
383,5,0,19.558,193.884,0.419,422,129.268,518.864,0.286,0.461
384,7,0,19.535,193.884,0.417,424,129.275,520.297,0.286,0.461
385,5,0,19.674,193.884,0.42,422,129.26,522.785,0.287,0.475
386,3,1,19.628,193.884,0.422,420,129.336,521.457,0.286,0.465
387,3,0,19.767,193.884,0.425,419,129.322,526.327,0.285,0.472
388,3,0,19.814,193.884,0.426,418,129.43,518.02,0.281,0.462
389,8,0,19.884,194.186,0.423,425,129.325,532.603,0.285,0.484
390,6,0,20.209,194.186,0.424,423,129.321,535.285,0.283,0.502
391,8,0,19.884,194.186,0.423,426,129.23,529.934,0.286,0.485
392,3,0,20.0,194.186,0.425,423,129.405,526.089,0.282,0.481
393,6,0,19.953,194.186,0.424,426,129.395,525.847,0.283,0.482
394,2,1,20.116,194.186,0.424,420,129.417,522.516,0.281,0.485
395,3,0,20.116,194.186,0.425,416,129.496,516.46,0.277,0.474
396,3,0,20.395,194.023,0.426,415,129.524,523.039,0.276,0.491
397,11,1,20.279,194.023,0.425,420,129.454,523.075,0.278,0.489
398,2,0,20.279,194.023,0.424,414,129.469,520.203,0.275,0.477
399,5,0,20.14,194.0,0.424,411,129.489,515.549,0.275,0.466
400,5,0,20.233,194.0,0.422,410,129.549,511.002,0.273,0.468
401,4,0,10.977,182.349,0.393,411,131.885,271.465,0.273,0.05
402,9,0,11.442,184.581,0.388,415,131.567,290.127,0.277,0.06
403,3,0,11.953,186.721,0.385,412,131.44,300.333,0.275,0.068
404,3,0,12.372,186.907,0.387,409,131.34,305.35,0.274,0.075
405,2,0,12.558,186.907,0.387,408,131.267,311.683,0.274,0.079
406,6,0,12.814,186.907,0.391,407,131.215,316.794,0.272,0.083
407,2,0,13.047,186.907,0.392,407,131.116,322.837,0.273,0.09
408,9,0,13.419,187.047,0.392,413,130.978,336.243,0.276,0.104
409,5,0,13.674,187.047,0.397,412,130.882,341.483,0.275,0.109
410,6,0,14.047,187.047,0.403,410,130.89,346.253,0.273,0.118
411,5,0,14.209,187.047,0.406,409,130.907,349.655,0.273,0.124
412,6,0,14.535,187.047,0.409,408,130.86,358.847,0.271,0.132
413,6,0,14.512,187.372,0.409,412,130.769,359.78,0.273,0.134
414,4,0,14.512,187.372,0.41,411,130.784,356.603,0.272,0.132
415,3,0,14.558,187.372,0.411,410,130.815,356.508,0.27,0.13
416,7,0,15.023,187.372,0.41,414,130.445,375.761,0.277,0.159
417,3,0,14.93,187.512,0.408,412,130.398,374.744,0.277,0.156
418,4,0,15.163,184.721,0.409,409,130.354,378.46,0.277,0.165
419,0,0,15.233,184.721,0.408,404,130.301,379.303,0.276,0.165
420,6,0,15.419,186.93,0.408,409,130.223,387.041,0.279,0.18
421,5,0,15.744,186.93,0.409,410,130.159,399.593,0.279,0.196
422,6,0,15.651,186.93,0.409,414,130.059,399.437,0.283,0.198
423,5,1,15.791,186.93,0.41,412,130.027,402.688,0.281,0.202
424,2,0,16.349,186.93,0.412,409,130.011,406.833,0.279,0.224
425,4,0,16.326,186.93,0.412,408,130.054,407.847,0.277,0.22
426,7,0,16.558,186.93,0.412,413,129.952,416.071,0.279,0.237
427,8,0,16.837,187.07,0.416,413,129.915,421.157,0.278,0.25
428,3,0,17.186,187.07,0.417,408,129.923,429.232,0.274,0.258
429,3,0,17.047,187.07,0.417,406,129.937,427.92,0.274,0.251
430,3,0,17.233,187.07,0.415,408,129.853,435.297,0.276,0.268
431,3,0,17.186,187.256,0.413,406,129.887,432.254,0.276,0.263
432,3,0,17.233,186.419,0.408,405,129.868,433.879,0.276,0.267
433,0,0,17.256,186.419,0.41,401,129.911,430.265,0.273,0.26
434,9,0,17.023,186.419,0.409,407,129.961,427.929,0.275,0.253
435,6,0,16.744,186.419,0.407,408,130.007,420.229,0.275,0.237
436,5,0,16.558,186.419,0.411,407,130.159,411.833,0.272,0.22
437,7,0,16.651,186.419,0.415,407,130.119,420.523,0.276,0.233
438,10,0,16.698,186.605,0.419,415,129.986,430.988,0.281,0.251
439,3,0,16.674,186.605,0.421,412,130.035,423.026,0.279,0.243
440,3,0,16.767,186.605,0.42,407,130.147,420.263,0.275,0.239
441,6,0,16.767,186.605,0.419,409,130.166,421.833,0.276,0.242
442,2,0,17.047,186.605,0.422,405,130.139,425.813,0.274,0.251
443,4,0,17.186,187.07,0.42,404,130.085,431.144,0.273,0.257
444,5,0,17.116,187.07,0.421,404,130.13,424.025,0.271,0.247
445,2,0,17.349,187.07,0.421,398,130.135,429.381,0.267,0.25
446,2,0,17.442,187.07,0.421,396,130.179,430.415,0.266,0.254
447,5,0,17.395,187.07,0.422,393,130.268,426.609,0.265,0.247
448,4,0,17.488,187.07,0.423,396,130.193,431.811,0.267,0.259
449,6,0,17.674,187.07,0.422,399,130.065,440.03,0.271,0.28
450,6,0,17.721,187.721,0.42,402,129.984,451.121,0.273,0.291
451,7,1,17.488,187.721,0.419,406,129.924,455.312,0.277,0.285
452,4,0,17.535,187.558,0.42,407,129.899,456.878,0.278,0.292
453,7,0,17.628,187.558,0.42,408,129.926,459.18,0.278,0.297
454,4,1,17.767,187.558,0.42,408,129.906,455.635,0.276,0.3
455,13,0,17.581,187.558,0.417,416,129.679,464.268,0.282,0.305
456,3,0,17.581,187.558,0.417,417,129.73,463.969,0.28,0.3
457,2,0,17.628,187.558,0.418,416,129.786,466.453,0.279,0.301
458,4,0,17.767,187.558,0.418,417,129.745,469.425,0.28,0.313
459,4,0,17.977,187.558,0.42,416,129.572,476.228,0.283,0.334
460,6,0,18.256,187.558,0.421,416,129.544,482.669,0.281,0.349
461,5,0,18.163,187.558,0.421,413,129.645,485.926,0.28,0.338
462,8,0,18.256,187.558,0.421,416,129.677,490.973,0.28,0.345
463,8,1,18.442,188.442,0.426,418,129.588,498.045,0.284,0.373
464,3,0,18.791,188.442,0.428,415,129.519,507.55,0.283,0.395
465,7,1,18.884,188.442,0.428,418,129.405,519.021,0.287,0.414
466,7,0,19.256,188.628,0.432,419,129.131,536.247,0.292,0.458
467,5,0,19.488,188.628,0.43,420,129.02,546.15,0.292,0.477
468,6,1,19.581,188.814,0.431,419,128.991,547.148,0.293,0.485
469,3,0,19.395,188.814,0.428,419,129.094,537.512,0.291,0.465
470,0,0,19.442,188.814,0.429,417,129.094,538.426,0.29,0.463
471,7,0,19.674,188.814,0.423,415,129.024,554.767,0.293,0.493
472,7,0,19.558,188.814,0.423,420,128.972,555.04,0.294,0.489
473,8,0,19.535,188.814,0.423,426,128.929,559.86,0.298,0.5
474,4,1,19.628,188.814,0.422,427,128.881,563.284,0.299,0.511
475,1,1,19.535,188.814,0.419,423,128.943,560.129,0.298,0.5
476,4,0,19.674,188.814,0.421,419,128.94,562.012,0.296,0.504
477,4,0,19.791,188.442,0.42,418,128.954,563.255,0.295,0.511
478,5,1,19.721,186.279,0.42,416,129.018,558.455,0.295,0.503
479,2,0,19.488,186.279,0.421,415,129.039,554.869,0.294,0.482
480,5,0,19.581,183.14,0.419,418,129.011,559.263,0.295,0.494
481,3,0,19.442,183.14,0.42,416,129.057,553.996,0.293,0.477
482,6,0,19.535,184.767,0.421,421,128.941,563.475,0.298,0.501
483,4,1,19.721,186.14,0.422,415,128.929,559.759,0.296,0.509
484,6,0,19.674,186.14,0.422,414,128.931,559.721,0.297,0.508
485,8,2,19.698,186.14,0.423,410,128.997,557.88,0.292,0.493
486,7,0,19.814,188.395,0.423,416,128.93,566.646,0.296,0.514
487,4,2,19.744,188.395,0.424,416,128.975,559.406,0.294,0.501
488,9,0,19.791,188.767,0.421,422,128.891,565.912,0.297,0.517
489,5,0,19.767,188.767,0.423,422,128.863,573.609,0.298,0.519
490,4,0,20.047,188.372,0.426,422,128.888,577.927,0.297,0.535
491,4,0,20.395,188.372,0.428,419,128.877,586.001,0.294,0.551
492,3,0,20.209,188.372,0.428,420,128.897,581.464,0.294,0.538
493,2,0,20.395,188.372,0.429,416,128.927,583.3,0.292,0.546
494,8,0,20.302,188.488,0.428,420,128.807,594.296,0.298,0.56
495,3,0,20.116,188.488,0.426,421,128.78,591.285,0.3,0.552
496,1,0,20.07,188.488,0.425,417,128.86,576.514,0.296,0.534
497,6,0,19.837,188.488,0.424,418,128.893,574.084,0.297,0.518
498,3,0,19.558,188.488,0.423,415,128.954,567.178,0.295,0.492
499,4,0,19.953,188.488,0.426,410,128.971,570.496,0.292,0.511
500,6,1,20.093,188.488,0.426,411,128.968,573.401,0.292,0.522
501,4,0,11.349,189.023,0.364,410,129.88,323.965,0.299,0.076
502,4,0,11.907,189.488,0.364,410,129.524,341.276,0.3,0.089
503,3,0,12.209,189.023,0.374,405,129.539,349.035,0.297,0.093
504,1,0,12.674,189.023,0.376,402,129.468,357.089,0.294,0.102
505,4,0,13.14,189.023,0.375,401,129.405,369.504,0.292,0.113
506,2,0,13.279,189.256,0.377,399,130.5,374.824,0.291,0.119
507,4,0,13.698,189.256,0.38,391,130.365,383.678,0.287,0.126
508,5,0,13.767,189.256,0.38,393,130.307,385.858,0.288,0.13
509,7,0,14.0,189.256,0.381,396,130.278,392.819,0.287,0.137
510,7,0,14.233,190.209,0.389,398,130.098,399.563,0.289,0.149
511,4,0,14.186,190.209,0.386,399,130.071,397.833,0.291,0.15
512,5,0,14.326,190.209,0.388,400,130.104,402.667,0.291,0.155
513,7,0,14.767,190.209,0.395,401,130.048,412.695,0.29,0.173
514,8,0,15.093,190.349,0.395,401,130.003,422.055,0.29,0.188
515,4,0,15.349,190.349,0.396,398,130.037,429.685,0.288,0.195
516,4,0,15.349,190.349,0.397,399,130.021,433.155,0.289,0.198
517,3,0,15.442,190.349,0.4,398,129.95,436.704,0.289,0.202
518,6,0,15.953,192.512,0.399,399,129.845,446.696,0.291,0.234
519,5,0,16.395,192.512,0.403,396,129.75,453.213,0.291,0.258
520,4,0,16.488,191.558,0.403,396,129.761,454.287,0.289,0.259
521,5,0,16.558,191.558,0.407,393,129.81,458.326,0.288,0.261
522,6,0,16.86,191.605,0.415,393,129.74,466.386,0.288,0.279
523,3,0,17.047,191.256,0.417,391,129.696,469.222,0.287,0.286
524,9,0,17.0,192.744,0.416,397,129.702,471.514,0.29,0.294
525,5,0,17.0,192.744,0.414,400,129.638,474.089,0.292,0.299
526,4,0,17.326,192.605,0.417,400,129.648,482.563,0.29,0.314
527,4,0,17.372,192.605,0.418,399,129.678,481.934,0.288,0.31
528,5,0,17.442,192.442,0.417,400,129.616,486.152,0.289,0.318
529,9,0,17.628,192.442,0.415,403,129.637,491.268,0.289,0.332
530,6,0,17.721,192.442,0.416,404,129.655,488.514,0.287,0.333
531,5,0,17.558,192.326,0.415,403,129.784,481.504,0.286,0.317
532,4,1,17.651,192.326,0.419,403,129.738,487.486,0.287,0.326
533,6,0,18.093,192.465,0.42,401,129.642,497.381,0.286,0.355
534,5,1,18.279,192.977,0.424,399,129.636,502.139,0.286,0.368
535,3,0,18.233,192.977,0.426,396,129.644,497.138,0.285,0.359
536,7,0,18.512,192.977,0.431,397,129.437,500.249,0.284,0.375
537,5,0,18.372,192.977,0.432,399,129.44,494.349,0.286,0.372
538,3,0,18.419,192.977,0.428,397,129.492,493.053,0.282,0.363
539,6,0,18.186,192.977,0.43,399,129.526,489.243,0.283,0.351
540,2,0,18.14,192.977,0.429,395,129.55,484.926,0.28,0.337
541,7,0,18.349,192.977,0.428,398,129.481,493.865,0.283,0.359
542,5,0,18.372,192.977,0.429,398,129.497,493.138,0.282,0.358
543,5,0,18.628,193.116,0.43,400,129.523,501.803,0.283,0.38
544,13,0,18.767,193.279,0.428,408,129.239,522.069,0.293,0.425
545,12,1,18.535,193.279,0.426,414,129.141,523.41,0.298,0.426
546,7,0,18.698,193.419,0.429,413,129.051,538.116,0.301,0.447
547,6,0,18.884,193.419,0.429,413,129.058,541.065,0.299,0.456
548,5,0,19.023,194.047,0.423,411,129.051,537.297,0.299,0.464
549,3,0,19.023,194.209,0.425,409,129.036,539.274,0.298,0.462
550,3,0,19.023,194.209,0.422,408,129.046,542.609,0.297,0.459
551,1,0,18.884,194.209,0.422,402,129.196,531.607,0.293,0.435
552,2,0,18.977,194.209,0.422,404,129.186,535.252,0.294,0.444
553,3,0,18.977,194.209,0.422,400,129.235,525.457,0.292,0.437
554,6,0,18.977,194.209,0.425,401,129.168,533.069,0.295,0.447
555,5,0,18.814,191.302,0.426,398,129.061,528.948,0.295,0.436
556,13,0,18.953,191.302,0.43,405,128.906,536.341,0.299,0.457
557,7,1,18.953,191.302,0.429,409,128.879,540.323,0.299,0.46
558,3,0,19.14,191.302,0.43,407,128.89,539.625,0.298,0.468
559,2,0,19.279,191.302,0.431,404,128.881,541.631,0.296,0.473
560,6,0,19.558,191.302,0.431,406,128.828,549.612,0.297,0.498
561,7,0,19.744,191.302,0.435,407,128.744,552.721,0.298,0.515
562,4,0,19.767,191.302,0.438,404,128.832,550.625,0.295,0.506
563,3,1,19.767,190.233,0.439,402,128.856,541.708,0.292,0.496
564,6,0,19.442,190.047,0.439,400,128.833,532.097,0.291,0.468
565,3,0,19.535,190.047,0.44,398,128.92,533.979,0.288,0.463
566,4,0,19.558,189.326,0.441,395,128.958,524.14,0.284,0.452
567,2,0,19.558,189.326,0.439,391,129.008,522.371,0.281,0.44
568,4,0,19.698,189.488,0.438,395,128.929,533.525,0.285,0.466
569,4,0,19.837,189.907,0.439,394,128.904,536.732,0.285,0.477
570,3,0,19.698,189.907,0.441,395,128.938,527.941,0.283,0.459
571,4,0,19.977,190.093,0.443,395,128.927,533.82,0.282,0.476
572,8,0,19.93,190.093,0.447,400,128.836,543.727,0.288,0.495
573,8,1,20.07,190.093,0.447,403,128.865,546.004,0.289,0.51
574,2,0,19.93,190.093,0.447,399,128.978,538.901,0.286,0.487
575,11,0,19.814,190.093,0.446,408,128.856,539.489,0.291,0.497
576,3,0,20.0,190.093,0.446,409,128.829,545.664,0.292,0.513
577,7,0,19.907,190.093,0.443,407,128.895,542.121,0.29,0.5
578,4,1,19.86,190.093,0.442,406,128.997,539.27,0.289,0.492
579,6,0,19.907,190.093,0.443,407,129.028,542.615,0.289,0.497
580,10,0,20.116,190.093,0.441,412,128.932,549.111,0.291,0.519
581,5,0,20.488,190.093,0.443,412,128.785,570.072,0.293,0.554
582,4,1,20.721,189.744,0.437,406,128.866,564.383,0.287,0.552
583,5,1,20.488,189.349,0.433,399,129.077,546.1,0.28,0.509
584,4,0,20.535,189.116,0.433,399,129.16,543.705,0.279,0.51
585,13,1,20.767,189.116,0.436,410,129.011,565.688,0.288,0.558
586,1,0,21.14,188.93,0.436,404,129.122,558.685,0.282,0.568
587,7,0,21.372,188.93,0.435,405,128.929,562.112,0.284,0.59
588,5,0,21.372,188.93,0.434,407,128.895,568.315,0.285,0.595
589,6,0,21.209,189.047,0.434,408,128.888,567.691,0.286,0.585
590,1,0,21.163,189.047,0.434,405,128.962,557.132,0.284,0.575
591,5,0,21.163,189.047,0.435,405,128.959,558.155,0.284,0.575
592,3,0,21.116,189.047,0.435,403,129.004,556.512,0.281,0.562
593,2,0,20.977,189.047,0.436,401,129.08,553.217,0.282,0.553
594,4,1,20.884,189.14,0.436,399,129.141,548.562,0.281,0.543
595,8,1,20.837,189.14,0.434,402,129.109,548.43,0.282,0.545
596,6,0,20.698,189.326,0.432,406,129.073,554.987,0.286,0.547
597,7,0,20.767,190.674,0.436,409,129.022,562.278,0.288,0.56
598,5,0,20.907,190.674,0.438,406,129.116,560.663,0.285,0.562
599,5,0,20.907,190.674,0.439,408,129.051,565.744,0.289,0.573
600,3,1,20.767,190.674,0.439,404,129.112,556.345,0.286,0.553
601,4,0,11.558,188.977,0.376,405,131.721,307.487,0.279,0.065
602,7,0,12.209,188.977,0.384,406,131.495,321.834,0.279,0.078
603,1,0,12.349,188.977,0.384,405,131.409,324.777,0.279,0.081
604,5,0,12.605,188.977,0.388,404,131.331,325.803,0.277,0.084
605,5,0,13.14,189.023,0.39,400,131.354,339.683,0.273,0.093
606,0,0,13.14,186.116,0.384,394,131.504,334.177,0.269,0.088
607,4,0,13.372,186.116,0.386,392,131.484,337.985,0.267,0.092
608,7,0,13.744,184.605,0.386,392,131.372,340.34,0.267,0.101
609,3,0,13.977,184.953,0.393,388,130.106,345.751,0.267,0.104
610,4,0,13.93,183.767,0.391,387,130.126,347.419,0.27,0.106
611,6,0,14.163,183.767,0.39,391,130.048,354.141,0.272,0.116
612,3,0,14.791,186.558,0.395,385,130.0,363.389,0.266,0.128
613,6,0,15.023,186.558,0.398,387,129.914,372.333,0.267,0.139
614,2,0,15.163,186.558,0.398,387,129.872,376.936,0.267,0.144
615,9,0,15.698,186.558,0.399,388,129.733,389.853,0.267,0.164
616,5,0,15.814,185.651,0.396,387,129.826,390.794,0.266,0.167
617,2,0,15.721,185.651,0.394,385,129.899,386.563,0.264,0.159
618,5,0,15.581,185.651,0.391,386,129.838,386.538,0.266,0.158
619,8,0,15.977,185.744,0.391,388,129.728,403.419,0.267,0.177
620,8,0,16.256,185.395,0.402,387,130.733,414.105,0.268,0.197
621,5,0,16.535,188.349,0.403,385,130.798,413.489,0.264,0.201
622,10,0,16.628,188.791,0.404,390,130.753,416.762,0.265,0.209
623,8,0,16.767,188.791,0.403,396,130.565,430.04,0.27,0.228
624,3,0,16.395,188.791,0.4,396,130.592,420.709,0.27,0.208
625,6,0,16.442,188.791,0.399,399,130.522,421.282,0.271,0.213
626,0,0,16.442,188.791,0.399,393,130.622,417.773,0.267,0.204
627,2,0,16.86,188.791,0.401,386,130.648,422.311,0.264,0.217
628,4,0,16.907,186.0,0.404,387,130.678,421.016,0.262,0.215
629,3,0,16.93,186.0,0.403,390,130.65,423.841,0.263,0.22
630,4,0,16.884,186.023,0.403,390,130.816,421.659,0.263,0.218
631,8,0,16.837,186.023,0.404,392,130.83,418.307,0.263,0.216
632,2,0,16.977,186.023,0.407,390,130.864,418.532,0.261,0.218
633,8,0,17.116,185.977,0.408,388,130.903,419.12,0.259,0.22
634,5,0,17.326,185.977,0.41,391,130.815,427.287,0.261,0.237
635,5,0,17.419,186.395,0.409,394,130.697,430.814,0.262,0.244
636,5,0,17.372,186.395,0.407,398,130.601,437.681,0.266,0.25
637,6,0,17.465,186.395,0.406,400,130.703,442.839,0.267,0.26
638,7,0,17.767,186.395,0.41,403,130.5,451.801,0.27,0.288
639,3,0,17.721,186.395,0.41,401,130.615,447.261,0.268,0.28
640,8,0,17.814,186.395,0.411,404,130.606,450.812,0.27,0.29
641,3,0,18.0,190.233,0.413,404,130.534,455.309,0.268,0.296
642,3,0,17.814,190.233,0.412,406,130.56,449.933,0.27,0.289
643,5,0,17.86,190.233,0.413,408,130.527,451.901,0.27,0.292
644,8,0,17.86,190.442,0.412,412,130.431,454.741,0.272,0.298
645,6,0,18.093,190.442,0.41,414,130.277,461.668,0.274,0.319
646,5,0,18.047,189.837,0.411,414,130.353,457.707,0.272,0.312
647,4,0,17.977,189.953,0.409,414,130.441,456.965,0.271,0.303
648,5,0,18.07,190.372,0.408,414,130.3,461.392,0.272,0.311
649,4,0,18.023,190.372,0.408,416,130.287,459.842,0.272,0.307
650,3,0,18.047,186.535,0.407,413,130.456,454.651,0.269,0.3
651,0,0,18.279,186.535,0.411,407,130.523,450.969,0.263,0.299
652,4,0,18.349,186.535,0.412,407,130.524,449.469,0.263,0.303
653,2,0,18.465,186.535,0.412,406,130.513,452.382,0.262,0.308
654,8,0,18.535,186.535,0.414,409,130.398,456.773,0.263,0.314
655,4,0,18.512,186.116,0.417,410,130.241,456.007,0.264,0.316
656,5,0,18.465,186.209,0.42,407,130.383,443.546,0.258,0.295
657,7,0,18.512,185.977,0.42,412,130.339,446.001,0.26,0.303
658,6,1,18.372,184.814,0.419,411,130.283,441.723,0.261,0.296
659,2,0,18.326,184.814,0.419,411,130.306,439.936,0.261,0.292
660,4,0,18.279,184.674,0.418,409,130.295,446.946,0.262,0.294
661,3,0,18.372,184.674,0.42,409,130.331,442.487,0.26,0.294
662,5,0,18.558,192.86,0.421,404,130.317,446.064,0.259,0.302
663,6,0,18.512,192.86,0.421,405,130.353,443.336,0.258,0.296
664,5,0,18.674,193.0,0.419,404,130.302,445.325,0.256,0.302
665,3,0,18.651,193.0,0.421,400,130.348,439.203,0.255,0.296
666,4,0,18.744,193.0,0.418,400,130.363,442.384,0.254,0.301
667,9,0,18.93,193.163,0.418,406,130.234,458.362,0.258,0.326
668,3,0,18.814,194.116,0.418,406,130.231,457.247,0.259,0.319
669,5,0,19.0,193.953,0.419,403,130.284,450.091,0.255,0.32
670,3,0,19.047,193.953,0.419,400,130.351,448.233,0.253,0.317
671,7,0,18.953,193.953,0.418,402,130.388,448.75,0.252,0.309
672,5,0,19.279,193.953,0.421,403,130.332,457.251,0.253,0.333
673,1,0,19.372,193.953,0.422,400,130.373,456.004,0.251,0.333
674,5,0,19.419,193.953,0.424,398,130.384,454.052,0.252,0.338
675,6,0,19.279,193.744,0.428,392,130.408,441.088,0.248,0.318
676,7,0,19.465,193.744,0.43,395,130.274,455.218,0.252,0.343
677,4,0,19.372,193.744,0.43,395,130.337,448.161,0.251,0.334
678,2,0,19.465,193.744,0.427,391,130.405,438.519,0.248,0.331
679,7,0,19.302,193.744,0.426,393,130.434,447.104,0.251,0.33
680,2,0,19.256,193.744,0.425,392,130.459,446.805,0.251,0.326
681,4,0,19.279,193.744,0.425,390,130.557,436.998,0.247,0.315
682,5,0,19.14,193.14,0.421,388,130.866,431.326,0.246,0.303
683,4,0,19.093,193.256,0.421,390,130.837,430.698,0.246,0.302
684,7,0,18.86,193.256,0.417,390,130.94,421.96,0.246,0.287
685,4,0,18.953,193.256,0.418,390,130.959,423.542,0.245,0.29
686,6,0,19.14,193.256,0.419,391,130.919,426.081,0.245,0.302
687,2,0,19.047,192.791,0.417,388,130.981,414.154,0.241,0.285
688,4,0,18.953,192.86,0.415,386,131.142,412.943,0.241,0.279
689,0,0,18.953,192.86,0.416,382,131.161,411.402,0.24,0.275
690,7,0,18.837,192.86,0.416,387,131.177,408.372,0.241,0.271
691,4,0,18.93,192.86,0.417,385,131.147,408.736,0.238,0.269
692,1,0,19.349,191.884,0.417,381,131.131,405.738,0.234,0.282
693,4,0,19.628,191.419,0.418,377,131.248,410.511,0.232,0.295
694,5,0,19.721,191.767,0.425,378,130.979,419.772,0.234,0.307
695,8,0,19.767,191.767,0.423,380,130.833,430.795,0.24,0.326
696,5,0,19.535,191.767,0.423,380,130.9,424.812,0.238,0.306
697,4,0,19.372,191.977,0.422,378,131.109,420.704,0.237,0.293
698,3,0,19.395,191.884,0.419,374,131.167,411.241,0.234,0.285
699,7,0,19.279,191.884,0.419,373,131.267,406.091,0.231,0.27
700,4,0,19.581,194.86,0.421,372,131.317,407.984,0.229,0.282
701,3,0,10.907,191.651,0.362,372,135.005,216.662,0.225,0.027
702,1,0,10.953,191.605,0.363,371,135.005,217.034,0.224,0.027
703,3,0,11.256,191.605,0.374,368,134.703,222.163,0.225,0.03
704,5,0,11.767,191.605,0.375,369,134.112,237.089,0.229,0.036
705,4,0,11.767,191.605,0.378,370,134.003,237.473,0.23,0.037
706,3,0,12.14,191.605,0.377,365,134.148,242.638,0.227,0.04
707,3,0,12.465,191.605,0.378,362,134.107,245.599,0.225,0.043
708,6,0,12.791,191.605,0.377,361,133.976,251.405,0.225,0.047
709,4,0,13.163,191.628,0.377,359,133.923,256.601,0.224,0.051
710,7,0,13.465,191.116,0.375,361,133.561,269.688,0.226,0.057
711,10,0,13.558,191.116,0.374,368,133.324,277.191,0.229,0.061
712,8,0,13.512,191.116,0.369,372,133.125,282.87,0.233,0.063
713,4,0,13.744,191.116,0.37,371,133.132,283.917,0.232,0.066
714,4,0,14.116,191.116,0.369,373,132.78,296.381,0.234,0.075
715,4,0,14.442,191.116,0.376,374,132.631,304.09,0.234,0.083
716,7,0,14.349,191.116,0.375,372,132.386,301.824,0.234,0.08
717,4,0,14.535,191.14,0.374,373,132.205,308.198,0.236,0.086
718,8,0,14.744,191.14,0.379,376,131.775,318.908,0.24,0.095
719,2,0,15.07,191.14,0.381,374,131.701,319.358,0.238,0.101
720,7,0,15.186,191.465,0.38,376,131.519,331.499,0.242,0.11
721,3,0,15.326,191.465,0.381,373,131.424,332.277,0.239,0.109
722,6,0,15.326,191.465,0.38,376,131.335,334.893,0.241,0.112
723,6,0,15.465,191.465,0.379,377,131.277,338.065,0.242,0.117
724,4,0,15.512,191.465,0.376,377,131.127,348.614,0.246,0.125
725,4,0,15.651,191.465,0.382,378,130.98,353.355,0.25,0.135
726,5,0,15.744,191.465,0.383,379,130.994,354.729,0.25,0.139
727,8,0,15.419,191.465,0.382,380,130.989,352.178,0.254,0.134
728,7,0,15.744,192.349,0.385,382,130.921,356.561,0.255,0.148
729,6,0,15.837,192.349,0.393,377,130.951,356.603,0.254,0.15
730,8,0,16.047,192.349,0.393,379,130.853,364.566,0.255,0.161
731,5,0,16.14,189.488,0.396,374,130.905,359.512,0.251,0.155
732,8,0,16.14,189.953,0.393,382,130.769,371.392,0.257,0.168
733,7,0,16.791,189.953,0.396,384,130.47,391.824,0.26,0.204
734,10,0,17.023,192.488,0.396,389,130.332,401.638,0.262,0.219
735,9,0,17.349,192.488,0.394,392,130.282,406.161,0.261,0.236
736,5,0,17.233,190.14,0.394,392,130.283,400.229,0.261,0.227
737,5,0,17.512,190.14,0.397,393,130.109,414.095,0.265,0.253
738,5,0,17.628,190.302,0.397,397,130.053,419.548,0.267,0.267
739,6,0,17.605,189.837,0.396,395,130.099,414.766,0.264,0.257
740,7,0,17.721,189.837,0.399,396,130.103,419.13,0.266,0.27
741,6,0,17.698,189.721,0.398,399,130.114,425.387,0.268,0.275
742,8,0,17.791,190.953,0.396,402,130.048,429.015,0.269,0.283
743,11,0,18.163,190.953,0.397,407,129.981,436.718,0.27,0.309
744,1,0,18.209,190.86,0.397,404,130.016,436.412,0.269,0.308
745,6,0,18.395,190.86,0.394,406,130.009,442.183,0.27,0.325
746,8,0,18.767,191.256,0.393,406,129.859,456.711,0.272,0.357
747,2,1,19.093,191.256,0.396,399,129.881,459.925,0.269,0.369
748,5,0,18.953,191.256,0.393,399,129.976,449.336,0.267,0.352
749,8,0,18.953,191.372,0.395,400,129.925,457.06,0.268,0.356
750,4,0,18.837,191.372,0.396,398,129.962,448.387,0.266,0.341
751,8,0,18.977,191.419,0.395,403,129.9,460.061,0.269,0.361
752,5,0,18.884,191.419,0.395,406,129.907,460.269,0.27,0.36
753,2,0,18.884,190.186,0.398,401,129.939,451.369,0.265,0.342
754,7,0,19.256,190.186,0.401,405,129.664,469.301,0.27,0.385
755,7,0,19.326,190.767,0.4,402,129.74,467.388,0.27,0.39
756,6,0,19.558,190.767,0.401,402,129.744,469.873,0.267,0.397
757,8,0,19.186,190.767,0.399,404,129.714,463.446,0.27,0.379
758,4,0,19.372,190.767,0.404,403,129.64,468.047,0.272,0.398
759,3,0,19.279,190.907,0.404,403,129.695,463.806,0.27,0.386
760,5,0,19.233,190.977,0.405,407,129.671,465.349,0.272,0.39
761,6,0,19.326,190.977,0.407,407,129.713,466.959,0.274,0.405
762,3,0,19.279,190.977,0.407,404,129.805,467.686,0.273,0.398
763,7,0,19.419,190.977,0.406,403,129.758,472.775,0.273,0.406
764,5,0,19.628,192.744,0.407,404,129.805,476.799,0.271,0.416
765,6,0,19.721,192.744,0.404,404,129.808,478.762,0.271,0.422
766,8,0,19.628,192.744,0.402,407,129.694,485.607,0.274,0.425
767,3,0,19.581,192.744,0.403,407,129.674,485.655,0.274,0.423
768,4,0,19.651,192.744,0.405,406,129.669,485.91,0.275,0.43
769,4,0,19.86,192.744,0.405,405,129.639,491.609,0.276,0.45
770,2,0,19.767,192.744,0.407,403,129.652,488.478,0.276,0.444
771,5,0,19.907,192.744,0.41,401,129.72,485.42,0.273,0.445
772,6,0,19.651,193.767,0.408,403,129.985,476.935,0.274,0.431
773,5,0,19.605,193.767,0.41,403,129.828,479.663,0.275,0.427
774,6,0,19.419,192.674,0.408,403,129.869,477.671,0.273,0.408
775,4,0,19.605,192.674,0.408,399,129.758,481.625,0.271,0.413
776,5,0,19.698,192.674,0.408,401,129.692,486.416,0.272,0.425
777,4,0,19.791,192.86,0.413,400,129.6,496.78,0.275,0.442
778,4,0,19.814,192.86,0.412,400,129.568,499.296,0.276,0.445
779,7,0,19.535,192.86,0.412,401,129.674,491.839,0.275,0.421
780,4,0,19.372,192.86,0.411,400,129.704,484.83,0.274,0.406
781,6,0,19.605,192.86,0.413,401,129.657,495.307,0.275,0.426
782,2,0,19.698,192.86,0.415,403,129.631,498.789,0.276,0.438
783,5,0,19.628,192.86,0.415,407,129.624,497.392,0.277,0.436
784,4,0,19.628,192.442,0.414,405,129.773,494.085,0.276,0.432
785,3,0,19.907,192.442,0.415,403,129.747,498.818,0.275,0.45
786,7,0,19.721,192.442,0.414,405,129.682,494.534,0.278,0.447
787,6,1,19.628,192.442,0.413,405,129.723,487.318,0.277,0.436
788,4,0,19.814,192.442,0.414,405,129.629,489.334,0.275,0.444
789,6,1,19.814,192.442,0.416,407,129.634,492.422,0.275,0.444
790,5,0,20.0,192.442,0.417,405,129.623,496.942,0.274,0.455
791,4,0,19.953,192.442,0.417,403,129.672,488.957,0.273,0.446
792,6,0,19.651,192.442,0.42,400,129.86,482.783,0.271,0.419
793,2,0,19.744,192.442,0.419,397,129.86,486.226,0.272,0.428
794,7,0,19.721,192.907,0.421,397,129.857,484.713,0.273,0.431
795,7,0,19.767,192.907,0.418,402,129.764,495.682,0.279,0.455
796,4,0,19.698,192.442,0.417,404,129.731,500.667,0.281,0.456
797,1,0,19.977,192.442,0.418,398,129.78,497.633,0.276,0.461
798,9,0,19.791,192.442,0.412,401,129.77,503.064,0.28,0.462
799,3,0,19.581,192.442,0.415,398,129.845,491.303,0.279,0.443
800,6,0,19.442,192.442,0.414,403,129.808,497.744,0.283,0.447
801,6,0,11.07,190.512,0.345,401,131.962,270.402,0.275,0.054
802,1,0,11.163,190.512,0.346,400,131.971,271.736,0.275,0.054
803,8,0,11.558,190.512,0.343,402,131.697,286.075,0.277,0.062
804,4,0,12.209,190.512,0.348,399,131.594,299.026,0.275,0.073
805,3,0,12.442,190.512,0.348,397,131.4,309.862,0.277,0.08
806,6,0,12.721,190.512,0.357,398,131.229,317.721,0.278,0.088
807,4,0,13.093,190.512,0.362,392,131.127,325.816,0.277,0.096
808,6,0,13.372,190.512,0.361,392,130.92,333.181,0.277,0.103
809,2,0,13.605,190.512,0.364,388,130.907,336.42,0.274,0.106
810,5,0,13.698,190.512,0.365,390,130.74,343.872,0.278,0.114
811,4,0,14.186,190.512,0.367,390,130.524,357.005,0.279,0.131
812,8,0,14.442,190.512,0.372,393,130.391,364.934,0.283,0.146
813,1,0,14.721,190.512,0.374,388,130.428,369.134,0.28,0.153
814,6,0,15.047,190.512,0.381,391,130.272,383.352,0.283,0.172
815,9,0,15.535,190.791,0.382,397,129.119,396.689,0.287,0.197
816,0,0,15.93,190.163,0.385,390,129.238,398.619,0.282,0.205
817,5,0,15.698,189.93,0.387,391,129.277,390.678,0.28,0.189
818,4,0,16.256,189.93,0.389,390,129.261,396.802,0.275,0.206
819,5,0,16.721,189.93,0.393,390,129.057,408.581,0.276,0.231
820,7,0,16.674,189.93,0.393,393,129.047,405.921,0.276,0.229
821,7,0,16.767,189.93,0.395,399,128.973,414.182,0.278,0.241
822,4,0,17.0,189.93,0.397,392,129.108,408.861,0.273,0.24
823,6,0,17.233,193.163,0.397,394,129.05,416.608,0.274,0.255
824,6,0,17.349,193.163,0.398,392,129.12,419.628,0.271,0.256
825,6,0,17.488,195.698,0.401,390,129.056,423.281,0.272,0.267
826,2,0,17.442,195.884,0.404,383,129.325,414.565,0.267,0.249
827,6,0,17.488,195.884,0.403,386,129.252,419.772,0.27,0.261
828,4,0,17.535,195.884,0.403,388,129.218,422.544,0.27,0.265
829,5,0,17.628,195.884,0.403,390,129.06,429.086,0.273,0.276
830,3,0,17.814,195.605,0.401,385,130.177,424.73,0.268,0.283
831,8,0,18.023,195.605,0.4,385,130.126,433.644,0.27,0.301
832,4,0,17.93,195.605,0.402,385,130.156,425.631,0.267,0.287
833,4,1,17.837,195.605,0.404,383,130.247,418.471,0.263,0.27
834,5,0,17.977,195.605,0.401,385,130.315,424.941,0.265,0.282
835,7,0,17.558,195.605,0.4,388,130.507,415.142,0.267,0.264
836,3,0,17.767,195.605,0.399,389,130.481,419.114,0.268,0.281
837,2,0,17.953,195.605,0.399,386,130.398,422.218,0.267,0.29
838,2,0,17.86,195.605,0.399,383,130.441,416.227,0.266,0.28
839,10,0,17.721,195.605,0.401,391,130.136,424.875,0.275,0.295
840,6,0,17.581,195.605,0.4,391,130.319,417.161,0.27,0.275
841,5,0,17.488,195.605,0.4,394,130.282,414.168,0.272,0.274
842,7,0,17.628,195.512,0.405,397,130.105,417.198,0.274,0.289
843,5,0,17.744,195.744,0.407,398,130.072,427.487,0.277,0.303
844,1,0,17.628,195.488,0.406,394,130.113,423.48,0.275,0.29
845,4,0,17.581,195.488,0.404,397,130.071,423.696,0.277,0.293
846,3,0,17.674,195.488,0.404,395,129.941,427.431,0.277,0.298
847,5,0,17.628,195.488,0.405,397,129.973,429.483,0.278,0.298
848,5,0,18.0,195.488,0.418,398,129.85,441.594,0.279,0.327
849,6,0,18.0,195.488,0.417,401,129.814,443.524,0.281,0.333
850,5,0,18.14,195.488,0.416,402,129.863,446.693,0.28,0.337
851,5,0,18.186,195.488,0.421,407,129.825,449.341,0.282,0.348
852,6,0,18.558,195.488,0.421,408,129.684,461.728,0.283,0.377
853,4,0,18.698,195.488,0.42,409,129.568,469.547,0.285,0.392
854,7,0,18.86,195.651,0.419,408,129.522,473.024,0.283,0.4
855,4,0,18.953,195.651,0.421,408,129.454,477.992,0.285,0.413
856,6,0,18.721,195.651,0.421,407,129.472,472.747,0.286,0.399
857,6,1,18.907,195.651,0.423,409,129.425,479.165,0.288,0.418
858,6,0,19.0,195.651,0.426,411,129.331,482.923,0.288,0.424
859,6,0,18.953,195.651,0.426,412,129.187,486.433,0.289,0.423
860,3,0,19.233,195.651,0.43,404,129.253,480.237,0.282,0.422
861,5,0,19.14,195.744,0.43,406,129.227,485.64,0.284,0.423
862,3,0,19.0,195.744,0.431,402,129.332,476.009,0.281,0.399
863,9,0,19.023,195.744,0.428,408,129.275,484.554,0.285,0.417
864,7,1,19.116,195.744,0.429,409,129.244,487.423,0.286,0.425
865,4,0,19.14,195.744,0.427,405,129.29,482.967,0.284,0.423
866,8,0,19.651,195.744,0.428,405,129.243,490.381,0.282,0.454
867,8,0,20.116,195.744,0.434,399,129.193,488.689,0.276,0.468
868,2,0,19.884,195.744,0.434,396,129.227,477.365,0.275,0.445
869,4,0,19.884,195.744,0.434,395,129.364,473.688,0.273,0.44
870,4,0,20.023,195.744,0.434,395,129.425,474.716,0.273,0.45
871,5,0,19.977,195.744,0.434,394,129.42,472.326,0.273,0.448
872,5,0,20.302,195.744,0.436,393,129.341,479.492,0.273,0.472
873,4,0,20.279,195.744,0.436,391,129.432,474.067,0.271,0.463
874,2,0,20.326,195.744,0.436,389,129.414,474.899,0.271,0.466
875,3,0,20.279,195.744,0.437,387,129.472,466.996,0.267,0.45
876,2,0,20.186,195.744,0.437,387,129.541,463.693,0.268,0.444
877,3,0,20.07,195.326,0.437,383,129.618,462.903,0.265,0.427
878,4,0,20.372,195.326,0.439,378,129.622,466.566,0.262,0.44
879,7,0,20.14,195.326,0.44,378,129.744,452.749,0.259,0.411
880,6,0,19.977,195.326,0.437,380,129.751,450.342,0.259,0.399
881,9,0,19.744,195.326,0.436,387,129.754,451.876,0.262,0.392
882,6,0,19.884,195.581,0.434,389,129.724,457.797,0.264,0.41
883,13,0,19.767,195.581,0.434,395,129.664,457.514,0.267,0.411
884,1,0,20.0,195.581,0.434,388,129.642,456.319,0.264,0.417
885,5,0,20.093,195.581,0.434,386,129.6,457.016,0.264,0.426
886,2,0,20.0,195.581,0.435,386,129.645,454.367,0.263,0.414
887,7,0,20.047,195.581,0.436,386,129.581,455.92,0.266,0.43
888,4,0,20.186,195.419,0.439,380,129.636,456.289,0.263,0.427
889,1,0,20.279,192.837,0.44,373,129.734,447.056,0.257,0.414
890,4,0,19.953,192.837,0.439,372,129.871,436.816,0.256,0.387
891,2,0,20.093,192.837,0.439,371,129.818,443.418,0.257,0.401
892,1,0,20.186,192.837,0.439,370,129.815,443.819,0.257,0.408
893,4,0,20.093,192.837,0.439,368,129.959,434.65,0.252,0.384
894,6,0,19.977,192.837,0.439,367,130.006,432.433,0.251,0.373
895,3,0,19.791,192.837,0.441,367,129.983,430.597,0.252,0.363
896,9,0,19.791,192.93,0.441,372,129.962,433.072,0.254,0.369
897,2,0,19.93,192.93,0.442,370,130.039,434.429,0.251,0.37
898,7,0,19.884,192.93,0.44,376,129.92,442.454,0.256,0.383
899,9,0,19.884,193.093,0.437,375,129.967,443.183,0.258,0.391
900,5,0,19.837,193.093,0.436,376,130.001,441.943,0.258,0.387
901,8,0,11.186,190.395,0.358,381,132.854,255.418,0.258,0.045
902,5,0,11.465,190.581,0.357,382,132.684,261.195,0.26,0.049
903,7,0,11.651,190.581,0.36,382,132.553,267.529,0.26,0.052
904,2,0,11.744,190.581,0.359,382,132.542,269.99,0.259,0.053
905,3,0,11.791,190.581,0.361,378,132.794,273.374,0.257,0.053
906,7,0,11.837,190.581,0.366,377,132.675,274.865,0.255,0.052
907,12,0,12.209,190.628,0.371,386,132.377,282.662,0.259,0.06
908,5,0,12.14,184.837,0.37,386,132.314,280.959,0.26,0.06
909,5,0,12.558,184.837,0.373,387,132.222,289.775,0.259,0.066
910,6,0,12.698,184.837,0.37,390,131.951,300.788,0.264,0.074
911,4,0,12.837,184.837,0.37,390,131.965,304.02,0.263,0.076
912,5,0,12.977,184.465,0.371,389,131.693,308.355,0.265,0.08
913,4,0,12.93,184.651,0.372,389,131.71,306.575,0.264,0.078
914,4,0,13.233,184.651,0.376,389,131.634,312.689,0.264,0.084
915,6,0,13.512,184.442,0.375,389,131.784,319.962,0.265,0.093
916,5,0,13.628,184.442,0.374,388,131.697,322.74,0.265,0.097
917,2,0,13.535,184.442,0.375,386,131.765,320.081,0.264,0.093
918,8,0,13.698,184.465,0.377,388,131.736,320.943,0.263,0.096
919,4,0,13.767,184.93,0.377,386,131.801,318.177,0.26,0.094
920,7,0,13.814,185.07,0.378,388,131.794,317.282,0.259,0.094
921,2,0,13.86,185.07,0.379,387,131.772,318.578,0.259,0.095
922,4,0,13.93,184.163,0.375,385,131.777,316.002,0.255,0.092
923,3,0,14.023,184.163,0.373,384,131.8,317.327,0.255,0.094
924,2,0,14.116,184.163,0.374,382,131.783,318.389,0.254,0.096
925,6,0,14.116,184.14,0.375,382,131.648,326.496,0.256,0.099
926,10,0,14.023,184.14,0.373,386,131.604,326.184,0.259,0.099
927,5,0,13.953,184.395,0.372,386,131.633,324.397,0.26,0.099
928,5,0,13.907,184.395,0.374,387,131.665,322.393,0.26,0.097
929,3,0,14.349,184.395,0.374,382,131.584,331.44,0.259,0.108
930,3,0,14.535,184.395,0.376,379,131.542,333.412,0.258,0.112
931,3,0,14.86,184.535,0.379,377,131.468,340.688,0.256,0.12
932,6,0,14.86,184.535,0.375,375,131.417,346.336,0.257,0.121
933,7,0,14.953,185.256,0.378,376,131.075,349.367,0.259,0.126
934,5,0,14.953,185.302,0.378,375,131.076,350.757,0.26,0.127
935,6,0,15.209,185.256,0.381,376,130.934,359.279,0.261,0.139
936,3,0,15.302,185.302,0.382,375,131.026,358.197,0.257,0.135
937,5,0,15.372,185.302,0.381,378,130.861,367.916,0.261,0.145
938,5,0,15.465,184.837,0.375,378,131.192,367.586,0.26,0.148
939,7,0,15.698,185.116,0.374,379,131.162,378.817,0.262,0.161
940,10,0,16.163,189.558,0.381,384,130.677,403.149,0.268,0.192
941,3,0,16.14,189.558,0.386,380,130.715,397.102,0.265,0.185
942,6,0,16.0,189.558,0.386,383,130.608,403.379,0.267,0.183
943,5,0,16.023,189.558,0.387,386,130.537,407.695,0.269,0.188
944,4,0,16.163,189.558,0.383,383,130.567,407.079,0.266,0.188
945,3,0,16.279,189.558,0.388,382,130.594,405.617,0.264,0.189
946,3,0,16.605,189.558,0.391,376,130.76,402.041,0.258,0.191
947,5,0,16.744,189.442,0.39,378,130.655,412.712,0.261,0.205
948,5,0,16.721,189.442,0.389,378,130.619,411.84,0.263,0.208
949,1,0,16.814,189.442,0.39,374,130.584,413.65,0.261,0.206
950,4,0,16.721,189.442,0.39,374,130.607,410.227,0.261,0.202
951,6,0,16.721,189.442,0.392,377,130.461,411.987,0.264,0.208
952,5,0,17.0,189.814,0.4,374,130.37,423.478,0.264,0.224
953,3,0,17.047,189.814,0.399,373,130.349,427.874,0.265,0.229
954,9,0,17.163,190.279,0.399,376,130.265,431.971,0.268,0.242
955,1,0,17.163,190.279,0.394,370,130.397,420.744,0.263,0.231
956,6,0,17.14,189.814,0.397,375,130.314,420.762,0.264,0.231
957,2,0,17.256,189.814,0.405,371,130.352,420.357,0.262,0.232
958,6,0,17.698,189.814,0.405,371,130.254,428.935,0.262,0.257
959,5,0,17.791,189.93,0.405,371,130.206,433.662,0.263,0.264
960,5,0,17.93,189.93,0.412,373,130.165,440.809,0.264,0.275
961,2,0,17.93,189.93,0.413,371,130.17,438.489,0.262,0.271
962,5,0,18.116,189.93,0.414,370,130.157,440.84,0.261,0.278
963,4,0,18.116,189.93,0.416,367,130.2,436.379,0.259,0.273
964,7,0,18.116,189.326,0.415,370,130.064,435.188,0.261,0.278
965,9,0,18.116,189.326,0.417,375,129.976,434.955,0.265,0.29
966,3,0,18.163,191.209,0.416,376,129.938,444.102,0.267,0.298
967,5,0,18.395,191.512,0.417,376,129.874,452.777,0.268,0.316
968,4,0,18.14,191.512,0.419,376,129.94,445.117,0.266,0.296
969,1,0,18.093,191.512,0.419,372,130.052,433.561,0.264,0.286
970,12,0,18.372,191.512,0.419,378,130.006,443.058,0.265,0.308
971,1,0,18.419,191.512,0.419,372,130.174,440.683,0.261,0.3
972,5,0,18.372,191.512,0.423,372,130.231,438.89,0.261,0.298
973,10,0,18.326,191.465,0.429,377,130.239,436.528,0.261,0.294
974,6,0,18.581,192.721,0.43,379,129.99,448.484,0.262,0.313
975,7,0,18.558,192.721,0.429,382,129.734,459.424,0.267,0.325
976,5,0,18.419,192.86,0.428,384,129.674,461.81,0.271,0.327
977,5,0,18.837,192.977,0.434,382,129.659,470.816,0.271,0.356
978,4,0,18.837,192.977,0.434,379,129.663,468.062,0.27,0.352
979,8,0,19.256,192.977,0.436,379,129.597,473.943,0.269,0.379
980,3,0,19.233,192.535,0.436,373,129.719,464.758,0.263,0.359
981,2,0,19.279,192.535,0.436,372,129.786,457.354,0.261,0.356
982,7,0,19.465,189.698,0.434,370,129.864,460.924,0.259,0.363
983,5,0,19.093,189.698,0.433,373,129.877,451.103,0.261,0.344
984,4,0,19.14,189.698,0.433,370,130.018,447.177,0.259,0.339
985,6,0,19.093,189.767,0.432,373,129.967,450.125,0.26,0.341
986,1,0,19.186,189.442,0.434,367,130.07,449.695,0.255,0.331
987,3,0,19.186,189.442,0.433,365,130.082,444.41,0.255,0.331
988,7,0,19.186,189.442,0.433,366,130.023,453.375,0.258,0.34
989,4,0,19.233,189.442,0.434,367,130.076,452.618,0.258,0.343
990,6,0,19.0,189.628,0.43,365,130.032,453.919,0.259,0.33
991,5,0,18.837,189.721,0.43,366,130.009,449.945,0.26,0.323
992,2,0,18.651,189.721,0.43,364,130.151,444.103,0.258,0.304
993,1,0,18.558,189.698,0.429,361,130.28,438.385,0.256,0.294
994,4,0,18.605,189.698,0.43,362,130.315,434.973,0.255,0.294
995,8,0,18.651,189.698,0.431,364,130.233,442.307,0.257,0.303
996,2,0,18.791,188.744,0.431,359,130.318,431.803,0.251,0.294
997,3,0,18.744,188.744,0.431,360,130.324,433.07,0.253,0.296
998,9,0,18.814,188.744,0.429,366,130.112,446.568,0.261,0.324
999,5,0,18.814,189.14,0.425,366,130.057,446.907,0.262,0.328
1000,0,0,19.0,189.14,0.427,360,130.12,445.668,0.257,0.323
