1,10,0,0.571,2.381,0.0,10,111.688,0.046,0.008,0.0
2,3,0,0.762,3.619,0.005,13,109.414,0.055,0.011,0.0
3,3,0,1.048,5.476,0.007,16,99.342,0.134,0.015,0.0
4,3,0,1.238,8.476,0.016,19,92.174,0.243,0.021,0.0
5,4,0,1.667,10.429,0.018,23,79.743,0.675,0.026,0.0
6,7,0,2.238,15.952,0.031,29,66.966,1.131,0.039,0.0
7,5,0,2.524,19.952,0.045,34,59.608,1.838,0.046,0.0
8,5,0,2.952,24.0,0.073,38,53.855,2.298,0.05,0.0
9,5,0,3.524,31.857,0.122,42,43.491,3.199,0.06,0.0
10,3,0,3.81,35.381,0.143,45,41.708,3.614,0.064,0.0
11,6,0,3.571,36.524,0.137,51,44.671,3.473,0.07,0.0
12,9,0,3.857,41.905,0.152,59,34.464,4.352,0.082,0.0
13,4,0,4.0,43.905,0.152,63,32.11,4.911,0.089,0.0
14,4,0,4.095,45.238,0.154,67,31.219,5.048,0.092,0.0
15,3,0,4.19,45.714,0.147,70,27.977,5.347,0.096,0.0
16,8,0,4.905,52.905,0.205,77,22.776,7.075,0.103,0.0
17,4,0,5.286,61.0,0.26,81,19.617,8.528,0.112,0.0
18,4,0,5.571,63.238,0.264,85,18.145,9.635,0.119,0.0
19,7,0,6.095,68.81,0.289,91,13.362,12.606,0.13,0.0
20,8,0,6.667,73.381,0.324,98,11.671,14.586,0.138,0.0
21,3,0,6.952,75.857,0.35,98,12.147,15.025,0.138,0.0
22,3,0,7.238,77.952,0.378,98,11.597,15.885,0.138,0.0
23,3,0,7.429,80.286,0.398,101,11.126,17.145,0.142,0.0
24,3,0,7.429,80.571,0.396,104,10.643,17.108,0.145,0.0
25,5,0,7.714,87.857,0.458,108,9.15,18.253,0.156,0.0
26,6,0,7.524,89.19,0.473,113,8.589,18.098,0.161,0.0
27,8,0,8.476,97.619,0.522,119,6.784,22.423,0.176,0.0
28,6,0,8.762,100.524,0.545,125,5.822,25.549,0.185,0.0
29,3,0,8.762,101.714,0.528,127,5.418,26.852,0.188,0.0
30,3,0,8.857,102.0,0.542,130,5.357,27.179,0.19,0.0
31,5,1,9.238,104.095,0.571,129,4.651,28.468,0.188,0.0
32,8,1,9.429,106.0,0.547,135,4.124,28.213,0.195,0.0
33,3,1,9.81,107.857,0.536,136,3.991,30.297,0.196,0.0
34,4,1,10.286,109.095,0.535,139,3.867,31.557,0.198,0.0
35,6,3,10.667,109.429,0.537,141,3.544,34.436,0.202,0.0
36,3,0,10.952,109.429,0.539,144,3.35,35.64,0.207,0.0
37,9,1,11.524,111.667,0.569,149,3.44,39.27,0.214,0.0
38,0,0,11.619,111.667,0.567,146,3.631,38.542,0.21,0.0
39,6,0,11.81,111.762,0.592,150,3.458,39.552,0.214,0.0
40,2,0,11.905,114.429,0.595,152,3.342,39.982,0.217,0.0
41,2,0,11.81,114.429,0.599,154,3.358,39.592,0.217,0.0
42,3,0,12.19,114.429,0.598,155,3.276,40.438,0.216,0.0
43,7,2,12.381,114.429,0.62,160,2.702,41.285,0.221,0.001
44,7,2,12.286,114.762,0.603,163,2.639,41.455,0.223,0.001
45,4,1,12.667,114.762,0.619,164,2.652,42.163,0.22,0.001
46,8,1,12.714,114.905,0.595,168,2.571,43.404,0.226,0.001
47,3,2,13.19,114.905,0.601,165,2.569,44.345,0.224,0.001
48,10,4,13.381,114.905,0.598,169,2.182,44.774,0.23,0.001
49,8,4,13.19,114.905,0.598,171,2.12,43.755,0.23,0.001
50,2,1,13.667,114.905,0.598,169,2.18,44.732,0.226,0.001
51,7,2,13.476,116.286,0.594,173,2.108,44.221,0.229,0.001
52,4,1,13.381,116.286,0.592,175,2.119,43.717,0.229,0.001
53,6,1,13.19,114.619,0.611,178,2.068,43.24,0.23,0.001
54,2,1,13.095,114.619,0.608,179,2.009,43.071,0.232,0.001
55,5,2,13.476,114.619,0.597,178,2.006,42.305,0.226,0.001
56,6,0,13.476,114.619,0.592,183,1.717,43.674,0.231,0.001
57,5,2,13.905,114.619,0.621,184,1.697,44.751,0.232,0.001
58,5,3,14.476,114.619,0.622,185,1.619,47.575,0.234,0.001
59,7,3,14.857,115.667,0.633,186,1.524,46.977,0.235,0.001
60,8,4,14.714,115.667,0.63,188,1.589,46.329,0.232,0.001
61,1,1,14.905,115.667,0.641,184,1.684,46.353,0.225,0.001
62,6,0,15.095,115.667,0.678,189,1.391,48.731,0.232,0.001
63,6,2,14.81,115.667,0.652,191,1.377,48.524,0.233,0.001
64,5,2,15.095,115.667,0.66,192,1.324,49.028,0.234,0.001
65,3,1,15.095,115.667,0.666,190,1.318,49.181,0.233,0.001
66,7,0,15.333,115.667,0.658,195,1.301,50.34,0.235,0.002
67,3,1,15.143,115.667,0.669,194,1.249,50.88,0.235,0.001
68,6,3,15.81,115.667,0.677,194,1.352,50.955,0.231,0.002
69,6,5,15.905,115.667,0.669,194,1.369,51.531,0.231,0.002
70,5,3,16.095,115.667,0.658,193,1.418,51.429,0.229,0.002
71,8,2,15.905,115.667,0.664,199,1.317,52.113,0.236,0.002
72,8,3,15.714,115.667,0.67,202,1.315,51.353,0.235,0.002
73,5,1,15.905,115.667,0.677,202,1.304,51.701,0.234,0.002
74,6,1,16.0,115.667,0.677,204,1.29,52.406,0.235,0.002
75,7,1,16.048,115.857,0.683,208,1.158,52.947,0.24,0.002
76,5,1,16.19,115.857,0.68,210,1.099,53.575,0.242,0.002
77,5,1,16.19,115.857,0.692,212,1.073,53.464,0.245,0.002
78,5,1,16.19,116.19,0.678,214,1.025,53.897,0.243,0.002
79,3,2,16.286,116.19,0.691,213,1.06,53.745,0.244,0.002
80,3,2,16.286,116.19,0.691,214,1.059,53.745,0.244,0.002
81,2,0,16.048,116.19,0.681,214,1.076,52.482,0.243,0.002
82,3,1,16.524,116.19,0.711,214,1.088,53.516,0.241,0.002
83,8,2,16.429,115.333,0.72,218,1.064,52.958,0.241,0.002
84,2,1,16.619,115.333,0.729,218,1.049,53.748,0.241,0.003
85,6,3,16.429,115.333,0.72,219,1.017,53.399,0.244,0.002
86,5,2,16.238,115.905,0.711,221,1.0,53.324,0.246,0.002
87,5,4,16.238,116.048,0.695,217,1.053,51.614,0.24,0.002
88,4,4,16.238,116.048,0.694,216,1.059,51.614,0.24,0.002
89,9,4,16.476,116.048,0.697,219,1.052,52.683,0.242,0.002
90,5,2,16.952,116.048,0.693,220,1.002,54.218,0.244,0.003
91,3,1,16.81,116.048,0.693,218,1.046,52.565,0.24,0.003
92,5,3,16.905,116.048,0.689,215,1.075,52.472,0.238,0.003
93,5,2,17.333,116.429,0.689,213,1.147,53.112,0.236,0.003
94,5,2,17.143,116.048,0.694,214,1.062,54.053,0.238,0.003
95,5,3,16.667,115.238,0.689,214,1.137,53.323,0.236,0.002
96,1,0,16.905,115.238,0.694,212,1.162,53.698,0.234,0.003
97,5,2,17.095,115.238,0.687,212,1.285,54.184,0.232,0.003
98,3,2,17.286,115.238,0.691,209,1.29,54.52,0.231,0.003
99,5,0,17.429,115.524,0.697,211,1.249,56.319,0.232,0.003
100,5,2,17.238,116.0,0.701,212,1.21,55.944,0.234,0.003
101,4,2,13.571,115.19,0.634,213,1.784,44.66,0.229,0.001
102,7,1,13.857,115.81,0.629,217,1.547,46.184,0.235,0.001
103,4,1,14.286,115.714,0.634,214,1.661,45.999,0.229,0.001
104,4,2,14.762,115.714,0.644,212,1.634,48.215,0.227,0.001
105,5,1,15.143,116.381,0.643,214,1.534,49.241,0.231,0.001
106,4,2,15.143,116.381,0.654,211,1.55,49.087,0.227,0.001
107,2,1,15.238,116.381,0.658,210,1.555,49.878,0.226,0.001
108,8,2,15.619,116.381,0.664,213,1.438,52.231,0.229,0.002
109,2,1,15.762,116.381,0.667,211,1.458,52.261,0.229,0.002
110,3,0,15.762,116.381,0.662,212,1.431,51.824,0.231,0.002
111,5,3,16.238,116.381,0.679,212,1.429,52.512,0.228,0.002
112,6,1,16.143,116.381,0.673,216,1.226,54.722,0.233,0.002
113,7,1,15.667,116.381,0.677,219,1.436,50.555,0.23,0.002
114,2,0,15.857,116.381,0.686,216,1.503,50.583,0.227,0.002
115,5,1,16.333,116.381,0.69,217,1.505,52.026,0.226,0.002
116,6,3,16.143,116.476,0.683,218,1.523,51.13,0.225,0.002
117,4,0,16.524,117.381,0.676,222,1.45,53.363,0.228,0.002
118,2,0,17.0,117.381,0.676,220,1.486,53.712,0.226,0.002
119,8,3,17.19,117.381,0.669,224,1.305,55.109,0.233,0.003
120,4,0,17.143,117.381,0.668,225,1.382,55.251,0.231,0.003
121,4,0,17.714,117.762,0.683,227,1.124,59.695,0.236,0.003
122,9,6,17.81,117.762,0.669,227,1.114,59.895,0.236,0.003
123,5,2,18.048,117.762,0.69,225,1.152,60.61,0.233,0.004
124,6,1,17.857,117.762,0.672,227,1.181,58.58,0.235,0.003
125,4,1,17.667,116.952,0.676,229,1.168,58.625,0.235,0.003
126,5,1,17.476,116.952,0.659,232,1.157,58.609,0.235,0.003
127,4,1,17.619,116.952,0.667,235,1.104,58.99,0.237,0.003
128,9,5,17.81,116.952,0.671,234,1.081,59.84,0.236,0.003
129,8,3,17.619,116.952,0.684,237,1.067,59.243,0.239,0.003
130,5,1,18.095,117.81,0.69,239,0.955,62.086,0.242,0.004
131,6,4,18.286,117.81,0.697,240,0.975,61.42,0.241,0.004
132,7,5,18.19,118.0,0.687,240,0.966,61.264,0.241,0.004
133,6,3,18.571,118.0,0.7,241,0.955,61.907,0.241,0.005
134,5,0,18.952,118.0,0.698,241,0.848,65.045,0.242,0.005
135,6,1,18.952,118.0,0.71,245,0.758,67.568,0.246,0.006
136,5,1,19.048,118.286,0.717,244,0.875,65.331,0.242,0.005
137,4,2,19.619,118.286,0.718,243,0.838,67.931,0.242,0.007
138,5,0,19.857,118.286,0.708,247,0.778,69.689,0.244,0.007
139,8,4,20.143,118.286,0.721,250,0.728,70.695,0.246,0.008
140,7,2,20.714,118.286,0.748,252,0.693,71.754,0.247,0.01
141,8,3,20.333,118.286,0.754,255,0.699,70.312,0.25,0.009
142,5,3,20.429,118.286,0.76,254,0.706,70.394,0.249,0.009
143,11,6,20.714,118.19,0.756,251,0.832,69.011,0.242,0.009
144,7,3,20.81,118.19,0.75,253,0.712,71.342,0.246,0.01
145,5,3,20.619,118.19,0.759,250,0.76,70.185,0.244,0.009
146,7,2,21.0,118.19,0.765,252,0.756,71.46,0.245,0.01
147,6,4,20.905,118.19,0.753,252,0.789,70.652,0.244,0.01
148,5,3,21.381,118.19,0.756,251,0.831,70.736,0.241,0.011
149,5,3,21.095,118.19,0.739,250,0.949,67.943,0.237,0.01
150,8,3,21.095,118.19,0.737,254,0.867,69.346,0.24,0.01
151,2,2,21.095,118.095,0.731,249,0.936,68.316,0.237,0.009
152,11,5,21.381,118.095,0.75,251,0.846,69.873,0.238,0.011
153,2,1,21.429,118.095,0.754,249,0.861,69.531,0.237,0.011
154,2,0,21.905,118.095,0.759,248,0.869,70.943,0.235,0.012
155,4,1,22.381,118.095,0.772,250,0.787,74.228,0.237,0.014
156,4,3,22.381,118.095,0.77,251,0.757,74.8,0.239,0.014
157,8,7,22.286,118.095,0.745,246,0.88,71.913,0.236,0.013
158,4,3,22.238,118.095,0.748,245,0.883,71.862,0.236,0.013
159,5,3,22.333,118.095,0.735,244,0.946,70.832,0.233,0.013
160,4,2,22.524,118.095,0.741,241,0.976,71.566,0.23,0.013
161,5,3,22.905,118.095,0.75,237,1.003,71.901,0.226,0.014
162,1,0,22.905,118.286,0.743,234,1.023,70.697,0.225,0.014
163,3,0,22.762,118.286,0.745,233,1.089,69.531,0.223,0.013
164,4,1,22.476,117.905,0.732,230,1.099,67.017,0.222,0.012
165,4,1,22.286,117.905,0.737,232,1.068,67.006,0.225,0.012
166,4,1,22.333,117.905,0.735,233,1.04,68.487,0.225,0.012
167,2,0,22.333,117.905,0.741,233,1.068,67.812,0.225,0.012
168,4,2,22.714,117.905,0.745,232,1.067,68.411,0.223,0.013
169,5,0,22.619,117.905,0.743,236,1.009,69.243,0.227,0.013
170,5,2,22.524,117.905,0.737,239,0.972,69.925,0.23,0.013
171,2,0,22.524,117.905,0.738,238,0.971,69.601,0.23,0.013
172,3,1,22.619,117.905,0.745,235,1.038,68.453,0.227,0.013
173,8,2,21.857,117.714,0.731,236,1.119,66.272,0.226,0.01
174,3,1,21.571,117.714,0.726,236,1.146,65.616,0.226,0.01
175,5,1,21.571,117.714,0.726,239,1.092,66.234,0.229,0.01
176,2,0,21.667,117.714,0.723,238,1.062,66.159,0.227,0.01
177,5,2,21.762,117.714,0.72,235,1.123,66.385,0.223,0.01
178,6,2,21.571,117.714,0.728,235,1.172,64.574,0.222,0.009
179,6,1,21.571,117.714,0.727,237,1.093,65.991,0.223,0.009
180,2,0,21.762,117.714,0.74,232,1.225,66.342,0.218,0.009
181,5,0,21.0,117.714,0.733,231,1.271,63.564,0.218,0.007
182,7,1,20.714,117.714,0.733,234,1.194,64.803,0.223,0.007
183,2,1,21.095,117.714,0.733,233,1.169,66.386,0.222,0.008
184,10,0,21.238,117.714,0.743,242,0.933,71.798,0.232,0.009
185,8,2,21.143,117.714,0.732,247,0.832,72.641,0.236,0.009
186,2,0,21.333,117.714,0.736,246,0.912,72.592,0.233,0.01
187,7,4,21.429,117.714,0.749,247,0.834,75.305,0.236,0.01
188,5,0,21.333,117.714,0.749,249,0.843,73.495,0.237,0.01
189,3,1,21.333,117.714,0.738,245,0.91,71.517,0.233,0.01
190,8,4,21.238,117.619,0.734,246,0.889,71.788,0.234,0.01
191,1,0,21.238,117.619,0.738,247,0.873,72.261,0.235,0.01
192,6,3,21.048,117.714,0.73,246,0.916,72.244,0.234,0.009
193,6,2,20.952,117.714,0.727,250,0.825,73.456,0.239,0.009
194,7,3,20.762,117.714,0.72,252,0.826,72.643,0.24,0.009
195,8,6,21.238,117.714,0.734,247,0.94,71.428,0.233,0.009
196,5,3,20.857,117.714,0.73,245,1.024,70.117,0.231,0.008
197,2,1,20.762,117.714,0.727,244,1.017,70.107,0.231,0.008
198,7,1,20.524,117.714,0.731,246,1.011,68.766,0.232,0.008
199,4,0,20.524,117.714,0.736,248,0.957,69.714,0.235,0.008
200,2,2,20.524,117.714,0.736,248,0.957,69.714,0.235,0.008
201,2,2,16.476,117.19,0.675,245,1.573,52.504,0.233,0.002
202,5,2,16.286,117.19,0.678,246,1.648,52.275,0.233,0.002
203,4,1,16.476,117.19,0.672,248,1.592,53.459,0.235,0.002
204,5,1,17.048,116.952,0.667,250,1.259,55.733,0.239,0.003
205,6,3,16.952,116.952,0.675,251,1.291,54.876,0.238,0.003
206,5,1,17.81,116.952,0.683,251,1.145,57.002,0.238,0.004
207,4,2,17.952,116.667,0.684,250,1.184,57.823,0.237,0.004
208,4,2,17.857,116.667,0.677,251,1.198,56.873,0.237,0.004
209,3,2,17.952,116.667,0.685,251,1.202,56.843,0.236,0.004
210,12,5,18.19,116.667,0.681,255,1.095,59.489,0.238,0.004
211,6,0,18.19,116.667,0.693,258,1.049,57.493,0.239,0.004
212,3,1,18.381,116.667,0.699,257,1.092,57.867,0.237,0.004
213,5,2,18.381,116.667,0.699,259,1.099,57.623,0.236,0.004
214,1,1,18.667,116.667,0.694,254,1.186,56.619,0.231,0.004
215,1,0,19.0,116.667,0.703,249,1.216,57.509,0.228,0.004
216,2,1,19.19,116.667,0.71,249,1.192,58.014,0.228,0.005
217,5,1,19.571,117.048,0.713,250,1.092,59.906,0.231,0.005
218,4,0,19.19,116.952,0.702,249,1.067,60.562,0.232,0.005
219,7,3,19.571,116.952,0.71,250,0.921,61.853,0.237,0.006
220,4,2,19.286,116.952,0.707,251,0.917,61.321,0.237,0.005
221,6,2,19.476,116.952,0.722,254,0.791,64.71,0.242,0.006
222,5,2,19.524,116.952,0.718,255,0.804,64.207,0.242,0.006
223,3,1,20.333,116.952,0.726,248,0.872,65.807,0.235,0.007
224,5,2,20.714,117.095,0.739,241,1.054,63.814,0.225,0.007
225,7,0,20.81,117.381,0.747,244,0.978,65.768,0.229,0.008
226,10,6,21.095,117.381,0.74,245,1.096,64.741,0.227,0.008
227,5,1,21.0,117.381,0.736,248,1.066,64.625,0.229,0.008
228,5,3,20.905,117.381,0.73,245,1.078,63.258,0.227,0.008
229,4,3,21.19,117.381,0.73,244,1.059,64.472,0.227,0.008
230,4,2,21.429,117.381,0.731,242,1.031,65.678,0.226,0.009
231,2,1,21.476,117.381,0.732,238,1.084,65.141,0.222,0.009
232,3,0,21.571,117.381,0.729,238,1.112,64.967,0.222,0.009
233,6,0,21.762,117.381,0.728,241,1.015,66.104,0.224,0.01
234,2,1,21.762,117.381,0.729,240,1.083,65.309,0.222,0.01
235,1,0,21.762,117.381,0.739,238,1.095,65.089,0.221,0.009
236,1,1,22.143,117.381,0.744,235,1.134,65.098,0.219,0.01
237,5,2,22.333,117.619,0.741,233,1.171,64.611,0.218,0.011
238,3,3,22.333,117.619,0.734,231,1.237,64.208,0.216,0.01
239,3,2,22.238,117.619,0.728,228,1.251,64.255,0.214,0.01
240,4,0,22.238,117.619,0.728,231,1.238,64.155,0.215,0.01
241,6,0,22.143,117.619,0.75,235,1.129,65.858,0.218,0.01
242,8,2,21.667,117.619,0.732,238,1.084,65.844,0.222,0.009
243,4,1,22.238,117.619,0.733,238,1.076,67.177,0.219,0.011
244,8,4,21.857,117.619,0.733,239,1.122,65.891,0.22,0.01
245,3,1,22.143,117.619,0.737,237,1.211,65.299,0.217,0.01
246,6,1,22.429,117.619,0.745,237,1.189,66.561,0.216,0.011
247,10,2,22.619,117.619,0.744,245,1.076,67.358,0.224,0.013
248,7,0,22.143,117.619,0.731,250,1.015,66.508,0.228,0.012
249,7,0,22.381,117.619,0.728,254,0.904,69.232,0.232,0.013
250,6,2,22.857,117.381,0.731,254,0.903,69.93,0.23,0.015
251,5,2,22.857,117.095,0.735,253,0.941,69.801,0.23,0.015
252,5,3,22.952,117.095,0.741,252,0.954,69.864,0.228,0.015
253,4,2,23.143,117.095,0.754,250,0.947,70.007,0.227,0.016
254,3,2,23.238,117.095,0.755,249,0.925,70.337,0.227,0.016
255,7,5,23.143,117.095,0.751,250,0.948,70.278,0.226,0.015
256,6,0,22.952,117.333,0.737,252,0.941,69.216,0.226,0.014
257,3,1,23.238,117.333,0.728,251,0.975,69.427,0.225,0.015
258,3,2,23.048,117.333,0.723,250,0.999,68.897,0.223,0.014
259,2,1,22.762,117.333,0.726,248,1.044,67.397,0.222,0.013
260,3,0,22.571,117.333,0.72,247,1.099,66.544,0.22,0.012
261,7,1,22.429,117.333,0.704,250,0.956,69.535,0.225,0.012
262,3,0,22.333,117.333,0.698,253,0.907,69.577,0.228,0.012
263,8,5,22.524,117.333,0.711,251,0.917,71.111,0.228,0.013
264,3,2,22.524,117.333,0.712,252,0.908,71.445,0.228,0.013
265,2,2,22.714,117.333,0.719,249,0.942,71.521,0.225,0.013
266,5,4,22.524,117.333,0.72,245,0.977,70.208,0.224,0.012
267,5,2,22.667,117.333,0.722,245,0.998,69.954,0.223,0.013
268,7,3,22.762,117.381,0.717,243,1.001,69.473,0.222,0.013
269,4,1,22.762,117.381,0.725,240,1.03,69.31,0.222,0.013
270,3,2,23.0,117.381,0.731,237,1.061,69.806,0.22,0.013
271,5,2,22.381,116.857,0.723,236,1.066,68.458,0.221,0.011
272,3,0,22.476,117.19,0.718,236,0.972,69.802,0.223,0.012
273,9,2,23.0,116.429,0.753,236,0.982,70.212,0.221,0.014
274,5,3,23.0,116.429,0.752,236,0.974,70.387,0.222,0.014
275,4,2,23.667,117.762,0.754,235,0.94,72.956,0.223,0.017
276,3,1,23.667,117.762,0.762,236,0.911,73.59,0.225,0.018
277,7,3,23.286,117.762,0.756,239,0.879,73.404,0.228,0.016
278,6,3,23.0,117.762,0.762,240,0.891,73.003,0.227,0.015
279,6,4,22.81,117.762,0.756,241,0.901,72.61,0.228,0.014
280,5,1,22.619,117.762,0.759,242,0.92,72.897,0.228,0.013
281,5,2,22.952,117.762,0.779,238,0.928,73.523,0.225,0.014
282,6,4,22.857,117.762,0.774,238,0.919,73.099,0.225,0.014
283,0,0,22.667,116.857,0.769,232,0.988,71.758,0.221,0.012
284,2,0,22.857,116.714,0.765,228,1.103,71.208,0.215,0.012
285,5,0,23.429,116.714,0.775,227,1.11,72.529,0.21,0.013
286,7,5,23.524,116.714,0.771,228,1.075,72.887,0.213,0.014
287,7,1,23.429,116.714,0.779,232,1.006,74.804,0.219,0.015
288,4,2,23.143,116.714,0.774,232,1.037,74.322,0.218,0.014
289,6,4,23.048,117.476,0.772,230,1.057,72.737,0.217,0.013
290,8,3,22.762,117.476,0.764,230,1.079,72.815,0.217,0.012
291,3,1,22.381,117.476,0.762,227,1.136,70.733,0.216,0.011
292,6,0,21.905,117.476,0.755,228,1.237,67.808,0.214,0.009
293,3,1,21.952,117.476,0.76,230,1.201,68.233,0.215,0.009
294,0,0,22.143,117.476,0.763,226,1.264,67.858,0.211,0.009
295,5,2,21.762,117.619,0.757,227,1.308,66.744,0.212,0.008
296,4,1,21.571,117.619,0.753,229,1.293,66.596,0.214,0.008
297,8,1,21.571,117.619,0.753,234,1.129,67.092,0.221,0.009
298,4,0,21.714,117.619,0.755,238,1.08,68.972,0.223,0.01
299,4,1,22.048,117.619,0.747,234,1.007,70.321,0.225,0.011
300,8,0,22.048,117.619,0.754,238,0.87,74.102,0.232,0.012
301,5,1,17.81,117.333,0.697,238,1.346,53.27,0.226,0.003
302,6,1,17.619,117.333,0.695,241,1.191,53.97,0.23,0.003
303,3,0,17.619,117.81,0.702,242,1.203,53.963,0.231,0.003
304,4,1,17.524,117.81,0.701,245,1.172,53.959,0.233,0.003
305,6,1,17.238,118.19,0.69,249,1.153,54.004,0.237,0.003
306,3,0,17.619,118.667,0.682,252,1.09,55.438,0.24,0.003
307,4,2,17.571,118.667,0.679,252,1.112,54.251,0.239,0.003
308,2,0,18.333,118.667,0.69,249,1.112,55.791,0.236,0.004
309,5,2,18.524,118.667,0.687,250,1.086,57.374,0.235,0.004
310,2,0,18.524,118.667,0.691,250,1.19,56.725,0.232,0.004
311,6,1,18.524,118.667,0.683,255,1.114,57.915,0.236,0.004
312,3,2,18.952,118.667,0.684,254,1.095,59.772,0.236,0.005
313,7,4,18.857,118.667,0.699,255,1.038,60.861,0.237,0.005
314,6,1,18.952,118.667,0.692,259,1.009,61.205,0.239,0.005
315,7,2,19.333,118.667,0.702,259,0.919,62.319,0.242,0.006
316,6,3,18.952,117.714,0.705,260,0.882,62.015,0.243,0.005
317,4,0,18.857,117.714,0.705,261,0.876,61.808,0.244,0.005
318,6,3,18.952,117.714,0.704,262,0.861,61.938,0.244,0.005
319,3,1,19.143,117.714,0.704,263,0.882,62.389,0.242,0.006
320,2,0,19.048,117.143,0.714,263,0.924,61.131,0.242,0.005
321,2,1,19.429,117.143,0.724,261,0.856,64.778,0.242,0.006
322,8,2,19.619,117.333,0.719,264,0.807,65.57,0.243,0.007
323,6,4,19.714,117.333,0.727,262,0.83,65.643,0.241,0.007
324,3,0,19.524,117.333,0.714,260,0.885,64.476,0.239,0.006
325,4,0,19.619,117.905,0.711,261,0.802,64.965,0.242,0.007
326,9,3,19.238,117.905,0.703,267,0.747,65.14,0.246,0.006
327,5,1,19.524,117.905,0.704,269,0.73,65.296,0.246,0.007
328,4,2,19.714,117.905,0.712,267,0.778,63.827,0.244,0.007
329,5,3,20.0,117.905,0.715,267,0.737,65.277,0.246,0.008
330,6,4,20.0,118.19,0.703,267,0.743,65.839,0.246,0.008
331,4,1,20.0,118.19,0.711,268,0.73,66.201,0.248,0.008
332,4,1,19.429,117.048,0.706,266,0.807,65.55,0.244,0.006
333,3,1,19.381,117.048,0.695,263,0.845,64.701,0.242,0.006
334,6,2,19.571,117.048,0.687,265,0.779,65.643,0.245,0.007
335,12,5,19.095,117.143,0.684,269,0.744,64.425,0.248,0.006
336,5,1,18.714,117.143,0.673,271,0.763,63.002,0.249,0.005
337,6,3,18.524,117.143,0.67,273,0.764,62.083,0.249,0.005
338,11,5,18.714,117.143,0.675,274,0.784,63.13,0.249,0.005
339,4,4,18.714,117.143,0.674,273,0.797,62.951,0.248,0.005
340,4,2,18.81,117.143,0.687,271,0.76,63.617,0.248,0.005
341,6,4,19.952,117.905,0.709,267,0.818,65.739,0.243,0.007
342,7,4,20.048,117.905,0.7,266,0.789,67.017,0.242,0.007
343,2,2,20.143,117.905,0.698,263,0.823,66.947,0.239,0.007
344,6,3,20.143,117.905,0.693,262,0.827,67.848,0.239,0.007
345,7,6,20.143,117.905,0.698,262,0.799,68.625,0.24,0.007
346,6,2,19.952,117.905,0.705,264,0.746,68.11,0.241,0.007
347,5,2,20.143,117.905,0.714,265,0.727,68.651,0.242,0.008
348,7,4,20.524,117.905,0.711,264,0.744,69.996,0.24,0.008
349,7,4,20.429,117.952,0.713,262,0.775,69.982,0.238,0.008
350,5,1,20.238,117.952,0.707,263,0.771,69.091,0.238,0.007
351,3,1,20.714,117.952,0.715,261,0.754,70.863,0.238,0.009
352,4,1,21.286,117.952,0.716,261,0.782,70.713,0.235,0.01
353,2,1,21.952,117.952,0.726,259,0.77,71.795,0.234,0.012
354,3,0,22.048,117.952,0.725,257,0.759,71.481,0.233,0.012
355,6,0,22.238,118.857,0.73,262,0.688,72.035,0.239,0.014
356,6,2,22.524,118.857,0.74,261,0.748,71.402,0.236,0.015
357,7,6,22.714,118.857,0.749,258,0.768,71.071,0.234,0.015
358,6,1,23.095,118.857,0.759,258,0.742,73.299,0.234,0.017
359,10,4,22.857,117.952,0.778,258,0.694,74.357,0.235,0.016
360,4,2,22.381,117.952,0.776,255,0.767,72.895,0.232,0.013
361,2,2,22.476,117.952,0.764,253,0.829,71.521,0.228,0.013
362,9,2,22.286,118.714,0.757,259,0.749,72.851,0.234,0.013
363,5,2,22.095,118.714,0.756,261,0.752,73.014,0.235,0.013
364,2,2,22.19,118.714,0.761,258,0.793,72.881,0.233,0.013
365,6,6,22.095,118.714,0.754,257,0.811,71.888,0.232,0.012
366,6,4,22.19,118.714,0.758,255,0.809,73.104,0.232,0.012
367,9,4,22.333,118.714,0.754,253,0.85,72.809,0.228,0.012
368,11,3,22.333,118.714,0.758,255,0.847,72.343,0.228,0.012
369,5,4,22.429,118.714,0.762,254,0.879,72.155,0.226,0.012
370,4,1,22.905,118.714,0.768,253,0.911,72.646,0.223,0.014
371,4,2,22.714,118.714,0.77,253,0.931,71.954,0.222,0.013
372,4,4,22.714,118.714,0.754,251,0.956,71.461,0.22,0.012
373,8,2,22.333,118.714,0.749,256,0.859,73.802,0.227,0.012
374,8,2,22.333,118.714,0.755,261,0.794,74.788,0.23,0.013
375,4,4,22.667,118.714,0.75,255,0.894,73.32,0.225,0.013
376,6,3,22.286,118.714,0.746,255,0.945,71.406,0.225,0.012
377,6,1,22.19,118.714,0.746,259,0.9,71.768,0.228,0.012
378,6,1,22.048,118.714,0.753,262,0.866,72.451,0.231,0.012
379,3,1,22.048,118.714,0.753,262,0.865,73.007,0.23,0.012
380,5,1,21.476,118.714,0.742,263,0.844,72.093,0.233,0.01
381,6,2,21.429,118.714,0.743,265,0.859,72.017,0.235,0.01
382,9,4,21.429,118.714,0.748,264,0.891,72.318,0.232,0.01
383,5,1,21.524,118.714,0.741,265,0.825,74.932,0.236,0.011
384,7,1,21.524,118.714,0.739,267,0.781,75.275,0.236,0.011
385,5,3,21.857,118.714,0.747,263,0.838,74.713,0.232,0.011
386,3,1,21.762,118.714,0.741,264,0.813,75.011,0.233,0.011
387,3,0,21.857,118.333,0.747,265,0.785,75.141,0.234,0.011
388,3,0,22.143,118.333,0.75,265,0.79,75.764,0.232,0.012
389,8,5,21.952,118.333,0.739,267,0.725,76.453,0.234,0.012
390,6,2,22.048,118.524,0.729,266,0.764,76.436,0.232,0.012
391,8,5,22.429,118.524,0.732,267,0.698,78.831,0.235,0.014
392,3,2,21.952,118.524,0.733,265,0.759,75.543,0.233,0.012
393,6,1,21.762,118.524,0.739,268,0.722,76.396,0.236,0.011
394,2,1,21.905,118.524,0.738,263,0.75,76.498,0.234,0.012
395,3,1,21.857,118.524,0.74,262,0.768,75.796,0.233,0.011
396,3,1,21.667,118.524,0.744,262,0.785,74.89,0.233,0.011
397,11,4,22.048,118.524,0.735,265,0.731,78.036,0.235,0.012
398,2,1,22.143,117.905,0.743,260,0.771,77.964,0.231,0.012
399,5,2,22.19,117.905,0.753,258,0.797,78.29,0.23,0.012
400,5,1,22.19,118.095,0.769,259,0.791,78.878,0.231,0.012
401,4,0,18.143,116.857,0.678,260,1.022,65.009,0.232,0.004
402,9,4,17.857,117.048,0.676,262,1.067,62.436,0.232,0.003
403,3,0,18.286,117.048,0.692,261,1.043,63.785,0.235,0.004
404,3,1,18.524,117.048,0.696,258,1.042,64.118,0.234,0.004
405,2,0,18.667,117.048,0.698,258,1.093,63.854,0.233,0.004
406,6,1,18.571,117.048,0.692,260,1.006,64.406,0.235,0.004
407,2,1,18.762,116.048,0.693,259,1.013,65.021,0.235,0.005
408,9,4,18.381,116.048,0.695,263,1.017,65.264,0.236,0.004
409,5,0,18.857,118.19,0.711,265,0.949,67.101,0.238,0.005
410,6,1,19.143,118.19,0.724,265,0.893,69.321,0.24,0.005
411,5,1,19.667,118.19,0.715,264,0.851,70.842,0.24,0.006
412,6,4,20.19,118.19,0.718,262,0.884,72.854,0.237,0.007
413,6,3,20.19,118.286,0.719,265,0.816,73.137,0.241,0.008
414,4,2,20.381,118.286,0.721,264,0.851,72.718,0.241,0.008
415,3,1,20.476,118.286,0.719,265,0.856,72.978,0.239,0.008
416,7,5,20.19,118.286,0.712,265,0.927,69.144,0.237,0.007
417,3,1,20.286,118.286,0.706,263,0.927,69.395,0.236,0.007
418,4,3,20.476,118.286,0.699,258,0.994,68.224,0.232,0.007
419,0,0,20.476,118.286,0.695,253,1.031,67.965,0.23,0.007
420,6,2,20.381,116.857,0.705,256,1.033,67.225,0.231,0.007
421,5,1,20.095,116.857,0.707,257,1.003,67.16,0.234,0.007
422,6,2,20.286,116.857,0.714,260,0.929,69.576,0.237,0.007
423,5,1,20.952,116.476,0.711,259,0.85,72.629,0.237,0.009
424,2,1,21.238,116.476,0.717,257,0.884,73.305,0.235,0.01
425,4,1,21.429,117.905,0.709,257,0.849,74.8,0.235,0.01
426,7,5,21.238,117.905,0.705,258,0.837,74.853,0.237,0.01
427,8,3,20.762,117.81,0.703,257,0.887,72.344,0.235,0.008
428,3,2,20.571,117.81,0.701,254,0.907,72.779,0.233,0.008
429,3,1,20.762,117.81,0.701,253,0.922,73.249,0.235,0.008
430,3,3,20.762,117.81,0.701,253,0.922,73.249,0.235,0.008
431,3,1,20.857,117.81,0.701,252,0.973,71.938,0.232,0.008
432,3,1,20.857,117.81,0.7,251,0.98,71.899,0.232,0.008
433,0,0,20.667,117.81,0.697,250,1.005,69.731,0.231,0.008
434,9,3,20.19,117.81,0.702,255,0.956,69.067,0.237,0.007
435,6,2,20.19,117.81,0.713,257,0.967,69.956,0.237,0.007
436,5,2,20.095,117.81,0.721,257,0.961,69.943,0.237,0.007
437,7,6,20.476,117.81,0.721,252,1.035,69.904,0.232,0.007
438,10,5,20.571,117.81,0.73,256,0.898,71.549,0.237,0.008
439,3,0,20.714,117.81,0.732,255,0.917,70.792,0.236,0.008
440,3,1,20.619,117.81,0.721,251,0.995,69.517,0.232,0.008
441,6,3,20.81,117.81,0.723,250,1.037,69.637,0.228,0.008
442,2,2,21.286,117.81,0.726,246,1.052,69.999,0.225,0.009
443,4,1,21.381,117.81,0.726,245,1.087,70.308,0.223,0.009
444,5,2,21.333,117.81,0.722,246,1.087,70.714,0.222,0.008
445,2,1,21.429,117.81,0.726,243,1.184,70.313,0.219,0.008
446,2,1,21.905,117.81,0.726,241,1.149,70.419,0.219,0.009
447,5,1,22.095,117.81,0.738,241,1.135,71.755,0.219,0.01
448,4,1,22.0,117.81,0.736,243,1.096,72.015,0.22,0.01
449,6,4,22.0,117.81,0.73,243,1.063,72.51,0.222,0.01
450,6,3,21.905,117.81,0.726,245,1.011,73.54,0.224,0.01
451,7,6,22.095,117.81,0.733,246,0.943,74.121,0.226,0.011
452,4,2,21.714,116.762,0.737,246,0.945,73.027,0.226,0.01
453,7,3,22.095,117.714,0.737,246,1.001,73.074,0.226,0.011
454,4,3,22.286,117.714,0.743,245,1.03,74.049,0.224,0.011
455,13,4,21.619,117.714,0.74,251,0.948,72.173,0.229,0.01
456,3,0,21.238,117.714,0.723,253,0.974,71.616,0.229,0.009
457,2,0,21.048,116.952,0.71,252,1.07,70.009,0.227,0.008
458,4,0,20.667,116.952,0.7,254,1.056,67.795,0.23,0.008
459,4,2,20.952,116.952,0.716,251,1.108,67.144,0.228,0.008
460,6,2,21.048,116.952,0.707,252,1.066,68.099,0.229,0.008
461,5,1,21.143,116.952,0.705,249,1.185,66.128,0.225,0.008
462,8,1,20.952,115.952,0.699,252,1.194,66.615,0.225,0.008
463,8,6,21.238,116.714,0.717,249,1.267,64.961,0.221,0.008
464,3,0,21.524,117.667,0.722,247,1.239,65.355,0.221,0.009
465,7,2,21.143,117.667,0.727,250,1.135,66.668,0.226,0.008
466,7,5,21.524,117.667,0.744,250,1.095,67.696,0.227,0.009
467,5,1,21.143,117.667,0.737,251,1.193,64.821,0.228,0.009
468,6,4,20.857,117.286,0.73,248,1.323,62.479,0.225,0.008
469,3,1,21.238,117.286,0.732,249,1.281,63.79,0.226,0.009
470,0,0,21.524,117.286,0.736,247,1.342,63.548,0.223,0.009
471,7,5,22.0,118.143,0.745,241,1.406,63.99,0.219,0.01
472,7,3,22.143,118.143,0.74,244,1.384,65.068,0.219,0.01
473,8,4,22.524,118.143,0.741,246,1.311,66.914,0.219,0.012
474,4,1,22.619,118.143,0.753,248,1.268,67.187,0.221,0.012
475,1,1,22.619,118.143,0.757,244,1.318,66.602,0.219,0.012
476,4,2,22.429,118.143,0.728,241,1.354,66.595,0.216,0.011
477,4,1,22.429,118.143,0.741,241,1.367,66.414,0.215,0.011
478,5,4,22.286,117.524,0.727,237,1.425,64.762,0.209,0.009
479,2,0,22.19,117.524,0.726,237,1.43,64.932,0.209,0.009
480,5,2,22.19,117.524,0.719,239,1.403,64.829,0.21,0.009
481,3,0,22.667,117.524,0.722,238,1.394,65.554,0.209,0.01
482,6,3,22.952,118.0,0.745,240,1.314,67.692,0.211,0.012
483,4,3,23.048,118.429,0.746,235,1.439,64.722,0.208,0.012
484,6,1,22.762,118.095,0.747,235,1.339,66.169,0.212,0.011
485,8,2,22.619,118.095,0.745,235,1.313,66.346,0.213,0.011
486,7,2,22.571,118.429,0.738,240,1.253,67.275,0.216,0.011
487,4,2,22.381,118.429,0.735,242,1.238,67.173,0.218,0.011
488,9,3,22.238,118.571,0.746,246,1.15,68.127,0.221,0.011
489,5,2,22.476,118.571,0.75,244,1.181,68.834,0.221,0.012
490,4,0,22.571,118.571,0.753,248,1.055,71.749,0.224,0.013
491,4,3,22.857,118.571,0.753,244,1.123,72.043,0.22,0.013
492,3,1,22.857,118.571,0.761,246,1.1,72.631,0.221,0.013
493,2,1,22.81,118.571,0.759,243,1.203,69.986,0.219,0.013
494,8,6,22.81,118.571,0.761,241,1.255,69.0,0.217,0.012
495,3,0,22.524,118.571,0.754,242,1.238,68.726,0.219,0.012
496,1,1,22.429,118.571,0.757,241,1.331,67.435,0.218,0.011
497,6,2,22.524,118.571,0.762,241,1.287,67.647,0.216,0.011
498,3,1,22.81,118.571,0.77,240,1.284,68.742,0.216,0.012
499,4,1,22.619,118.571,0.77,236,1.397,66.911,0.213,0.011
500,6,3,22.333,118.571,0.77,237,1.419,65.82,0.213,0.01
501,4,0,17.905,118.429,0.702,237,1.718,52.779,0.214,0.003
502,4,2,18.429,118.429,0.7,236,1.688,54.616,0.214,0.003
503,3,1,18.714,118.429,0.716,233,1.789,54.369,0.21,0.003
504,1,1,18.714,118.429,0.721,231,1.85,53.893,0.208,0.003
505,4,2,19.095,118.429,0.72,229,1.84,53.964,0.206,0.003
506,2,1,19.095,118.429,0.729,227,1.947,53.164,0.203,0.003
507,4,1,19.095,118.429,0.726,223,2.053,52.534,0.2,0.003
508,5,1,19.0,118.429,0.722,226,2.011,52.562,0.203,0.003
509,7,1,18.905,118.429,0.701,230,1.86,53.457,0.205,0.003
510,7,1,18.905,118.429,0.69,232,1.845,53.032,0.207,0.003
511,4,1,19.095,118.429,0.697,234,1.756,54.164,0.211,0.004
512,5,1,18.905,118.143,0.698,237,1.737,53.834,0.213,0.003
513,7,4,18.619,118.143,0.69,237,1.832,51.562,0.212,0.003
514,8,2,18.333,118.143,0.695,240,1.817,50.751,0.215,0.003
515,4,2,18.524,118.143,0.685,238,1.916,50.297,0.211,0.003
516,4,1,18.714,118.143,0.685,239,1.798,51.951,0.212,0.003
517,3,2,18.857,118.143,0.704,237,1.87,51.603,0.21,0.003
518,6,2,18.952,118.143,0.702,239,1.803,51.854,0.214,0.004
519,5,2,19.333,118.333,0.702,238,1.777,52.15,0.213,0.004
520,4,1,19.286,117.905,0.706,238,1.774,52.153,0.213,0.004
521,5,2,20.0,117.905,0.714,234,1.7,54.143,0.21,0.005
522,6,1,20.095,117.905,0.718,237,1.529,56.353,0.215,0.005
523,3,2,20.0,117.333,0.717,235,1.581,55.666,0.212,0.005
524,9,2,19.619,117.333,0.716,241,1.451,56.644,0.218,0.005
525,5,2,19.429,117.333,0.723,242,1.465,56.905,0.218,0.004
526,4,2,19.333,117.333,0.719,243,1.458,56.852,0.219,0.004
527,4,0,19.143,117.333,0.711,246,1.361,59.567,0.223,0.004
528,5,3,19.048,117.333,0.708,246,1.32,59.553,0.225,0.004
529,9,4,19.048,117.333,0.702,248,1.278,59.935,0.226,0.004
530,6,2,18.952,117.333,0.715,250,1.24,60.483,0.227,0.004
531,5,4,18.952,117.333,0.716,250,1.224,60.659,0.228,0.004
532,4,2,18.762,117.333,0.711,250,1.237,60.473,0.227,0.004
533,6,5,19.048,117.143,0.719,245,1.287,60.323,0.223,0.004
534,5,3,19.143,117.143,0.721,243,1.299,60.882,0.222,0.004
535,3,1,19.429,117.714,0.724,242,1.263,62.995,0.223,0.005
536,7,1,19.143,117.714,0.712,246,1.183,62.144,0.227,0.005
537,5,2,18.857,117.714,0.71,246,1.195,61.738,0.226,0.004
538,3,0,19.048,117.714,0.726,248,1.143,62.961,0.227,0.004
539,6,3,18.952,117.714,0.733,250,1.128,63.041,0.229,0.004
540,2,0,19.143,117.714,0.732,249,1.071,64.245,0.23,0.005
541,7,5,19.286,117.714,0.733,247,1.116,63.465,0.228,0.005
542,5,2,19.286,117.714,0.733,246,1.207,61.495,0.224,0.005
543,5,2,19.762,117.571,0.739,247,1.204,62.048,0.223,0.005
544,13,5,20.048,117.857,0.745,252,1.044,64.886,0.229,0.006
545,12,6,20.238,117.857,0.74,254,1.003,65.946,0.23,0.007
546,7,3,20.333,117.857,0.732,252,1.031,66.476,0.229,0.007
547,6,1,20.619,117.857,0.731,254,0.982,68.343,0.23,0.007
548,5,3,20.524,116.762,0.734,251,1.0,68.154,0.227,0.007
549,3,1,20.81,116.762,0.734,250,1.022,68.387,0.227,0.008
550,3,1,20.714,116.762,0.738,250,1.01,68.285,0.227,0.007
551,1,0,20.667,116.762,0.737,245,1.129,66.081,0.222,0.007
552,2,0,20.476,116.857,0.735,247,1.123,65.586,0.223,0.006
553,3,1,20.0,116.857,0.731,244,1.208,62.431,0.221,0.005
554,6,3,19.714,117.095,0.732,244,1.213,61.174,0.221,0.005
555,5,2,19.857,117.095,0.727,241,1.231,62.967,0.222,0.005
556,13,4,20.286,117.095,0.722,246,1.069,67.104,0.228,0.007
557,7,1,20.381,118.048,0.724,250,0.981,66.284,0.231,0.007
558,3,0,20.714,118.048,0.727,251,0.884,68.699,0.234,0.008
559,2,1,20.714,118.048,0.725,250,0.919,68.129,0.233,0.008
560,6,4,20.905,118.048,0.732,250,0.892,69.54,0.233,0.009
561,7,4,20.619,117.19,0.725,248,0.995,66.678,0.228,0.007
562,4,2,20.857,117.19,0.727,245,1.076,66.002,0.224,0.007
563,3,1,20.857,117.952,0.721,244,1.027,67.115,0.224,0.007
564,6,2,20.667,117.952,0.728,244,1.058,66.685,0.224,0.007
565,3,1,20.762,117.952,0.715,245,1.026,67.644,0.226,0.007
566,4,1,21.143,117.952,0.721,244,0.985,69.016,0.226,0.008
567,2,1,21.333,117.762,0.724,240,1.11,69.233,0.22,0.008
568,4,2,21.143,117.762,0.719,242,1.066,69.555,0.223,0.008
569,4,1,21.0,117.762,0.707,242,1.079,68.898,0.221,0.007
570,3,1,20.905,117.762,0.701,244,1.062,69.164,0.223,0.007
571,4,1,21.0,117.762,0.692,245,1.053,70.028,0.223,0.008
572,8,4,21.095,117.762,0.703,246,0.993,70.575,0.226,0.008
573,8,1,21.19,117.762,0.716,250,0.939,72.543,0.229,0.009
574,2,2,21.19,117.762,0.712,248,0.954,72.601,0.229,0.009
575,11,2,20.714,116.952,0.718,255,0.852,72.553,0.235,0.008
576,3,1,20.714,116.286,0.718,256,0.777,73.525,0.238,0.009
577,7,3,20.619,116.476,0.715,253,0.852,71.456,0.235,0.008
578,4,1,20.429,116.476,0.707,253,0.897,71.268,0.234,0.007
579,6,4,20.19,116.476,0.718,253,0.857,72.251,0.235,0.007
580,10,4,20.429,116.333,0.697,255,0.866,73.51,0.235,0.007
581,5,4,20.143,116.333,0.703,252,0.935,71.695,0.231,0.007
582,4,3,19.952,116.333,0.695,248,1.058,69.706,0.228,0.006
583,5,2,20.143,116.333,0.703,244,1.132,69.498,0.223,0.006
584,4,0,20.333,116.429,0.698,245,1.084,70.439,0.225,0.006
585,13,6,20.143,116.429,0.702,251,0.963,71.687,0.23,0.006
586,1,0,20.0,115.476,0.7,249,1.018,69.655,0.227,0.006
587,7,4,19.81,115.476,0.698,248,1.036,69.266,0.227,0.006
588,5,2,20.0,116.238,0.721,251,0.914,70.762,0.233,0.006
589,6,2,19.952,116.238,0.71,251,0.935,68.863,0.233,0.006
590,1,0,19.952,116.286,0.704,249,0.948,68.257,0.232,0.006
591,5,2,19.952,116.571,0.705,248,1.031,67.499,0.227,0.006
592,3,0,19.952,116.571,0.693,249,0.996,66.974,0.231,0.006
593,2,2,19.952,116.571,0.697,246,1.047,66.734,0.228,0.006
594,4,2,19.81,116.571,0.693,245,1.047,66.52,0.229,0.006
595,8,4,20.286,116.571,0.695,247,0.932,68.681,0.231,0.007
596,6,3,20.0,116.571,0.697,248,0.897,69.892,0.233,0.006
597,7,1,20.333,117.238,0.705,252,0.822,70.547,0.238,0.008
598,5,1,21.0,117.238,0.728,253,0.758,74.221,0.241,0.01
599,5,3,21.19,117.238,0.731,252,0.793,75.176,0.238,0.01
600,3,3,20.905,117.238,0.733,249,0.881,71.882,0.235,0.009
601,4,0,16.905,118.381,0.67,252,1.356,54.194,0.235,0.003
602,7,1,16.905,118.0,0.661,254,1.258,54.965,0.239,0.003
603,1,0,17.0,118.0,0.662,253,1.141,55.802,0.24,0.003
604,5,4,17.0,118.0,0.671,254,1.093,56.389,0.242,0.003
605,5,3,17.381,118.0,0.679,252,1.116,57.235,0.24,0.003
606,0,0,17.667,118.0,0.679,249,1.203,57.688,0.237,0.003
607,4,1,18.143,118.0,0.684,248,1.251,57.745,0.235,0.004
608,7,3,18.524,118.0,0.689,250,1.207,58.461,0.237,0.004
609,3,2,18.667,118.0,0.697,247,1.278,58.539,0.232,0.004
610,4,3,18.762,118.0,0.694,245,1.315,58.486,0.23,0.004
611,6,2,19.048,118.0,0.705,247,1.288,58.68,0.23,0.005
612,3,2,19.238,118.0,0.7,245,1.304,59.716,0.227,0.005
613,6,2,19.524,118.0,0.701,247,1.205,62.475,0.231,0.005
614,2,0,19.619,118.0,0.704,247,1.194,62.815,0.23,0.005
615,9,2,19.143,118.0,0.704,247,1.3,59.395,0.228,0.005
616,5,0,19.333,117.333,0.715,248,1.262,59.879,0.23,0.005
617,2,1,19.238,116.905,0.704,246,1.351,58.777,0.228,0.005
618,5,1,19.143,116.762,0.712,246,1.267,60.461,0.231,0.005
619,8,3,18.762,116.762,0.709,247,1.277,59.446,0.232,0.004
620,8,5,19.333,116.571,0.715,243,1.289,61.539,0.229,0.005
621,5,0,19.429,116.571,0.725,243,1.348,61.427,0.225,0.005
622,10,4,19.429,116.571,0.725,248,1.244,62.274,0.229,0.005
623,8,3,19.429,116.667,0.724,252,1.142,64.406,0.233,0.005
624,3,0,19.048,116.667,0.704,254,1.102,63.254,0.235,0.005
625,6,2,19.048,116.667,0.694,256,1.084,63.466,0.235,0.005
626,0,0,19.143,116.667,0.699,252,1.16,61.899,0.233,0.005
627,2,1,19.714,116.667,0.714,247,1.256,62.641,0.226,0.005
628,4,1,19.81,116.667,0.714,249,1.237,63.317,0.228,0.006
629,3,1,19.714,116.667,0.709,251,1.216,63.463,0.229,0.006
630,4,2,19.619,116.667,0.711,250,1.273,62.259,0.226,0.005
631,8,1,19.238,116.381,0.715,252,1.287,60.137,0.226,0.005
632,2,1,19.619,116.381,0.73,249,1.372,59.215,0.223,0.005
633,8,4,19.762,116.381,0.74,247,1.415,58.337,0.221,0.005
634,5,3,19.762,116.381,0.738,248,1.406,58.337,0.221,0.005
635,5,2,20.048,116.381,0.742,251,1.322,60.0,0.224,0.006
636,5,2,20.048,116.381,0.735,253,1.241,60.555,0.226,0.006
637,6,4,20.238,116.381,0.736,252,1.274,60.076,0.224,0.006
638,7,4,19.667,116.381,0.729,253,1.283,58.896,0.225,0.005
639,3,2,19.667,116.381,0.729,251,1.342,57.926,0.222,0.005
640,8,4,19.81,117.048,0.73,251,1.316,57.668,0.222,0.005
641,3,1,20.095,117.048,0.729,252,1.289,58.717,0.222,0.006
642,3,1,20.19,117.762,0.726,254,1.257,59.142,0.225,0.006
643,5,1,20.381,117.762,0.73,256,1.238,59.109,0.224,0.006
644,8,3,20.381,117.762,0.725,259,1.175,60.547,0.226,0.007
645,6,3,20.19,117.095,0.73,259,1.325,58.268,0.224,0.006
646,5,1,20.19,117.333,0.718,263,1.199,59.69,0.229,0.006
647,4,2,20.0,116.619,0.719,263,1.218,59.285,0.228,0.006
648,5,2,19.619,116.619,0.718,263,1.218,59.127,0.226,0.005
649,4,1,19.714,117.048,0.712,265,1.202,59.06,0.227,0.005
650,3,3,19.714,117.048,0.704,263,1.259,58.191,0.225,0.005
651,0,0,19.905,117.048,0.706,261,1.267,58.294,0.224,0.006
652,4,1,19.81,117.048,0.709,263,1.283,57.494,0.226,0.006
653,2,0,20.19,117.81,0.709,263,1.29,59.413,0.227,0.006
654,8,5,20.0,117.81,0.723,265,1.272,59.069,0.229,0.006
655,4,3,20.048,117.81,0.707,263,1.354,58.324,0.225,0.006
656,5,1,19.952,117.81,0.719,266,1.291,58.689,0.228,0.006
657,7,2,19.952,117.81,0.719,270,1.245,59.258,0.231,0.006
658,6,2,19.762,117.81,0.711,269,1.257,59.628,0.229,0.006
659,2,1,19.857,117.81,0.712,269,1.256,59.9,0.229,0.006
660,4,2,20.238,117.81,0.724,266,1.327,59.26,0.226,0.006
661,3,1,20.238,117.81,0.723,268,1.31,59.26,0.227,0.006
662,5,1,20.524,117.667,0.723,263,1.272,60.774,0.225,0.007
663,6,1,20.571,117.667,0.72,266,1.236,61.782,0.227,0.007
664,5,3,20.571,117.667,0.716,265,1.248,61.837,0.226,0.007
665,3,0,20.667,117.143,0.738,263,1.27,60.878,0.225,0.007
666,4,1,20.476,117.143,0.741,264,1.278,60.757,0.228,0.007
667,9,5,20.619,117.571,0.747,267,1.267,61.129,0.229,0.007
668,3,0,20.81,117.571,0.743,267,1.229,62.585,0.23,0.008
669,5,1,20.81,117.571,0.737,267,1.245,62.791,0.23,0.008
670,3,1,20.714,117.571,0.739,265,1.315,61.807,0.227,0.007
671,7,0,21.0,117.571,0.735,268,1.249,62.733,0.228,0.008
672,5,3,20.81,117.714,0.724,266,1.279,61.487,0.225,0.007
673,1,0,21.286,117.714,0.733,265,1.281,62.073,0.225,0.009
674,5,4,21.762,117.714,0.74,260,1.328,62.559,0.22,0.009
675,6,0,21.762,117.714,0.749,258,1.179,65.211,0.22,0.009
676,7,4,21.952,117.714,0.755,258,1.179,65.35,0.22,0.01
677,4,1,21.857,117.571,0.754,258,1.181,65.674,0.221,0.01
678,2,1,21.952,117.571,0.756,255,1.196,65.701,0.219,0.01
679,7,2,21.762,117.571,0.747,255,1.233,65.841,0.218,0.009
680,2,1,21.952,117.571,0.749,254,1.237,66.151,0.217,0.009
681,4,0,22.048,117.571,0.75,256,1.201,66.506,0.218,0.01
682,5,2,21.952,117.571,0.741,254,1.317,64.055,0.216,0.009
683,4,2,21.952,117.048,0.741,254,1.269,65.635,0.217,0.009
684,7,2,22.333,117.429,0.747,254,1.149,66.869,0.218,0.011
685,4,1,22.143,117.429,0.738,254,1.16,66.923,0.218,0.01
686,6,1,22.048,117.429,0.749,255,1.13,66.402,0.218,0.01
687,2,0,21.286,116.714,0.749,254,1.224,63.861,0.216,0.008
688,4,1,21.381,115.714,0.737,252,1.212,64.73,0.215,0.008
689,0,0,21.667,115.714,0.746,248,1.308,63.218,0.21,0.008
690,7,1,21.19,115.619,0.737,253,1.284,62.631,0.213,0.007
691,4,0,20.905,115.048,0.725,255,1.245,63.202,0.217,0.007
692,1,1,20.619,114.286,0.728,254,1.263,61.914,0.216,0.006
693,4,1,21.095,115.667,0.737,250,1.244,63.521,0.215,0.007
694,5,0,21.476,116.19,0.735,252,1.142,65.563,0.219,0.008
695,8,2,21.476,116.19,0.723,253,1.085,65.491,0.224,0.009
696,5,0,21.762,116.19,0.726,255,1.064,67.492,0.226,0.01
697,4,2,21.857,116.19,0.726,253,1.171,66.018,0.221,0.01
698,3,0,21.952,116.19,0.73,251,1.217,65.008,0.221,0.01
699,7,3,21.857,116.429,0.714,251,1.221,65.184,0.219,0.009
700,4,1,22.048,116.857,0.698,251,1.216,66.024,0.219,0.01
701,3,0,17.714,118.571,0.651,253,1.782,52.255,0.219,0.003
702,1,0,18.0,118.571,0.653,252,1.775,52.417,0.218,0.003
703,3,1,18.19,118.571,0.657,248,1.732,52.804,0.219,0.003
704,5,2,18.476,118.571,0.668,249,1.538,55.538,0.224,0.004
705,4,1,18.476,118.571,0.673,249,1.483,55.586,0.226,0.004
706,3,1,18.333,118.571,0.666,246,1.628,53.853,0.223,0.003
707,3,0,19.095,118.571,0.67,247,1.411,58.977,0.229,0.005
708,6,1,19.19,118.571,0.672,249,1.312,60.89,0.231,0.005
709,4,1,19.286,118.571,0.669,247,1.4,60.135,0.228,0.005
710,7,1,19.381,118.19,0.688,249,1.221,62.322,0.231,0.005
711,10,4,19.476,118.19,0.708,254,1.056,63.191,0.235,0.006
712,8,4,20.238,118.19,0.729,254,0.902,66.65,0.238,0.007
713,4,1,20.048,118.19,0.728,253,0.975,66.036,0.236,0.007
714,4,2,20.143,118.19,0.726,254,0.95,66.838,0.238,0.007
715,4,2,19.952,117.762,0.726,253,1.059,63.761,0.235,0.007
716,7,3,19.762,117.524,0.738,250,1.128,61.636,0.231,0.006
717,4,3,19.857,117.952,0.731,249,1.111,62.421,0.232,0.006
718,8,5,19.571,117.952,0.736,247,1.198,59.891,0.231,0.006
719,2,0,19.476,117.952,0.733,247,1.204,60.078,0.231,0.005
720,7,2,19.952,117.952,0.745,248,1.108,61.838,0.234,0.006
721,3,1,20.19,117.952,0.745,246,1.116,61.787,0.233,0.007
722,6,2,20.667,117.952,0.744,247,1.011,64.924,0.235,0.008
723,6,1,20.524,117.952,0.725,249,1.043,64.647,0.234,0.008
724,4,4,20.429,117.952,0.725,245,1.095,63.221,0.231,0.007
725,4,3,20.81,117.952,0.716,243,1.071,64.948,0.228,0.008
726,5,0,20.333,117.952,0.719,246,1.05,64.088,0.231,0.007
727,8,5,20.667,117.952,0.742,244,1.033,64.858,0.231,0.008
728,7,2,20.762,117.952,0.728,245,0.959,65.847,0.233,0.008
729,6,3,20.476,117.476,0.731,242,1.0,64.967,0.231,0.007
730,8,3,20.429,118.048,0.739,242,0.987,64.947,0.232,0.007
731,5,2,20.048,118.048,0.734,238,1.303,58.674,0.222,0.006
732,8,3,19.762,118.048,0.739,243,1.263,58.818,0.226,0.005
733,7,4,19.857,118.048,0.719,244,1.19,58.938,0.229,0.006
734,10,2,20.048,118.048,0.709,250,0.979,63.437,0.237,0.007
735,9,4,20.238,118.048,0.709,253,0.877,64.797,0.241,0.008
736,5,2,20.81,118.048,0.711,252,0.842,67.224,0.239,0.009
737,5,5,20.905,117.81,0.717,251,0.865,66.369,0.237,0.009
738,5,1,20.905,117.81,0.706,254,0.789,67.338,0.242,0.01
739,6,2,21.286,118.0,0.712,252,0.858,66.737,0.238,0.01
740,7,3,21.952,118.286,0.727,252,0.755,72.057,0.24,0.013
741,6,2,22.143,118.286,0.736,253,0.708,74.335,0.242,0.014
742,8,4,22.048,118.286,0.741,254,0.695,74.003,0.242,0.014
743,11,4,21.952,118.286,0.737,259,0.643,74.87,0.245,0.014
744,1,0,22.238,118.286,0.729,257,0.611,76.666,0.246,0.015
745,6,3,21.905,118.286,0.724,257,0.647,75.528,0.245,0.014
746,8,4,22.381,118.286,0.75,257,0.607,76.102,0.245,0.016
747,2,2,22.571,118.286,0.758,252,0.693,74.136,0.241,0.016
748,5,1,22.238,118.286,0.758,256,0.665,73.122,0.244,0.015
749,8,5,21.857,117.619,0.757,254,0.712,72.153,0.24,0.012
750,4,1,22.048,117.619,0.759,253,0.738,72.382,0.237,0.013
751,8,3,22.143,117.619,0.763,256,0.698,73.732,0.241,0.014
752,5,1,22.095,117.619,0.764,258,0.689,73.03,0.244,0.014
753,2,1,22.19,117.619,0.766,257,0.695,73.205,0.242,0.014
754,7,4,22.0,117.619,0.752,258,0.681,73.317,0.243,0.014
755,7,3,21.333,117.619,0.748,255,0.745,70.671,0.239,0.011
756,6,1,21.429,117.619,0.751,258,0.746,70.739,0.24,0.011
757,8,4,21.571,117.286,0.741,258,0.691,72.292,0.242,0.012
758,4,2,21.571,117.286,0.749,258,0.674,72.689,0.244,0.012
759,3,1,21.571,116.238,0.745,258,0.701,72.047,0.241,0.012
760,5,2,21.667,117.286,0.754,260,0.705,73.379,0.241,0.012
761,6,4,21.857,117.0,0.757,259,0.746,73.243,0.24,0.013
762,3,1,21.952,117.0,0.761,258,0.71,73.395,0.241,0.013
763,7,2,22.0,116.714,0.76,256,0.747,72.994,0.239,0.013
764,5,2,22.048,116.714,0.761,258,0.729,73.692,0.241,0.013
765,6,3,21.857,116.714,0.768,257,0.811,71.669,0.239,0.012
766,8,4,21.762,116.857,0.773,256,0.8,71.163,0.238,0.012
767,3,1,21.857,116.857,0.768,257,0.743,73.449,0.239,0.012
768,4,2,22.238,116.857,0.771,255,0.732,73.187,0.238,0.014
769,4,2,22.048,115.857,0.778,253,0.72,73.288,0.238,0.013
770,2,2,22.524,115.857,0.775,250,0.769,73.451,0.235,0.014
771,5,1,22.714,115.857,0.776,251,0.727,75.138,0.236,0.015
772,6,1,22.619,115.857,0.782,253,0.81,71.938,0.232,0.014
773,5,1,22.952,116.381,0.789,255,0.734,74.848,0.235,0.016
774,6,1,22.476,116.381,0.785,256,0.737,73.726,0.236,0.014
775,4,0,22.19,116.524,0.773,256,0.758,72.008,0.236,0.013
776,5,1,22.571,116.476,0.775,257,0.711,74.852,0.236,0.015
777,4,2,22.857,116.476,0.781,255,0.68,75.528,0.237,0.016
778,4,2,22.667,116.476,0.781,253,0.696,74.877,0.236,0.015
779,7,2,22.381,116.19,0.77,254,0.698,74.257,0.236,0.014
780,4,1,22.143,116.19,0.761,254,0.724,73.115,0.236,0.013
781,6,3,22.238,116.19,0.753,253,0.744,73.15,0.234,0.013
782,2,0,21.952,116.476,0.749,255,0.721,72.049,0.237,0.012
783,5,3,21.857,116.476,0.745,256,0.717,72.32,0.238,0.012
784,4,1,21.667,116.286,0.74,255,0.804,69.769,0.233,0.011
785,3,2,21.762,116.286,0.741,254,0.819,70.238,0.232,0.011
786,7,3,21.762,116.286,0.741,257,0.788,70.918,0.235,0.011
787,6,2,21.762,116.381,0.739,257,0.781,69.626,0.238,0.012
788,4,0,22.333,116.762,0.757,259,0.702,72.796,0.239,0.014
789,6,4,22.048,116.762,0.75,259,0.73,72.012,0.237,0.013
790,5,2,22.238,116.762,0.755,257,0.724,72.983,0.238,0.014
791,4,2,22.429,116.762,0.759,256,0.711,74.007,0.238,0.015
792,6,4,22.524,116.762,0.759,252,0.773,72.589,0.233,0.014
793,2,1,22.714,116.762,0.759,248,0.805,72.859,0.231,0.014
794,7,2,22.524,116.762,0.749,248,0.901,69.447,0.231,0.014
795,7,3,22.333,116.762,0.743,252,0.874,69.532,0.234,0.013
796,4,3,22.238,116.762,0.745,251,0.873,69.576,0.234,0.013
797,1,0,22.143,116.762,0.739,248,0.942,67.647,0.23,0.012
798,9,4,21.952,116.571,0.737,250,0.957,66.254,0.231,0.011
799,3,2,22.143,116.571,0.735,247,0.995,66.594,0.229,0.012
800,6,2,22.143,116.571,0.744,250,0.957,67.36,0.231,0.012
801,6,2,18.19,117.048,0.696,249,1.324,56.461,0.228,0.003
802,1,0,18.286,116.762,0.706,249,1.401,55.421,0.227,0.004
803,8,3,18.667,116.667,0.71,249,1.347,56.013,0.23,0.004
804,4,2,18.571,116.667,0.709,247,1.304,56.521,0.231,0.004
805,3,2,18.667,116.476,0.714,245,1.275,56.825,0.231,0.004
806,6,3,19.19,116.476,0.717,244,1.248,58.88,0.229,0.005
807,4,1,19.381,116.476,0.712,238,1.224,58.943,0.228,0.005
808,6,1,18.81,115.619,0.714,239,1.221,56.856,0.229,0.004
809,2,0,18.81,115.81,0.715,237,1.251,56.16,0.227,0.004
810,5,3,19.095,115.81,0.718,236,1.256,56.519,0.227,0.005
811,4,2,19.19,115.81,0.719,236,1.23,57.149,0.227,0.005
812,8,2,19.143,115.81,0.735,239,1.17,57.025,0.228,0.005
813,1,0,19.333,115.81,0.727,236,1.198,57.601,0.227,0.005
814,6,2,19.429,116.143,0.749,237,1.207,57.498,0.228,0.005
815,9,5,19.905,117.143,0.745,240,1.114,60.096,0.233,0.006
816,0,0,20.095,117.143,0.747,235,1.184,59.893,0.228,0.006
817,5,2,20.19,117.143,0.742,237,1.188,59.761,0.227,0.006
818,4,0,20.571,117.143,0.741,239,1.161,61.137,0.227,0.007
819,5,2,20.571,117.381,0.734,239,1.163,61.114,0.227,0.007
820,7,1,20.286,117.381,0.734,242,1.116,61.508,0.23,0.007
821,7,1,20.19,117.381,0.738,248,1.018,63.094,0.235,0.007
822,4,2,20.667,117.381,0.733,245,1.102,63.032,0.231,0.008
823,6,3,20.667,117.381,0.726,246,1.103,63.435,0.231,0.008
824,6,1,20.667,117.381,0.733,247,1.068,64.635,0.231,0.008
825,6,4,21.095,117.524,0.738,243,1.118,64.79,0.226,0.008
826,2,1,21.19,117.524,0.75,238,1.235,63.58,0.22,0.008
827,6,3,21.19,117.524,0.75,239,1.242,63.738,0.22,0.008
828,4,0,20.952,117.857,0.742,242,1.109,65.942,0.226,0.008
829,5,3,21.238,118.524,0.738,242,1.094,67.529,0.227,0.009
830,3,1,21.333,117.667,0.75,238,1.183,66.972,0.221,0.008
831,8,4,21.905,118.143,0.744,234,1.204,67.277,0.218,0.009
832,4,0,22.095,118.143,0.744,236,1.082,70.677,0.221,0.01
833,4,1,22.0,118.143,0.74,239,1.047,71.427,0.223,0.01
834,5,2,22.0,118.143,0.748,239,1.032,70.597,0.223,0.01
835,7,1,21.524,118.143,0.743,241,1.032,69.385,0.225,0.009
836,3,1,21.429,118.143,0.74,241,1.019,69.205,0.225,0.009
837,2,1,21.381,118.143,0.744,238,0.99,69.609,0.226,0.009
838,2,0,21.19,118.143,0.74,237,1.03,69.244,0.225,0.008
839,10,4,21.095,118.143,0.749,242,0.973,69.493,0.229,0.008
840,6,0,21.286,118.143,0.752,245,0.928,71.072,0.233,0.01
841,5,3,21.286,118.429,0.757,245,0.92,71.286,0.234,0.01
842,7,3,21.286,118.429,0.752,247,0.896,71.462,0.235,0.01
843,5,3,21.19,118.429,0.752,247,0.897,71.465,0.236,0.01
844,1,0,21.238,118.429,0.748,243,0.988,70.467,0.232,0.009
845,4,3,21.143,118.429,0.746,244,0.987,70.361,0.232,0.009
846,3,1,20.857,118.429,0.748,242,1.083,67.1,0.23,0.008
847,5,2,20.762,118.429,0.747,244,1.053,67.194,0.232,0.008
848,5,2,20.762,118.429,0.738,243,1.084,66.602,0.23,0.008
849,6,3,20.857,118.429,0.743,244,1.059,67.169,0.231,0.008
850,5,2,20.762,118.429,0.742,244,1.098,67.006,0.23,0.008
851,5,2,20.667,118.429,0.742,247,1.072,67.377,0.231,0.008
852,6,2,20.571,118.429,0.738,247,1.09,67.33,0.231,0.007
853,4,1,20.857,118.429,0.745,247,1.038,68.668,0.232,0.008
854,7,4,21.048,118.429,0.748,247,1.047,68.867,0.232,0.009
855,4,3,21.143,118.429,0.744,245,1.13,67.007,0.228,0.009
856,6,4,21.095,117.333,0.746,241,1.382,62.39,0.222,0.008
857,6,2,20.714,116.667,0.741,242,1.334,59.758,0.224,0.007
858,6,1,21.19,116.667,0.744,245,1.276,63.34,0.226,0.008
859,6,3,21.19,117.333,0.747,247,1.185,64.933,0.23,0.009
860,3,2,21.857,117.143,0.741,241,1.283,65.047,0.223,0.01
861,5,1,22.048,116.857,0.757,242,1.148,66.917,0.226,0.011
862,3,1,22.143,116.619,0.758,241,1.134,67.752,0.226,0.011
863,9,4,22.0,116.619,0.758,243,1.097,67.322,0.227,0.011
864,7,2,21.905,116.619,0.758,245,1.022,67.612,0.23,0.011
865,4,2,22.476,117.429,0.726,241,1.141,66.623,0.225,0.012
866,8,2,22.857,118.286,0.738,242,1.157,67.313,0.226,0.014
867,8,6,23.238,118.286,0.762,235,1.152,68.26,0.222,0.015
868,2,0,23.238,118.286,0.761,232,1.175,67.634,0.218,0.014
869,4,0,23.905,118.286,0.775,233,1.105,70.445,0.218,0.017
870,4,0,23.524,118.286,0.768,234,1.082,69.726,0.22,0.016
871,5,2,23.238,118.286,0.761,233,1.179,66.478,0.218,0.014
872,5,1,23.238,118.286,0.77,233,1.187,66.195,0.218,0.014
873,4,2,23.381,118.286,0.776,232,1.262,65.445,0.214,0.014
874,2,0,23.762,118.286,0.786,230,1.136,68.491,0.216,0.016
875,3,0,23.571,118.286,0.789,230,1.118,70.283,0.217,0.015
876,2,0,23.762,118.143,0.787,231,1.04,71.393,0.22,0.017
877,3,3,23.381,117.476,0.793,227,1.15,68.959,0.214,0.014
878,4,1,23.19,117.476,0.797,225,1.2,67.155,0.212,0.013
879,7,3,22.714,117.476,0.792,225,1.326,65.489,0.208,0.01
880,6,1,23.19,117.476,0.785,227,1.247,68.235,0.21,0.012
881,9,1,23.0,117.476,0.784,234,1.064,69.262,0.217,0.013
882,6,3,23.286,117.476,0.777,236,0.993,71.984,0.22,0.015
883,13,4,23.0,117.571,0.778,242,0.991,71.1,0.222,0.014
884,1,1,23.0,117.571,0.781,237,1.03,71.041,0.218,0.013
885,5,2,23.095,117.571,0.781,237,1.049,71.256,0.217,0.013
886,2,1,23.0,117.571,0.78,237,1.047,71.363,0.218,0.013
887,7,5,23.0,117.571,0.778,236,1.074,71.47,0.217,0.013
888,4,3,23.19,117.048,0.772,232,1.194,69.315,0.211,0.013
889,1,0,23.095,117.048,0.753,230,1.217,68.274,0.21,0.012
890,4,0,23.571,117.048,0.752,229,1.185,68.935,0.211,0.014
891,2,1,23.571,117.048,0.756,228,1.17,68.997,0.211,0.014
892,1,0,23.476,117.048,0.754,228,1.158,68.978,0.212,0.014
893,4,0,23.667,117.048,0.748,229,1.224,67.787,0.209,0.014
894,6,0,23.667,117.048,0.762,231,1.128,70.283,0.215,0.015
895,3,2,23.857,117.048,0.763,230,1.09,70.68,0.216,0.017
896,9,3,23.571,117.048,0.766,233,1.025,72.022,0.22,0.016
897,2,0,23.286,117.048,0.763,233,1.034,70.817,0.221,0.015
898,7,2,23.286,117.048,0.758,238,0.936,72.499,0.227,0.016
899,9,7,23.762,117.048,0.764,233,0.966,72.648,0.224,0.018
900,5,1,23.667,117.048,0.769,234,0.975,72.612,0.223,0.017
901,8,1,18.762,116.429,0.673,241,1.319,61.089,0.226,0.004
902,5,1,19.429,116.429,0.693,241,1.193,62.595,0.227,0.005
903,7,2,19.619,116.714,0.713,244,1.13,63.299,0.23,0.005
904,2,0,19.619,116.714,0.713,244,1.16,63.017,0.229,0.005
905,3,1,18.952,116.238,0.697,240,1.256,59.67,0.226,0.004
906,7,2,18.952,116.238,0.707,240,1.221,58.818,0.227,0.004
907,12,3,18.857,116.238,0.707,248,1.132,59.43,0.233,0.005
908,5,3,19.048,116.238,0.713,246,1.204,59.297,0.23,0.005
909,5,2,19.524,116.952,0.718,245,1.236,60.188,0.227,0.005
910,6,3,19.905,117.81,0.735,245,1.201,61.885,0.229,0.006
911,4,2,20.0,117.81,0.738,245,1.179,62.178,0.23,0.006
912,5,3,20.571,117.81,0.755,244,1.023,66.699,0.231,0.007
913,4,0,20.476,117.81,0.749,246,0.968,66.543,0.235,0.008
914,4,1,20.714,117.81,0.759,246,0.986,66.492,0.233,0.008
915,6,5,20.81,117.476,0.761,242,1.093,64.968,0.229,0.008
916,5,2,20.714,116.667,0.754,240,1.086,64.854,0.229,0.008
917,2,1,20.81,116.429,0.765,237,1.149,63.531,0.227,0.008
918,8,4,20.333,116.524,0.76,240,1.199,61.252,0.227,0.007
919,4,0,19.905,116.524,0.759,240,1.26,59.273,0.226,0.006
920,7,2,19.905,116.286,0.745,241,1.295,58.277,0.223,0.005
921,2,1,19.952,116.286,0.748,240,1.327,58.358,0.221,0.005
922,4,0,19.81,116.524,0.732,241,1.326,58.449,0.221,0.005
923,3,1,19.905,116.524,0.732,241,1.342,58.677,0.221,0.005
924,2,2,20.095,116.524,0.737,238,1.363,58.936,0.22,0.006
925,6,3,20.476,116.524,0.737,236,1.329,60.191,0.217,0.006
926,10,3,20.762,116.619,0.739,238,1.256,60.356,0.218,0.007
927,5,3,20.667,116.238,0.745,236,1.367,58.618,0.215,0.006
928,5,3,20.571,116.238,0.741,237,1.402,57.858,0.215,0.006
929,3,1,21.048,116.238,0.745,232,1.395,58.885,0.211,0.007
930,3,1,21.143,116.238,0.744,231,1.418,58.878,0.21,0.007
931,3,0,20.952,116.238,0.743,231,1.386,59.909,0.212,0.006
932,6,3,20.714,116.238,0.732,228,1.465,59.05,0.209,0.006
933,7,1,20.714,116.238,0.724,229,1.263,62.356,0.213,0.006
934,5,1,21.095,116.571,0.74,229,1.178,64.265,0.215,0.007
935,6,1,20.333,116.571,0.735,230,1.22,61.4,0.215,0.006
936,3,0,20.524,116.571,0.738,231,1.229,61.417,0.217,0.006
937,5,4,20.619,116.571,0.741,230,1.214,61.54,0.217,0.006
938,5,2,20.667,116.571,0.742,229,1.205,61.523,0.218,0.006
939,7,4,20.476,116.571,0.743,228,1.214,61.212,0.218,0.006
940,10,5,19.81,116.571,0.736,230,1.208,61.137,0.221,0.005
941,3,1,19.905,116.857,0.735,226,1.251,60.755,0.218,0.005
942,6,2,19.905,116.857,0.728,229,1.156,61.2,0.222,0.005
943,5,1,19.524,116.524,0.731,231,1.141,60.195,0.223,0.005
944,4,0,20.19,116.524,0.733,233,1.056,63.506,0.226,0.006
945,3,2,20.0,116.524,0.724,232,1.131,63.313,0.224,0.006
946,3,2,20.095,116.429,0.73,229,1.238,61.294,0.22,0.005
947,5,3,20.476,116.429,0.74,228,1.219,62.02,0.217,0.006
948,5,1,21.095,116.476,0.738,228,1.052,65.371,0.221,0.008
949,1,0,21.476,116.476,0.732,225,1.033,66.755,0.219,0.008
950,4,1,21.571,116.476,0.747,224,1.088,65.526,0.218,0.008
951,6,4,21.19,116.476,0.748,224,1.141,62.4,0.218,0.008
952,5,1,21.095,116.476,0.742,223,1.133,63.427,0.218,0.007
953,3,0,21.571,117.143,0.753,223,1.082,64.461,0.221,0.009
954,9,4,21.524,117.143,0.761,226,0.973,65.433,0.226,0.009
955,1,0,21.905,117.143,0.762,222,1.01,66.747,0.223,0.01
956,6,1,21.524,117.143,0.756,227,0.983,66.509,0.226,0.009
957,2,1,21.524,117.143,0.749,225,1.006,66.004,0.224,0.009
958,6,3,21.476,117.143,0.749,224,1.057,65.563,0.221,0.009
959,5,2,21.905,117.143,0.746,223,1.089,66.026,0.219,0.009
960,5,2,22.095,117.81,0.746,223,1.133,65.982,0.218,0.01
961,2,0,22.095,117.81,0.742,222,1.171,65.444,0.215,0.01
962,5,0,21.81,118.095,0.741,224,1.124,66.226,0.221,0.009
963,4,2,21.905,118.095,0.742,224,1.069,67.021,0.222,0.01
964,7,2,21.81,118.095,0.739,225,1.102,65.827,0.221,0.009
965,9,2,21.857,118.095,0.752,230,1.064,66.932,0.225,0.01
966,3,1,21.81,118.095,0.751,230,1.062,66.772,0.225,0.01
967,5,3,21.762,118.095,0.748,230,1.029,67.176,0.227,0.01
968,4,0,21.857,118.429,0.745,232,1.005,68.315,0.228,0.011
969,1,0,21.857,118.429,0.726,228,1.172,64.118,0.222,0.01
970,12,4,21.571,118.429,0.736,233,1.197,63.184,0.221,0.009
971,1,0,21.381,118.429,0.74,231,1.216,62.107,0.222,0.008
972,5,3,21.19,118.429,0.74,230,1.247,61.414,0.221,0.008
973,10,2,21.524,118.429,0.734,235,1.136,64.319,0.224,0.009
974,6,1,21.238,118.429,0.743,237,1.12,65.088,0.225,0.008
975,7,2,21.476,118.429,0.737,238,0.993,68.417,0.228,0.009
976,5,2,21.476,118.429,0.739,238,0.939,69.976,0.229,0.01
977,5,3,21.429,117.762,0.743,234,0.995,68.963,0.226,0.009
978,4,0,21.429,117.762,0.754,234,0.997,68.404,0.228,0.009
979,8,3,21.333,117.81,0.762,236,0.943,69.184,0.23,0.009
980,3,1,21.476,117.81,0.766,234,0.939,69.251,0.23,0.01
981,2,0,21.476,117.81,0.766,236,0.924,69.697,0.231,0.01
982,7,3,21.667,117.667,0.76,235,0.979,69.065,0.227,0.01
983,5,3,21.476,117.667,0.761,236,1.002,68.534,0.227,0.009
984,4,0,21.619,117.667,0.753,234,1.043,68.392,0.223,0.009
985,6,0,21.333,117.952,0.748,238,1.003,68.088,0.226,0.009
986,1,0,21.619,117.952,0.744,233,1.102,69.115,0.222,0.009
987,3,0,21.429,118.238,0.74,232,1.134,68.713,0.222,0.009
988,7,3,21.714,118.238,0.759,230,1.15,68.847,0.22,0.009
989,4,1,22.0,118.238,0.749,231,1.14,68.948,0.22,0.01
990,6,1,21.524,118.238,0.745,231,1.166,67.6,0.219,0.008
991,5,1,21.333,118.238,0.744,231,1.234,66.366,0.218,0.008
992,2,0,21.429,118.238,0.742,230,1.234,66.754,0.218,0.008
993,1,1,21.429,117.952,0.741,227,1.265,66.18,0.216,0.008
994,4,1,21.429,117.952,0.736,229,1.197,67.11,0.219,0.008
995,8,3,21.429,117.952,0.732,230,1.172,69.425,0.22,0.008
996,2,0,21.524,117.952,0.731,230,1.253,68.666,0.217,0.008
997,3,2,21.524,117.952,0.728,230,1.21,69.162,0.218,0.008
998,9,4,22.0,117.952,0.756,234,1.067,71.507,0.224,0.01
999,5,3,22.286,117.952,0.741,232,1.12,70.614,0.22,0.011
1000,0,0,21.905,117.476,0.732,228,1.324,66.593,0.215,0.009
