1,4,0,0.349,1.372,0.0,4,347.942,0.0,0.005,0.044
2,6,0,0.744,2.86,0.001,10,325.021,0.06,0.009,0.025
3,8,0,1.023,5.814,0.003,18,316.056,0.222,0.016,0.023
4,4,0,1.209,7.372,0.004,21,297.108,0.383,0.019,0.014
5,6,0,1.488,10.233,0.008,27,269.343,0.792,0.024,0.006
6,4,0,1.674,12.535,0.011,31,256.104,1.175,0.027,0.005
7,8,0,2.698,16.814,0.017,38,189.665,2.767,0.034,0.001
8,10,0,3.209,22.884,0.026,47,168.21,4.773,0.043,0.001
9,8,0,3.767,27.023,0.032,54,151.199,6.61,0.05,0.0
10,3,0,3.674,27.791,0.034,55,155.758,6.913,0.049,0.0
11,6,0,3.907,31.791,0.044,59,152.367,7.037,0.051,0.0
12,8,0,4.186,35.698,0.05,66,138.168,8.832,0.057,0.0
13,6,0,4.605,39.209,0.06,69,119.714,9.937,0.058,0.0
14,3,0,4.744,39.744,0.06,72,117.734,10.506,0.059,0.0
15,2,0,4.837,40.372,0.062,73,117.034,10.61,0.06,0.0
16,8,0,4.977,43.488,0.064,81,111.905,12.506,0.067,0.0
17,6,0,5.023,45.047,0.063,87,108.809,13.848,0.072,0.0
18,7,0,5.279,45.628,0.065,91,106.021,15.416,0.072,0.0
19,2,0,5.372,47.047,0.069,91,104.598,14.786,0.072,0.0
20,7,0,5.651,49.744,0.071,97,98.801,17.666,0.078,0.0
21,5,0,6.07,55.977,0.085,101,92.909,20.368,0.085,0.0
22,9,0,6.628,62.698,0.095,109,83.659,24.077,0.095,0.0
23,13,0,7.14,69.116,0.105,121,74.019,28.298,0.106,0.0
24,7,0,7.14,69.93,0.104,128,73.645,29.803,0.109,0.0
25,4,0,7.279,70.558,0.103,130,73.159,30.226,0.111,0.0
26,10,0,7.977,80.047,0.121,137,67.092,38.342,0.124,0.0
27,4,0,8.233,82.233,0.125,139,64.121,40.161,0.128,0.0
28,7,0,8.326,87.791,0.137,143,60.527,43.269,0.132,0.0
29,7,0,8.512,88.233,0.135,149,59.455,44.62,0.136,0.0
30,9,0,8.837,92.372,0.141,156,57.006,48.298,0.143,0.0
31,8,0,8.814,95.651,0.148,162,57.298,49.158,0.147,0.0
32,6,0,9.233,98.767,0.15,168,53.497,54.897,0.155,0.0
33,1,0,9.372,98.767,0.154,166,53.241,54.254,0.152,0.0
34,7,0,10.023,105.07,0.169,169,50.169,63.507,0.158,0.0
35,5,0,10.395,109.047,0.176,174,46.503,69.277,0.164,0.001
36,4,0,10.535,109.86,0.177,176,46.286,71.894,0.165,0.001
37,5,0,10.953,112.977,0.184,179,44.778,75.196,0.169,0.001
38,5,0,10.977,113.0,0.182,183,45.407,75.316,0.171,0.001
39,6,0,11.349,117.093,0.191,187,44.005,79.165,0.175,0.001
40,6,0,11.535,116.558,0.187,192,44.726,83.123,0.179,0.001
41,3,0,11.628,116.395,0.187,191,44.96,83.727,0.179,0.001
42,6,0,11.767,119.163,0.196,194,46.351,82.966,0.18,0.001
43,2,0,11.767,119.279,0.197,195,46.433,81.867,0.179,0.001
44,5,0,11.791,120.605,0.195,198,44.289,85.278,0.184,0.001
45,7,0,12.163,123.721,0.201,202,43.272,90.875,0.188,0.001
46,6,0,12.814,123.0,0.2,203,42.392,96.835,0.188,0.001
47,7,0,13.0,123.535,0.2,208,42.191,100.137,0.189,0.001
48,6,0,13.116,125.302,0.206,210,42.069,103.478,0.191,0.002
49,6,0,13.326,125.86,0.205,215,41.472,105.983,0.194,0.002
50,7,0,13.372,129.814,0.214,221,41.02,106.849,0.199,0.002
51,9,0,13.744,133.023,0.218,227,44.949,114.516,0.207,0.003
52,8,0,13.698,133.721,0.22,230,44.928,112.145,0.208,0.003
53,7,0,14.023,136.814,0.229,233,43.732,114.994,0.212,0.003
54,3,0,13.884,134.93,0.224,234,43.981,113.857,0.21,0.003
55,4,0,14.209,138.488,0.235,233,43.032,119.511,0.213,0.003
56,9,0,14.535,143.791,0.246,239,41.522,127.328,0.22,0.004
57,6,0,15.14,150.791,0.265,243,40.203,134.941,0.227,0.005
58,9,0,15.535,159.814,0.289,248,33.497,144.757,0.234,0.005
59,4,0,15.814,160.0,0.285,250,32.684,149.668,0.238,0.005
60,9,0,15.628,160.884,0.283,256,32.611,149.203,0.244,0.005
61,4,0,15.349,161.326,0.292,253,33.28,141.689,0.238,0.005
62,4,0,15.395,161.907,0.293,255,33.104,142.813,0.239,0.005
63,7,0,15.558,164.674,0.302,256,32.804,149.219,0.243,0.005
64,8,0,15.651,164.791,0.303,259,32.379,149.47,0.242,0.005
65,4,0,15.698,164.907,0.302,260,32.39,149.283,0.244,0.006
66,10,0,15.628,166.302,0.303,267,32.366,150.866,0.249,0.006
67,5,0,16.0,173.023,0.323,269,30.62,155.843,0.253,0.007
68,8,0,16.279,176.116,0.329,276,29.667,162.695,0.26,0.008
69,8,0,16.419,176.767,0.326,282,29.101,171.67,0.266,0.009
70,7,0,16.465,180.0,0.333,288,28.047,174.862,0.27,0.009
71,7,0,16.581,180.674,0.334,293,27.956,176.804,0.273,0.01
72,3,0,17.186,182.605,0.341,291,27.324,180.57,0.274,0.012
73,9,0,17.558,189.163,0.359,300,26.571,190.211,0.281,0.014
74,1,0,17.884,188.977,0.362,298,26.228,192.8,0.279,0.015
75,4,0,17.814,188.977,0.363,297,26.439,188.232,0.276,0.014
76,5,0,17.953,189.907,0.365,299,25.814,191.95,0.278,0.015
77,11,0,18.093,191.07,0.365,307,25.503,199.329,0.285,0.017
78,4,0,18.372,192.651,0.372,306,25.107,202.072,0.284,0.018
79,9,0,19.047,206.465,0.417,314,22.432,219.054,0.291,0.022
80,4,0,19.0,206.488,0.416,318,22.414,219.216,0.292,0.022
81,6,0,18.953,207.209,0.414,321,22.085,222.83,0.296,0.023
82,8,0,19.07,207.488,0.413,328,22.23,227.577,0.299,0.025
83,11,0,19.372,209.698,0.416,334,21.456,235.947,0.305,0.03
84,3,0,19.698,209.698,0.419,333,21.426,240.686,0.303,0.031
85,6,0,19.884,210.744,0.424,335,21.257,238.211,0.302,0.033
86,2,0,20.209,211.953,0.427,336,20.898,243.578,0.302,0.036
87,10,0,20.349,217.326,0.443,342,20.389,252.434,0.31,0.041
88,6,0,21.0,218.628,0.443,346,19.838,266.545,0.317,0.054
89,2,0,21.116,222.977,0.461,339,19.736,264.143,0.313,0.053
90,7,0,21.349,225.698,0.467,342,18.905,275.199,0.319,0.06
91,5,0,21.349,227.512,0.472,345,17.043,279.366,0.321,0.058
92,6,0,21.372,230.814,0.486,347,16.827,283.699,0.324,0.06
93,4,0,21.372,230.814,0.487,349,16.791,283.216,0.324,0.06
94,7,0,21.605,234.0,0.497,352,16.524,285.457,0.326,0.066
95,7,0,21.744,236.209,0.504,354,16.241,290.616,0.33,0.072
96,6,0,21.93,236.047,0.504,353,16.273,291.6,0.329,0.075
97,12,0,22.488,243.093,0.524,361,15.577,303.977,0.342,0.102
98,4,0,22.488,241.326,0.519,361,15.724,300.77,0.339,0.099
99,8,0,22.977,241.326,0.513,366,15.18,314.874,0.346,0.123
100,5,0,22.884,242.047,0.519,365,15.492,311.703,0.343,0.115
101,6,0,23.116,246.302,0.528,363,15.448,312.831,0.339,0.117
102,7,0,23.116,246.372,0.527,366,15.322,313.172,0.34,0.118
103,7,0,23.349,248.233,0.531,369,15.022,316.609,0.344,0.131
104,6,0,23.581,247.395,0.53,369,14.916,319.206,0.342,0.136
105,7,0,23.581,247.395,0.528,374,14.894,318.76,0.345,0.141
106,6,0,23.721,247.581,0.528,375,14.776,326.454,0.347,0.149
107,4,0,23.767,249.977,0.539,375,14.772,325.903,0.345,0.148
108,4,0,23.395,249.977,0.541,373,15.179,317.624,0.343,0.133
109,2,0,24.093,249.977,0.545,367,15.083,321.145,0.339,0.15
110,9,0,24.605,256.395,0.574,368,14.839,332.517,0.344,0.183
111,3,0,24.419,256.395,0.574,367,14.897,331.506,0.345,0.175
112,6,0,24.767,256.884,0.578,365,14.529,335.622,0.343,0.187
113,4,0,24.86,259.372,0.586,365,14.441,336.085,0.345,0.194
114,10,0,24.767,264.651,0.599,373,14.268,344.777,0.353,0.207
115,7,0,24.953,272.372,0.615,376,12.939,357.318,0.361,0.23
116,5,0,25.047,271.488,0.61,378,12.876,359.735,0.363,0.241
117,4,0,25.233,271.488,0.611,378,12.653,364.022,0.363,0.25
118,4,0,25.14,271.395,0.609,379,12.669,366.34,0.365,0.251
119,8,0,25.419,271.884,0.609,384,11.985,382.385,0.372,0.283
120,2,0,25.605,271.884,0.612,382,11.631,381.79,0.369,0.285
121,4,0,25.884,272.14,0.613,384,11.51,387.845,0.37,0.302
122,7,0,25.977,273.721,0.622,388,11.319,393.735,0.376,0.327
123,6,0,25.93,273.721,0.621,391,11.096,401.713,0.382,0.343
124,6,0,25.93,276.419,0.63,394,10.946,406.114,0.387,0.358
125,4,0,26.163,276.535,0.633,394,10.997,408.967,0.383,0.362
126,6,0,26.256,276.535,0.633,396,10.983,408.763,0.383,0.367
127,3,0,26.256,277.488,0.64,397,11.066,405.142,0.381,0.36
128,9,0,26.302,281.14,0.647,401,10.945,408.807,0.383,0.37
129,9,0,26.302,283.209,0.654,403,10.842,410.376,0.387,0.384
130,5,0,26.349,283.395,0.654,405,10.729,414.339,0.39,0.396
131,4,0,26.674,289.907,0.682,402,10.789,417.91,0.388,0.414
132,5,0,26.628,290.419,0.682,402,10.711,415.913,0.389,0.416
133,5,0,27.279,290.605,0.681,397,10.668,422.687,0.384,0.445
134,6,0,27.419,290.163,0.68,401,10.599,426.315,0.386,0.462
135,5,0,27.372,290.442,0.68,402,10.564,425.609,0.386,0.459
136,6,0,27.628,292.349,0.692,404,10.536,427.534,0.388,0.485
137,6,0,27.721,293.744,0.702,405,10.434,428.191,0.39,0.502
138,3,0,27.698,294.605,0.713,399,11.167,416.135,0.384,0.483
139,6,0,27.349,294.605,0.711,394,11.341,410.881,0.381,0.445
140,3,0,27.442,294.233,0.711,393,11.411,409.198,0.379,0.445
141,9,0,27.07,297.302,0.718,399,11.325,411.513,0.385,0.438
142,4,0,27.186,297.674,0.72,397,11.302,415.618,0.386,0.45
143,7,0,27.419,299.605,0.715,401,11.095,423.626,0.392,0.489
144,3,0,27.465,300.023,0.717,403,11.057,424.579,0.391,0.49
145,5,0,27.419,301.767,0.722,401,11.346,421.99,0.389,0.482
146,12,0,28.047,306.581,0.725,406,11.092,439.143,0.399,0.564
147,6,0,28.233,308.814,0.733,408,10.855,448.676,0.403,0.591
148,8,0,28.419,317.395,0.731,413,11.227,449.914,0.41,0.633
149,7,0,28.512,317.558,0.724,417,10.911,462.85,0.419,0.666
150,3,0,28.651,317.558,0.725,419,10.826,469.196,0.421,0.684
151,5,0,29.0,318.581,0.725,418,10.309,473.477,0.421,0.702
152,10,0,29.512,320.395,0.731,421,10.077,487.102,0.425,0.744
153,3,0,29.465,320.674,0.732,422,10.13,483.511,0.424,0.739
154,6,0,29.651,319.814,0.735,424,10.044,491.212,0.426,0.755
155,5,0,29.744,319.814,0.734,423,9.894,488.218,0.429,0.768
156,3,0,30.465,319.651,0.728,421,9.549,497.441,0.427,0.797
157,6,0,30.349,320.14,0.729,423,9.697,492.448,0.425,0.788
158,6,0,30.442,320.14,0.732,424,9.754,491.623,0.422,0.785
159,6,0,30.674,321.395,0.726,429,9.662,501.652,0.428,0.812
160,9,0,30.814,321.512,0.721,435,9.6,503.242,0.431,0.825
161,8,0,31.047,321.442,0.72,437,9.515,509.4,0.433,0.839
162,5,0,31.372,324.93,0.721,434,9.611,512.535,0.431,0.849
163,11,0,31.791,324.93,0.725,442,9.437,525.362,0.438,0.875
164,8,0,32.023,324.93,0.727,444,9.434,527.644,0.436,0.88
165,4,0,32.07,324.93,0.724,445,9.411,527.479,0.436,0.881
166,4,0,31.93,324.93,0.726,442,9.44,523.515,0.434,0.874
167,7,0,31.837,325.047,0.724,448,9.363,527.832,0.439,0.878
168,2,0,31.837,325.047,0.725,448,9.426,526.374,0.437,0.875
169,6,0,31.86,320.698,0.716,450,10.341,523.266,0.437,0.88
170,9,0,31.628,320.767,0.714,457,10.263,528.22,0.442,0.88
171,7,0,31.558,322.372,0.714,460,10.293,526.323,0.443,0.879
172,5,0,31.977,325.209,0.718,461,9.958,538.308,0.446,0.896
173,6,0,32.116,325.86,0.719,465,9.801,547.483,0.452,0.907
174,5,0,32.349,325.86,0.72,463,8.936,548.742,0.451,0.909
175,5,0,32.674,326.047,0.72,461,9.038,550.188,0.446,0.912
176,4,0,32.907,326.047,0.723,460,9.108,550.975,0.445,0.917
177,5,0,32.814,326.628,0.724,462,9.121,552.274,0.448,0.917
178,1,0,32.698,326.628,0.726,458,9.188,546.787,0.444,0.91
179,3,0,32.791,326.628,0.726,457,9.171,548.148,0.445,0.914
180,6,0,33.163,326.953,0.726,460,9.141,560.185,0.448,0.925
181,2,0,33.465,326.953,0.726,456,9.157,559.618,0.446,0.93
182,4,0,29.023,320.116,0.712,456,10.751,477.57,0.451,0.789
183,4,0,29.186,320.116,0.714,458,10.699,478.9,0.452,0.799
184,7,0,29.488,320.116,0.719,460,10.575,489.797,0.452,0.814
185,4,0,29.814,320.116,0.719,460,10.491,494.658,0.453,0.831
186,5,0,30.186,320.116,0.722,456,10.359,499.802,0.447,0.833
187,3,0,30.093,320.116,0.724,453,10.458,494.405,0.444,0.824
188,6,0,30.279,320.116,0.725,454,10.311,501.657,0.445,0.833
189,4,0,30.326,320.116,0.725,448,10.431,496.987,0.439,0.823
190,6,0,30.209,320.116,0.723,452,10.336,499.113,0.444,0.827
191,7,0,30.581,319.442,0.725,454,10.131,503.134,0.44,0.835
192,11,0,30.512,319.442,0.722,460,9.956,507.861,0.446,0.844
193,11,0,25.953,331.535,0.697,467,10.525,454.612,0.453,0.595
194,7,0,26.372,331.535,0.703,469,10.426,464.313,0.454,0.63
195,8,0,26.837,331.535,0.707,471,10.55,468.896,0.449,0.645
196,5,0,27.209,331.535,0.712,471,10.598,469.769,0.443,0.653
197,5,0,27.558,330.605,0.724,472,10.452,475.911,0.446,0.686
198,7,0,27.605,330.767,0.724,470,10.436,477.975,0.446,0.688
199,10,0,27.605,333.349,0.726,476,10.307,481.817,0.452,0.706
200,6,0,23.535,331.07,0.674,478,10.242,414.906,0.454,0.41
201,13,0,20.953,333.256,0.667,483,11.571,371.328,0.456,0.251
202,5,0,21.047,333.581,0.665,488,11.406,378.626,0.46,0.268
203,2,0,21.558,333.581,0.668,484,11.228,382.955,0.458,0.292
204,11,0,18.767,338.512,0.657,492,11.652,336.092,0.462,0.157
205,1,0,18.953,337.279,0.66,489,11.639,340.144,0.461,0.162
206,8,0,16.558,266.814,0.502,489,12.508,292.197,0.473,0.101
207,4,0,17.442,267.698,0.515,486,11.871,305.661,0.47,0.121
208,5,0,17.674,268.116,0.512,486,11.634,312.754,0.474,0.136
209,3,0,18.116,268.0,0.515,483,11.463,321.01,0.472,0.148
210,6,0,18.163,269.07,0.518,485,11.33,324.654,0.473,0.152
211,5,0,18.442,271.512,0.532,489,11.156,329.741,0.475,0.167
212,1,0,18.674,272.512,0.537,487,11.093,332.999,0.473,0.173
213,8,0,19.233,278.791,0.555,494,10.619,347.134,0.478,0.207
214,3,0,19.372,279.186,0.563,494,10.527,348.163,0.475,0.208
215,4,0,19.791,279.535,0.569,492,10.432,353.644,0.471,0.218
216,8,0,20.395,284.605,0.598,497,9.898,372.03,0.479,0.271
217,5,0,21.186,288.767,0.607,493,9.317,386.068,0.475,0.308
218,6,0,21.674,290.163,0.616,493,9.238,394.132,0.474,0.337
219,5,0,22.07,291.326,0.63,491,9.232,402.67,0.474,0.366
220,4,0,22.674,292.884,0.646,485,9.306,407.984,0.465,0.377
221,6,0,23.233,294.744,0.656,483,9.113,418.528,0.464,0.415
222,4,0,23.814,296.116,0.667,479,9.11,421.236,0.456,0.431
223,5,0,23.93,296.116,0.667,480,9.097,423.626,0.456,0.438
224,5,0,24.116,298.209,0.677,483,8.93,429.906,0.461,0.47
225,5,0,24.651,298.209,0.677,480,8.93,436.547,0.458,0.5
226,7,0,24.93,302.884,0.692,483,8.803,447.147,0.462,0.536
227,5,0,25.256,302.884,0.692,483,8.764,454.056,0.462,0.56
228,10,0,25.674,304.791,0.696,485,8.589,467.241,0.464,0.6
229,3,0,26.0,304.791,0.697,482,8.53,470.414,0.461,0.611
230,6,0,26.047,304.791,0.695,484,8.46,476.624,0.465,0.627
231,3,0,25.953,304.791,0.693,486,8.43,477.096,0.467,0.627
232,7,0,26.512,308.953,0.709,487,8.26,482.915,0.472,0.684
233,5,0,26.721,309.093,0.714,484,8.138,489.72,0.472,0.695
234,3,0,27.163,312.209,0.719,484,8.057,500.08,0.473,0.728
235,6,0,27.349,313.0,0.728,481,8.112,503.507,0.469,0.725
236,5,0,27.395,313.0,0.729,482,8.028,508.49,0.469,0.729
237,1,0,27.721,313.0,0.732,477,8.036,508.667,0.466,0.74
238,6,0,27.488,312.186,0.728,469,8.877,490.689,0.457,0.703
239,6,0,27.442,312.512,0.728,474,8.813,496.339,0.459,0.707
240,11,0,27.674,312.907,0.732,478,8.711,503.667,0.462,0.731
241,6,0,27.744,312.907,0.73,479,8.582,513.263,0.467,0.747
242,6,0,27.651,312.07,0.73,483,8.596,514.97,0.467,0.744
243,7,0,27.837,315.326,0.73,485,8.46,523.566,0.472,0.765
244,3,0,28.023,315.326,0.734,483,8.516,524.38,0.468,0.765
245,7,0,23.581,321.163,0.718,485,9.173,425.91,0.472,0.471
246,4,0,23.86,321.163,0.72,483,9.634,423.217,0.468,0.482
247,5,0,24.279,321.163,0.718,485,8.922,436.384,0.471,0.519
248,6,0,24.884,321.372,0.726,482,8.897,446.981,0.466,0.548
249,6,1,21.14,327.744,0.689,483,11.658,390.515,0.458,0.269
250,5,0,18.14,326.953,0.604,483,12.535,331.685,0.458,0.129
251,6,0,18.698,326.047,0.616,482,12.399,344.473,0.456,0.146
252,5,0,19.721,326.814,0.624,475,12.31,354.246,0.45,0.176
253,7,0,20.233,328.093,0.628,476,12.191,360.389,0.45,0.2
254,1,0,20.372,328.093,0.631,473,12.335,360.346,0.446,0.199
255,5,0,20.93,328.093,0.636,473,12.049,373.613,0.446,0.226
256,2,0,21.674,328.093,0.646,467,11.977,381.025,0.438,0.246
257,6,0,22.116,328.0,0.651,468,11.785,392.29,0.441,0.279
258,3,0,22.674,325.512,0.662,460,11.756,392.963,0.432,0.288
259,5,0,23.14,325.605,0.668,459,11.56,396.708,0.431,0.313
260,6,0,23.651,325.512,0.662,460,11.132,407.466,0.435,0.358
261,4,0,24.163,325.419,0.659,457,10.935,415.323,0.43,0.379
262,7,0,24.07,325.558,0.658,457,10.886,416.246,0.431,0.374
263,3,0,24.442,325.558,0.663,456,10.903,419.674,0.427,0.388
264,6,0,24.907,325.558,0.663,459,10.457,424.737,0.431,0.435
265,10,0,24.977,325.07,0.67,465,10.26,435.939,0.437,0.459
266,9,0,24.651,324.628,0.675,468,10.182,431.739,0.441,0.447
267,3,0,25.302,324.628,0.681,463,10.093,434.557,0.436,0.478
268,9,0,25.721,330.209,0.691,465,9.813,448.566,0.441,0.527
269,5,0,25.953,330.209,0.693,464,9.817,447.046,0.435,0.523
270,5,0,26.233,330.209,0.698,460,9.851,445.011,0.426,0.512
271,9,0,26.349,330.395,0.69,464,9.721,447.432,0.429,0.533
272,6,0,26.302,330.512,0.693,470,9.539,454.495,0.436,0.551
273,2,0,26.674,330.093,0.696,465,9.577,452.351,0.429,0.555
274,6,0,26.767,332.14,0.702,469,9.409,457.455,0.433,0.575
275,6,0,26.814,331.977,0.699,470,9.336,460.496,0.435,0.588
276,8,0,27.419,331.977,0.71,470,9.225,465.868,0.435,0.631
277,5,0,27.767,331.837,0.71,472,9.177,472.652,0.436,0.659
278,7,0,28.186,332.837,0.715,470,9.214,474.661,0.431,0.672
279,6,0,28.326,332.837,0.715,474,9.174,473.86,0.433,0.687
280,6,0,28.419,332.837,0.712,479,8.978,485.716,0.441,0.715
281,6,0,24.209,333.093,0.707,480,10.081,406.455,0.444,0.425
282,3,0,24.628,334.744,0.712,477,10.031,410.87,0.442,0.447
283,9,0,25.07,336.186,0.715,480,9.88,416.967,0.442,0.483
284,5,0,25.395,336.465,0.717,481,9.86,422.245,0.443,0.511
285,5,0,25.698,336.465,0.719,478,9.857,422.322,0.44,0.523
286,10,0,25.977,336.605,0.718,482,9.56,435.409,0.45,0.578
287,6,0,26.488,338.07,0.721,484,9.381,443.432,0.454,0.63
288,6,0,22.767,332.349,0.659,485,11.714,389.605,0.454,0.366
289,5,0,22.907,332.349,0.665,487,11.675,393.677,0.456,0.381
290,6,0,23.0,332.349,0.665,488,11.605,397.166,0.456,0.387
291,6,0,23.14,332.349,0.666,493,11.48,400.904,0.46,0.413
292,6,0,23.698,332.349,0.668,493,11.314,408.229,0.462,0.462
293,7,0,23.977,332.279,0.69,493,11.183,412.114,0.465,0.493
294,6,0,20.395,341.767,0.628,491,13.041,334.395,0.458,0.234
295,9,0,20.93,341.767,0.635,496,12.418,354.893,0.463,0.276
296,7,0,21.488,341.767,0.639,497,12.017,365.523,0.464,0.311
297,7,0,22.884,341.767,0.647,494,11.579,389.536,0.46,0.394
298,5,0,23.163,341.698,0.65,489,12.33,394.524,0.457,0.409
299,2,0,23.488,341.698,0.651,486,12.438,399.595,0.454,0.424
300,8,0,23.953,341.698,0.665,489,12.209,414.31,0.46,0.481
301,8,0,24.744,341.698,0.693,492,11.62,438.06,0.467,0.564
302,8,0,24.791,341.698,0.697,496,11.57,434.734,0.467,0.567
303,6,0,20.837,338.558,0.659,500,12.88,339.854,0.47,0.293
304,4,0,21.767,338.395,0.667,496,12.774,350.888,0.464,0.336
305,8,0,22.326,338.395,0.684,502,12.478,365.162,0.471,0.397
306,2,0,22.535,338.395,0.686,499,12.533,364.609,0.466,0.395
307,3,0,23.163,338.302,0.692,496,12.761,368.68,0.46,0.424
308,5,0,23.535,338.302,0.692,497,12.648,375.162,0.459,0.448
309,7,0,24.302,338.279,0.698,494,12.854,384.839,0.457,0.503
310,5,0,24.419,338.0,0.698,496,12.603,386.412,0.457,0.508
311,7,0,24.837,337.558,0.7,498,12.321,395.707,0.456,0.537
312,4,0,25.116,337.558,0.704,499,12.169,403.362,0.46,0.57
313,5,0,25.256,337.698,0.703,497,12.145,404.693,0.459,0.575
314,7,0,25.535,338.256,0.703,500,11.882,418.518,0.463,0.611
315,6,0,26.372,338.093,0.706,496,11.821,428.293,0.459,0.656
316,4,0,26.698,338.14,0.707,494,10.826,431.438,0.455,0.659
317,6,0,27.256,338.465,0.714,494,10.422,444.146,0.456,0.698
318,4,0,27.372,338.279,0.714,494,10.389,442.446,0.457,0.707
319,3,0,27.349,337.488,0.714,491,10.365,445.055,0.456,0.703
320,3,0,27.302,337.488,0.716,490,10.528,438.085,0.453,0.692
321,9,0,27.674,337.488,0.721,495,9.909,448.618,0.456,0.72
322,5,0,28.0,337.558,0.721,496,9.866,453.562,0.456,0.74
323,5,0,28.326,337.558,0.723,492,9.82,461.069,0.456,0.758
324,5,0,28.372,337.233,0.729,489,9.912,460.058,0.45,0.745
325,6,0,28.372,337.233,0.729,490,9.898,459.197,0.45,0.745
326,5,0,28.512,337.233,0.729,490,9.927,460.828,0.448,0.749
327,0,0,28.558,337.233,0.73,486,9.959,460.162,0.446,0.747
328,7,0,29.302,336.721,0.732,486,9.924,470.15,0.447,0.79
329,3,0,29.302,336.721,0.741,484,9.759,470.487,0.447,0.789
330,4,0,29.349,336.721,0.741,481,9.973,458.921,0.438,0.769
331,3,0,29.395,336.721,0.74,479,10.049,459.709,0.436,0.768
332,7,0,29.581,337.163,0.743,484,9.827,466.863,0.441,0.789
333,8,0,29.721,336.14,0.745,483,9.936,466.211,0.438,0.79
334,8,0,29.605,336.14,0.748,486,9.964,462.13,0.441,0.791
335,5,0,29.814,336.116,0.751,486,9.697,465.558,0.442,0.801
336,7,0,30.093,335.977,0.752,485,9.996,469.389,0.439,0.81
337,2,0,29.814,335.977,0.752,482,10.182,463.806,0.436,0.79
338,8,0,25.86,338.512,0.725,482,11.828,417.824,0.444,0.565
339,7,0,26.14,338.512,0.728,483,11.778,421.521,0.443,0.584
340,3,0,26.349,338.628,0.737,481,11.92,419.523,0.438,0.582
341,6,0,22.209,332.023,0.7,482,12.109,362.693,0.437,0.275
342,1,0,22.256,332.023,0.701,482,12.083,363.517,0.436,0.275
343,3,0,22.628,331.512,0.704,479,12.149,367.381,0.433,0.29
344,8,0,23.14,331.628,0.705,483,11.668,380.322,0.438,0.338
345,5,0,23.698,331.767,0.708,482,11.139,391.306,0.438,0.372
346,9,0,24.395,335.047,0.703,483,10.641,411.767,0.442,0.434
347,7,0,24.07,335.047,0.709,484,10.761,407.071,0.443,0.417
348,4,0,24.535,338.395,0.718,484,10.471,418.025,0.443,0.447
349,2,0,24.86,338.395,0.715,480,10.521,419.682,0.439,0.461
350,5,0,25.419,338.395,0.714,478,10.273,426.901,0.435,0.488
351,6,0,25.558,338.535,0.72,477,10.196,435.049,0.435,0.495
352,5,0,25.674,341.814,0.72,478,10.015,434.42,0.436,0.509
353,6,0,25.535,341.814,0.718,479,10.308,434.151,0.436,0.499
354,7,0,25.349,341.814,0.719,479,10.476,429.094,0.432,0.472
355,8,0,25.674,343.023,0.726,476,10.596,427.996,0.432,0.499
356,10,0,26.116,345.0,0.728,482,9.894,447.583,0.442,0.561
357,5,0,26.116,345.186,0.73,481,9.967,442.94,0.438,0.548
358,5,0,26.744,345.186,0.736,478,9.949,452.192,0.435,0.585
359,5,0,26.721,345.186,0.741,482,9.825,456.369,0.44,0.602
360,5,0,26.814,344.558,0.741,481,9.761,457.008,0.44,0.609
361,13,0,22.977,342.93,0.719,488,10.455,385.257,0.441,0.327
362,2,0,23.116,342.93,0.717,488,10.348,386.633,0.443,0.341
363,11,0,23.767,342.93,0.733,496,9.695,410.587,0.453,0.419
364,5,0,24.395,342.93,0.731,494,9.455,420.923,0.456,0.476
365,13,0,25.14,343.465,0.738,501,8.893,439.861,0.464,0.56
366,8,0,25.698,343.326,0.744,504,8.73,452.147,0.465,0.604
367,4,0,25.93,343.326,0.745,505,8.676,457.9,0.465,0.62
368,2,0,26.209,343.326,0.747,503,8.669,462.344,0.464,0.637
369,5,0,26.535,343.326,0.749,502,8.673,465.025,0.461,0.652
370,9,0,26.744,343.326,0.744,506,8.74,474.683,0.462,0.671
371,5,0,26.651,343.209,0.739,507,8.752,472.859,0.46,0.658
372,7,0,23.023,347.186,0.731,506,10.013,391.952,0.461,0.394
373,6,0,23.07,347.186,0.729,507,9.902,398.644,0.463,0.403
374,8,0,23.023,347.186,0.728,510,9.719,399.868,0.467,0.415
375,10,0,23.581,347.186,0.73,514,9.413,411.183,0.47,0.467
376,5,0,24.023,347.186,0.73,515,9.246,418.092,0.471,0.501
377,10,0,25.0,347.186,0.738,517,9.032,436.906,0.467,0.562
378,3,0,25.14,347.186,0.739,512,9.113,438.838,0.462,0.555
379,3,0,25.209,346.0,0.741,511,9.107,434.638,0.458,0.547
380,3,0,25.442,346.0,0.741,509,8.966,439.48,0.461,0.573
381,5,0,25.488,345.977,0.738,509,8.947,440.068,0.463,0.584
382,3,0,25.605,345.977,0.739,505,9.026,438.916,0.459,0.58
383,5,0,26.349,347.326,0.745,505,8.902,458.249,0.458,0.628
384,9,0,26.163,347.326,0.741,512,8.788,458.681,0.463,0.633
385,5,0,26.07,346.279,0.742,511,8.726,457.941,0.464,0.628
386,3,0,26.302,346.279,0.741,512,8.502,465.194,0.466,0.649
387,9,0,26.488,346.302,0.741,515,8.396,470.93,0.469,0.674
388,3,0,27.0,345.372,0.742,512,8.373,480.175,0.467,0.701
389,8,0,27.395,344.907,0.738,515,8.263,490.358,0.467,0.725
390,6,0,23.512,345.535,0.691,516,9.348,433.722,0.477,0.485
391,5,0,23.651,345.558,0.685,516,9.738,438.869,0.477,0.5
392,4,0,24.023,346.279,0.69,513,9.795,447.946,0.475,0.521
393,10,0,24.86,346.419,0.698,512,9.425,470.218,0.479,0.596
394,5,0,25.419,346.349,0.7,511,9.35,479.411,0.477,0.631
395,2,0,21.814,343.093,0.676,508,11.135,393.406,0.477,0.37
396,3,0,22.186,343.093,0.681,503,11.035,397.228,0.475,0.39
397,7,0,22.605,343.093,0.678,508,10.667,406.289,0.479,0.434
398,4,0,22.837,343.233,0.681,507,10.202,412.244,0.481,0.453
399,9,0,23.256,343.093,0.683,507,9.983,425.73,0.485,0.501
400,6,0,23.372,343.093,0.687,508,10.025,426.408,0.484,0.505
401,12,0,24.209,343.674,0.683,513,9.411,450.888,0.492,0.593
402,6,0,24.674,343.767,0.685,513,9.151,466.957,0.496,0.64
403,3,0,24.814,343.767,0.684,513,8.92,471.398,0.497,0.653
404,2,0,24.953,343.767,0.687,512,8.935,473.152,0.495,0.656
405,8,1,20.209,347.977,0.646,515,9.859,376.663,0.494,0.307
406,6,0,20.628,347.977,0.651,515,9.614,389.53,0.497,0.341
407,1,0,21.605,347.837,0.66,505,9.953,402.307,0.486,0.378
408,9,0,19.163,346.721,0.648,511,11.364,368.929,0.487,0.232
409,5,0,19.907,346.721,0.665,511,11.08,387.479,0.489,0.279
410,5,0,20.093,346.953,0.669,513,11.21,393.651,0.491,0.298
411,5,0,20.628,346.953,0.674,511,10.895,403.668,0.49,0.329
412,6,1,20.93,346.953,0.673,512,10.736,414.81,0.491,0.352
413,6,0,21.209,346.953,0.679,513,10.64,423.096,0.491,0.37
414,11,0,21.349,346.953,0.697,520,9.985,434.975,0.501,0.412
415,10,2,21.767,346.953,0.695,524,9.882,440.376,0.501,0.444
416,7,0,22.395,346.0,0.697,524,9.892,449.494,0.495,0.468
417,7,0,19.395,332.326,0.676,522,10.746,379.252,0.498,0.271
418,4,0,19.767,332.674,0.682,524,10.672,386.456,0.497,0.293
419,8,0,20.977,333.93,0.698,525,10.299,412.7,0.496,0.369
420,8,0,21.651,335.767,0.698,526,9.864,432.763,0.502,0.436
421,4,0,18.512,330.86,0.649,528,12.557,356.293,0.504,0.248
422,8,0,19.581,332.14,0.663,531,11.708,380.936,0.508,0.32
423,5,0,20.302,331.349,0.662,528,10.939,396.881,0.506,0.358
424,6,1,20.674,331.349,0.659,530,10.731,406.288,0.511,0.401
425,9,0,21.395,333.419,0.671,536,10.453,423.212,0.514,0.468
426,6,0,21.674,333.512,0.677,537,10.416,427.334,0.511,0.478
427,3,0,21.721,333.512,0.677,540,10.352,430.384,0.513,0.487
428,6,0,19.14,342.07,0.627,538,10.507,380.215,0.509,0.287
429,3,0,19.651,342.395,0.636,534,10.424,389.435,0.506,0.309
430,4,0,19.698,342.395,0.638,537,10.411,393.649,0.507,0.315
431,11,0,20.349,342.465,0.65,545,10.124,412.181,0.51,0.369
432,5,0,21.0,342.884,0.652,545,10.015,423.759,0.509,0.412
433,5,0,21.372,343.209,0.66,545,9.896,426.181,0.508,0.438
434,5,0,21.744,343.814,0.664,548,9.781,430.4,0.51,0.473
435,6,0,22.488,343.814,0.682,549,9.539,446.905,0.511,0.534
436,7,0,23.0,343.767,0.692,549,9.314,456.222,0.512,0.574
437,8,0,20.047,349.07,0.654,554,10.659,394.343,0.514,0.366
438,10,1,20.326,349.07,0.663,561,10.31,405.811,0.521,0.409
439,7,0,20.791,349.07,0.68,563,10.319,416.539,0.518,0.435
440,7,0,21.628,349.07,0.69,561,10.166,426.088,0.514,0.482
441,8,1,22.14,349.07,0.691,561,9.313,434.432,0.516,0.522
442,11,0,22.605,349.07,0.699,571,8.844,451.291,0.525,0.586
443,7,1,22.837,349.07,0.699,574,8.705,458.315,0.526,0.608
444,4,1,23.023,349.07,0.701,572,8.783,462.701,0.525,0.617
445,9,0,20.233,340.767,0.653,569,12.827,403.735,0.52,0.418
446,7,1,21.14,340.326,0.662,566,12.703,425.181,0.518,0.481
447,1,0,21.698,340.326,0.678,562,12.65,437.703,0.515,0.51
448,4,1,22.86,340.326,0.689,552,12.679,450.551,0.503,0.557
449,6,0,19.86,347.419,0.661,553,11.007,394.047,0.504,0.321
450,5,0,20.326,347.419,0.677,553,10.922,396.446,0.502,0.346
451,6,0,21.395,347.419,0.676,548,10.64,418.614,0.496,0.404
452,8,1,22.0,347.419,0.679,548,10.403,437.653,0.499,0.459
453,6,0,22.279,347.419,0.69,553,10.189,449.57,0.506,0.502
454,7,0,22.767,347.419,0.694,551,10.001,461.22,0.503,0.528
455,8,0,23.326,346.837,0.69,555,9.663,484.637,0.51,0.593
456,3,1,20.256,344.93,0.674,549,8.645,413.712,0.505,0.334
457,3,1,21.093,344.93,0.68,541,8.617,432.389,0.501,0.381
458,7,0,21.326,344.93,0.674,543,8.523,437.811,0.502,0.4
459,6,1,21.884,344.93,0.687,546,8.317,459.466,0.504,0.451
460,2,0,22.721,344.93,0.697,540,8.332,465.308,0.495,0.481
461,5,0,23.0,340.953,0.704,538,8.24,466.157,0.492,0.491
462,7,0,23.186,340.953,0.705,541,8.185,466.204,0.492,0.506
463,7,0,22.814,340.953,0.7,543,8.224,461.048,0.493,0.48
464,4,0,23.047,340.767,0.701,544,8.11,466.378,0.494,0.503
465,5,0,23.512,340.767,0.704,543,8.005,468.612,0.489,0.52
466,7,0,23.791,340.767,0.709,546,7.632,489.089,0.496,0.564
467,7,0,24.651,340.767,0.72,546,7.5,506.98,0.499,0.635
468,8,0,25.163,340.767,0.725,549,7.385,518.622,0.5,0.674
469,9,0,26.116,341.07,0.725,551,7.09,532.931,0.501,0.737
470,9,0,22.907,344.837,0.724,551,7.988,458.433,0.498,0.503
471,11,0,24.116,345.163,0.723,554,7.826,492.392,0.5,0.603
472,2,0,25.0,345.163,0.727,549,7.676,508.979,0.497,0.657
473,8,0,25.047,345.163,0.728,552,7.673,509.78,0.498,0.662
474,6,0,25.372,345.163,0.728,556,7.522,515.275,0.502,0.695
475,9,0,25.837,345.163,0.726,556,7.469,526.916,0.502,0.726
476,3,1,21.581,341.744,0.675,550,9.564,447.47,0.5,0.421
477,7,0,21.907,342.884,0.678,552,9.347,452.3,0.502,0.454
478,5,0,18.86,339.512,0.665,554,11.647,374.294,0.501,0.254
479,8,0,19.326,344.279,0.675,555,11.432,376.341,0.5,0.278
480,6,1,19.512,344.349,0.679,558,11.338,378.126,0.499,0.286
481,4,0,19.791,344.349,0.677,555,11.164,383.759,0.498,0.301
482,3,0,20.442,343.907,0.687,553,11.153,398.962,0.495,0.335
483,6,1,20.884,343.907,0.694,547,11.164,402.715,0.489,0.346
484,4,1,21.116,343.907,0.696,548,11.102,405.28,0.489,0.361
485,5,1,21.628,343.907,0.697,545,11.003,413.689,0.487,0.39
486,8,0,21.93,344.884,0.695,549,10.709,428.186,0.488,0.416
487,7,0,22.116,344.884,0.695,549,10.704,423.567,0.487,0.424
488,4,0,19.535,340.791,0.619,546,11.116,388.022,0.48,0.233
489,6,0,19.698,340.093,0.617,546,11.045,393.222,0.481,0.244
490,6,0,20.209,340.093,0.629,549,10.56,408.869,0.488,0.291
491,8,0,20.442,340.093,0.631,554,10.436,414.623,0.489,0.308
492,7,0,21.279,340.093,0.635,551,10.064,427.731,0.485,0.352
493,5,0,18.698,326.488,0.601,549,10.692,378.874,0.496,0.226
494,6,0,19.07,327.0,0.606,549,10.581,384.106,0.493,0.238
495,7,0,20.14,326.605,0.62,548,10.067,403.489,0.493,0.3
496,2,0,20.512,326.535,0.628,546,10.116,414.772,0.492,0.321
497,6,0,21.023,327.279,0.635,547,10.055,422.629,0.491,0.354
498,5,0,21.349,327.442,0.639,544,9.245,426.92,0.491,0.369
499,6,0,21.86,327.442,0.641,546,9.133,437.98,0.494,0.419
500,13,0,19.884,339.116,0.712,549,10.642,395.233,0.487,0.27
501,11,0,20.163,339.419,0.71,554,10.503,400.072,0.489,0.291
502,5,0,20.535,339.581,0.712,555,10.276,402.165,0.492,0.325
503,5,0,21.233,339.581,0.713,552,9.916,412.288,0.491,0.366
504,8,1,21.512,338.977,0.71,554,9.54,432.421,0.498,0.411
505,6,0,21.744,339.163,0.716,554,9.805,432.167,0.494,0.415
506,4,1,21.651,339.163,0.714,554,9.827,431.969,0.495,0.41
507,6,0,22.279,340.837,0.723,552,9.374,445.211,0.494,0.452
508,4,0,22.465,340.837,0.727,551,9.182,446.873,0.494,0.466
509,5,0,22.93,340.837,0.731,549,8.889,455.55,0.493,0.494
510,11,0,23.395,343.907,0.733,553,8.494,467.675,0.499,0.551
511,4,0,23.535,343.907,0.733,552,8.398,469.902,0.501,0.567
512,4,0,24.0,343.907,0.734,554,8.229,485.596,0.505,0.616
513,10,1,21.0,345.674,0.689,554,10.246,416.503,0.514,0.435
514,12,4,21.14,345.674,0.696,559,10.139,421.646,0.518,0.459
515,6,1,21.674,345.465,0.707,557,9.877,434.536,0.518,0.498
516,9,0,22.465,345.465,0.707,561,9.576,447.583,0.521,0.567
517,9,1,19.698,348.814,0.638,562,9.081,409.634,0.524,0.362
518,6,1,20.581,348.814,0.658,558,8.84,429.676,0.523,0.422
519,6,0,21.093,348.814,0.659,560,8.726,433.103,0.523,0.46
520,4,0,21.884,348.814,0.668,551,8.995,440.345,0.513,0.488
521,6,0,22.512,348.279,0.681,550,8.778,455.943,0.514,0.537
522,3,0,22.93,347.674,0.688,549,8.691,461.88,0.513,0.568
523,3,0,23.233,347.488,0.694,546,8.673,466.632,0.509,0.575
524,5,0,19.744,327.86,0.686,547,11.362,376.375,0.51,0.337
525,3,1,19.93,327.953,0.687,547,11.286,378.073,0.509,0.344
526,4,0,20.442,327.953,0.693,544,11.423,384.072,0.503,0.363
527,6,0,21.233,327.953,0.698,543,11.197,396.098,0.499,0.404
528,4,0,21.884,328.605,0.699,539,11.187,409.468,0.496,0.444
529,9,2,19.372,340.93,0.687,542,11.318,359.72,0.501,0.284
530,12,1,20.163,340.977,0.691,544,11.043,375.919,0.501,0.334
531,4,0,20.814,340.977,0.703,543,10.765,393.272,0.496,0.362
532,9,0,21.326,340.837,0.706,549,10.354,407.515,0.501,0.411
533,6,1,22.093,341.349,0.723,550,9.969,423.56,0.5,0.465
534,5,0,22.581,341.349,0.728,549,9.881,433.082,0.496,0.488
535,4,0,19.698,346.535,0.672,548,11.563,370.77,0.495,0.286
536,8,0,20.581,345.814,0.687,546,11.292,396.228,0.492,0.336
537,6,0,21.163,345.814,0.686,545,11.125,407.678,0.491,0.371
538,8,0,21.907,345.814,0.701,549,10.721,425.793,0.497,0.444
539,4,0,22.163,345.814,0.696,550,10.668,427.145,0.492,0.447
540,8,0,22.721,345.488,0.7,553,10.422,439.206,0.494,0.496
541,9,0,23.0,345.488,0.701,556,10.193,446.668,0.497,0.527
542,7,0,23.628,345.419,0.7,553,10.07,459.92,0.497,0.574
543,5,0,24.047,345.419,0.698,556,9.934,471.259,0.5,0.615
544,9,0,20.628,337.372,0.679,561,9.235,408.663,0.51,0.383
545,12,0,22.023,341.465,0.695,563,8.702,435.359,0.51,0.484
546,3,0,22.488,341.465,0.696,563,8.615,439.457,0.506,0.507
547,6,0,19.744,339.256,0.668,564,9.822,396.057,0.513,0.335
548,7,0,20.488,339.256,0.662,566,9.583,421.029,0.514,0.39
549,4,0,20.977,339.256,0.664,566,9.535,429.312,0.511,0.414
550,8,0,21.419,339.256,0.667,567,9.511,438.708,0.508,0.438
551,1,0,22.163,339.256,0.675,559,9.582,451.25,0.5,0.466
552,4,0,22.767,339.256,0.678,557,9.389,462.366,0.495,0.494
553,5,0,23.326,339.907,0.687,551,9.272,466.384,0.49,0.519
554,7,0,23.977,339.907,0.685,549,8.955,487.046,0.492,0.572
555,9,0,20.628,341.0,0.693,553,9.352,400.538,0.497,0.339
556,6,0,21.233,341.0,0.699,553,9.172,415.69,0.497,0.381
557,5,1,22.116,341.0,0.7,552,8.885,435.968,0.499,0.453
558,8,0,22.721,341.372,0.698,555,8.666,450.234,0.502,0.512
559,7,0,23.558,340.256,0.716,553,8.444,471.002,0.502,0.574
560,6,0,24.093,341.116,0.715,553,8.203,486.905,0.501,0.608
561,6,0,24.279,339.651,0.717,554,8.131,488.034,0.501,0.623
562,3,0,24.558,339.721,0.719,549,8.196,494.536,0.497,0.629
563,9,0,24.791,341.744,0.713,551,7.951,491.298,0.501,0.656
564,7,0,25.256,341.744,0.715,552,7.928,499.99,0.5,0.686
565,8,0,21.953,345.419,0.712,551,9.694,420.295,0.496,0.438
566,10,0,22.651,342.698,0.72,553,9.27,436.621,0.5,0.501
567,7,0,19.698,332.116,0.682,557,17.84,365.44,0.505,0.364
568,6,1,20.442,331.884,0.691,555,17.662,377.228,0.505,0.418
569,5,1,20.698,331.884,0.69,556,17.498,386.114,0.508,0.447
570,7,0,21.093,331.884,0.691,560,17.408,390.135,0.51,0.485
571,4,0,21.419,331.884,0.69,555,17.542,388.068,0.505,0.493
572,8,0,18.721,289.512,0.6,558,12.706,348.543,0.505,0.264
573,6,0,19.209,290.093,0.604,556,12.75,357.075,0.504,0.293
574,7,0,19.442,295.209,0.624,560,12.367,365.534,0.51,0.324
575,6,0,20.372,297.628,0.631,559,12.059,379.591,0.511,0.392
576,10,0,21.023,301.558,0.648,561,11.738,402.268,0.518,0.462
577,7,0,21.209,304.209,0.662,564,11.559,411.601,0.522,0.491
578,4,0,21.395,305.535,0.666,564,11.463,417.742,0.524,0.513
579,6,0,21.907,306.698,0.682,566,11.455,428.174,0.525,0.555
580,3,0,22.581,306.698,0.686,562,11.437,439.396,0.519,0.583
581,4,0,23.233,306.698,0.684,556,11.444,450.698,0.514,0.616
582,5,0,23.419,307.488,0.689,558,11.413,456.524,0.515,0.633
583,6,0,23.605,311.326,0.686,556,11.382,456.376,0.518,0.655
584,8,0,24.256,318.279,0.7,556,11.379,470.888,0.518,0.7
585,9,0,24.395,318.279,0.7,560,11.236,475.559,0.521,0.717
586,8,1,20.791,331.14,0.677,564,10.626,396.045,0.52,0.442
587,5,1,21.698,332.419,0.691,558,10.024,412.358,0.514,0.487
588,9,0,22.535,334.419,0.698,563,9.398,429.446,0.518,0.562
589,7,0,23.14,334.581,0.706,566,8.997,440.622,0.522,0.617
590,10,0,23.674,334.558,0.708,571,8.391,458.921,0.523,0.654
591,10,0,24.512,336.372,0.712,576,8.102,478.003,0.525,0.716
592,5,0,21.884,334.372,0.692,569,9.271,431.04,0.516,0.5
593,7,0,22.442,334.372,0.697,572,9.157,441.583,0.516,0.545
594,7,0,22.535,336.884,0.706,578,8.754,444.569,0.519,0.558
595,5,0,23.279,336.977,0.713,576,8.619,454.031,0.515,0.601
596,6,0,23.744,336.977,0.718,570,8.575,460.511,0.507,0.605
597,4,0,24.163,336.86,0.723,568,8.549,460.767,0.502,0.62
598,4,0,24.605,336.86,0.723,567,8.458,471.228,0.502,0.65
599,5,0,24.767,336.907,0.724,566,8.49,473.614,0.498,0.648
600,8,0,25.233,336.907,0.723,572,8.16,489.193,0.505,0.7
601,7,0,25.93,338.116,0.725,575,8.052,500.625,0.505,0.743
602,5,0,26.023,338.163,0.725,574,8.727,498.126,0.503,0.748
603,3,0,26.116,338.628,0.725,572,8.415,503.601,0.502,0.749
604,5,0,26.535,338.628,0.73,570,8.437,509.509,0.496,0.758
605,4,0,26.674,338.93,0.733,570,8.441,512.445,0.496,0.765
606,7,1,22.605,337.093,0.693,573,8.939,427.463,0.503,0.506
607,10,0,23.419,337.907,0.702,576,8.806,452.124,0.512,0.601
608,10,0,23.953,336.721,0.71,581,8.578,466.258,0.514,0.646
609,3,0,24.605,336.907,0.716,578,8.549,478.589,0.51,0.678
610,6,0,24.93,339.488,0.716,578,8.488,486.526,0.51,0.699
611,3,0,24.93,339.488,0.711,578,8.54,485.701,0.509,0.696
612,12,2,21.814,333.535,0.652,580,10.327,416.307,0.511,0.487
613,4,0,18.721,338.349,0.611,578,11.056,348.409,0.506,0.255
614,1,0,19.233,340.14,0.618,572,10.933,354.928,0.503,0.276
615,6,0,19.977,340.14,0.625,570,10.581,369.748,0.503,0.325
616,7,0,20.907,340.14,0.641,573,10.14,390.2,0.507,0.399
617,9,0,21.977,340.14,0.668,575,9.759,406.084,0.502,0.463
618,6,0,22.349,340.14,0.677,575,9.491,415.225,0.504,0.497
619,6,0,23.442,340.14,0.682,572,9.41,439.092,0.5,0.565
620,5,0,23.767,340.14,0.688,573,9.366,446.5,0.5,0.589
621,2,0,24.372,340.279,0.691,568,9.482,449.773,0.491,0.603
622,3,0,24.837,340.279,0.694,564,9.529,460.947,0.485,0.616
623,4,0,25.302,340.279,0.704,562,9.505,473.788,0.484,0.646
624,3,0,25.907,340.163,0.709,559,9.549,476.589,0.48,0.676
625,6,0,26.186,338.791,0.71,555,9.595,472.232,0.473,0.672
626,4,0,26.419,338.791,0.709,554,9.506,481.475,0.476,0.697
627,3,0,26.791,338.791,0.71,552,9.383,491.639,0.477,0.724
628,2,0,27.163,337.465,0.713,546,9.341,492.281,0.472,0.732
629,9,0,27.349,337.581,0.71,551,9.511,494.259,0.474,0.751
630,3,0,27.674,337.581,0.712,551,9.294,502.543,0.475,0.77
631,3,0,28.047,338.302,0.721,550,9.219,506.034,0.476,0.791
632,9,0,28.326,338.186,0.722,550,9.159,515.457,0.477,0.809
633,3,0,28.605,339.465,0.729,550,9.068,524.965,0.478,0.822
634,13,0,29.023,339.465,0.737,554,8.445,532.664,0.481,0.844
635,8,0,29.07,339.465,0.737,558,8.667,533.055,0.483,0.851
636,9,0,29.0,339.465,0.733,564,8.665,531.39,0.485,0.851
637,2,0,24.698,344.488,0.709,562,9.347,438.147,0.482,0.597
638,4,0,24.837,344.488,0.711,560,9.381,439.361,0.481,0.6
639,5,0,24.837,344.488,0.71,561,9.334,439.29,0.481,0.602
640,6,0,25.86,344.488,0.723,556,9.088,455.853,0.478,0.662
641,6,0,26.14,344.488,0.723,555,9.07,459.115,0.476,0.677
642,5,0,26.419,344.674,0.724,556,9.011,467.545,0.476,0.696
643,3,0,26.791,344.674,0.725,555,8.971,476.93,0.477,0.72
644,6,0,27.256,344.674,0.729,552,8.968,482.686,0.476,0.747
645,7,0,23.884,337.767,0.723,551,8.693,438.819,0.482,0.528
646,8,0,24.302,340.977,0.724,553,8.469,445.639,0.482,0.557
647,3,0,24.628,340.977,0.727,551,8.487,451.681,0.479,0.573
648,5,0,25.0,340.837,0.731,548,8.567,456.78,0.475,0.587
649,13,0,25.326,340.651,0.731,553,8.431,464.747,0.477,0.615
650,6,0,25.837,341.698,0.728,554,7.968,482.526,0.486,0.679
651,3,0,26.302,340.977,0.731,549,7.978,489.825,0.482,0.697
652,4,0,26.535,340.977,0.735,548,7.974,497.153,0.481,0.711
653,4,0,27.093,340.977,0.738,542,7.933,503.385,0.478,0.735
654,7,0,27.651,340.977,0.74,542,7.606,516.706,0.48,0.772
655,4,0,23.814,343.023,0.695,537,8.949,444.742,0.478,0.508
656,13,2,21.419,335.721,0.664,541,10.813,391.367,0.472,0.324
657,7,0,21.93,335.721,0.669,541,10.588,400.104,0.47,0.352
658,3,0,21.977,335.721,0.678,540,10.518,402.181,0.471,0.358
659,3,0,22.535,335.721,0.687,539,10.503,414.439,0.47,0.394
660,7,0,22.93,335.721,0.692,540,10.245,420.739,0.472,0.431
661,4,0,23.302,335.837,0.697,540,9.932,432.419,0.475,0.466
662,6,0,23.628,335.791,0.699,538,9.737,444.569,0.478,0.501
663,9,0,24.372,337.907,0.704,542,9.479,466.034,0.48,0.565
664,9,0,24.744,337.907,0.71,544,9.305,481.02,0.484,0.604
665,7,0,25.256,337.744,0.718,546,9.209,492.545,0.486,0.647
666,6,0,25.814,337.744,0.722,548,8.914,513.07,0.488,0.692
667,5,0,26.093,339.116,0.729,548,8.709,529.633,0.494,0.726
668,12,0,19.442,344.0,0.668,553,9.824,398.011,0.496,0.264
669,2,0,19.674,344.0,0.671,546,9.868,398.775,0.493,0.267
670,3,0,20.256,344.0,0.679,542,9.7,414.421,0.492,0.302
671,4,0,20.302,344.0,0.682,541,9.708,415.695,0.492,0.305
672,4,1,20.721,344.0,0.682,538,9.679,421.502,0.489,0.323
673,5,1,21.279,344.0,0.691,533,9.812,425.759,0.483,0.342
674,7,0,18.372,333.14,0.619,534,11.829,359.778,0.486,0.189
675,6,0,18.698,333.233,0.624,538,11.741,365.521,0.485,0.204
676,3,0,19.07,333.233,0.628,537,11.485,373.152,0.482,0.214
677,8,0,19.86,333.256,0.634,539,11.098,388.376,0.482,0.255
678,4,0,20.628,333.256,0.645,537,10.711,406.011,0.482,0.301
679,7,0,21.419,333.093,0.652,538,10.15,426.521,0.484,0.359
680,5,0,21.419,333.093,0.651,537,10.179,428.216,0.484,0.36
681,5,0,22.093,336.837,0.654,536,10.031,441.201,0.481,0.396
682,6,0,22.419,336.837,0.661,536,9.984,442.717,0.48,0.416
683,5,0,22.837,337.326,0.667,538,9.786,449.145,0.48,0.448
684,7,0,19.581,320.698,0.707,540,11.638,397.285,0.486,0.255
685,7,0,20.14,320.698,0.712,540,11.437,415.114,0.49,0.299
686,9,0,20.326,319.698,0.707,544,11.27,420.923,0.493,0.319
687,10,2,21.023,318.791,0.706,544,11.195,431.204,0.489,0.354
688,7,0,21.628,319.302,0.703,543,11.198,445.744,0.486,0.388
689,4,0,21.837,319.419,0.708,543,11.171,445.191,0.481,0.388
690,8,0,22.465,319.86,0.714,542,11.097,463.202,0.482,0.438
691,2,0,23.209,319.86,0.721,530,11.208,471.979,0.47,0.451
692,6,0,23.837,319.651,0.721,526,11.199,480.586,0.464,0.476
693,6,0,24.442,319.651,0.723,523,11.183,487.049,0.46,0.512
694,10,0,24.721,319.791,0.729,529,10.927,498.378,0.466,0.552
695,4,0,25.093,319.791,0.728,529,10.732,504.089,0.464,0.572
696,8,0,21.581,321.512,0.699,534,10.488,427.406,0.47,0.325
697,9,0,21.907,323.023,0.704,540,10.009,438.042,0.475,0.363
698,7,0,22.233,323.023,0.709,540,10.017,442.552,0.472,0.374
699,13,0,22.837,324.372,0.717,548,9.409,462.906,0.479,0.44
700,6,0,23.116,325.581,0.723,549,9.278,465.02,0.48,0.464
701,11,0,20.14,336.233,0.675,550,10.769,393.328,0.487,0.286
702,4,0,20.512,331.256,0.675,548,10.776,396.705,0.482,0.295
703,5,0,20.837,331.256,0.675,548,10.778,403.036,0.479,0.306
704,7,1,18.302,335.14,0.634,551,13.312,352.233,0.474,0.169
705,4,1,18.605,335.14,0.643,546,13.285,356.507,0.472,0.178
706,8,0,19.535,335.14,0.657,545,12.876,378.899,0.473,0.223
707,9,0,20.349,336.488,0.674,544,12.522,387.979,0.47,0.261
708,5,0,21.116,335.372,0.686,541,12.252,400.308,0.466,0.295
709,5,0,22.047,335.372,0.69,541,12.005,420.922,0.464,0.35
710,5,0,22.558,335.372,0.694,541,11.546,436.933,0.466,0.389
711,7,0,19.256,338.814,0.672,542,12.793,367.878,0.474,0.211
712,6,0,19.907,338.814,0.683,543,12.576,382.495,0.472,0.241
713,8,1,20.326,338.814,0.686,544,12.488,385.902,0.47,0.26
714,5,0,17.721,328.698,0.571,542,13.185,341.465,0.464,0.126
715,10,0,19.326,331.163,0.589,544,12.752,369.095,0.461,0.184
716,6,0,19.744,331.163,0.587,546,12.299,380.346,0.465,0.211
717,3,0,19.977,331.163,0.592,545,12.366,383.458,0.461,0.213
718,4,0,20.163,331.256,0.604,543,12.298,390.035,0.464,0.232
719,8,0,20.581,333.116,0.628,547,11.992,399.924,0.468,0.265
720,12,0,21.186,333.047,0.64,554,11.09,422.004,0.478,0.328
721,4,0,22.14,333.884,0.649,546,11.474,439.594,0.473,0.383
722,10,0,22.977,333.884,0.668,550,11.038,463.519,0.479,0.466
723,8,0,23.953,333.837,0.68,551,10.293,483.999,0.485,0.556
724,5,0,24.767,335.233,0.678,545,9.78,493.339,0.478,0.589
725,11,0,24.535,335.233,0.68,553,9.616,494.142,0.485,0.597
726,11,0,25.163,335.302,0.685,556,9.524,503.569,0.485,0.642
727,5,0,25.256,335.233,0.693,555,9.496,502.797,0.484,0.645
728,5,0,25.628,335.233,0.701,557,8.999,511.286,0.488,0.679
729,10,0,25.953,335.233,0.719,561,9.29,515.634,0.497,0.731
730,5,0,26.279,335.233,0.723,562,9.226,521.527,0.497,0.748
731,8,1,22.605,335.721,0.71,562,10.345,443.389,0.499,0.504
