1,4,0,0.349,1.372,0.0,4,347.942,0.0,0.005,0.044
2,6,0,0.744,2.86,0.001,10,325.021,0.06,0.009,0.025
3,8,0,1.023,5.814,0.003,18,316.056,0.222,0.016,0.023
4,4,0,1.209,7.372,0.004,21,297.108,0.383,0.019,0.014
5,6,0,1.488,10.233,0.008,27,269.343,0.792,0.024,0.006
6,4,0,1.674,12.535,0.011,31,256.104,1.175,0.027,0.005
7,8,0,2.698,16.814,0.017,38,189.665,2.767,0.034,0.001
8,10,0,3.209,22.884,0.026,47,168.21,4.773,0.043,0.001
9,8,0,3.767,27.023,0.032,54,151.199,6.61,0.05,0.0
10,3,0,3.674,27.791,0.034,55,155.758,6.913,0.049,0.0
11,6,0,3.907,31.791,0.044,59,152.367,7.037,0.051,0.0
12,8,0,4.186,35.698,0.05,66,138.168,8.832,0.057,0.0
13,6,0,4.605,39.209,0.06,69,119.714,9.937,0.058,0.0
14,3,0,4.744,39.744,0.06,72,117.734,10.506,0.059,0.0
15,2,0,4.837,40.372,0.062,73,117.034,10.61,0.06,0.0
16,8,0,4.977,43.488,0.064,81,111.905,12.506,0.067,0.0
17,6,0,5.023,45.047,0.063,87,108.809,13.848,0.072,0.0
18,7,0,5.279,45.628,0.065,91,106.021,15.416,0.072,0.0
19,2,0,5.372,47.047,0.069,91,104.598,14.786,0.072,0.0
20,7,0,5.651,49.744,0.071,97,98.801,17.666,0.078,0.0
21,5,0,6.07,55.977,0.085,101,92.909,20.368,0.085,0.0
22,9,0,6.628,62.698,0.095,109,83.659,24.077,0.095,0.0
23,13,0,7.14,69.116,0.105,121,74.019,28.298,0.106,0.0
24,7,0,7.14,69.93,0.104,128,73.645,29.803,0.109,0.0
25,4,0,7.279,70.558,0.103,130,73.159,30.226,0.111,0.0
26,10,0,7.977,80.047,0.121,137,67.092,38.342,0.124,0.0
27,4,0,8.233,82.233,0.125,139,64.121,40.161,0.128,0.0
28,7,0,8.326,87.791,0.137,143,60.527,43.269,0.132,0.0
29,7,0,8.512,88.233,0.135,149,59.455,44.62,0.136,0.0
30,9,0,8.837,92.372,0.141,156,57.006,48.298,0.143,0.0
31,8,0,8.814,95.651,0.148,162,57.298,49.158,0.147,0.0
32,6,0,9.233,98.767,0.15,168,53.497,54.897,0.155,0.0
33,1,0,9.372,98.767,0.154,166,53.241,54.254,0.152,0.0
34,7,0,10.023,105.07,0.169,169,50.169,63.507,0.158,0.0
35,5,0,10.395,109.047,0.176,174,46.503,69.277,0.164,0.001
36,4,0,10.535,109.86,0.177,176,46.286,71.894,0.165,0.001
37,5,0,10.953,112.977,0.184,179,44.778,75.196,0.169,0.001
38,5,0,10.977,113.0,0.182,183,45.407,75.316,0.171,0.001
39,6,0,11.349,117.093,0.191,187,44.005,79.165,0.175,0.001
40,6,0,11.535,116.558,0.187,192,44.726,83.123,0.179,0.001
41,3,0,11.628,116.395,0.187,191,44.96,83.727,0.179,0.001
42,6,0,11.767,119.163,0.196,194,46.351,82.966,0.18,0.001
43,2,0,11.767,119.279,0.197,195,46.433,81.867,0.179,0.001
44,5,0,11.791,120.605,0.195,198,44.289,85.278,0.184,0.001
45,7,0,12.163,123.721,0.201,202,43.272,90.875,0.188,0.001
46,6,0,12.814,123.0,0.2,203,42.392,96.835,0.188,0.001
47,7,0,13.0,123.535,0.2,208,42.191,100.137,0.189,0.001
48,6,0,13.116,125.302,0.206,210,42.069,103.478,0.191,0.002
49,6,0,13.326,125.86,0.205,215,41.472,105.983,0.194,0.002
50,7,0,13.372,129.814,0.214,221,41.02,106.849,0.199,0.002
51,9,0,13.744,133.023,0.218,227,44.949,114.516,0.207,0.003
52,8,0,13.698,133.721,0.22,230,44.928,112.145,0.208,0.003
53,7,0,14.023,136.814,0.229,233,43.732,114.994,0.212,0.003
54,3,0,13.884,134.93,0.224,234,43.981,113.857,0.21,0.003
55,4,0,14.209,138.488,0.235,233,43.032,119.511,0.213,0.003
56,9,0,14.535,143.791,0.246,239,41.522,127.328,0.22,0.004
57,6,0,15.14,150.791,0.265,243,40.203,134.941,0.227,0.005
58,9,0,15.535,159.814,0.289,248,33.497,144.757,0.234,0.005
59,4,0,15.814,160.0,0.285,250,32.684,149.668,0.238,0.005
60,9,0,15.628,160.884,0.283,256,32.611,149.203,0.244,0.005
61,4,0,15.349,161.326,0.292,253,33.28,141.689,0.238,0.005
62,4,0,15.395,161.907,0.293,255,33.104,142.813,0.239,0.005
63,7,0,15.558,164.674,0.302,256,32.804,149.219,0.243,0.005
64,8,0,15.651,164.791,0.303,259,32.379,149.47,0.242,0.005
65,4,0,15.698,164.907,0.302,260,32.39,149.283,0.244,0.006
66,10,0,15.628,166.302,0.303,267,32.366,150.866,0.249,0.006
67,5,0,16.0,173.023,0.323,269,30.62,155.843,0.253,0.007
68,8,0,16.279,176.116,0.329,276,29.667,162.695,0.26,0.008
69,8,0,16.419,176.767,0.326,282,29.101,171.67,0.266,0.009
70,7,0,16.465,180.0,0.333,288,28.047,174.862,0.27,0.009
71,7,0,16.581,180.674,0.334,293,27.956,176.804,0.273,0.01
72,3,0,17.186,182.605,0.341,291,27.324,180.57,0.274,0.012
73,9,0,17.558,189.163,0.359,300,26.571,190.211,0.281,0.014
74,1,0,17.884,188.977,0.362,298,26.228,192.8,0.279,0.015
75,4,0,17.814,188.977,0.363,297,26.439,188.232,0.276,0.014
76,5,0,17.953,189.907,0.365,299,25.814,191.95,0.278,0.015
77,11,0,18.093,191.07,0.365,307,25.503,199.329,0.285,0.017
78,4,0,18.372,192.651,0.372,306,25.107,202.072,0.284,0.018
79,9,0,19.047,206.465,0.417,314,22.432,219.054,0.291,0.022
80,4,0,19.0,206.488,0.416,318,22.414,219.216,0.292,0.022
81,6,0,18.953,207.209,0.414,321,22.085,222.83,0.296,0.023
82,8,0,19.07,207.488,0.413,328,22.23,227.577,0.299,0.025
83,11,0,19.372,209.698,0.416,334,21.456,235.947,0.305,0.03
84,3,0,19.698,209.698,0.419,333,21.426,240.686,0.303,0.031
85,6,0,19.884,210.744,0.424,335,21.257,238.211,0.302,0.033
86,2,0,20.209,211.953,0.427,336,20.898,243.578,0.302,0.036
87,10,0,20.349,217.326,0.443,342,20.389,252.434,0.31,0.041
88,6,0,21.0,218.628,0.443,346,19.838,266.545,0.317,0.054
89,2,0,21.116,222.977,0.461,339,19.736,264.143,0.313,0.053
90,7,0,21.349,225.698,0.467,342,18.905,275.199,0.319,0.06
91,5,0,21.349,227.512,0.472,345,17.043,279.366,0.321,0.058
92,6,0,21.372,230.814,0.486,347,16.827,283.699,0.324,0.06
93,4,0,21.372,230.814,0.487,349,16.791,283.216,0.324,0.06
94,7,0,21.605,234.0,0.497,352,16.524,285.457,0.326,0.066
95,7,0,21.744,236.209,0.504,354,16.241,290.616,0.33,0.072
96,6,0,21.93,236.047,0.504,353,16.273,291.6,0.329,0.075
97,12,0,22.488,243.093,0.524,361,15.577,303.977,0.342,0.102
98,4,0,22.488,241.326,0.519,361,15.724,300.77,0.339,0.099
99,8,0,22.977,241.326,0.513,366,15.18,314.874,0.346,0.123
100,5,0,22.884,242.047,0.519,365,15.492,311.703,0.343,0.115
101,6,0,23.116,246.302,0.528,363,15.448,312.831,0.339,0.117
102,7,0,23.116,246.372,0.527,366,15.322,313.172,0.34,0.118
103,7,0,23.349,248.233,0.531,369,15.022,316.609,0.344,0.131
104,6,0,23.581,247.395,0.53,369,14.916,319.206,0.342,0.136
105,7,0,23.581,247.395,0.528,374,14.894,318.76,0.345,0.141
106,6,0,23.721,247.581,0.528,375,14.776,326.454,0.347,0.149
107,4,0,23.767,249.977,0.539,375,14.772,325.903,0.345,0.148
108,4,0,23.395,249.977,0.541,373,15.179,317.624,0.343,0.133
109,2,0,24.093,249.977,0.545,367,15.083,321.145,0.339,0.15
110,9,0,24.605,256.395,0.574,368,14.839,332.517,0.344,0.183
111,3,0,24.419,256.395,0.574,367,14.897,331.506,0.345,0.175
112,6,0,24.767,256.884,0.578,365,14.529,335.622,0.343,0.187
113,4,0,24.86,259.372,0.586,365,14.441,336.085,0.345,0.194
114,10,0,24.767,264.651,0.599,373,14.268,344.777,0.353,0.207
115,7,0,24.953,272.372,0.615,376,12.939,357.318,0.361,0.23
116,5,0,25.047,271.488,0.61,378,12.876,359.735,0.363,0.241
117,4,0,25.233,271.488,0.611,378,12.653,364.022,0.363,0.25
118,4,0,25.14,271.395,0.609,379,12.669,366.34,0.365,0.251
119,8,0,25.419,271.884,0.609,384,11.985,382.385,0.372,0.283
120,2,0,25.605,271.884,0.612,382,11.631,381.79,0.369,0.285
121,4,0,25.884,272.14,0.613,384,11.51,387.845,0.37,0.302
122,7,0,25.977,273.721,0.622,388,11.319,393.735,0.376,0.327
123,6,0,25.93,273.721,0.621,391,11.096,401.713,0.382,0.343
124,6,0,25.93,276.419,0.63,394,10.946,406.114,0.387,0.358
125,4,0,26.163,276.535,0.633,394,10.997,408.967,0.383,0.362
126,6,0,26.256,276.535,0.633,396,10.983,408.763,0.383,0.367
127,3,0,26.256,277.488,0.64,397,11.066,405.142,0.381,0.36
128,9,0,26.302,281.14,0.647,401,10.945,408.807,0.383,0.37
129,9,0,26.302,283.209,0.654,403,10.842,410.376,0.387,0.384
130,5,0,26.349,283.395,0.654,405,10.729,414.339,0.39,0.396
131,4,0,26.674,289.907,0.682,402,10.789,417.91,0.388,0.414
132,5,0,26.628,290.419,0.682,402,10.711,415.913,0.389,0.416
133,5,0,27.279,290.605,0.681,397,10.668,422.687,0.384,0.445
134,6,0,27.419,290.163,0.68,401,10.599,426.315,0.386,0.462
135,5,0,27.372,290.442,0.68,402,10.564,425.609,0.386,0.459
136,6,0,27.628,292.349,0.692,404,10.536,427.534,0.388,0.485
137,6,0,27.721,293.744,0.702,405,10.434,428.191,0.39,0.502
138,3,0,27.698,294.605,0.713,399,11.167,416.135,0.384,0.483
139,6,0,27.349,294.605,0.711,394,11.341,410.881,0.381,0.445
140,3,0,27.442,294.233,0.711,393,11.411,409.198,0.379,0.445
141,9,0,27.07,297.302,0.718,399,11.325,411.513,0.385,0.438
142,4,0,27.186,297.674,0.72,397,11.302,415.618,0.386,0.45
143,7,0,27.419,299.605,0.715,401,11.095,423.626,0.392,0.489
144,3,0,27.465,300.023,0.717,403,11.057,424.579,0.391,0.49
145,5,0,27.419,301.767,0.722,401,11.346,421.99,0.389,0.482
146,12,0,28.047,306.581,0.725,406,11.092,439.143,0.399,0.564
147,6,0,28.233,308.814,0.733,408,10.855,448.676,0.403,0.591
148,8,0,28.419,317.395,0.731,413,11.227,449.914,0.41,0.633
149,7,0,28.512,317.558,0.724,417,10.911,462.85,0.419,0.666
150,3,0,28.651,317.558,0.725,419,10.826,469.196,0.421,0.684
151,5,0,29.0,318.581,0.725,418,10.309,473.477,0.421,0.702
152,10,0,29.512,320.395,0.731,421,10.077,487.102,0.425,0.744
153,3,0,29.465,320.674,0.732,422,10.13,483.511,0.424,0.739
154,6,0,29.651,319.814,0.735,424,10.044,491.212,0.426,0.755
155,5,0,29.744,319.814,0.734,423,9.894,488.218,0.429,0.768
156,3,0,30.465,319.651,0.728,421,9.549,497.441,0.427,0.797
157,6,0,30.349,320.14,0.729,423,9.697,492.448,0.425,0.788
158,6,0,30.442,320.14,0.732,424,9.754,491.623,0.422,0.785
159,6,0,30.674,321.395,0.726,429,9.662,501.652,0.428,0.812
160,9,0,30.814,321.512,0.721,435,9.6,503.242,0.431,0.825
161,8,0,31.047,321.442,0.72,437,9.515,509.4,0.433,0.839
162,5,0,31.372,324.93,0.721,434,9.611,512.535,0.431,0.849
163,11,0,31.791,324.93,0.725,442,9.437,525.362,0.438,0.875
164,8,0,32.023,324.93,0.727,444,9.434,527.644,0.436,0.88
165,4,0,32.07,324.93,0.724,445,9.411,527.479,0.436,0.881
166,4,0,31.93,324.93,0.726,442,9.44,523.515,0.434,0.874
167,7,0,31.837,325.047,0.724,448,9.363,527.832,0.439,0.878
168,2,0,31.837,325.047,0.725,448,9.426,526.374,0.437,0.875
169,6,0,31.86,320.698,0.716,450,10.341,523.266,0.437,0.88
170,9,0,31.628,320.767,0.714,457,10.263,528.22,0.442,0.88
171,7,0,31.558,322.372,0.714,460,10.293,526.323,0.443,0.879
172,5,0,31.977,325.209,0.718,461,9.958,538.308,0.446,0.896
173,6,0,32.116,325.86,0.719,465,9.801,547.483,0.452,0.907
174,5,0,32.349,325.86,0.72,463,8.936,548.742,0.451,0.909
175,5,0,32.674,326.047,0.72,461,9.038,550.188,0.446,0.912
176,4,0,32.907,326.047,0.723,460,9.108,550.975,0.445,0.917
177,5,0,32.814,326.628,0.724,462,9.121,552.274,0.448,0.917
178,1,0,32.698,326.628,0.726,458,9.188,546.787,0.444,0.91
179,3,0,32.791,326.628,0.726,457,9.171,548.148,0.445,0.914
180,6,0,33.163,326.953,0.726,460,9.141,560.185,0.448,0.925
181,2,0,33.465,326.953,0.726,456,9.157,559.618,0.446,0.93
182,4,1,31.651,328.163,0.735,455,13.317,516.457,0.446,0.895
183,4,0,31.907,328.163,0.735,457,13.278,520.838,0.447,0.904
184,7,0,32.093,328.163,0.736,459,13.239,528.804,0.447,0.909
185,4,0,32.233,328.163,0.737,459,13.191,531.699,0.448,0.913
186,5,0,32.651,327.535,0.729,455,12.9,532.754,0.442,0.917
187,3,0,32.791,327.651,0.729,452,12.762,531.566,0.441,0.918
188,6,0,33.047,327.651,0.732,453,12.583,539.925,0.442,0.925
189,4,0,32.628,327.651,0.733,447,12.731,518.768,0.436,0.908
190,6,0,31.558,337.419,0.716,451,18.397,505.031,0.44,0.9
191,7,0,31.465,337.419,0.72,453,12.543,502.308,0.436,0.872
192,11,0,31.372,337.419,0.715,459,12.419,508.005,0.441,0.877
193,11,0,31.791,337.372,0.723,466,11.943,536.613,0.451,0.902
194,7,0,31.581,338.256,0.726,468,12.039,539.23,0.452,0.898
195,8,0,31.907,341.256,0.724,470,12.006,540.522,0.446,0.9
196,5,0,32.186,341.256,0.727,471,11.971,542.101,0.444,0.904
197,5,0,32.698,341.256,0.729,472,11.87,554.45,0.447,0.921
198,7,0,32.791,341.256,0.734,470,11.83,556.194,0.447,0.922
199,10,0,31.419,341.93,0.737,476,17.966,530.302,0.452,0.91
200,6,0,19.814,325.023,0.664,478,26.518,313.565,0.447,0.253
201,13,0,20.744,328.698,0.7,483,21.894,334.88,0.449,0.285
202,5,0,20.837,328.86,0.699,488,21.636,340.105,0.453,0.301
203,2,0,21.209,328.86,0.698,484,21.545,342.724,0.451,0.318
204,11,0,21.721,330.674,0.686,492,21.149,351.68,0.46,0.384
205,1,0,21.884,328.907,0.685,489,20.952,355.671,0.458,0.386
206,8,0,22.302,328.907,0.69,489,20.866,363.108,0.458,0.416
207,4,0,22.628,328.953,0.694,486,20.814,369.325,0.454,0.428
208,5,0,22.767,328.953,0.694,486,20.611,377.686,0.459,0.454
209,3,0,23.0,328.953,0.696,483,20.616,381.663,0.457,0.465
210,6,0,22.93,329.302,0.695,485,20.525,388.481,0.458,0.462
211,5,0,23.023,329.302,0.698,489,20.487,391.081,0.461,0.479
212,1,0,23.116,329.302,0.697,487,20.455,388.736,0.459,0.48
213,8,0,22.93,330.744,0.699,494,20.365,390.456,0.463,0.48
214,3,0,23.256,330.744,0.7,494,20.313,397.055,0.461,0.498
215,4,0,23.302,330.419,0.699,492,20.414,394.003,0.457,0.487
216,8,1,23.884,330.419,0.703,496,20.211,408.058,0.463,0.551
217,5,0,24.442,330.419,0.71,492,20.145,421.86,0.459,0.579
218,6,0,24.535,330.256,0.71,492,20.19,422.268,0.457,0.58
219,5,1,25.14,330.256,0.709,489,19.984,433.472,0.457,0.625
220,4,0,25.558,330.465,0.706,483,20.171,433.081,0.449,0.627
221,6,0,25.651,330.465,0.706,481,19.811,437.685,0.449,0.633
222,4,0,26.233,330.651,0.714,477,18.698,441.883,0.442,0.64
223,5,0,26.116,330.488,0.716,478,18.78,440.585,0.441,0.629
224,5,0,26.395,330.488,0.721,481,18.597,449.434,0.446,0.666
225,5,0,26.674,330.488,0.721,478,18.573,452.074,0.443,0.674
226,7,0,26.767,330.605,0.718,481,18.421,455.787,0.449,0.698
227,5,0,26.837,330.605,0.717,481,18.389,457.081,0.448,0.701
228,10,0,27.256,332.581,0.707,483,18.238,469.711,0.451,0.733
229,3,0,27.442,332.581,0.71,480,18.281,471.842,0.447,0.735
230,6,0,27.465,332.581,0.716,482,18.189,480.882,0.451,0.746
231,3,0,27.372,332.581,0.712,484,18.219,479.782,0.452,0.746
232,7,0,27.744,332.581,0.714,485,18.062,491.844,0.455,0.773
233,5,0,27.465,332.581,0.711,482,18.069,485.634,0.454,0.755
234,3,1,27.465,332.581,0.711,481,18.043,484.962,0.455,0.756
235,6,0,19.372,330.721,0.65,478,26.652,340.926,0.446,0.225
236,5,0,19.791,330.791,0.653,479,26.527,346.917,0.446,0.249
237,1,0,20.07,331.093,0.653,474,26.45,347.906,0.444,0.257
238,6,0,20.953,330.605,0.659,466,21.894,359.801,0.435,0.255
239,6,0,21.093,330.605,0.665,471,21.763,361.288,0.437,0.27
240,11,0,21.605,330.628,0.666,475,21.463,372.798,0.44,0.31
241,6,0,22.023,330.628,0.67,476,15.942,387.562,0.444,0.31
242,6,0,22.14,330.628,0.668,481,15.861,390.567,0.447,0.327
243,7,0,22.93,333.209,0.668,483,15.718,408.617,0.45,0.395
244,3,0,23.07,333.93,0.677,481,15.648,406.772,0.445,0.388
245,7,0,24.0,333.93,0.693,483,15.289,420.958,0.448,0.465
246,4,0,24.326,333.93,0.695,481,15.247,423.344,0.446,0.483
247,5,1,24.093,323.721,0.68,482,21.237,424.424,0.449,0.526
248,6,0,24.884,323.721,0.689,479,21.136,434.658,0.445,0.571
249,6,1,25.233,325.07,0.697,480,16.929,444.423,0.445,0.563
250,5,1,25.558,322.279,0.707,479,24.855,453.862,0.446,0.653
251,6,0,26.023,322.279,0.713,478,24.791,463.88,0.444,0.677
252,5,0,26.14,321.674,0.711,471,20.458,455.941,0.438,0.634
253,7,0,26.14,321.674,0.714,472,20.481,451.728,0.437,0.632
254,1,0,26.372,321.674,0.715,469,20.529,451.566,0.433,0.635
255,5,0,26.233,321.674,0.716,469,20.582,448.323,0.433,0.625
256,2,0,26.744,321.674,0.716,463,20.651,444.901,0.426,0.637
257,6,0,27.209,323.372,0.713,464,20.561,451.823,0.428,0.676
258,3,0,27.535,323.372,0.718,457,20.462,448.338,0.422,0.678
259,5,0,27.535,323.372,0.718,456,20.527,446.631,0.42,0.674
260,6,0,27.674,323.302,0.717,457,20.41,452.166,0.424,0.695
261,4,0,28.093,323.302,0.725,454,19.014,455.017,0.419,0.698
262,7,0,28.419,323.698,0.725,454,19.006,466.197,0.42,0.72
263,3,0,28.558,323.698,0.727,453,19.035,468.79,0.417,0.72
264,6,0,28.512,323.698,0.723,456,18.939,468.987,0.42,0.727
265,10,0,28.837,323.977,0.723,462,18.738,481.883,0.425,0.758
266,9,0,28.744,326.488,0.716,465,18.539,482.592,0.429,0.762
267,3,0,29.093,326.256,0.717,460,18.568,485.478,0.424,0.768
268,9,0,29.233,326.256,0.716,462,18.483,487.759,0.429,0.789
269,5,0,29.558,326.256,0.718,461,18.517,490.586,0.423,0.791
270,5,0,30.047,326.256,0.725,458,18.52,491.835,0.416,0.799
271,9,0,30.093,326.279,0.722,462,18.468,498.686,0.42,0.809
272,6,0,30.14,327.535,0.722,468,18.334,506.846,0.426,0.825
273,2,0,30.302,326.953,0.723,463,18.473,500.082,0.42,0.819
274,6,0,30.349,332.442,0.731,467,14.209,504.24,0.424,0.809
275,6,0,30.628,332.442,0.732,468,13.457,509.73,0.426,0.824
276,8,0,30.953,333.721,0.739,468,13.492,511.944,0.425,0.836
277,5,0,31.14,333.721,0.74,470,13.363,517.006,0.426,0.846
278,7,0,31.395,334.326,0.742,468,13.448,516.39,0.421,0.846
279,6,0,31.349,334.326,0.742,472,13.367,515.066,0.423,0.847
280,6,1,29.744,330.698,0.732,476,20.824,487.268,0.428,0.823
281,6,0,30.349,331.14,0.738,477,20.643,503.784,0.431,0.854
282,3,1,30.581,331.14,0.737,473,20.768,495.653,0.426,0.853
283,9,0,31.0,331.326,0.739,476,20.716,503.378,0.427,0.871
284,5,0,31.093,330.721,0.744,477,19.396,507.129,0.428,0.871
285,5,0,31.349,331.628,0.744,475,19.393,507.967,0.427,0.878
286,10,0,31.488,333.349,0.748,479,18.435,522.754,0.436,0.893
287,6,0,31.395,333.535,0.747,481,18.336,523.452,0.441,0.897
288,6,0,31.535,333.535,0.748,482,18.268,528.401,0.444,0.905
289,5,0,31.512,333.674,0.747,484,18.221,533.7,0.446,0.906
290,6,0,31.605,333.791,0.749,485,17.717,536.163,0.445,0.907
291,6,0,31.837,333.791,0.748,490,17.565,542.397,0.45,0.918
292,6,0,32.116,333.791,0.747,490,17.445,543.009,0.452,0.926
293,7,0,32.116,334.023,0.748,491,17.342,548.273,0.457,0.931
294,6,0,32.581,334.023,0.754,489,17.306,551.788,0.454,0.937
295,9,0,32.442,334.023,0.752,494,17.243,557.391,0.459,0.938
296,7,0,32.395,336.093,0.751,495,17.056,563.91,0.461,0.939
297,7,0,32.395,335.512,0.752,492,16.841,555.852,0.457,0.935
298,5,0,32.395,335.814,0.752,487,16.539,549.322,0.454,0.932
299,2,0,32.488,335.814,0.754,484,16.571,549.469,0.452,0.931
300,8,0,32.628,335.814,0.75,487,16.382,555.098,0.458,0.939
301,8,2,32.488,335.814,0.749,488,16.443,552.939,0.458,0.937
302,8,0,32.651,340.628,0.759,492,11.784,560.69,0.459,0.931
303,6,0,32.744,340.628,0.76,496,11.63,568.376,0.463,0.936
304,4,0,32.674,340.628,0.76,492,11.708,566.391,0.456,0.929
305,8,1,31.907,338.744,0.746,497,16.802,558.638,0.461,0.929
306,2,0,32.302,338.744,0.748,494,16.868,558.799,0.455,0.931
307,3,0,32.349,338.744,0.75,491,17.008,554.528,0.45,0.927
308,5,0,32.395,338.744,0.751,493,16.973,560.387,0.451,0.93
309,7,0,32.512,338.744,0.746,490,16.957,557.88,0.45,0.931
310,5,0,32.93,338.744,0.746,492,12.409,565.195,0.45,0.93
311,7,0,32.326,338.605,0.748,494,12.458,555.04,0.45,0.916
312,4,0,30.372,339.674,0.715,495,17.89,525.768,0.455,0.884
313,5,0,30.186,340.186,0.716,493,18.011,520.051,0.453,0.876
314,7,1,30.233,340.186,0.714,495,17.923,527.133,0.456,0.882
315,6,0,30.814,340.256,0.718,491,17.999,534.243,0.452,0.895
316,4,0,31.233,340.256,0.72,489,17.979,537.191,0.447,0.9
317,6,0,31.512,340.256,0.726,489,17.886,537.543,0.448,0.908
318,4,0,31.884,340.256,0.727,489,17.827,539.446,0.449,0.918
319,3,0,31.744,340.256,0.729,486,17.838,545.134,0.448,0.914
320,3,0,31.93,340.116,0.73,485,17.876,537.15,0.446,0.916
321,9,0,31.698,340.186,0.728,490,18.263,541.31,0.448,0.914
322,5,0,31.884,340.256,0.729,491,18.263,545.333,0.448,0.918
323,5,1,31.93,340.395,0.726,486,18.326,543.948,0.446,0.917
324,5,1,32.116,340.233,0.726,482,18.532,536.503,0.438,0.913
325,6,0,32.395,340.233,0.726,483,18.442,542.445,0.44,0.921
326,5,0,32.558,340.233,0.725,483,18.482,541.981,0.438,0.923
327,0,0,32.837,340.233,0.726,479,18.491,546.505,0.436,0.928
328,7,0,33.116,340.233,0.741,479,18.475,547.628,0.437,0.934
329,3,0,33.326,339.233,0.741,477,18.408,553.918,0.437,0.937
330,4,0,33.419,338.349,0.742,475,18.425,550.462,0.432,0.935
331,3,0,33.651,338.581,0.741,473,18.353,549.504,0.431,0.938
332,7,0,23.442,332.744,0.676,478,27.009,373.129,0.434,0.466
333,8,0,23.442,332.419,0.678,477,26.944,370.721,0.432,0.458
334,8,1,23.488,332.558,0.675,479,26.945,367.679,0.432,0.461
335,5,0,23.581,338.674,0.679,479,22.557,372.518,0.432,0.434
336,7,0,24.558,338.674,0.684,478,22.295,384.404,0.429,0.495
337,2,0,24.698,338.674,0.683,475,22.35,389.547,0.426,0.496
338,8,0,25.349,338.674,0.688,475,22.001,407.568,0.431,0.564
339,7,0,25.395,338.605,0.688,476,21.953,411.914,0.43,0.563
340,3,0,25.116,338.651,0.685,474,22.148,400.444,0.425,0.523
341,6,1,25.442,338.605,0.688,474,21.988,409.271,0.425,0.549
342,1,0,25.535,338.605,0.689,474,21.975,410.839,0.425,0.554
343,3,0,25.721,338.605,0.692,471,22.116,410.691,0.421,0.555
344,8,0,25.907,338.605,0.692,475,21.951,422.825,0.426,0.585
345,5,0,26.186,338.605,0.704,474,20.382,427.024,0.425,0.593
346,9,0,26.907,338.767,0.703,476,20.04,453.543,0.43,0.66
347,7,0,26.86,338.767,0.705,477,19.968,456.645,0.432,0.663
348,4,0,27.419,338.767,0.71,477,19.806,470.742,0.433,0.701
349,2,0,27.512,338.698,0.708,473,19.924,469.226,0.429,0.696
350,5,0,28.07,338.814,0.717,472,19.814,474.83,0.429,0.731
351,6,0,28.186,338.814,0.716,472,19.722,480.162,0.429,0.738
352,5,0,28.233,338.674,0.721,473,19.674,474.257,0.431,0.745
353,6,0,28.14,338.651,0.722,474,19.776,472.591,0.43,0.739
354,7,0,28.279,338.651,0.723,474,19.811,474.014,0.427,0.737
355,8,0,28.419,338.651,0.724,471,19.794,473.528,0.426,0.744
356,10,0,28.744,334.349,0.722,477,18.945,486.568,0.435,0.78
357,5,0,28.93,334.349,0.723,476,19.027,484.117,0.431,0.78
358,5,0,29.047,334.349,0.729,473,19.093,478.376,0.427,0.777
359,5,0,29.233,334.349,0.727,477,18.929,487.837,0.432,0.799
360,5,0,29.698,334.302,0.733,476,18.775,495.197,0.432,0.82
361,13,0,29.535,335.116,0.737,483,18.675,504.521,0.437,0.823
362,2,0,29.651,334.465,0.74,483,18.587,506.505,0.439,0.831
363,11,0,29.651,334.465,0.739,491,18.333,519.767,0.449,0.85
364,5,1,29.419,334.744,0.738,488,13.488,509.147,0.449,0.819
365,13,0,29.581,335.07,0.742,495,13.279,520.547,0.458,0.842
366,8,0,29.581,335.07,0.745,498,13.301,520.287,0.458,0.842
367,4,0,29.442,335.07,0.746,499,13.332,514.701,0.457,0.836
368,2,0,29.465,335.07,0.749,497,13.334,513.775,0.457,0.836
369,5,0,29.465,335.07,0.749,496,13.405,509.898,0.454,0.83
370,9,0,29.744,340.674,0.754,500,11.745,516.615,0.456,0.839
371,5,0,29.512,340.674,0.754,501,11.86,511.952,0.454,0.825
372,7,0,29.488,340.674,0.751,500,11.926,513.9,0.452,0.819
373,6,0,28.93,338.791,0.735,501,17.246,510.684,0.455,0.828
374,8,1,29.163,338.791,0.735,503,17.182,517.788,0.457,0.842
375,10,0,29.442,338.744,0.732,507,17.082,520.505,0.46,0.857
376,5,0,29.628,338.744,0.732,508,17.067,522.263,0.46,0.864
377,10,0,30.233,338.884,0.739,510,16.719,536.299,0.456,0.878
378,3,0,30.326,339.186,0.738,505,16.797,536.415,0.451,0.873
379,3,0,30.651,339.14,0.74,504,16.854,535.305,0.447,0.878
380,3,0,30.512,339.14,0.74,502,16.819,541.352,0.45,0.877
381,5,0,30.233,339.0,0.738,502,17.099,534.025,0.452,0.872
382,3,0,30.326,338.767,0.739,498,17.112,531.658,0.449,0.87
383,5,0,30.651,344.767,0.746,498,12.968,541.82,0.447,0.864
384,9,0,30.093,344.767,0.744,505,12.904,535.202,0.452,0.851
385,5,0,29.651,333.628,0.724,504,18.807,515.766,0.451,0.856
386,3,0,29.837,333.628,0.722,505,18.752,521.807,0.453,0.867
387,9,1,30.023,333.628,0.723,507,18.751,518.983,0.455,0.876
388,3,0,30.116,331.07,0.725,504,18.783,518.588,0.452,0.875
389,8,0,30.581,331.07,0.724,507,18.699,531.493,0.452,0.889
390,6,0,18.93,314.93,0.643,508,27.298,335.591,0.457,0.234
391,5,0,19.395,315.116,0.647,508,26.764,345.228,0.458,0.258
392,4,0,19.907,315.116,0.651,505,26.6,357.458,0.457,0.288
393,10,0,20.791,315.605,0.661,504,26.174,376.727,0.46,0.353
394,5,0,21.767,315.977,0.672,503,25.957,398.477,0.46,0.425
395,2,0,22.14,315.116,0.677,500,25.88,401.916,0.459,0.449
396,3,0,22.488,317.372,0.683,495,25.641,405.47,0.456,0.463
397,7,0,22.488,319.442,0.681,500,25.483,408.375,0.46,0.475
398,4,0,22.837,319.349,0.68,499,21.952,415.516,0.461,0.477
399,9,1,23.581,326.395,0.685,498,15.498,431.612,0.464,0.493
400,6,0,23.953,326.395,0.685,499,15.542,435.698,0.462,0.514
401,12,1,25.488,324.302,0.672,503,21.952,473.762,0.468,0.699
402,6,1,26.233,323.372,0.688,502,20.142,496.209,0.471,0.742
403,3,0,26.605,324.884,0.696,502,19.988,502.116,0.472,0.766
404,2,0,26.605,324.186,0.697,501,20.042,501.474,0.47,0.76
405,8,1,26.744,324.186,0.69,504,19.835,508.358,0.475,0.78
406,6,0,27.023,324.372,0.692,504,19.526,517.583,0.477,0.797
407,1,0,27.209,324.279,0.685,495,20.966,507.829,0.468,0.793
408,9,1,27.814,324.977,0.692,500,20.649,527.769,0.474,0.834
409,5,0,27.814,324.884,0.692,500,20.627,532.46,0.476,0.837
410,5,0,27.907,324.884,0.691,502,20.531,538.316,0.477,0.844
411,5,0,28.023,324.442,0.698,500,20.42,542.103,0.478,0.85
412,6,1,28.047,324.442,0.697,501,20.375,543.064,0.479,0.852
413,6,0,28.372,324.605,0.701,502,20.324,550.094,0.479,0.865
414,11,0,28.837,324.605,0.705,509,20.056,566.989,0.489,0.894
415,10,2,28.698,324.605,0.706,513,20.094,563.339,0.489,0.889
416,7,0,28.558,323.651,0.701,514,20.179,557.503,0.484,0.879
417,7,1,28.814,323.651,0.702,511,20.27,553.66,0.479,0.879
418,4,0,28.721,323.651,0.703,513,20.271,551.291,0.478,0.875
419,8,0,29.465,322.814,0.7,515,20.075,563.679,0.479,0.899
420,8,2,29.744,322.814,0.706,514,20.048,569.909,0.482,0.91
421,4,0,29.837,322.814,0.706,516,19.982,574.031,0.484,0.914
422,8,0,30.023,322.86,0.707,520,19.897,584.72,0.489,0.923
423,5,1,30.326,322.86,0.708,516,19.911,585.541,0.486,0.927
424,6,1,30.558,322.86,0.718,518,19.775,591.884,0.49,0.936
425,9,0,30.558,325.047,0.723,524,19.773,591.211,0.494,0.939
426,6,0,31.047,325.047,0.724,525,19.703,601.378,0.491,0.945
427,3,0,31.047,325.047,0.726,528,19.701,602.665,0.493,0.946
428,6,0,30.86,325.047,0.732,526,18.453,603.82,0.49,0.938
429,3,0,30.93,325.047,0.731,522,18.514,597.683,0.486,0.936
430,4,0,31.0,325.14,0.731,525,18.476,600.393,0.486,0.938
431,11,1,31.326,325.419,0.734,532,18.324,605.416,0.487,0.944
432,5,1,31.349,325.419,0.733,531,18.369,600.744,0.484,0.942
433,5,0,31.605,325.465,0.736,531,18.373,603.538,0.484,0.946
434,5,0,31.721,326.093,0.738,534,18.29,604.694,0.486,0.949
435,6,1,31.721,327.0,0.74,534,18.294,602.552,0.485,0.949
436,7,0,32.465,327.558,0.738,534,18.178,625.398,0.486,0.959
437,8,2,32.419,327.558,0.741,537,18.153,630.001,0.489,0.961
438,10,2,32.651,327.674,0.741,543,17.705,637.781,0.494,0.965
439,7,0,32.698,327.674,0.742,545,17.768,632.347,0.49,0.964
440,7,0,32.93,327.674,0.745,543,17.746,628.309,0.486,0.964
441,8,0,33.256,327.674,0.744,544,17.614,632.722,0.489,0.969
442,11,0,24.605,327.14,0.683,554,25.066,483.511,0.496,0.748
443,7,1,24.791,327.326,0.682,557,24.657,485.984,0.498,0.761
444,4,0,25.116,332.977,0.689,557,20.498,496.056,0.5,0.76
445,9,0,25.791,333.512,0.707,554,20.48,509.609,0.496,0.787
446,7,0,26.581,330.326,0.722,552,19.123,533.798,0.495,0.816
447,1,0,26.767,331.372,0.722,548,19.119,533.541,0.491,0.815
448,4,0,27.698,332.605,0.726,539,19.181,546.139,0.48,0.834
449,6,0,27.698,332.605,0.729,539,18.849,554.397,0.483,0.839
450,5,0,28.256,332.605,0.731,539,18.714,558.22,0.481,0.856
451,6,1,29.209,332.605,0.733,533,18.618,560.643,0.472,0.876
452,8,0,29.163,332.977,0.736,534,18.398,566.015,0.479,0.884
453,6,1,29.442,333.07,0.738,538,18.207,574.432,0.484,0.898
454,7,0,29.814,333.116,0.743,537,18.005,576.642,0.481,0.905
455,8,0,29.767,335.209,0.747,541,17.198,588.206,0.488,0.91
456,3,0,30.116,335.209,0.751,536,17.326,590.358,0.482,0.912
457,3,0,21.977,329.116,0.668,529,25.429,414.565,0.473,0.485
458,7,0,22.465,329.116,0.667,531,25.125,424.603,0.474,0.522
459,6,0,22.744,329.116,0.671,536,24.852,441.402,0.48,0.565
460,2,0,23.535,328.233,0.676,530,24.796,445.378,0.471,0.59
461,5,0,24.186,328.233,0.681,528,24.682,451.764,0.467,0.625
462,7,0,24.651,328.233,0.684,532,24.483,465.881,0.47,0.668
463,7,0,24.977,328.233,0.692,534,24.413,479.305,0.471,0.692
464,4,0,24.977,328.233,0.69,535,24.543,474.838,0.473,0.699
465,5,0,25.349,328.279,0.693,534,24.431,478.168,0.468,0.705
466,7,0,25.744,328.14,0.698,537,24.066,494.831,0.474,0.746
467,7,1,26.256,329.814,0.71,536,24.035,504.549,0.473,0.774
468,8,0,26.442,330.0,0.713,539,23.935,508.729,0.474,0.784
469,9,0,26.837,329.698,0.713,540,23.793,511.997,0.473,0.802
470,9,0,27.116,334.326,0.726,541,20.016,522.393,0.473,0.796
471,11,0,27.256,334.419,0.726,544,19.845,532.317,0.476,0.809
472,2,0,27.488,334.419,0.729,539,19.884,535.876,0.473,0.814
473,8,1,27.442,334.558,0.732,542,19.808,534.81,0.474,0.813
474,6,0,28.047,334.558,0.734,546,19.477,552.815,0.479,0.847
475,9,0,28.349,340.953,0.74,547,14.169,564.503,0.481,0.841
476,3,0,29.116,340.953,0.741,542,14.035,576.303,0.479,0.866
477,7,1,28.86,329.837,0.738,543,23.055,567.533,0.479,0.89
478,5,1,28.953,334.163,0.75,545,19.265,577.515,0.482,0.885
479,8,0,28.953,333.233,0.749,546,19.309,578.961,0.481,0.883
480,6,0,29.186,333.233,0.765,550,19.224,588.145,0.483,0.894
481,4,0,29.558,335.233,0.772,547,13.92,593.951,0.483,0.888
482,3,0,29.512,335.233,0.769,545,14.012,585.999,0.48,0.882
483,6,0,26.651,332.256,0.743,540,20.233,559.757,0.478,0.785
484,4,0,27.116,332.256,0.748,542,19.891,569.062,0.479,0.81
485,5,0,27.395,332.93,0.75,541,19.743,570.373,0.481,0.825
486,8,0,27.721,333.744,0.752,545,19.154,589.175,0.483,0.841
487,7,0,27.767,333.744,0.756,545,19.233,588.281,0.481,0.84
488,4,1,27.907,333.744,0.759,542,19.295,586.541,0.479,0.841
489,6,1,28.279,333.744,0.755,540,19.311,587.209,0.474,0.848
490,6,1,28.512,333.744,0.754,542,19.153,591.752,0.478,0.863
491,8,0,28.884,333.744,0.755,546,19.047,599.247,0.477,0.874
492,7,0,29.0,334.721,0.759,544,19.055,596.423,0.476,0.876
493,5,1,29.326,334.721,0.759,541,19.006,608.184,0.477,0.888
494,6,0,29.512,334.14,0.758,541,18.867,604.558,0.474,0.89
495,7,0,30.163,334.372,0.754,540,18.773,615.323,0.474,0.908
496,2,1,30.163,334.372,0.755,537,18.917,611.636,0.47,0.903
497,6,0,30.302,334.744,0.755,538,18.877,610.519,0.47,0.907
498,5,0,30.674,334.767,0.757,535,13.909,614.332,0.469,0.9
499,6,0,21.163,331.116,0.653,537,23.909,408.156,0.47,0.399
500,13,0,22.279,331.791,0.658,541,23.204,434.358,0.474,0.494
501,11,0,22.93,332.721,0.67,546,23.028,449.29,0.476,0.551
502,5,1,23.326,332.767,0.675,546,22.897,456.87,0.478,0.585
503,5,0,23.628,332.767,0.675,543,18.472,459.213,0.477,0.567
504,8,2,23.86,332.767,0.673,544,18.299,473.894,0.482,0.605
505,6,0,23.767,332.651,0.671,544,18.405,466.55,0.478,0.582
506,4,1,24.093,332.605,0.671,544,18.306,474.742,0.478,0.607
507,6,0,24.233,332.581,0.671,542,18.263,478.505,0.477,0.613
508,4,0,24.605,332.581,0.671,541,18.145,485.451,0.478,0.641
509,5,0,24.698,332.581,0.673,539,18.235,486.819,0.475,0.641
510,11,0,25.023,332.581,0.68,543,22.496,502.236,0.48,0.709
511,4,0,25.186,332.581,0.682,542,22.431,506.717,0.481,0.723
512,4,0,25.837,332.581,0.68,544,22.082,527.53,0.485,0.77
513,10,3,26.163,332.581,0.689,542,21.996,537.374,0.487,0.792
514,12,3,26.581,332.651,0.696,548,21.646,549.779,0.495,0.827
515,6,2,26.814,332.651,0.697,545,21.647,552.666,0.493,0.833
516,9,0,27.233,332.744,0.697,549,21.396,557.373,0.496,0.855
517,9,1,27.791,332.744,0.703,550,21.234,565.276,0.498,0.879
518,6,1,28.535,333.14,0.702,544,16.424,578.731,0.494,0.88
519,6,1,28.628,333.14,0.716,546,16.371,581.302,0.495,0.885
520,4,0,29.186,332.977,0.715,539,16.418,585.599,0.489,0.893
521,6,0,29.326,333.163,0.717,538,16.407,585.524,0.489,0.896
522,3,0,29.465,332.093,0.715,537,16.395,588.947,0.488,0.9
523,3,0,29.488,332.093,0.723,535,16.51,581.684,0.486,0.898
524,5,0,29.86,332.093,0.734,536,16.323,588.287,0.491,0.914
525,3,0,29.953,331.535,0.734,537,16.288,596.736,0.492,0.916
526,4,0,30.279,331.535,0.737,534,16.358,590.694,0.486,0.918
527,6,0,30.279,331.535,0.737,533,16.454,583.235,0.482,0.914
528,4,0,30.767,331.419,0.739,529,16.651,589.363,0.479,0.922
529,9,4,31.209,331.419,0.742,530,15.198,597.42,0.481,0.93
530,12,0,31.302,331.419,0.738,533,15.228,598.118,0.48,0.932
531,4,0,31.558,331.419,0.736,533,15.292,596.077,0.477,0.934
532,9,0,31.651,331.419,0.744,539,15.192,604.867,0.482,0.94
533,6,1,31.744,331.535,0.744,542,14.727,613.46,0.487,0.945
534,5,0,31.767,331.535,0.738,542,14.741,615.436,0.486,0.944
535,4,0,31.419,330.884,0.739,541,14.839,607.129,0.485,0.937
536,8,0,26.93,339.465,0.716,539,17.181,519.886,0.487,0.804
537,6,0,27.372,339.465,0.72,538,16.978,529.748,0.485,0.821
538,8,0,27.698,339.465,0.725,542,16.835,541.789,0.491,0.845
539,4,0,27.791,339.465,0.727,544,16.838,542.796,0.488,0.844
540,8,0,28.256,339.465,0.728,547,16.686,552.074,0.491,0.866
541,9,1,28.395,339.465,0.729,549,16.661,553.065,0.49,0.869
542,7,0,28.884,339.465,0.729,546,16.478,563.266,0.49,0.885
543,5,0,29.302,339.465,0.731,549,16.392,579.07,0.492,0.901
544,9,1,29.86,339.465,0.735,553,16.298,594.282,0.499,0.922
545,12,0,30.279,339.465,0.748,554,12.018,602.844,0.496,0.918
546,3,0,30.372,339.465,0.744,554,12.08,602.879,0.493,0.917
547,6,1,30.372,339.349,0.733,555,18.062,599.014,0.498,0.935
548,7,1,30.349,339.349,0.734,556,18.125,599.349,0.497,0.934
549,4,0,30.442,338.465,0.733,556,18.191,596.545,0.493,0.933
550,8,0,30.256,338.465,0.733,557,18.297,587.846,0.49,0.927
551,1,0,30.767,338.465,0.733,550,18.352,588.757,0.484,0.931
552,4,0,30.907,338.465,0.729,548,18.443,588.525,0.479,0.93
553,5,0,31.581,338.465,0.734,542,18.441,595.652,0.475,0.939
554,7,0,31.907,338.651,0.737,540,18.339,610.22,0.476,0.945
555,9,1,32.047,338.651,0.735,543,18.1,610.209,0.481,0.95
556,6,1,31.907,338.488,0.735,542,18.523,603.451,0.479,0.947
557,5,0,31.86,340.605,0.737,543,18.361,607.034,0.486,0.952
558,8,1,31.953,340.767,0.741,545,17.846,609.038,0.488,0.953
559,7,0,32.372,340.674,0.746,543,17.801,621.676,0.488,0.959
560,6,0,32.419,340.791,0.741,543,16.842,623.063,0.487,0.957
561,6,0,32.047,340.791,0.744,544,16.877,619.035,0.486,0.952
562,3,0,32.279,340.791,0.738,539,16.942,619.142,0.482,0.953
563,9,0,32.326,340.558,0.743,541,16.272,617.902,0.486,0.955
564,7,0,32.698,340.395,0.742,544,16.557,629.033,0.489,0.962
565,8,0,33.023,340.628,0.75,543,16.225,640.484,0.486,0.963
566,10,2,33.628,340.628,0.755,544,16.136,651.958,0.488,0.97
567,7,0,33.977,340.628,0.758,548,16.063,663.008,0.491,0.974
568,6,2,34.163,340.814,0.757,545,16.074,664.962,0.488,0.975
569,5,2,34.163,340.814,0.757,544,16.139,658.019,0.485,0.974
570,7,0,34.395,340.86,0.757,549,16.029,659.362,0.49,0.977
571,4,0,34.605,340.86,0.759,546,11.02,661.143,0.487,0.973
572,8,1,34.767,340.907,0.763,548,15.866,663.596,0.485,0.978
573,6,0,35.047,340.907,0.763,546,15.851,664.258,0.484,0.979
574,7,1,34.93,340.907,0.765,549,15.805,663.874,0.488,0.98
575,6,0,34.93,341.07,0.763,548,15.768,664.785,0.489,0.98
576,10,3,34.512,341.07,0.759,547,15.854,649.943,0.489,0.977
577,7,1,34.628,341.07,0.761,549,15.82,655.665,0.491,0.979
578,4,1,34.814,341.07,0.761,548,15.787,658.232,0.491,0.98
579,6,1,35.14,341.07,0.763,550,15.748,665.188,0.49,0.982
580,3,1,34.953,341.07,0.76,546,15.865,653.184,0.484,0.979
581,4,0,34.721,341.023,0.757,540,15.964,635.774,0.48,0.976
582,5,0,34.581,341.023,0.758,541,16.376,622.89,0.477,0.974
583,6,1,35.047,341.023,0.758,538,16.266,628.095,0.478,0.978
584,8,1,34.884,341.023,0.76,538,16.37,627.403,0.479,0.977
585,9,1,35.023,341.023,0.76,541,16.33,631.117,0.48,0.978
586,8,1,35.302,341.023,0.762,545,16.275,635.275,0.482,0.981
587,5,1,35.488,341.023,0.764,540,16.351,633.644,0.477,0.98
588,9,0,35.721,341.023,0.766,546,16.19,648.193,0.482,0.983
589,7,1,35.721,341.023,0.764,549,11.168,657.783,0.486,0.981
590,10,0,35.814,341.023,0.759,554,11.767,661.275,0.487,0.982
591,10,0,35.977,341.023,0.76,559,11.627,671.907,0.49,0.984
592,5,1,34.93,340.698,0.751,551,16.966,658.324,0.482,0.979
593,7,0,35.349,340.698,0.752,554,16.942,670.684,0.483,0.982
594,7,0,35.349,340.698,0.751,560,16.901,674.241,0.486,0.982
595,5,0,36.14,340.698,0.756,558,16.887,684.836,0.483,0.985
596,6,0,36.093,329.093,0.754,552,17.138,666.322,0.473,0.983
597,4,0,36.349,330.14,0.756,551,17.182,663.337,0.47,0.984
598,4,0,36.512,330.233,0.753,550,17.135,669.552,0.469,0.984
599,5,0,36.465,332.116,0.759,550,16.529,671.978,0.468,0.983
600,8,1,36.302,337.907,0.758,555,16.406,677.223,0.473,0.984
601,7,0,36.116,337.907,0.757,558,16.413,672.587,0.473,0.983
602,5,0,36.163,337.907,0.759,557,16.509,675.168,0.47,0.982
603,3,0,36.07,337.907,0.763,555,16.486,674.578,0.468,0.981
604,5,0,36.395,337.907,0.761,554,16.527,672.94,0.465,0.982
605,4,0,36.349,337.907,0.761,554,16.509,671.7,0.464,0.982
606,7,1,36.209,338.349,0.762,557,16.497,671.903,0.468,0.982
607,10,1,36.488,345.326,0.762,559,11.233,695.351,0.474,0.982
608,10,1,36.628,337.744,0.76,563,16.438,690.105,0.473,0.985
609,3,0,36.744,332.302,0.761,562,16.44,688.957,0.473,0.986
610,6,0,36.837,332.302,0.761,562,16.431,692.382,0.472,0.986
611,3,0,36.744,332.0,0.762,563,16.45,688.029,0.472,0.986
612,12,1,37.256,332.0,0.762,566,16.226,702.632,0.479,0.989
613,4,1,37.349,332.0,0.76,563,16.293,700.138,0.477,0.989
614,1,0,37.581,332.0,0.764,557,16.359,698.259,0.474,0.989
615,6,1,37.558,331.628,0.763,554,16.378,698.593,0.473,0.989
616,7,1,37.791,331.628,0.763,556,16.27,704.529,0.476,0.99
617,9,0,24.279,329.581,0.67,558,23.625,438.694,0.471,0.637
618,6,0,24.837,330.86,0.678,558,22.981,453.682,0.473,0.678
619,6,0,25.419,330.86,0.676,556,22.888,461.265,0.47,0.706
620,5,0,25.512,330.86,0.678,558,22.775,464.048,0.472,0.716
621,2,0,26.163,330.86,0.683,553,22.828,469.037,0.463,0.732
622,3,0,26.395,330.163,0.683,550,22.878,473.281,0.459,0.735
623,4,0,26.791,330.163,0.691,548,22.815,479.597,0.457,0.752
624,3,0,27.256,330.163,0.693,547,22.731,487.081,0.457,0.777
625,6,0,27.674,329.14,0.697,543,22.792,491.149,0.451,0.784
626,4,0,27.674,329.14,0.694,542,22.722,496.508,0.454,0.792
627,3,0,27.581,329.14,0.693,540,22.697,495.378,0.455,0.789
628,2,0,27.814,329.14,0.698,534,22.659,494.248,0.45,0.789
629,9,0,28.14,329.14,0.697,539,22.564,497.069,0.452,0.811
630,3,0,28.14,329.14,0.697,539,22.554,498.827,0.453,0.811
631,3,0,28.209,329.14,0.698,538,22.428,500.287,0.453,0.815
632,9,0,28.814,329.14,0.705,538,22.236,508.773,0.454,0.842
633,3,0,29.093,329.395,0.707,538,22.062,518.448,0.456,0.857
634,13,1,29.442,330.186,0.706,542,16.638,532.303,0.461,0.857
635,8,0,29.698,331.233,0.704,546,16.488,537.815,0.463,0.869
636,9,0,29.651,331.233,0.703,552,16.427,540.968,0.464,0.869
637,2,0,30.023,331.233,0.714,550,16.381,545.467,0.461,0.878
638,4,0,29.884,330.884,0.715,548,16.484,545.164,0.46,0.87
639,5,0,29.977,330.884,0.713,548,16.525,537.912,0.456,0.869
640,6,0,30.372,330.535,0.716,543,16.451,544.553,0.453,0.876
641,6,0,30.884,330.86,0.716,542,16.353,552.542,0.454,0.893
642,5,0,31.256,330.884,0.713,543,16.234,556.694,0.454,0.904
643,3,0,31.581,330.884,0.712,541,16.209,559.102,0.451,0.908
644,6,0,31.791,330.395,0.703,538,16.16,565.497,0.451,0.913
645,7,0,32.093,330.395,0.711,538,16.092,582.143,0.455,0.925
646,8,0,32.093,330.395,0.711,541,16.073,582.534,0.456,0.926
647,3,1,32.093,330.395,0.707,538,16.233,578.293,0.451,0.921
648,5,0,32.419,330.326,0.707,536,16.189,579.663,0.45,0.927
649,13,0,32.535,330.488,0.707,541,11.769,588.707,0.451,0.92
650,6,2,30.535,331.512,0.726,540,17.479,524.667,0.455,0.888
651,3,0,30.419,329.651,0.727,535,17.622,521.112,0.451,0.879
652,4,0,30.605,329.651,0.729,534,17.528,523.069,0.451,0.884
653,4,1,30.907,333.721,0.745,527,17.066,523.88,0.446,0.885
654,7,0,31.233,335.442,0.745,527,12.206,530.727,0.449,0.884
655,4,0,31.07,336.558,0.746,522,17.669,530.937,0.446,0.892
656,13,2,31.093,336.465,0.744,527,17.56,536.61,0.446,0.893
657,7,1,31.093,336.605,0.741,526,17.701,531.473,0.442,0.887
658,3,0,31.186,336.605,0.741,525,17.634,537.145,0.443,0.892
659,3,0,31.093,336.605,0.744,525,17.716,539.232,0.444,0.89
660,7,0,31.14,336.628,0.744,526,17.561,539.745,0.446,0.894
661,4,0,31.558,336.628,0.745,526,17.486,552.383,0.447,0.907
662,6,1,32.023,336.628,0.75,522,12.512,563.108,0.444,0.901
663,9,1,31.186,334.791,0.74,526,17.839,552.492,0.442,0.891
664,9,0,31.419,336.442,0.741,528,17.705,566.413,0.447,0.904
665,7,0,31.419,336.791,0.739,530,17.297,567.816,0.45,0.906
666,6,1,31.488,336.721,0.735,531,17.174,569.96,0.45,0.908
667,5,0,31.907,336.721,0.739,531,16.902,586.006,0.456,0.924
668,12,1,32.605,336.721,0.743,535,16.573,605.351,0.462,0.942
669,2,0,32.907,336.721,0.745,528,10.216,604.648,0.458,0.932
670,3,0,33.326,336.721,0.75,524,10.123,616.025,0.458,0.939
671,4,0,33.465,336.721,0.751,523,10.2,620.305,0.457,0.941
672,4,0,32.767,339.907,0.75,521,17.409,599.392,0.455,0.941
673,5,0,32.814,339.907,0.751,518,17.481,597.543,0.451,0.938
674,7,0,33.186,339.907,0.755,519,17.362,613.119,0.454,0.947
675,6,0,33.186,339.907,0.755,524,17.325,616.461,0.456,0.948
676,3,0,33.302,339.907,0.753,523,17.343,618.693,0.454,0.949
677,8,0,33.721,340.047,0.753,525,17.074,626.875,0.454,0.955
678,4,1,34.047,340.047,0.76,522,17.051,629.821,0.452,0.957
679,7,0,34.186,336.953,0.759,524,16.874,637.883,0.456,0.961
680,5,0,34.186,336.953,0.76,524,16.838,632.019,0.458,0.962
681,5,1,34.186,336.953,0.757,524,16.882,634.632,0.457,0.962
682,6,0,33.953,336.953,0.76,524,16.959,630.12,0.457,0.959
683,5,1,34.14,336.953,0.762,525,16.965,631.717,0.457,0.961
684,7,2,34.07,336.953,0.761,525,16.888,635.602,0.46,0.962
685,7,0,22.116,325.744,0.696,524,24.255,427.353,0.461,0.439
686,9,0,22.116,325.744,0.688,528,24.139,427.686,0.464,0.449
687,10,0,23.302,325.744,0.7,530,23.771,449.3,0.465,0.543
688,7,0,23.209,325.837,0.695,529,23.6,445.581,0.462,0.524
689,4,0,23.395,325.837,0.7,530,23.644,444.416,0.46,0.532
690,8,0,24.279,325.977,0.706,529,23.493,464.816,0.461,0.601
691,2,0,24.698,325.372,0.704,518,21.284,462.044,0.451,0.58
692,6,0,25.209,325.442,0.704,514,21.166,463.791,0.445,0.595
693,6,0,25.86,325.488,0.71,510,20.247,474.608,0.438,0.613
694,10,0,26.047,332.256,0.707,516,19.623,489.486,0.445,0.644
695,4,0,26.488,332.651,0.708,516,19.568,494.641,0.443,0.668
696,8,0,26.977,332.651,0.709,521,19.379,509.211,0.445,0.707
697,9,0,27.256,332.651,0.72,527,19.095,522.956,0.45,0.736
698,7,0,27.256,335.674,0.727,528,13.61,524.332,0.449,0.697
699,13,0,27.581,335.674,0.729,536,12.972,540.969,0.456,0.734
700,6,0,27.326,333.047,0.727,536,18.618,520.331,0.456,0.756
701,11,0,27.767,333.047,0.729,537,18.445,523.63,0.456,0.778
702,4,0,28.14,332.767,0.732,534,18.543,517.989,0.449,0.782
703,5,0,28.349,332.767,0.735,534,18.578,522.153,0.446,0.786
704,7,2,28.395,332.767,0.735,536,18.548,530.875,0.447,0.789
705,4,0,28.767,332.767,0.735,532,18.457,545.692,0.447,0.809
706,8,0,29.465,333.093,0.735,531,18.278,560.803,0.448,0.841
707,9,0,30.163,333.093,0.74,529,18.343,566.676,0.444,0.861
708,5,0,30.395,333.093,0.745,526,18.402,565.1,0.439,0.862
709,5,0,30.628,333.163,0.747,527,18.401,575.029,0.439,0.869
710,5,0,31.0,333.163,0.747,527,18.32,585.528,0.44,0.884
711,7,0,31.186,335.093,0.751,528,12.51,593.457,0.446,0.879
712,6,0,31.372,333.977,0.754,529,12.491,591.301,0.442,0.879
713,8,0,31.581,333.977,0.756,530,12.494,587.454,0.44,0.882
714,5,0,31.442,333.977,0.757,528,12.622,584.236,0.437,0.874
715,10,0,31.535,334.047,0.75,531,12.565,583.837,0.436,0.875
716,6,0,31.419,334.047,0.749,533,10.675,585.093,0.44,0.871
717,3,0,31.512,334.07,0.749,533,10.666,586.988,0.439,0.872
718,4,0,30.721,336.163,0.735,531,17.863,570.887,0.444,0.88
719,8,0,30.814,336.163,0.736,535,17.649,580.976,0.449,0.888
720,12,0,31.279,336.163,0.741,542,17.205,609.541,0.459,0.914
721,4,1,31.628,334.651,0.745,534,17.318,612.528,0.454,0.917
722,10,0,31.698,333.442,0.74,538,17.047,616.048,0.461,0.925
723,8,0,32.372,333.651,0.748,540,16.587,635.175,0.469,0.944
724,5,0,32.721,333.651,0.757,534,16.662,632.727,0.462,0.944
725,11,1,33.0,333.651,0.756,541,16.57,646.282,0.467,0.952
726,11,1,32.488,333.628,0.757,543,16.631,630.897,0.466,0.943
727,5,1,32.395,333.628,0.756,541,16.784,619.44,0.462,0.939
728,5,0,32.209,333.628,0.754,543,16.756,617.358,0.465,0.938
729,10,2,32.395,333.628,0.755,545,16.718,627.32,0.469,0.944
730,5,0,32.326,333.442,0.756,546,16.816,630.396,0.468,0.943
731,8,1,31.651,333.558,0.749,546,16.961,613.194,0.467,0.93
732,10,1,31.791,333.86,0.751,548,16.959,619.026,0.468,0.934
733,8,2,31.814,332.442,0.75,552,16.939,620.687,0.47,0.936
734,12,0,20.767,335.395,0.596,555,26.707,361.015,0.463,0.365
735,4,0,21.419,335.465,0.604,554,26.612,368.602,0.461,0.406
736,8,0,21.93,335.465,0.612,559,26.267,379.819,0.467,0.465
737,4,0,22.209,335.465,0.612,560,26.25,385.734,0.467,0.485
738,5,0,22.419,336.047,0.618,561,26.171,391.625,0.47,0.511
739,4,0,23.07,336.047,0.632,556,26.142,400.599,0.467,0.552
740,6,0,23.209,336.047,0.627,559,26.038,409.918,0.468,0.565
741,4,0,23.581,336.047,0.641,559,22.069,417.586,0.468,0.563
742,5,0,23.953,336.186,0.643,559,21.893,423.723,0.47,0.596
743,9,0,24.512,336.186,0.662,563,21.645,439.029,0.474,0.651
744,12,0,25.023,336.698,0.663,570,20.635,455.709,0.483,0.704
745,5,0,25.209,336.628,0.67,564,20.789,455.015,0.478,0.705
746,6,1,25.767,338.977,0.684,564,20.522,459.973,0.478,0.737
747,8,2,26.233,338.977,0.695,563,20.328,467.964,0.479,0.764
748,7,0,26.395,338.977,0.695,566,20.267,467.601,0.48,0.778
749,2,0,26.628,338.977,0.697,564,20.266,468.248,0.477,0.782
750,7,0,26.93,338.977,0.707,567,20.117,482.173,0.482,0.807
751,7,2,27.581,338.977,0.708,566,20.054,493.42,0.479,0.83
752,2,0,28.023,338.977,0.713,560,20.131,496.75,0.471,0.834
753,7,0,28.302,338.977,0.711,561,20.061,495.389,0.47,0.844
754,7,1,28.488,338.907,0.712,559,15.267,495.011,0.467,0.823
755,4,1,28.86,330.0,0.705,554,24.137,508.919,0.465,0.872
756,3,0,29.14,330.0,0.706,552,23.999,513.065,0.463,0.877
757,10,0,29.767,329.93,0.708,551,23.911,513.939,0.457,0.889
758,5,1,29.814,329.93,0.708,550,23.952,515.352,0.456,0.889
759,6,0,30.186,329.93,0.71,551,23.781,519.42,0.457,0.9
760,6,0,30.674,329.93,0.714,549,23.702,524.767,0.456,0.912
761,5,0,30.86,329.884,0.717,548,20.154,528.523,0.458,0.909
762,9,0,30.674,329.884,0.724,551,20.119,527.288,0.46,0.907
763,5,1,30.884,330.186,0.725,545,20.142,522.003,0.454,0.905
764,6,0,31.302,330.186,0.728,542,18.945,523.341,0.452,0.91
765,4,1,31.395,330.07,0.729,538,18.975,521.061,0.449,0.909
766,4,1,31.581,330.07,0.731,535,18.957,518.981,0.445,0.91
767,2,0,31.814,331.953,0.732,532,18.939,518.369,0.442,0.912
768,5,0,32.0,331.953,0.735,532,19.001,521.831,0.443,0.917
769,8,1,32.279,332.0,0.729,536,18.875,533.805,0.446,0.926
770,10,0,32.465,332.0,0.741,544,18.07,543.158,0.451,0.933
771,8,0,32.744,331.465,0.743,547,18.051,543.429,0.45,0.938
772,6,0,32.837,334.674,0.752,541,18.025,549.22,0.451,0.94
773,2,0,33.116,334.674,0.753,537,18.077,547.509,0.446,0.941
774,3,0,33.349,340.279,0.764,532,12.708,550.423,0.444,0.933
775,8,0,33.395,340.279,0.763,538,12.664,553.01,0.447,0.936
776,8,0,34.047,340.279,0.769,540,12.6,560.876,0.446,0.947
777,3,1,33.0,338.814,0.744,531,18.98,534.845,0.439,0.934
778,6,0,33.326,338.814,0.742,531,18.919,538.596,0.439,0.94
779,6,0,33.698,338.814,0.744,529,18.889,541.097,0.437,0.945
780,10,0,33.605,337.488,0.74,535,18.888,545.03,0.442,0.947
781,4,0,33.535,337.349,0.739,531,18.811,541.926,0.439,0.943
782,4,1,33.651,337.349,0.737,529,18.782,545.992,0.439,0.945
783,1,0,33.326,337.349,0.74,525,19.042,529.041,0.433,0.935
784,4,0,33.651,337.349,0.742,523,19.028,531.825,0.431,0.939
785,5,0,33.628,337.349,0.739,522,19.121,528.177,0.43,0.938
786,4,0,34.047,337.349,0.746,519,19.203,529.67,0.427,0.943
787,6,0,34.326,337.349,0.738,514,19.348,526.434,0.417,0.94
788,9,0,34.558,337.86,0.74,516,19.237,532.983,0.419,0.946
789,3,0,34.605,337.86,0.741,511,19.299,524.988,0.413,0.942
790,7,0,34.791,337.86,0.742,513,19.361,530.816,0.412,0.944
791,10,0,24.163,315.721,0.656,517,27.923,382.349,0.414,0.457
792,13,0,24.628,315.767,0.667,526,27.187,403.951,0.425,0.527
793,5,0,25.0,315.767,0.667,525,27.169,410.525,0.424,0.552
794,6,0,25.419,315.767,0.673,525,27.037,418.856,0.426,0.591
795,4,0,25.442,315.86,0.672,524,26.985,418.188,0.427,0.596
796,8,0,25.535,315.86,0.681,528,27.129,420.099,0.428,0.607
797,10,0,26.14,315.86,0.694,531,26.985,427.942,0.43,0.655
798,3,0,26.186,315.86,0.691,530,27.031,425.098,0.425,0.644
799,12,0,26.512,316.674,0.695,536,26.432,439.898,0.432,0.685
800,4,0,26.977,316.674,0.695,532,22.584,447.193,0.43,0.683
801,11,1,27.395,316.674,0.696,537,22.423,464.471,0.436,0.725
802,5,0,27.442,316.233,0.7,535,22.354,462.813,0.436,0.728
803,6,1,27.442,316.233,0.699,535,17.258,466.264,0.438,0.699
804,6,0,27.767,317.395,0.71,536,17.168,465.822,0.437,0.717
805,2,0,27.86,316.977,0.711,530,17.14,460.062,0.433,0.712
806,6,0,25.628,333.814,0.674,533,25.083,417.702,0.44,0.639
807,6,0,26.023,333.814,0.677,532,25.077,421.402,0.436,0.653
808,9,0,26.581,333.814,0.681,535,24.767,431.862,0.44,0.704
809,4,0,27.512,333.814,0.686,530,24.6,442.675,0.433,0.74
810,4,0,27.419,333.814,0.694,531,24.538,445.553,0.438,0.748
811,6,0,27.419,333.651,0.692,532,24.575,445.738,0.439,0.751
812,6,0,27.674,333.651,0.693,536,24.468,453.47,0.441,0.769
813,6,0,27.93,332.837,0.696,533,24.44,457.841,0.441,0.782
814,2,0,28.023,332.837,0.697,531,24.486,456.407,0.438,0.781
815,6,0,28.581,335.256,0.706,529,24.457,462.582,0.437,0.806
816,8,0,28.581,335.256,0.712,532,24.384,470.404,0.441,0.816
817,6,0,28.721,335.372,0.71,534,24.307,475.512,0.446,0.831
818,5,0,28.977,335.372,0.702,529,24.338,472.107,0.443,0.838
819,7,0,29.372,335.372,0.705,530,24.216,485.959,0.445,0.856
820,3,0,29.465,335.372,0.706,524,24.356,482.841,0.439,0.849
821,1,0,29.907,335.372,0.709,518,24.398,485.726,0.432,0.853
822,10,1,30.349,335.512,0.712,522,24.173,497.741,0.435,0.874
823,3,0,30.674,335.558,0.714,518,24.219,496.603,0.429,0.876
824,12,0,31.349,335.558,0.713,523,23.998,509.863,0.431,0.9
825,1,0,31.512,335.721,0.714,518,24.043,508.596,0.428,0.9
826,4,0,31.837,333.186,0.707,515,23.998,514.097,0.426,0.906
827,4,0,32.163,333.186,0.704,512,20.342,519.29,0.425,0.903
828,8,0,32.256,333.558,0.706,513,18.994,532.303,0.428,0.906
829,2,0,32.209,333.558,0.707,511,19.07,529.113,0.427,0.904
830,6,0,32.488,333.558,0.705,510,19.069,533.333,0.424,0.907
831,6,0,32.186,328.674,0.711,512,13.798,526.271,0.425,0.883
832,2,0,32.186,328.674,0.71,513,13.771,526.183,0.425,0.884
833,7,0,31.953,328.674,0.714,513,13.842,523.91,0.425,0.875
834,8,1,31.698,326.977,0.705,510,20.95,497.63,0.421,0.886
835,9,1,32.395,327.186,0.714,509,19.278,513.43,0.424,0.905
836,7,0,32.744,327.186,0.713,510,19.126,523.745,0.424,0.914
837,2,0,32.744,327.186,0.716,503,19.299,521.247,0.419,0.908
838,8,0,32.698,327.419,0.714,506,19.211,519.302,0.422,0.91
839,6,0,32.953,328.302,0.716,506,19.169,519.558,0.422,0.916
840,6,1,32.93,325.279,0.717,506,19.078,521.848,0.423,0.917
841,7,0,33.302,325.721,0.717,507,19.051,525.538,0.421,0.924
842,5,0,33.535,325.721,0.718,510,18.951,531.931,0.423,0.93
843,4,0,33.488,325.721,0.716,511,18.928,534.785,0.427,0.932
844,6,2,33.488,325.721,0.715,512,18.918,531.76,0.427,0.932
845,2,0,33.86,325.721,0.721,509,18.867,538.943,0.424,0.937
846,6,0,33.977,325.721,0.728,512,18.704,550.623,0.431,0.945
847,10,0,34.256,325.791,0.727,519,13.444,566.451,0.438,0.945
848,6,0,34.744,325.791,0.727,517,13.397,571.727,0.436,0.951
849,10,1,31.023,335.767,0.72,523,19.335,514.623,0.441,0.888
850,5,0,31.256,335.767,0.719,523,19.272,512.94,0.438,0.892
851,1,0,31.535,335.512,0.723,518,19.501,514.753,0.436,0.897
852,6,0,31.674,335.512,0.723,519,19.521,518.506,0.435,0.9
853,7,0,31.814,335.512,0.723,520,19.492,522.006,0.435,0.905
854,3,0,32.233,335.721,0.731,515,14.562,524.706,0.433,0.898
855,5,0,32.14,335.721,0.737,515,14.598,515.505,0.431,0.893
856,6,0,32.326,335.488,0.735,514,14.587,519.63,0.433,0.901
857,6,0,32.442,334.535,0.737,513,14.483,522.887,0.437,0.909
858,5,0,32.488,334.535,0.737,512,14.393,523.016,0.434,0.907
859,5,0,32.86,327.302,0.74,509,14.365,524.433,0.428,0.909
860,9,0,31.698,323.349,0.73,509,21.235,507.278,0.436,0.907
861,5,0,31.977,323.395,0.729,511,21.058,513.496,0.44,0.918
862,6,0,32.256,325.256,0.734,512,20.084,521.421,0.441,0.924
863,6,0,32.023,325.581,0.731,513,20.104,521.665,0.442,0.92
864,3,0,32.023,328.651,0.735,512,19.659,519.914,0.443,0.919
865,5,0,31.791,328.744,0.726,503,20.4,508.457,0.433,0.903
866,9,2,32.0,328.744,0.725,505,20.344,510.909,0.434,0.91
867,4,0,32.093,328.744,0.725,506,20.215,518.102,0.435,0.913
868,7,0,32.186,328.744,0.733,509,19.623,528.705,0.44,0.92
869,9,3,32.093,328.744,0.74,506,19.763,526.885,0.436,0.913
870,4,0,32.233,328.744,0.745,500,19.925,525.504,0.434,0.915
871,5,0,32.256,320.651,0.748,500,14.881,532.497,0.435,0.903
872,4,0,32.395,319.326,0.747,503,14.921,535.754,0.438,0.911
873,6,0,32.628,319.326,0.747,507,14.848,543.889,0.441,0.919
874,6,0,32.814,319.326,0.748,503,14.975,541.044,0.437,0.919
875,4,0,32.814,319.326,0.749,502,14.879,541.808,0.437,0.92
876,7,0,32.953,319.512,0.745,503,14.771,543.212,0.438,0.924
877,5,0,32.907,319.512,0.745,508,14.671,548.403,0.442,0.926
878,7,0,33.047,319.512,0.745,509,14.625,548.768,0.44,0.927
879,3,0,33.093,319.093,0.743,509,15.11,546.149,0.438,0.927
880,5,1,33.279,312.674,0.725,511,23.975,551.038,0.439,0.948
881,9,0,33.279,314.442,0.726,516,23.932,552.019,0.442,0.95
882,5,0,33.581,314.442,0.725,515,24.015,551.876,0.44,0.954
883,3,0,33.535,314.442,0.725,516,23.987,553.655,0.442,0.954
884,5,1,33.512,312.14,0.724,517,24.002,549.523,0.441,0.953
885,6,0,33.419,311.767,0.726,514,24.129,539.834,0.434,0.947
886,5,0,34.023,312.349,0.727,511,24.126,545.185,0.433,0.955
887,7,1,34.07,314.116,0.735,514,24.064,548.173,0.438,0.958
888,10,1,34.116,314.302,0.733,520,23.575,552.32,0.439,0.959
889,8,0,33.884,316.465,0.737,525,22.772,555.164,0.445,0.959
890,4,0,33.884,316.488,0.738,523,22.797,551.701,0.443,0.957
891,10,1,34.07,316.488,0.739,525,22.605,558.206,0.444,0.96
892,6,1,34.116,316.488,0.744,522,22.623,555.159,0.442,0.96
893,4,0,33.884,316.767,0.745,523,22.542,552.376,0.442,0.957
894,2,0,34.023,316.791,0.744,519,22.743,544.66,0.437,0.955
895,6,0,34.07,316.791,0.744,524,22.71,545.424,0.439,0.957
896,9,0,34.023,315.465,0.737,521,22.742,546.158,0.437,0.956
897,9,0,34.023,315.465,0.736,528,22.519,557.417,0.443,0.959
898,7,0,33.698,315.977,0.732,530,22.576,554.947,0.443,0.955
899,4,0,33.465,316.116,0.73,530,22.392,548.783,0.444,0.952
900,6,0,33.512,316.116,0.727,534,22.293,548.747,0.446,0.954
901,9,0,33.372,314.442,0.73,536,22.321,548.295,0.448,0.953
902,8,0,33.558,315.349,0.726,537,22.222,553.72,0.448,0.956
903,8,0,33.605,315.488,0.726,539,22.088,561.512,0.45,0.957
904,7,0,33.767,317.186,0.734,543,21.941,563.276,0.45,0.959
905,3,0,33.953,317.186,0.732,541,21.861,565.157,0.452,0.962
906,7,0,33.837,317.209,0.737,545,21.854,566.281,0.455,0.963
907,5,0,33.977,317.209,0.74,544,21.502,568.76,0.456,0.964
908,6,0,34.116,317.209,0.741,545,21.461,566.523,0.454,0.965
909,6,1,34.209,317.349,0.741,541,21.268,572.291,0.454,0.965
910,5,0,34.209,317.349,0.741,539,21.357,567.901,0.451,0.964
911,6,1,34.116,317.349,0.739,538,21.379,563.103,0.45,0.962
912,6,0,33.884,317.349,0.745,539,21.416,567.598,0.452,0.961
913,5,0,33.86,317.349,0.742,537,21.446,564.016,0.451,0.96
914,5,0,34.093,317.349,0.743,531,21.519,560.942,0.443,0.959
915,4,0,34.233,321.721,0.754,528,18.992,568.562,0.443,0.957
916,9,0,34.233,320.651,0.756,532,19.067,571.995,0.443,0.957
917,6,0,34.279,320.651,0.754,530,19.066,572.757,0.442,0.957
918,3,0,34.419,320.674,0.756,526,19.151,562.026,0.436,0.955
919,3,0,34.465,319.814,0.754,522,19.209,559.185,0.433,0.954
920,6,0,34.512,319.814,0.754,527,19.099,569.675,0.438,0.958
921,7,0,34.372,322.698,0.755,527,19.18,570.429,0.439,0.956
922,4,0,24.651,321.0,0.69,529,28.469,413.793,0.438,0.586
923,6,0,24.977,321.0,0.693,528,28.223,422.355,0.44,0.618
924,5,0,25.116,321.186,0.693,526,27.728,420.374,0.439,0.62
925,13,2,25.535,321.186,0.695,534,27.561,431.864,0.443,0.661
926,5,0,25.674,321.186,0.693,531,22.778,437.412,0.442,0.632
927,7,1,26.093,321.116,0.692,529,22.366,451.868,0.447,0.675
928,8,0,26.488,321.116,0.696,532,22.224,457.333,0.449,0.707
929,9,0,26.767,321.279,0.702,537,22.217,465.745,0.454,0.739
930,7,0,27.233,321.279,0.702,539,22.062,473.494,0.456,0.77
931,4,2,27.605,321.209,0.705,537,22.251,472.93,0.451,0.779
932,1,0,28.116,321.047,0.709,528,21.673,471.741,0.443,0.783
933,4,0,28.116,321.047,0.71,529,21.668,471.695,0.442,0.779
934,5,0,28.302,320.256,0.712,527,21.239,471.866,0.438,0.778
935,4,0,28.535,320.256,0.711,525,21.254,469.307,0.435,0.782
936,6,1,28.907,324.93,0.719,524,21.051,474.728,0.434,0.799
937,6,1,28.767,324.93,0.718,526,21.121,475.401,0.435,0.795
938,2,0,28.86,325.163,0.719,524,17.05,475.537,0.434,0.774
939,4,0,29.233,326.837,0.73,525,15.264,486.981,0.437,0.789
940,5,0,29.372,326.837,0.729,523,15.226,483.429,0.434,0.791
941,8,0,29.186,326.837,0.733,527,15.102,485.31,0.44,0.795
942,7,0,29.279,326.837,0.735,530,15.049,486.481,0.442,0.803
943,4,0,29.651,326.837,0.735,529,14.888,497.417,0.443,0.824
944,7,0,29.674,326.047,0.734,532,14.755,506.926,0.445,0.827
945,7,0,30.023,325.233,0.733,530,14.626,512.024,0.446,0.844
946,6,0,30.07,325.233,0.734,532,14.585,517.449,0.447,0.848
947,7,0,30.233,325.233,0.735,529,14.534,523.399,0.446,0.852
948,0,0,30.349,325.233,0.736,521,14.585,516.514,0.44,0.845
949,8,0,29.744,318.512,0.714,525,21.445,519.461,0.446,0.862
950,5,0,30.023,318.512,0.715,525,21.153,526.779,0.445,0.869
951,2,0,29.93,318.512,0.719,519,21.291,517.838,0.439,0.855
952,3,0,29.884,318.512,0.721,516,21.201,513.36,0.435,0.845
953,5,0,30.023,319.651,0.725,518,20.924,516.369,0.436,0.852
954,8,1,30.488,320.326,0.726,518,20.845,521.903,0.436,0.868
955,9,1,31.023,321.698,0.731,520,20.626,535.426,0.442,0.895
956,5,1,31.023,321.721,0.733,520,20.625,530.641,0.441,0.893
957,8,0,31.186,330.326,0.73,519,20.71,535.937,0.44,0.897
958,1,0,31.395,330.326,0.732,513,20.757,534.745,0.436,0.898
959,7,0,31.628,330.326,0.728,511,19.509,537.705,0.436,0.901
960,4,0,31.628,330.326,0.725,508,19.633,529.377,0.432,0.895
961,6,0,31.814,330.326,0.727,508,19.456,530.606,0.431,0.899
962,4,0,31.721,330.326,0.725,508,19.429,528.865,0.433,0.899
963,11,1,31.442,329.814,0.722,514,19.622,522.071,0.434,0.892
964,4,1,31.581,329.0,0.725,511,19.663,519.856,0.429,0.89
965,7,0,31.558,329.0,0.725,513,19.658,526.699,0.434,0.896
966,5,1,31.558,329.0,0.722,512,19.674,522.182,0.433,0.895
967,8,1,31.372,329.0,0.722,516,19.452,522.969,0.436,0.893
968,5,0,31.558,329.0,0.726,518,19.383,528.142,0.438,0.901
969,4,0,31.698,329.0,0.726,519,19.298,530.725,0.439,0.905
970,5,0,32.14,330.372,0.737,518,19.12,537.092,0.435,0.911
971,5,1,32.581,330.372,0.737,514,18.196,546.975,0.431,0.916
972,6,0,32.256,330.372,0.735,519,18.153,548.857,0.436,0.913
973,6,0,33.047,345.674,0.735,520,17.82,564.963,0.441,0.934
974,4,2,33.0,345.674,0.736,517,17.888,559.274,0.436,0.929
975,7,0,32.907,345.744,0.733,520,17.79,560.915,0.439,0.93
976,3,0,33.047,345.744,0.737,518,17.714,565.146,0.438,0.932
977,10,0,20.605,339.302,0.659,524,26.081,351.712,0.445,0.292
978,6,0,21.116,339.302,0.661,523,25.934,359.215,0.444,0.322
979,4,0,21.558,339.302,0.664,524,25.563,369.194,0.447,0.358
980,6,0,22.023,339.302,0.666,527,25.432,375.917,0.447,0.393
981,6,0,22.674,339.116,0.663,525,25.769,385.891,0.446,0.442
982,7,0,23.14,339.116,0.665,529,20.795,392.242,0.446,0.436
983,8,0,23.442,338.93,0.69,532,19.906,398.914,0.453,0.478
984,6,0,23.744,338.93,0.688,533,19.568,402.689,0.456,0.51
985,7,1,24.581,338.93,0.697,531,19.056,424.921,0.458,0.577
986,12,0,25.0,338.93,0.704,539,18.867,443.465,0.468,0.641
987,6,0,25.488,339.116,0.711,540,18.475,453.691,0.469,0.677
988,4,0,25.86,339.233,0.713,542,18.194,469.044,0.473,0.713
989,6,1,26.047,339.233,0.712,542,18.192,475.421,0.474,0.727
990,10,1,23.349,330.326,0.662,545,24.282,435.044,0.481,0.61
991,6,0,24.047,330.14,0.667,544,24.354,453.284,0.483,0.667
992,10,0,24.465,330.14,0.67,548,24.142,468.568,0.489,0.711
993,13,2,25.093,330.651,0.68,554,23.998,487.906,0.492,0.759
994,7,0,25.628,330.442,0.683,552,24.223,493.775,0.49,0.783
995,7,2,25.86,330.442,0.688,552,20.591,498.802,0.492,0.78
996,7,2,26.581,330.442,0.695,546,20.579,511.785,0.49,0.811
997,3,0,26.395,330.279,0.695,544,20.647,514.289,0.488,0.799
998,7,1,26.767,330.558,0.695,541,20.616,515.987,0.486,0.812
999,9,0,27.349,328.628,0.701,541,20.621,526.674,0.489,0.843
1000,0,0,27.651,328.628,0.705,533,20.762,527.299,0.482,0.844
