1,10,0,0.571,2.381,0.0,10,343.504,0.0,0.008,0.043
2,3,0,0.762,3.619,0.002,13,338.565,0.0,0.011,0.04
3,3,0,1.048,5.476,0.002,16,312.542,0.0,0.015,0.02
4,3,0,1.238,8.476,0.005,19,296.248,0.013,0.021,0.014
5,4,0,1.667,10.429,0.006,23,263.514,0.118,0.026,0.006
6,7,0,2.238,15.952,0.01,29,233.207,0.222,0.039,0.003
7,5,0,2.524,19.952,0.014,34,215.035,0.418,0.046,0.002
8,5,0,2.952,24.0,0.022,38,195.203,0.555,0.05,0.001
9,5,0,3.524,31.857,0.036,42,162.589,0.864,0.06,0.001
10,3,0,3.81,35.381,0.042,45,158.804,0.937,0.064,0.001
11,6,0,3.571,36.524,0.04,51,173.93,0.96,0.07,0.001
12,9,0,3.857,41.905,0.043,59,146.478,1.231,0.082,0.001
13,4,0,4.0,43.905,0.042,63,141.52,1.358,0.089,0.001
14,4,0,4.095,45.238,0.043,67,140.311,1.415,0.092,0.001
15,3,0,4.19,45.714,0.04,70,131.682,1.533,0.096,0.0
16,8,0,4.905,52.905,0.055,77,109.841,2.089,0.103,0.0
17,4,0,5.286,61.0,0.071,81,99.665,2.559,0.112,0.0
18,4,0,5.571,63.238,0.07,85,95.559,2.889,0.119,0.0
19,7,0,6.095,68.81,0.077,91,80.539,3.815,0.13,0.0
20,8,0,6.667,73.381,0.082,98,71.661,4.519,0.138,0.0
21,3,0,6.952,75.857,0.09,98,72.729,4.66,0.138,0.0
22,3,0,7.238,77.952,0.097,98,69.129,4.959,0.138,0.0
23,3,0,7.429,80.286,0.101,101,66.766,5.289,0.142,0.0
24,3,0,7.429,80.571,0.099,104,66.078,5.205,0.145,0.0
25,5,0,7.714,87.857,0.112,108,61.867,5.597,0.156,0.0
26,6,0,7.524,89.19,0.11,113,61.199,5.631,0.161,0.0
27,8,0,8.286,97.667,0.124,119,55.276,6.449,0.174,0.0
28,6,0,8.476,100.857,0.125,125,53.093,7.364,0.183,0.0
29,3,0,8.476,102.048,0.127,127,52.108,7.759,0.186,0.0
30,3,0,8.381,102.667,0.125,130,52.314,7.808,0.189,0.0
31,5,0,9.048,103.143,0.129,130,47.378,8.358,0.187,0.0
32,8,0,9.429,110.571,0.146,137,43.727,8.62,0.195,0.001
33,3,0,9.905,115.476,0.157,139,41.175,9.263,0.2,0.001
34,4,0,10.286,120.19,0.17,143,39.305,9.944,0.204,0.001
35,6,0,10.857,126.571,0.183,148,37.035,10.894,0.214,0.001
36,3,0,10.857,127.048,0.181,151,36.39,11.367,0.218,0.001
37,9,0,11.429,127.048,0.169,157,35.48,12.927,0.228,0.001
38,0,0,11.619,127.048,0.174,154,35.317,12.633,0.224,0.001
39,6,0,12.19,127.714,0.176,157,34.887,13.188,0.225,0.002
40,2,0,12.095,128.571,0.175,159,35.012,13.193,0.229,0.002
41,2,0,12.095,128.571,0.174,161,34.695,13.338,0.229,0.002
42,3,0,12.19,128.571,0.176,162,35.16,13.306,0.228,0.002
43,7,0,12.095,124.667,0.154,168,35.418,13.797,0.234,0.002
44,7,0,12.19,127.81,0.16,173,37.553,14.43,0.24,0.002
45,4,0,12.571,130.81,0.173,175,35.785,15.135,0.238,0.002
46,8,0,12.81,133.476,0.175,180,34.21,15.339,0.245,0.002
47,3,0,13.095,133.714,0.174,179,31.519,15.503,0.247,0.003
48,10,0,13.571,141.619,0.188,187,28.737,16.461,0.261,0.003
49,8,0,14.524,151.381,0.217,192,24.593,19.511,0.27,0.004
50,2,0,15.095,151.381,0.223,190,23.836,19.866,0.264,0.005
51,7,0,15.19,152.095,0.218,196,23.482,20.498,0.272,0.005
52,4,0,15.19,152.238,0.22,198,23.226,20.739,0.271,0.005
53,6,0,15.667,153.476,0.22,202,22.27,22.074,0.275,0.006
54,2,0,15.571,154.048,0.222,203,22.237,21.845,0.276,0.006
55,5,0,16.048,157.381,0.236,204,21.778,22.012,0.277,0.007
56,6,0,16.048,158.429,0.233,209,21.528,22.292,0.282,0.008
57,5,0,16.476,161.143,0.239,212,20.899,23.193,0.286,0.009
58,5,0,16.952,162.952,0.239,215,19.869,25.07,0.294,0.011
59,7,0,17.238,164.476,0.24,218,19.474,25.929,0.297,0.013
60,8,0,17.619,167.143,0.245,224,18.936,26.138,0.302,0.015
61,1,0,17.81,168.762,0.257,221,18.915,26.042,0.297,0.015
62,6,0,17.619,168.952,0.251,225,18.529,26.176,0.302,0.015
63,6,0,17.524,169.381,0.249,228,18.627,26.354,0.306,0.016
64,5,0,18.0,171.667,0.252,231,18.119,27.383,0.312,0.019
65,3,0,18.0,171.667,0.251,230,18.114,27.576,0.313,0.02
66,7,0,18.095,173.048,0.255,235,17.946,27.904,0.314,0.02
67,3,0,18.381,175.048,0.263,235,17.685,29.386,0.315,0.022
68,6,0,19.238,181.524,0.283,238,16.778,30.052,0.319,0.03
69,6,0,19.714,189.0,0.303,242,15.731,32.345,0.328,0.038
70,5,0,20.19,191.905,0.31,244,15.032,33.243,0.333,0.046
71,8,0,20.571,193.0,0.305,252,14.374,34.859,0.343,0.057
72,8,0,20.857,199.238,0.322,257,14.048,35.877,0.348,0.067
73,5,0,20.571,200.524,0.331,257,14.179,35.491,0.347,0.06
74,6,0,20.667,202.143,0.336,258,13.998,35.738,0.349,0.064
75,7,0,20.524,204.476,0.341,262,13.878,35.873,0.354,0.065
76,5,0,20.429,204.476,0.337,264,13.427,36.666,0.358,0.066
77,5,0,20.429,204.476,0.335,266,13.25,36.4,0.36,0.068
78,5,0,20.905,204.524,0.339,268,13.022,36.87,0.357,0.074
79,3,0,20.905,205.667,0.34,268,12.917,36.479,0.361,0.078
80,3,0,20.81,206.762,0.342,271,12.889,37.202,0.364,0.079
81,2,0,20.476,206.762,0.35,269,13.17,35.868,0.357,0.066
82,3,0,20.952,208.429,0.36,269,12.872,36.072,0.355,0.073
83,8,0,20.762,210.667,0.365,275,12.875,36.651,0.361,0.074
84,2,0,20.762,210.952,0.367,275,12.876,36.754,0.361,0.074
85,6,0,20.571,212.905,0.366,279,12.622,37.924,0.37,0.079
86,5,0,20.571,214.19,0.364,282,12.299,39.014,0.376,0.085
87,5,0,21.143,215.762,0.367,281,11.621,41.278,0.38,0.103
88,4,0,21.333,219.762,0.375,284,11.271,42.861,0.39,0.123
89,9,0,22.048,225.333,0.39,291,10.488,45.62,0.399,0.164
90,5,0,22.429,226.19,0.395,292,10.246,46.157,0.4,0.182
91,3,0,22.952,226.762,0.401,290,10.146,46.662,0.397,0.199
92,5,0,23.333,229.143,0.406,290,10.062,46.806,0.402,0.231
93,5,0,23.952,230.429,0.412,288,9.637,48.157,0.402,0.264
94,5,0,24.143,232.476,0.419,290,9.736,47.659,0.403,0.281
95,5,0,24.333,233.619,0.425,292,9.731,48.004,0.406,0.3
96,1,0,24.429,233.619,0.427,289,9.888,46.683,0.402,0.297
97,5,0,24.619,234.667,0.429,291,9.959,47.061,0.404,0.315
98,3,0,25.19,235.143,0.43,290,9.701,48.43,0.407,0.362
99,5,0,25.19,235.286,0.428,292,9.636,48.739,0.408,0.366
100,5,0,25.286,237.048,0.428,295,9.495,48.942,0.416,0.401
101,4,0,25.857,238.048,0.43,295,8.978,51.442,0.419,0.452
102,7,0,25.857,238.048,0.427,299,8.655,52.078,0.424,0.467
103,4,0,26.048,239.286,0.437,297,8.91,51.223,0.421,0.472
104,4,0,26.714,241.333,0.449,296,8.752,52.721,0.42,0.518
105,5,0,26.619,244.286,0.464,297,8.756,52.811,0.422,0.517
106,4,0,26.619,246.857,0.476,295,8.552,54.222,0.422,0.517
107,2,0,27.095,246.762,0.479,293,8.401,55.336,0.418,0.54
108,8,0,27.0,246.762,0.475,297,8.326,55.403,0.424,0.551
109,2,0,26.857,246.762,0.477,294,8.352,55.079,0.422,0.534
110,3,0,27.381,245.19,0.469,293,8.219,56.395,0.421,0.569
111,5,0,28.238,248.381,0.484,294,7.899,58.058,0.424,0.641
112,6,0,28.143,248.381,0.477,298,7.727,59.189,0.43,0.653
113,7,0,28.667,248.381,0.485,300,7.809,59.582,0.423,0.668
114,2,0,28.19,248.381,0.489,296,8.027,58.354,0.419,0.623
115,5,0,28.381,248.381,0.491,296,8.198,58.268,0.417,0.629
116,6,0,27.81,249.476,0.492,298,8.104,57.804,0.422,0.605
117,4,0,27.905,249.476,0.498,298,8.18,57.131,0.415,0.589
118,2,0,27.81,249.476,0.504,295,8.47,55.873,0.411,0.568
119,8,0,27.905,250.333,0.498,301,8.093,56.473,0.423,0.616
120,4,0,28.19,250.333,0.499,302,8.071,56.665,0.422,0.634
121,4,0,28.571,250.333,0.504,301,8.028,57.535,0.418,0.646
122,9,0,28.095,251.524,0.496,307,7.813,57.892,0.431,0.653
123,5,0,28.095,252.333,0.497,307,7.663,58.109,0.434,0.665
124,6,0,27.81,252.333,0.497,308,7.836,56.363,0.434,0.644
125,4,0,27.524,253.095,0.505,308,8.03,55.602,0.43,0.612
126,5,0,27.143,253.952,0.509,312,8.159,54.298,0.431,0.588
127,4,0,26.952,253.095,0.509,313,8.349,53.142,0.427,0.561
128,9,0,27.048,262.143,0.537,317,7.768,55.148,0.44,0.608
129,8,0,26.857,262.905,0.538,321,7.808,55.138,0.445,0.613
130,5,0,26.476,263.143,0.538,323,7.846,54.357,0.448,0.594
131,6,0,26.476,263.143,0.53,328,7.675,55.02,0.456,0.623
132,7,0,26.857,265.238,0.535,332,7.396,57.268,0.465,0.678
133,6,0,26.952,268.81,0.548,336,7.191,57.368,0.472,0.704
134,5,0,27.429,270.667,0.557,335,7.072,59.222,0.471,0.73
135,6,0,27.905,271.381,0.554,340,6.699,60.729,0.478,0.774
136,5,0,28.143,270.048,0.551,340,6.705,61.236,0.473,0.776
137,4,0,28.714,270.048,0.546,341,6.339,63.971,0.479,0.816
138,5,0,28.905,269.476,0.548,343,6.33,64.898,0.475,0.816
139,8,0,29.19,270.619,0.543,350,6.049,67.411,0.484,0.847
140,7,0,29.286,270.619,0.543,352,6.074,67.153,0.484,0.851
141,8,0,29.095,273.905,0.551,358,6.135,66.888,0.493,0.859
142,5,0,28.905,273.905,0.547,360,6.122,66.91,0.496,0.858
143,11,0,29.19,277.857,0.571,361,5.934,68.871,0.497,0.869
144,7,0,29.286,277.857,0.568,365,5.703,70.28,0.503,0.882
145,5,0,29.571,278.619,0.571,364,5.619,71.711,0.505,0.893
146,7,0,29.667,278.619,0.573,366,5.714,70.658,0.504,0.895
147,6,0,30.524,283.238,0.599,368,5.575,71.804,0.505,0.919
148,5,0,31.19,283.238,0.599,369,5.456,73.686,0.508,0.935
149,5,0,31.286,284.19,0.606,369,5.641,72.748,0.507,0.936
150,8,0,31.762,284.19,0.606,373,5.446,75.611,0.51,0.947
151,2,0,32.429,283.238,0.601,369,5.261,77.665,0.509,0.955
152,11,0,32.619,288.619,0.62,375,4.719,80.154,0.522,0.964
153,2,0,32.524,288.619,0.621,373,4.81,79.222,0.519,0.962
154,2,0,32.905,288.619,0.63,369,4.92,78.671,0.509,0.961
155,4,0,32.619,290.286,0.641,369,4.916,78.313,0.508,0.957
156,4,0,32.619,291.0,0.65,369,5.037,78.416,0.505,0.955
157,8,0,32.81,293.048,0.656,369,4.983,77.606,0.514,0.962
158,4,0,32.952,294.714,0.66,371,4.839,78.812,0.52,0.967
159,5,0,32.952,294.714,0.657,373,4.796,78.65,0.522,0.967
160,4,0,33.143,294.714,0.659,368,4.802,78.886,0.515,0.966
161,5,0,33.524,295.0,0.664,364,4.819,79.468,0.508,0.967
162,1,0,34.19,295.0,0.669,359,4.821,78.833,0.503,0.971
163,3,0,34.0,295.0,0.675,355,5.064,77.386,0.494,0.965
164,4,0,34.286,295.0,0.682,350,5.142,77.967,0.485,0.964
165,4,0,34.286,295.0,0.682,351,5.155,77.435,0.486,0.964
166,4,0,34.0,294.476,0.681,349,5.292,76.315,0.48,0.958
167,2,0,34.0,294.476,0.686,347,5.347,75.662,0.476,0.955
168,4,0,34.095,294.476,0.687,347,5.187,78.513,0.477,0.957
169,5,0,34.286,294.857,0.689,350,5.162,78.879,0.479,0.961
170,5,0,34.286,295.095,0.686,355,5.057,79.876,0.486,0.964
171,2,0,34.095,295.095,0.687,353,5.119,79.312,0.484,0.961
172,3,0,34.381,296.095,0.692,350,5.115,79.404,0.482,0.963
173,8,0,35.238,299.857,0.708,350,5.179,80.311,0.481,0.971
174,3,0,35.714,299.857,0.71,349,5.142,80.812,0.481,0.975
175,5,0,35.238,299.857,0.707,353,5.089,81.171,0.486,0.973
176,2,0,35.333,299.857,0.711,349,5.26,79.63,0.478,0.971
177,5,0,34.571,301.905,0.72,345,5.485,78.618,0.474,0.961
178,6,0,34.667,303.667,0.729,344,5.432,79.216,0.473,0.962
179,6,0,34.762,303.667,0.731,345,5.394,80.377,0.471,0.962
180,2,0,35.048,303.667,0.734,339,5.496,79.451,0.466,0.962
181,5,0,35.524,303.667,0.735,337,5.475,79.575,0.463,0.966
182,7,0,35.81,304.81,0.736,340,5.241,82.78,0.467,0.971
183,2,0,36.143,304.143,0.736,337,5.319,82.811,0.46,0.971
184,10,0,36.333,304.143,0.733,345,5.127,84.576,0.466,0.974
185,8,0,35.857,304.143,0.73,351,4.977,85.297,0.471,0.972
186,2,0,36.048,304.143,0.733,349,4.996,85.462,0.464,0.971
187,7,0,36.619,306.143,0.741,352,4.77,87.453,0.469,0.977
188,5,0,36.238,304.857,0.738,352,4.874,85.429,0.466,0.974
189,3,0,36.143,304.571,0.734,349,4.911,85.544,0.465,0.972
190,8,0,36.333,305.381,0.739,353,4.794,86.747,0.472,0.976
191,1,0,36.143,305.381,0.739,354,4.788,86.524,0.473,0.975
192,6,0,36.238,306.429,0.741,356,4.638,89.012,0.479,0.978
193,6,0,36.048,306.429,0.735,361,4.531,90.071,0.489,0.98
194,7,0,35.762,306.905,0.735,365,4.485,89.333,0.495,0.98
195,8,0,36.905,306.905,0.733,364,4.267,93.286,0.5,0.986
196,5,0,36.714,308.19,0.737,363,4.217,94.864,0.501,0.986
197,2,0,37.0,312.095,0.756,362,4.168,95.813,0.502,0.987
198,7,0,36.476,312.095,0.762,362,4.218,92.641,0.5,0.985
199,4,0,36.429,312.095,0.761,364,4.164,93.878,0.503,0.985
200,2,0,36.143,312.095,0.761,366,4.067,94.273,0.509,0.985
201,2,0,36.048,312.095,0.76,365,4.033,94.719,0.511,0.985
202,5,0,36.048,312.333,0.763,366,4.086,94.214,0.508,0.984
203,4,0,36.238,313.095,0.769,369,4.032,95.211,0.511,0.986
204,5,0,36.429,313.095,0.767,370,3.942,96.501,0.514,0.987
205,6,0,36.143,313.81,0.769,374,3.909,96.955,0.518,0.987
206,5,0,35.857,314.143,0.772,371,4.124,94.63,0.51,0.984
207,4,0,36.048,314.143,0.773,372,4.016,96.877,0.514,0.986
208,4,0,36.048,318.762,0.779,374,4.029,96.673,0.516,0.986
209,3,0,36.238,318.762,0.778,376,3.974,97.564,0.518,0.987
210,12,0,36.286,321.238,0.784,383,3.92,97.571,0.523,0.988
211,6,0,36.476,321.238,0.789,383,3.997,95.833,0.518,0.988
212,3,0,36.762,321.238,0.792,380,4.167,94.94,0.506,0.987
213,5,0,37.143,321.429,0.791,384,4.086,95.621,0.509,0.989
214,1,0,37.0,321.429,0.793,378,4.201,94.524,0.502,0.987
215,1,0,36.81,321.238,0.789,369,4.44,91.261,0.491,0.984
216,2,0,37.095,321.238,0.791,367,4.514,90.39,0.487,0.985
217,5,0,36.905,321.857,0.789,363,4.943,85.808,0.474,0.981
218,4,0,36.905,321.857,0.789,362,4.955,85.443,0.473,0.98
219,7,0,36.905,321.857,0.791,362,4.941,85.738,0.473,0.98
220,4,0,37.095,321.857,0.79,364,4.895,86.48,0.475,0.982
221,6,0,36.905,324.238,0.782,367,4.78,88.089,0.483,0.983
222,5,0,36.905,324.238,0.785,370,4.722,89.144,0.488,0.984
223,3,0,36.952,320.524,0.778,362,4.892,87.061,0.478,0.982
224,5,0,36.952,323.571,0.78,355,4.905,86.503,0.473,0.981
225,7,0,36.762,330.286,0.781,358,4.859,87.885,0.479,0.981
226,10,0,36.571,330.286,0.779,364,4.699,87.671,0.485,0.982
227,5,0,36.19,330.286,0.776,368,4.562,87.652,0.491,0.981
228,5,0,36.19,330.286,0.778,368,4.408,88.517,0.498,0.983
229,4,0,36.286,333.667,0.781,370,4.257,89.913,0.506,0.985
230,4,0,36.381,333.286,0.781,367,4.26,91.819,0.506,0.986
231,2,0,36.619,333.286,0.78,364,4.279,92.704,0.505,0.986
232,3,0,36.762,333.286,0.778,361,4.344,92.657,0.499,0.986
233,6,0,36.762,332.81,0.782,362,4.406,90.64,0.497,0.985
234,2,0,36.571,332.905,0.781,362,4.434,90.176,0.498,0.985
235,1,0,36.571,332.905,0.782,359,4.433,89.403,0.496,0.984
236,1,0,36.762,334.619,0.791,355,4.496,88.467,0.492,0.984
237,5,0,36.571,336.81,0.79,354,4.421,89.972,0.496,0.984
238,3,0,36.952,337.143,0.79,351,4.411,90.922,0.494,0.986
239,3,0,37.238,337.143,0.792,350,4.325,92.05,0.496,0.987
240,4,0,37.429,337.143,0.792,353,4.295,92.39,0.497,0.988
241,6,0,37.429,337.143,0.792,356,4.237,92.82,0.499,0.988
242,8,0,37.81,337.143,0.795,358,4.071,96.543,0.5,0.99
243,4,0,38.095,337.143,0.794,358,4.088,96.249,0.498,0.99
244,8,0,37.429,337.143,0.787,360,4.082,96.45,0.501,0.989
245,3,0,37.524,337.143,0.787,356,4.224,94.335,0.492,0.987
246,6,0,37.429,337.286,0.786,356,4.184,93.247,0.495,0.988
247,10,0,36.905,337.286,0.781,366,4.041,94.047,0.508,0.988
248,7,0,36.81,337.571,0.781,371,3.999,95.433,0.511,0.988
249,7,0,36.905,337.714,0.778,374,3.916,96.462,0.512,0.989
250,6,0,36.905,337.714,0.778,376,3.912,98.471,0.512,0.988
251,5,0,37.667,341.381,0.777,376,3.7,100.719,0.517,0.992
252,5,0,38.143,341.381,0.781,375,3.751,102.153,0.511,0.992
253,4,0,38.381,341.381,0.779,374,3.649,102.505,0.514,0.993
254,3,0,38.238,341.381,0.779,375,3.586,102.725,0.519,0.993
255,7,0,38.19,341.381,0.781,381,3.493,103.479,0.528,0.994
256,6,0,37.81,341.381,0.777,377,3.685,99.541,0.517,0.992
257,3,0,38.286,341.381,0.778,375,3.62,101.541,0.516,0.993
258,3,0,38.0,341.381,0.772,374,3.694,101.187,0.514,0.992
259,2,0,37.905,341.381,0.77,373,3.693,101.465,0.515,0.992
260,3,0,37.714,341.381,0.772,371,3.798,101.001,0.51,0.991
261,7,0,37.619,341.381,0.771,373,3.791,102.239,0.512,0.991
262,3,0,37.524,341.381,0.766,373,3.839,101.314,0.508,0.99
263,8,0,37.905,343.714,0.762,376,3.663,102.938,0.517,0.992
264,3,0,37.905,343.905,0.761,379,3.623,103.134,0.52,0.992
265,2,0,38.095,346.238,0.761,375,3.67,102.699,0.516,0.992
266,5,0,38.524,346.238,0.774,375,3.512,105.863,0.525,0.994
267,5,0,38.476,346.238,0.783,376,3.468,106.3,0.528,0.994
268,7,0,39.048,346.238,0.786,376,3.382,108.418,0.532,0.996
269,4,0,39.19,344.524,0.786,372,3.392,108.147,0.529,0.995
270,3,0,38.81,344.143,0.791,369,3.452,106.78,0.527,0.995
271,5,0,38.476,344.143,0.784,368,3.395,107.12,0.532,0.995
272,3,0,38.619,344.143,0.786,365,3.411,106.584,0.53,0.995
273,9,0,39.286,344.143,0.79,365,3.493,108.475,0.527,0.996
274,5,0,39.381,344.143,0.787,367,3.39,109.899,0.533,0.996
275,4,0,39.714,341.81,0.787,364,3.416,109.715,0.529,0.996
276,3,0,40.095,341.81,0.792,363,3.436,110.22,0.525,0.996
277,7,0,39.238,341.81,0.792,367,3.563,108.796,0.524,0.995
278,6,0,39.524,341.81,0.802,369,3.554,109.189,0.524,0.996
279,6,0,39.619,343.714,0.801,374,3.308,112.137,0.535,0.996
280,5,0,39.857,343.714,0.802,375,3.329,111.698,0.532,0.997
281,5,0,40.0,346.429,0.799,372,3.436,109.645,0.53,0.997
282,6,0,39.905,346.429,0.796,376,3.309,110.765,0.539,0.997
283,0,0,39.81,346.429,0.799,368,3.421,110.264,0.531,0.996
284,2,0,40.095,346.429,0.802,363,3.513,109.581,0.525,0.996
285,5,0,39.524,346.429,0.809,358,3.797,103.585,0.509,0.995
286,7,0,39.524,346.429,0.808,360,3.708,105.519,0.51,0.995
287,7,0,39.667,346.429,0.805,364,3.612,106.838,0.517,0.995
288,4,0,39.286,346.429,0.804,364,3.719,104.848,0.514,0.995
289,6,0,38.429,346.81,0.813,362,3.829,99.843,0.515,0.993
290,8,0,38.81,346.81,0.816,363,3.757,100.356,0.519,0.994
291,3,0,38.476,346.81,0.816,360,3.756,100.132,0.518,0.994
292,6,0,38.143,346.81,0.816,361,3.852,99.297,0.517,0.993
293,3,0,38.0,346.429,0.814,361,3.942,99.031,0.517,0.992
294,0,0,38.19,346.143,0.816,356,3.998,98.3,0.512,0.992
295,5,0,38.19,346.143,0.814,356,4.015,97.788,0.509,0.992
296,4,0,37.905,346.143,0.813,359,3.965,97.904,0.512,0.992
297,8,0,38.0,346.143,0.808,361,3.925,99.39,0.513,0.992
298,4,0,38.238,346.143,0.81,360,4.015,99.234,0.505,0.992
299,4,0,38.714,346.143,0.814,356,3.899,101.011,0.509,0.993
300,8,0,38.095,346.143,0.814,359,3.911,101.344,0.511,0.992
301,5,0,38.762,346.143,0.814,356,3.904,101.564,0.508,0.993
302,6,0,39.048,346.143,0.812,360,3.748,105.771,0.516,0.994
303,3,0,38.857,346.143,0.807,360,3.786,104.406,0.515,0.994
304,4,0,38.857,343.571,0.806,361,3.782,102.723,0.513,0.994
305,6,0,38.571,344.048,0.804,365,3.784,101.99,0.518,0.994
306,3,0,38.571,344.048,0.804,368,3.755,102.606,0.522,0.994
307,4,0,38.667,345.19,0.798,369,3.706,103.252,0.525,0.994
308,2,0,39.238,345.19,0.802,362,3.807,101.455,0.512,0.994
309,5,0,39.333,345.19,0.799,365,3.755,101.791,0.514,0.995
310,2,0,39.286,345.19,0.796,363,3.882,100.008,0.507,0.994
311,6,0,39.476,345.19,0.796,368,3.752,102.471,0.513,0.995
312,3,0,39.476,345.19,0.792,369,3.663,104.81,0.52,0.995
313,7,0,39.476,345.19,0.787,371,3.603,105.089,0.526,0.996
314,6,0,39.19,345.19,0.783,375,3.61,104.421,0.526,0.995
315,7,0,39.381,345.524,0.779,376,3.55,107.393,0.532,0.996
316,6,0,39.0,345.524,0.775,379,3.516,106.22,0.537,0.996
317,4,0,38.81,345.524,0.775,379,3.589,104.177,0.534,0.995
318,6,0,38.524,344.857,0.785,380,3.531,103.627,0.535,0.995
319,3,0,38.81,344.857,0.786,380,3.6,103.751,0.53,0.995
320,2,0,39.095,344.857,0.789,378,3.674,101.394,0.526,0.995
321,2,0,39.381,345.048,0.801,374,3.683,102.729,0.523,0.995
322,8,0,39.0,345.048,0.801,378,3.687,102.054,0.524,0.995
323,6,0,39.381,345.048,0.801,380,3.51,104.254,0.532,0.996
324,3,0,39.286,345.048,0.803,377,3.658,102.208,0.526,0.996
325,4,0,39.857,345.048,0.8,376,3.643,104.092,0.524,0.996
326,9,0,39.762,345.048,0.799,385,3.442,107.618,0.537,0.997
327,5,0,39.81,346.19,0.798,388,3.429,108.023,0.54,0.997
328,4,0,40.095,346.0,0.793,388,3.381,109.42,0.541,0.997
329,5,0,39.81,346.0,0.792,389,3.342,109.296,0.545,0.997
330,6,0,39.714,346.0,0.787,391,3.32,111.905,0.55,0.997
331,4,0,39.333,346.048,0.786,393,3.316,111.843,0.553,0.997
332,4,0,40.0,346.048,0.785,390,3.351,113.748,0.547,0.997
333,3,0,40.524,346.048,0.785,388,3.315,114.747,0.547,0.998
334,6,0,40.429,346.048,0.781,392,3.209,116.069,0.555,0.998
335,12,0,40.524,346.048,0.776,397,3.148,118.511,0.557,0.998
336,5,0,40.905,346.048,0.777,399,3.122,119.508,0.557,0.998
337,6,0,40.952,346.048,0.782,403,3.026,120.817,0.563,0.998
338,11,0,40.857,345.81,0.787,403,3.151,119.395,0.555,0.998
339,4,0,40.667,345.81,0.794,400,3.263,116.065,0.55,0.998
340,4,0,41.048,345.81,0.791,397,3.212,117.28,0.546,0.998
341,6,0,40.762,345.81,0.809,396,3.186,116.225,0.544,0.998
342,7,0,40.286,345.81,0.81,397,3.184,114.443,0.544,0.997
343,2,0,40.19,345.81,0.808,394,3.319,112.037,0.54,0.997
344,6,0,40.429,345.81,0.806,395,3.237,115.436,0.543,0.998
345,7,0,40.714,345.81,0.81,400,3.034,120.217,0.552,0.998
346,6,0,40.524,345.81,0.81,403,3.012,118.752,0.556,0.998
347,5,0,40.81,345.81,0.81,405,3.008,118.931,0.556,0.998
348,7,0,40.429,345.857,0.81,404,3.061,118.051,0.55,0.998
349,7,0,39.952,343.714,0.814,405,3.122,117.682,0.553,0.998
350,5,0,39.476,344.048,0.812,405,3.233,115.155,0.551,0.997
351,3,0,39.381,344.048,0.817,404,3.234,114.396,0.553,0.997
352,4,0,39.476,344.048,0.814,403,3.293,113.127,0.549,0.997
353,2,0,39.048,344.048,0.811,400,3.42,110.217,0.544,0.996
354,3,0,39.143,344.048,0.812,396,3.471,108.257,0.539,0.996
355,6,0,39.333,343.571,0.806,399,3.417,108.344,0.539,0.996
356,6,0,39.238,343.571,0.81,397,3.555,105.367,0.533,0.996
357,7,0,39.714,343.571,0.805,398,3.396,106.93,0.542,0.997
358,6,0,39.571,343.571,0.808,394,3.648,103.81,0.528,0.996
359,10,0,39.333,344.0,0.806,396,3.549,104.806,0.535,0.996
360,4,0,39.905,344.0,0.811,392,3.602,104.135,0.528,0.996
361,2,0,39.81,344.0,0.811,390,3.615,104.656,0.524,0.996
362,9,0,39.619,344.0,0.81,397,3.49,106.068,0.532,0.996
363,5,0,39.381,344.0,0.809,398,3.388,105.125,0.535,0.996
364,2,0,39.571,344.0,0.809,397,3.328,106.064,0.537,0.996
365,6,0,39.762,344.81,0.807,402,3.229,107.659,0.548,0.997
366,6,0,40.048,344.81,0.816,402,3.284,107.934,0.546,0.997
367,9,0,39.952,344.81,0.815,404,3.179,108.673,0.55,0.997
368,11,0,40.238,344.81,0.814,409,3.04,113.422,0.559,0.998
369,5,0,26.143,330.19,0.664,412,4.907,68.586,0.553,0.85
370,4,0,26.238,330.19,0.67,411,4.894,69.333,0.55,0.848
371,4,0,26.714,331.048,0.673,413,4.728,70.78,0.553,0.871
372,4,0,27.905,337.81,0.68,413,4.542,74.967,0.558,0.913
373,8,0,28.095,338.286,0.673,419,4.301,76.113,0.567,0.926
374,8,0,28.381,339.238,0.681,425,4.145,77.99,0.573,0.938
375,4,0,29.571,336.905,0.712,420,4.056,81.131,0.57,0.954
376,6,0,29.762,336.905,0.711,422,3.963,82.85,0.572,0.958
377,6,0,29.476,336.905,0.71,425,3.973,82.383,0.573,0.954
378,6,0,29.238,338.429,0.713,429,3.883,81.779,0.578,0.955
379,3,0,29.429,338.429,0.716,429,3.883,81.919,0.577,0.957
380,5,0,29.619,338.381,0.712,429,3.856,82.859,0.575,0.958
381,6,0,29.81,338.381,0.714,431,3.75,82.885,0.581,0.963
382,9,0,31.143,339.143,0.721,431,3.572,86.249,0.58,0.975
383,5,0,31.714,339.286,0.717,431,3.501,87.52,0.58,0.979
384,7,0,31.238,338.905,0.707,432,3.509,86.339,0.58,0.975
385,5,0,31.476,344.0,0.705,430,3.525,86.49,0.582,0.978
386,3,0,31.762,344.0,0.714,429,3.497,87.547,0.581,0.979
387,3,0,31.857,344.19,0.719,428,3.539,86.995,0.579,0.979
388,3,0,31.857,344.19,0.721,427,3.597,86.53,0.575,0.978
389,8,0,31.952,344.19,0.717,434,3.394,88.53,0.588,0.982
390,6,0,32.524,343.952,0.726,432,3.441,88.04,0.585,0.985
391,8,0,32.905,343.952,0.728,435,3.299,90.65,0.593,0.988
392,3,0,32.905,343.952,0.743,432,3.367,91.165,0.591,0.987
393,6,0,33.19,343.952,0.745,435,3.332,92.561,0.592,0.989
394,2,0,24.429,350.476,0.563,429,4.935,69.724,0.581,0.835
395,3,0,25.333,350.476,0.583,424,4.97,69.644,0.569,0.849
396,3,0,25.524,350.476,0.587,423,4.983,69.863,0.567,0.853
397,11,0,26.81,350.238,0.587,428,4.504,76.849,0.575,0.905
398,2,0,27.095,350.238,0.602,422,4.466,77.134,0.572,0.909
399,5,0,27.571,350.238,0.618,419,4.337,79.183,0.571,0.92
400,5,0,28.238,349.19,0.641,418,4.245,80.185,0.568,0.93
401,4,0,28.429,349.19,0.641,419,4.159,80.945,0.57,0.936
402,9,0,28.81,349.19,0.663,423,4.033,83.391,0.577,0.947
403,3,0,30.048,349.19,0.679,420,3.942,86.654,0.573,0.962
404,3,0,30.095,349.19,0.682,416,3.96,86.844,0.571,0.961
405,2,0,30.381,349.19,0.684,415,3.987,87.376,0.569,0.963
406,6,0,31.143,349.19,0.702,414,3.885,90.129,0.568,0.97
407,2,0,31.429,349.19,0.718,414,3.796,92.594,0.572,0.974
408,9,0,31.905,349.19,0.733,419,3.698,94.883,0.572,0.978
409,5,0,32.476,349.19,0.742,418,3.689,96.89,0.568,0.98
410,6,0,33.238,349.19,0.756,416,3.64,97.879,0.563,0.983
411,5,0,33.619,349.19,0.755,414,3.569,97.572,0.563,0.985
412,6,0,33.81,349.19,0.771,413,3.55,97.248,0.562,0.985
413,6,0,34.095,349.19,0.769,416,3.487,98.512,0.563,0.987
414,4,0,34.19,349.476,0.769,415,3.495,98.239,0.562,0.987
415,3,0,34.286,349.476,0.773,414,3.595,98.224,0.558,0.987
416,7,0,27.571,350.714,0.643,418,4.687,79.67,0.57,0.919
417,3,0,27.857,350.714,0.645,416,4.56,80.576,0.572,0.927
418,4,0,28.048,350.714,0.644,413,4.578,81.797,0.573,0.932
419,0,0,28.524,350.714,0.646,408,4.525,82.752,0.571,0.939
420,6,0,28.905,350.714,0.659,413,4.305,84.035,0.578,0.95
421,5,0,28.905,350.714,0.66,414,4.234,84.714,0.581,0.952
422,6,0,28.81,350.714,0.657,418,4.194,84.551,0.586,0.954
423,5,0,29.476,350.714,0.666,417,4.06,88.571,0.587,0.963
424,2,0,29.952,350.714,0.679,414,4.028,89.351,0.585,0.967
425,4,0,30.667,350.714,0.688,413,3.909,91.469,0.583,0.973
426,7,0,31.238,350.714,0.688,418,3.676,93.117,0.59,0.979
427,8,0,31.905,350.714,0.7,418,3.582,93.6,0.592,0.983
428,3,0,32.571,347.667,0.708,413,3.5,94.607,0.582,0.984
429,3,0,32.714,345.667,0.709,411,3.484,94.7,0.58,0.984
430,3,0,32.714,345.667,0.708,413,3.367,95.909,0.587,0.986
431,3,0,33.286,345.667,0.712,411,3.383,96.23,0.582,0.987
432,3,0,33.476,345.667,0.709,410,3.407,96.965,0.582,0.988
433,0,0,34.048,345.667,0.716,406,3.456,97.47,0.575,0.989
434,9,0,34.381,348.333,0.715,412,3.349,99.138,0.585,0.991
435,6,0,34.857,345.81,0.723,413,3.357,100.315,0.582,0.992
436,5,0,35.619,346.0,0.725,412,3.344,101.641,0.578,0.993
437,7,0,24.857,343.619,0.588,412,4.231,71.932,0.579,0.845
438,10,0,26.286,346.048,0.625,420,3.733,75.641,0.593,0.911
439,3,0,27.143,346.048,0.636,417,3.72,77.653,0.587,0.925
440,3,0,27.905,346.048,0.644,412,3.664,79.426,0.582,0.936
441,6,0,27.81,346.714,0.649,414,3.584,80.504,0.586,0.937
442,2,0,28.429,346.714,0.679,410,3.474,82.499,0.583,0.945
443,4,0,28.905,346.714,0.69,409,3.442,84.509,0.581,0.951
444,5,0,29.0,346.714,0.699,408,3.547,84.622,0.574,0.948
445,2,0,29.667,346.714,0.703,402,3.613,87.073,0.566,0.952
446,2,0,30.333,346.333,0.706,400,3.538,88.995,0.565,0.96
447,5,0,30.524,346.333,0.717,397,3.675,87.292,0.56,0.959
448,4,0,30.905,346.333,0.723,400,3.599,88.704,0.563,0.965
449,6,0,31.476,346.333,0.728,403,3.443,90.73,0.57,0.974
450,6,0,31.905,346.333,0.722,406,3.29,91.193,0.577,0.979
451,7,0,32.762,346.333,0.746,411,2.865,98.239,0.597,0.988
452,4,0,32.571,345.429,0.743,412,2.817,98.144,0.601,0.988
453,7,0,33.619,347.333,0.761,413,2.637,102.458,0.604,0.991
454,4,0,34.19,347.333,0.779,414,2.634,103.913,0.605,0.993
455,13,0,24.619,349.81,0.624,422,3.341,80.652,0.621,0.902
456,3,0,25.095,349.81,0.627,423,3.319,81.758,0.618,0.911
457,2,0,25.667,349.81,0.636,422,3.269,83.74,0.615,0.921
458,4,0,25.857,349.81,0.637,423,3.247,84.626,0.617,0.927
459,4,0,26.143,349.81,0.677,422,3.262,84.15,0.621,0.936
460,6,0,27.476,350.238,0.681,422,3.164,88.684,0.617,0.954
461,5,0,28.81,350.333,0.703,418,3.145,90.422,0.61,0.966
462,8,0,29.095,350.333,0.708,421,3.122,92.39,0.609,0.969
463,8,0,29.762,350.333,0.737,424,2.854,96.816,0.62,0.978
464,3,0,30.095,350.333,0.737,421,2.853,97.095,0.618,0.98
465,7,0,30.095,350.333,0.741,425,2.764,99.163,0.625,0.981
466,7,0,24.619,350.619,0.642,426,3.494,83.713,0.623,0.905
467,5,0,24.476,350.619,0.64,427,3.563,83.714,0.623,0.901
468,6,0,25.619,350.619,0.681,427,3.354,87.103,0.627,0.932
469,3,0,26.095,350.619,0.691,427,3.356,89.253,0.625,0.939
470,0,0,26.19,350.619,0.694,425,3.444,88.212,0.621,0.938
471,7,0,27.619,350.619,0.716,423,3.22,92.387,0.631,0.964
472,7,0,27.619,350.619,0.707,428,3.165,93.171,0.635,0.966
473,8,0,19.857,349.762,0.555,434,4.386,64.152,0.631,0.715
474,4,1,20.238,348.0,0.566,435,4.297,65.68,0.631,0.738
475,1,0,20.429,348.0,0.585,432,4.217,65.904,0.632,0.75
476,4,0,21.476,348.0,0.642,428,4.088,68.984,0.629,0.798
477,4,0,22.619,348.81,0.654,427,3.94,70.026,0.625,0.841
478,5,0,23.0,349.0,0.655,426,3.773,71.64,0.629,0.863
479,2,0,23.381,349.0,0.658,425,3.76,72.409,0.627,0.873
480,5,0,23.19,349.0,0.665,428,3.724,72.105,0.632,0.875
481,3,0,23.667,349.0,0.668,426,3.769,72.915,0.627,0.884
482,6,0,24.048,349.0,0.683,431,3.546,74.825,0.637,0.907
483,4,0,25.048,347.0,0.7,426,3.486,76.153,0.635,0.928
484,6,0,25.81,347.0,0.707,425,3.415,77.131,0.635,0.943
485,8,0,26.952,346.381,0.73,423,3.239,81.996,0.634,0.959
486,7,0,26.714,345.476,0.726,429,3.111,83.112,0.643,0.96
487,4,0,27.19,345.476,0.736,431,3.042,84.093,0.647,0.968
488,9,0,27.571,345.476,0.755,437,2.769,88.522,0.657,0.975
489,5,0,21.238,345.81,0.623,436,3.808,69.743,0.647,0.827
490,4,0,22.19,345.905,0.637,436,3.717,72.511,0.64,0.853
491,4,0,23.333,346.238,0.657,433,3.472,77.449,0.64,0.891
492,3,0,23.714,346.238,0.659,434,3.433,78.147,0.638,0.899
493,2,0,24.762,346.238,0.676,430,3.373,80.111,0.632,0.919
494,8,0,24.857,346.571,0.692,434,3.14,81.673,0.646,0.934
495,3,0,24.762,346.714,0.689,435,3.144,81.563,0.648,0.934
496,1,0,25.333,346.714,0.7,431,3.233,81.517,0.64,0.938
497,6,0,25.714,346.714,0.699,432,3.17,82.337,0.64,0.944
498,3,0,26.333,345.857,0.703,429,3.145,83.74,0.636,0.951
499,4,0,27.19,345.857,0.716,423,3.132,86.013,0.629,0.958
500,6,0,27.238,346.238,0.725,425,2.939,86.824,0.636,0.962
501,4,0,27.524,346.714,0.721,424,2.918,88.792,0.637,0.966
502,4,0,27.905,347.095,0.735,424,2.887,89.801,0.639,0.971
503,3,0,21.476,350.619,0.633,419,4.07,62.504,0.641,0.826
504,1,0,21.952,350.619,0.645,416,4.101,63.661,0.637,0.839
505,4,0,23.048,348.857,0.67,414,4.039,64.882,0.637,0.88
506,2,0,23.619,348.857,0.671,412,4.09,66.718,0.632,0.89
507,4,0,20.857,347.333,0.572,404,4.674,65.018,0.612,0.723
508,5,0,21.429,350.048,0.593,406,4.599,65.889,0.612,0.755
509,7,0,22.0,350.286,0.594,409,4.508,67.02,0.614,0.793
510,7,0,22.476,350.286,0.6,411,4.415,68.549,0.616,0.82
511,4,0,23.048,350.286,0.609,412,4.305,69.847,0.619,0.849
512,5,0,23.286,350.571,0.613,412,4.338,71.0,0.617,0.854
513,7,0,23.857,350.571,0.62,413,4.272,72.445,0.616,0.875
514,8,0,24.714,350.857,0.64,412,4.258,74.712,0.609,0.891
515,4,0,25.143,347.714,0.641,409,4.288,74.623,0.602,0.894
516,4,0,25.619,347.714,0.638,410,4.131,76.235,0.605,0.91
517,3,0,26.476,347.714,0.655,409,4.022,78.445,0.606,0.931
518,6,0,26.857,347.714,0.688,410,3.903,80.842,0.611,0.942
519,5,0,22.048,321.381,0.588,406,4.194,68.91,0.601,0.76
520,4,0,22.429,321.619,0.585,406,4.156,69.466,0.602,0.782
521,5,0,23.19,321.619,0.601,403,4.087,72.983,0.599,0.812
522,6,0,24.333,322.048,0.63,403,4.0,75.166,0.597,0.858
523,3,0,24.81,324.714,0.639,401,3.963,77.225,0.596,0.873
524,9,0,25.19,320.905,0.639,406,3.857,79.418,0.596,0.886
525,5,0,25.19,324.81,0.64,409,3.751,79.939,0.601,0.892
526,4,0,19.857,350.571,0.506,409,5.882,59.356,0.598,0.616
527,4,0,20.905,350.571,0.537,408,5.781,61.515,0.591,0.667
528,5,0,21.762,350.571,0.563,409,5.462,62.456,0.595,0.733
529,9,0,22.714,350.571,0.564,412,5.283,66.608,0.598,0.793
530,6,0,23.952,350.571,0.566,413,5.202,70.343,0.594,0.842
531,5,0,24.714,350.571,0.583,412,5.031,72.753,0.593,0.868
532,4,0,25.19,350.571,0.602,413,4.899,73.138,0.595,0.887
533,6,0,25.476,350.571,0.624,411,4.976,73.867,0.596,0.897
534,5,0,25.952,350.571,0.64,410,4.824,74.989,0.596,0.91
535,3,0,26.714,350.571,0.642,407,4.762,77.332,0.593,0.924
536,7,0,27.905,350.571,0.648,408,4.625,79.937,0.591,0.945
537,5,0,28.476,350.571,0.671,410,4.527,82.26,0.596,0.956
538,3,0,28.905,349.762,0.683,408,4.587,83.159,0.591,0.959
539,6,0,29.143,349.762,0.683,410,4.429,85.092,0.595,0.964
540,2,0,30.381,349.762,0.695,405,4.369,88.609,0.585,0.971
541,7,0,31.143,349.762,0.709,408,4.02,92.205,0.596,0.98
542,5,0,31.857,349.762,0.733,408,3.955,93.293,0.595,0.984
543,5,0,32.524,349.762,0.745,410,3.844,94.961,0.597,0.987
544,13,2,25.667,350.429,0.606,416,4.492,79.707,0.611,0.92
545,12,0,19.19,348.667,0.501,423,5.091,58.486,0.618,0.632
546,7,0,20.81,348.667,0.547,422,4.749,62.417,0.625,0.757
547,6,0,21.381,348.667,0.568,422,4.768,64.515,0.623,0.782
548,5,0,22.238,348.667,0.615,420,4.688,67.297,0.619,0.817
549,3,0,23.095,348.667,0.619,418,4.326,68.574,0.618,0.849
550,3,0,23.762,348.667,0.633,416,4.232,70.073,0.613,0.865
551,1,0,24.0,348.667,0.645,410,4.327,70.199,0.607,0.863
552,2,0,23.905,348.667,0.644,412,4.319,69.736,0.607,0.861
553,3,0,24.762,348.667,0.666,408,4.208,72.106,0.605,0.887
554,6,0,25.476,347.429,0.672,409,4.012,74.09,0.608,0.91
555,5,0,26.333,347.429,0.684,405,3.977,75.958,0.603,0.925
556,13,0,27.571,348.714,0.702,412,3.532,86.212,0.612,0.953
557,7,0,27.714,348.714,0.702,417,3.375,87.013,0.619,0.959
558,3,0,28.19,348.714,0.701,415,3.421,88.295,0.615,0.962
559,2,0,29.429,348.714,0.708,411,3.41,91.718,0.607,0.971
560,6,0,30.095,348.714,0.715,413,3.341,94.98,0.611,0.978
561,7,0,22.714,344.714,0.576,414,4.439,69.058,0.597,0.788
562,4,0,23.476,346.286,0.604,411,4.429,71.676,0.593,0.816
563,3,0,24.143,345.905,0.621,410,4.325,73.918,0.591,0.84
564,6,0,25.095,345.571,0.642,408,4.258,76.41,0.587,0.87
565,3,0,25.667,345.905,0.661,407,4.187,77.944,0.587,0.888
566,4,0,27.095,345.905,0.674,404,4.043,82.125,0.584,0.921
567,2,0,27.571,345.905,0.674,400,4.019,83.247,0.577,0.925
568,4,0,27.524,346.19,0.671,404,3.865,83.694,0.585,0.932
569,4,0,28.095,346.19,0.68,403,3.871,85.705,0.583,0.94
570,3,0,28.571,344.714,0.684,403,3.89,85.748,0.579,0.945
571,4,0,28.571,344.714,0.686,403,3.876,85.69,0.577,0.944
572,8,0,28.762,346.286,0.691,408,3.575,88.989,0.591,0.956
573,8,0,29.048,346.286,0.704,412,3.484,89.613,0.599,0.964
574,2,0,29.429,346.286,0.715,408,3.514,90.51,0.593,0.965
575,11,0,29.952,345.381,0.72,416,3.359,92.497,0.599,0.972
576,3,0,30.381,345.381,0.72,417,3.347,94.244,0.6,0.976
577,7,0,23.905,348.095,0.598,415,4.641,70.983,0.594,0.838
578,4,0,24.19,348.095,0.595,415,4.54,72.411,0.594,0.849
579,6,0,24.667,348.095,0.606,416,4.329,74.018,0.597,0.871
580,10,0,24.905,346.286,0.605,421,4.352,75.315,0.599,0.883
581,5,0,25.857,346.286,0.633,421,4.232,78.505,0.601,0.912
582,4,0,26.762,346.286,0.647,416,4.257,81.222,0.594,0.925
583,5,0,27.905,346.286,0.674,410,4.177,85.483,0.588,0.942
584,4,0,28.095,346.286,0.675,410,4.154,85.645,0.587,0.944
585,13,0,18.238,335.524,0.518,422,6.293,55.64,0.597,0.492
586,1,0,19.476,335.524,0.546,415,6.374,58.783,0.583,0.54
587,7,0,20.048,338.19,0.568,416,6.107,61.147,0.589,0.602
588,5,0,20.714,338.286,0.582,418,5.833,64.266,0.595,0.668
589,6,0,21.0,338.286,0.586,419,5.694,64.602,0.596,0.689
590,1,0,21.571,338.286,0.595,416,5.702,66.017,0.591,0.713
591,5,0,22.143,338.286,0.609,416,5.644,67.313,0.592,0.75
592,3,0,22.905,338.286,0.621,414,5.846,68.54,0.588,0.783
593,2,0,23.286,338.286,0.631,412,5.438,69.032,0.588,0.799
594,4,0,24.429,340.143,0.648,410,5.185,71.03,0.583,0.839
595,8,0,24.714,340.143,0.644,413,4.96,73.219,0.591,0.864
596,6,0,25.0,340.143,0.635,416,4.751,75.527,0.597,0.884
597,7,0,25.19,340.143,0.652,419,4.687,76.415,0.601,0.896
598,5,0,25.857,343.143,0.66,416,4.68,78.096,0.598,0.909
599,5,0,26.0,343.143,0.659,418,4.397,78.78,0.601,0.916
600,3,0,26.952,343.81,0.676,415,4.253,82.673,0.602,0.937
601,4,0,27.143,343.81,0.683,416,4.329,82.423,0.598,0.937
602,7,0,27.429,343.81,0.682,417,4.118,83.241,0.6,0.943
603,1,0,27.381,343.81,0.684,415,4.162,83.211,0.597,0.94
604,5,0,28.048,343.81,0.716,414,4.024,85.52,0.594,0.948
605,5,0,28.619,343.81,0.723,410,4.094,86.97,0.587,0.952
606,0,0,29.476,343.81,0.73,404,4.13,89.878,0.578,0.958
607,4,0,29.571,343.81,0.724,402,4.255,87.583,0.573,0.956
608,7,0,30.286,343.81,0.718,402,4.176,89.08,0.571,0.963
609,3,0,30.476,344.333,0.721,398,4.295,87.688,0.564,0.962
610,4,0,30.429,337.048,0.724,395,4.365,88.25,0.559,0.959
611,6,0,30.714,337.048,0.725,399,4.153,88.803,0.563,0.964
612,3,0,31.571,337.048,0.734,393,4.227,90.503,0.555,0.969
613,6,0,31.714,344.476,0.731,395,4.154,91.101,0.56,0.972
614,2,0,31.714,344.476,0.734,394,4.191,90.53,0.556,0.971
615,9,0,32.286,344.476,0.734,395,4.273,90.306,0.554,0.975
616,5,0,32.571,344.476,0.737,394,4.268,89.817,0.549,0.975
617,2,0,32.524,337.19,0.74,392,4.373,89.189,0.544,0.973
618,5,0,32.81,337.19,0.741,393,4.24,90.663,0.549,0.977
619,8,0,33.19,337.19,0.741,395,4.18,90.915,0.551,0.98
620,8,0,33.857,337.667,0.751,394,4.075,92.294,0.553,0.984
621,5,0,34.381,337.667,0.754,392,4.099,93.117,0.545,0.985
622,10,0,34.905,339.714,0.754,397,3.905,96.647,0.552,0.988
623,8,0,34.905,339.714,0.758,403,3.671,98.712,0.562,0.99
624,3,0,35.286,339.714,0.759,403,3.658,98.825,0.56,0.991
625,6,0,35.286,338.381,0.757,406,3.626,99.797,0.564,0.991
626,0,0,35.0,338.381,0.76,400,3.783,97.042,0.558,0.989
627,2,0,35.095,343.381,0.768,393,3.973,95.91,0.547,0.988
628,4,0,35.095,343.381,0.769,394,3.968,95.735,0.546,0.988
629,3,0,35.19,343.381,0.767,397,3.844,96.934,0.55,0.989
630,4,0,35.476,343.381,0.767,397,3.839,97.262,0.549,0.99
631,8,0,35.286,343.381,0.774,399,3.87,96.753,0.551,0.989
632,2,0,35.19,343.381,0.778,397,3.908,97.221,0.549,0.989
633,8,0,35.619,341.667,0.792,395,3.868,98.23,0.544,0.989
634,5,0,35.143,341.667,0.792,397,3.925,96.764,0.544,0.988
635,5,0,35.333,341.667,0.796,399,3.875,97.533,0.546,0.989
636,5,0,35.238,341.667,0.793,403,3.777,98.021,0.552,0.989
637,6,0,35.81,343.143,0.808,404,3.631,101.719,0.558,0.992
638,7,0,27.476,345.667,0.656,407,4.521,78.834,0.575,0.922
639,3,0,28.0,345.667,0.658,405,4.486,80.11,0.571,0.929
640,8,0,28.476,345.667,0.652,408,4.221,82.106,0.58,0.945
641,3,0,29.143,345.667,0.655,408,4.202,84.076,0.578,0.953
642,3,0,29.143,345.667,0.656,410,4.094,84.704,0.583,0.956
643,5,0,29.429,347.524,0.661,412,3.965,84.998,0.584,0.961
644,8,0,29.429,346.857,0.663,415,3.908,86.084,0.583,0.96
645,6,0,30.095,347.381,0.677,417,3.844,89.513,0.585,0.968
646,5,0,31.143,347.619,0.689,417,3.617,93.114,0.583,0.976
647,4,0,31.524,347.619,0.693,417,3.683,93.74,0.58,0.978
648,5,0,31.905,347.619,0.691,417,3.574,94.777,0.582,0.981
649,4,0,32.19,347.619,0.7,419,3.48,95.982,0.585,0.983
650,3,0,32.19,347.619,0.701,416,3.536,94.57,0.58,0.982
651,0,0,32.381,347.619,0.702,410,3.655,92.348,0.57,0.98
652,4,0,33.095,347.619,0.704,410,3.627,94.459,0.568,0.983
653,2,0,33.476,347.619,0.706,409,3.622,95.725,0.565,0.985
654,8,0,33.952,348.714,0.712,412,3.435,99.018,0.572,0.988
655,4,0,34.238,348.714,0.712,413,3.429,99.713,0.573,0.989
656,5,0,34.714,348.714,0.718,410,3.517,99.679,0.563,0.989
657,7,0,34.714,348.714,0.715,415,3.409,100.213,0.568,0.99
658,6,0,35.095,348.81,0.716,415,3.334,100.371,0.57,0.991
659,2,0,35.048,348.81,0.715,415,3.35,100.197,0.57,0.991
660,4,0,35.524,348.81,0.73,413,3.37,99.965,0.567,0.992
661,3,0,35.143,348.81,0.724,413,3.484,97.907,0.563,0.99
662,5,0,36.19,348.81,0.724,408,3.402,100.052,0.56,0.993
663,6,0,36.095,348.81,0.727,409,3.451,99.584,0.559,0.992
664,5,0,36.0,347.476,0.742,408,3.502,99.451,0.555,0.992
665,3,0,36.095,348.143,0.735,404,3.553,98.913,0.547,0.991
666,4,0,36.286,348.143,0.734,404,3.528,100.112,0.549,0.992
667,9,0,36.762,348.143,0.74,410,3.341,103.116,0.559,0.994
668,3,0,36.857,348.143,0.739,410,3.323,103.064,0.56,0.994
669,5,0,37.905,348.143,0.744,407,3.358,104.699,0.552,0.995
670,3,0,38.095,348.143,0.748,404,3.479,103.672,0.545,0.995
671,7,0,38.0,348.143,0.744,406,3.498,103.706,0.542,0.995
672,5,0,38.19,348.143,0.738,407,3.406,105.545,0.547,0.995
673,1,0,38.476,348.143,0.742,404,3.509,104.064,0.54,0.995
674,5,0,39.143,348.143,0.765,402,3.429,105.547,0.545,0.996
675,6,0,39.905,347.381,0.771,396,3.432,106.661,0.537,0.997
676,7,0,39.714,347.286,0.766,399,3.367,107.102,0.543,0.997
677,4,0,39.714,347.286,0.766,399,3.356,106.782,0.545,0.997
678,2,0,26.333,343.905,0.631,395,5.528,62.66,0.54,0.836
679,7,0,26.381,343.905,0.636,397,5.392,62.669,0.545,0.847
680,2,0,26.0,343.905,0.65,396,5.477,62.842,0.544,0.829
681,4,0,26.667,343.905,0.664,394,5.553,64.01,0.534,0.837
682,5,0,26.667,343.905,0.66,392,5.844,62.134,0.532,0.834
683,4,0,27.0,349.333,0.659,394,5.751,62.866,0.535,0.854
684,7,0,26.238,349.333,0.655,394,5.967,61.63,0.536,0.825
685,4,0,26.19,349.333,0.65,394,5.96,61.704,0.535,0.822
686,6,0,26.857,349.333,0.652,395,5.692,62.657,0.537,0.851
687,2,0,27.429,349.333,0.658,392,5.73,63.28,0.529,0.86
688,4,0,27.81,349.333,0.66,390,5.768,63.998,0.527,0.87
689,0,0,27.524,349.333,0.663,386,5.907,63.107,0.522,0.852
690,7,0,28.095,349.333,0.665,390,5.8,64.239,0.519,0.866
691,4,0,28.952,349.333,0.676,388,5.766,66.129,0.513,0.886
692,1,0,30.0,349.333,0.682,384,5.804,66.785,0.504,0.905
693,4,0,29.81,349.333,0.688,380,5.798,65.82,0.504,0.9
694,5,0,30.286,349.333,0.69,380,5.724,66.857,0.505,0.912
695,8,0,30.952,349.333,0.696,382,5.387,70.558,0.515,0.937
696,5,0,31.238,349.333,0.698,382,5.532,71.013,0.509,0.937
697,4,0,31.524,349.333,0.7,380,5.58,71.054,0.504,0.938
698,3,0,31.714,349.333,0.704,376,5.701,71.093,0.498,0.936
699,7,0,31.667,349.333,0.708,375,5.688,71.081,0.495,0.932
700,4,0,31.762,349.333,0.703,374,5.753,71.345,0.49,0.93
701,3,0,32.333,349.333,0.708,374,5.734,72.902,0.486,0.937
702,1,0,32.429,349.333,0.708,373,5.719,73.148,0.485,0.938
703,3,0,32.571,349.333,0.708,370,5.563,74.476,0.488,0.943
704,5,0,33.19,349.333,0.712,371,5.278,76.335,0.493,0.955
705,4,0,33.429,349.333,0.711,372,5.111,78.17,0.499,0.962
706,3,0,33.714,349.333,0.714,367,5.252,78.036,0.493,0.962
707,3,0,33.857,343.571,0.716,364,5.319,76.637,0.485,0.959
708,6,0,34.19,342.571,0.715,363,5.274,76.057,0.479,0.959
709,4,0,33.905,345.762,0.719,361,5.487,74.472,0.474,0.953
710,7,0,34.667,345.762,0.718,363,5.226,77.035,0.478,0.965
711,10,0,35.143,345.762,0.733,370,5.008,78.915,0.489,0.973
712,8,0,35.333,347.429,0.732,374,4.799,81.561,0.499,0.978
713,4,0,35.429,347.429,0.732,373,4.796,82.202,0.497,0.978
714,4,0,35.619,347.429,0.73,375,4.751,82.93,0.503,0.981
715,4,0,35.905,347.429,0.724,376,4.718,83.463,0.504,0.983
716,7,0,36.0,347.429,0.725,374,4.658,84.354,0.504,0.983
717,4,0,35.905,347.429,0.722,375,4.605,85.034,0.508,0.984
718,8,0,35.857,348.857,0.728,378,4.546,86.464,0.52,0.986
719,2,0,35.857,348.857,0.729,376,4.604,85.336,0.515,0.985
720,7,0,35.905,348.857,0.728,378,4.577,86.058,0.517,0.986
721,3,0,35.524,348.857,0.727,375,4.816,84.144,0.513,0.983
722,6,0,35.619,348.857,0.726,377,4.74,85.553,0.516,0.984
723,6,0,35.762,348.857,0.726,378,4.73,86.13,0.513,0.984
724,4,0,36.048,348.857,0.735,378,4.549,88.869,0.521,0.987
725,4,0,36.619,348.857,0.746,379,4.248,92.157,0.529,0.99
726,5,0,36.524,348.857,0.746,380,4.341,90.562,0.526,0.99
727,8,0,37.619,348.857,0.746,381,4.024,94.634,0.539,0.994
728,7,0,37.238,348.857,0.748,383,3.996,93.708,0.543,0.993
729,6,0,38.048,348.857,0.762,378,3.85,96.404,0.535,0.994
730,8,0,37.667,348.857,0.758,380,3.773,96.831,0.542,0.994
731,5,0,37.762,348.857,0.76,375,3.979,94.42,0.531,0.993
732,8,0,38.048,348.857,0.755,383,3.614,98.582,0.548,0.995
733,7,0,37.667,348.857,0.756,385,3.615,97.152,0.553,0.995
734,10,0,37.714,348.857,0.749,390,3.604,96.93,0.553,0.995
735,9,0,37.619,346.81,0.746,393,3.469,98.173,0.556,0.995
736,5,0,37.905,346.81,0.748,393,3.471,99.105,0.552,0.995
737,5,0,38.571,346.81,0.761,394,3.364,102.471,0.558,0.996
738,5,0,38.381,346.81,0.758,398,3.321,102.501,0.563,0.997
739,6,0,38.286,346.81,0.761,396,3.521,100.418,0.559,0.996
740,7,0,38.667,346.81,0.765,397,3.413,102.889,0.563,0.997
741,6,0,38.381,346.81,0.762,400,3.374,102.724,0.568,0.997
742,8,0,37.524,346.81,0.759,403,3.359,100.444,0.571,0.996
743,11,0,37.619,346.81,0.757,408,3.325,100.918,0.574,0.996
744,1,0,38.0,346.81,0.759,405,3.336,102.109,0.571,0.997
745,6,0,38.286,346.81,0.756,407,3.189,103.925,0.576,0.997
746,8,0,39.524,346.81,0.758,407,3.066,107.735,0.578,0.998
747,2,0,39.143,346.429,0.757,401,3.142,105.488,0.573,0.998
748,5,0,39.333,346.429,0.767,401,3.308,104.106,0.567,0.998
749,8,0,39.714,346.429,0.779,402,3.107,108.014,0.567,0.998
750,4,0,39.81,346.429,0.78,400,3.153,107.814,0.563,0.998
751,8,0,39.429,346.429,0.774,405,3.02,109.842,0.573,0.998
752,5,0,39.381,346.429,0.772,408,2.986,110.185,0.577,0.998
753,2,0,38.81,346.762,0.777,403,3.178,105.996,0.566,0.997
754,7,0,39.0,346.429,0.774,407,3.063,107.789,0.574,0.998
755,7,0,40.0,346.429,0.79,404,3.076,109.686,0.571,0.998
756,6,0,25.667,342.476,0.649,404,5.966,61.354,0.546,0.821
757,8,0,25.952,342.476,0.647,406,5.753,63.482,0.551,0.843
758,4,0,26.333,342.857,0.646,405,5.732,64.315,0.551,0.857
759,3,0,26.524,342.857,0.648,405,5.768,64.054,0.546,0.856
760,5,0,26.714,344.0,0.647,409,5.587,65.682,0.551,0.872
761,6,0,27.095,344.762,0.647,409,5.373,66.552,0.556,0.89
762,3,0,27.476,344.762,0.652,406,5.387,67.148,0.55,0.894
763,7,0,27.619,343.571,0.657,405,5.282,68.445,0.549,0.896
764,5,0,28.095,343.571,0.673,406,5.11,70.433,0.545,0.904
765,6,0,29.333,343.667,0.67,406,4.79,74.372,0.548,0.934
766,8,0,29.381,343.667,0.664,409,4.659,76.227,0.553,0.939
767,3,0,29.667,343.667,0.67,409,4.58,76.787,0.553,0.944
768,4,0,29.762,343.667,0.669,408,4.551,76.799,0.554,0.946
769,4,0,29.952,343.857,0.67,407,4.524,77.867,0.555,0.95
770,2,0,30.429,343.857,0.688,405,4.437,78.653,0.555,0.957
771,5,0,30.286,347.619,0.696,403,4.667,77.174,0.55,0.952
772,6,0,30.524,347.619,0.7,405,4.592,77.766,0.55,0.955
773,5,0,30.619,347.619,0.699,405,4.562,77.903,0.551,0.957
774,6,0,30.571,347.619,0.706,405,4.598,78.334,0.548,0.954
775,4,0,31.0,347.619,0.709,401,4.607,78.94,0.54,0.955
776,5,0,31.476,347.619,0.713,403,4.403,81.812,0.543,0.962
777,4,0,31.667,347.619,0.712,402,4.252,83.28,0.545,0.965
778,4,0,31.952,347.619,0.716,402,4.175,84.532,0.546,0.968
779,7,0,32.714,347.619,0.724,402,4.134,85.494,0.542,0.974
780,4,0,32.333,348.381,0.723,401,4.262,83.76,0.542,0.97
781,6,0,32.714,347.714,0.723,402,4.169,85.337,0.542,0.973
782,2,0,32.524,347.714,0.721,404,4.165,84.242,0.545,0.973
783,5,0,32.524,349.0,0.717,408,4.068,85.051,0.55,0.975
784,4,0,32.714,349.0,0.725,406,4.215,82.771,0.545,0.975
785,3,0,32.81,349.095,0.737,404,4.25,82.748,0.546,0.976
786,7,0,33.048,349.095,0.742,406,4.107,83.838,0.552,0.979
787,6,0,33.429,349.095,0.76,407,3.97,85.44,0.56,0.983
788,4,0,33.524,349.095,0.761,407,3.924,86.13,0.558,0.983
789,6,0,34.381,349.095,0.771,410,3.786,88.185,0.563,0.988
790,5,0,34.619,349.095,0.78,408,3.827,88.314,0.562,0.989
791,4,0,34.524,349.095,0.781,406,3.871,87.881,0.561,0.988
792,6,0,35.286,349.095,0.787,403,3.737,90.142,0.56,0.991
793,2,0,35.524,349.095,0.788,400,3.731,91.008,0.559,0.991
794,7,0,36.238,349.095,0.793,400,3.616,92.852,0.56,0.993
795,7,0,25.0,350.19,0.645,405,4.968,69.314,0.571,0.838
796,4,0,25.381,350.19,0.643,407,4.721,70.529,0.579,0.868
797,1,0,26.333,350.19,0.656,401,4.789,72.255,0.567,0.881
798,9,0,26.952,350.19,0.66,404,4.705,73.76,0.57,0.904
799,3,0,27.429,350.19,0.666,401,4.656,75.451,0.565,0.909
800,6,0,27.286,350.19,0.664,405,4.565,75.299,0.567,0.908
801,6,0,28.238,350.19,0.669,403,4.559,75.452,0.563,0.926
802,1,0,28.714,350.19,0.677,402,4.578,76.042,0.56,0.933
803,8,0,28.857,350.19,0.67,404,4.546,75.993,0.568,0.942
804,4,0,29.571,349.286,0.679,401,4.425,77.049,0.568,0.953
805,3,0,29.952,349.286,0.679,399,4.416,77.76,0.569,0.959
806,6,0,30.238,349.286,0.687,400,4.31,78.383,0.57,0.963
807,4,0,30.524,349.286,0.688,394,4.304,79.844,0.567,0.964
808,6,0,31.19,349.286,0.69,394,4.215,81.77,0.567,0.97
809,2,0,31.762,349.286,0.697,390,4.316,81.337,0.558,0.972
810,5,0,32.333,349.286,0.711,392,4.165,83.78,0.565,0.978
811,4,0,33.0,349.286,0.732,392,4.02,86.499,0.567,0.983
812,8,0,33.0,350.095,0.73,395,4.108,85.609,0.568,0.983
813,1,0,33.571,350.095,0.733,390,4.242,84.959,0.562,0.985
814,6,0,33.286,350.095,0.733,393,4.209,83.998,0.569,0.985
815,9,0,33.667,350.095,0.725,399,3.978,85.983,0.581,0.989
816,0,0,34.952,350.095,0.73,392,4.061,86.163,0.568,0.991
817,5,0,35.143,350.095,0.731,393,4.089,86.649,0.563,0.991
818,4,0,35.333,349.667,0.736,392,4.221,86.007,0.553,0.99
819,5,0,35.714,349.667,0.736,392,4.216,87.076,0.553,0.991
820,7,0,35.429,349.667,0.736,395,4.17,87.513,0.555,0.99
821,7,0,35.762,349.667,0.732,401,4.207,88.277,0.559,0.992
822,4,0,36.619,349.571,0.744,394,4.347,89.088,0.549,0.993
823,6,0,37.095,349.19,0.753,396,4.075,91.546,0.552,0.994
824,6,0,37.286,349.19,0.764,394,4.119,91.626,0.545,0.994
825,6,0,37.857,348.524,0.777,392,3.932,94.939,0.544,0.995
826,2,0,38.81,348.524,0.781,385,4.018,93.998,0.535,0.995
827,6,0,24.048,339.238,0.594,388,6.084,61.796,0.547,0.737
828,4,0,24.381,339.333,0.6,390,5.993,62.852,0.547,0.758
829,5,0,24.667,339.333,0.629,392,5.915,63.435,0.551,0.782
830,3,0,25.381,338.81,0.64,387,6.079,66.075,0.541,0.796
831,8,0,26.048,338.81,0.635,387,5.798,67.249,0.548,0.84
832,4,0,26.048,338.81,0.64,387,5.682,67.554,0.544,0.833
833,4,0,26.619,338.81,0.627,386,5.639,67.871,0.537,0.842
834,5,0,27.0,338.81,0.629,388,5.513,69.169,0.54,0.863
835,7,0,27.667,338.524,0.639,391,5.272,70.934,0.547,0.894
836,3,0,27.762,338.524,0.64,392,5.177,71.672,0.551,0.902
837,2,0,28.143,338.524,0.645,389,5.122,72.751,0.551,0.912
838,2,0,28.333,338.524,0.649,386,5.307,72.329,0.546,0.911
839,10,0,28.81,338.81,0.684,394,4.955,76.439,0.56,0.936
840,6,0,29.095,338.952,0.696,394,4.979,75.604,0.557,0.938
841,5,0,29.0,338.952,0.697,397,4.892,76.334,0.564,0.942
842,7,0,29.476,338.952,0.702,400,4.624,77.368,0.569,0.953
843,5,0,30.048,339.333,0.697,401,4.622,78.281,0.57,0.961
844,1,0,30.19,339.333,0.69,397,4.698,78.116,0.565,0.96
845,4,0,30.571,339.333,0.69,400,4.479,80.843,0.573,0.968
846,3,0,30.762,335.286,0.684,398,4.617,81.614,0.57,0.968
847,5,0,30.571,335.286,0.682,400,4.583,81.942,0.572,0.968
848,5,0,30.667,335.286,0.68,401,4.518,83.219,0.575,0.97
849,6,0,30.19,335.286,0.686,403,4.435,82.709,0.58,0.967
850,5,0,30.476,336.81,0.695,404,4.247,83.98,0.581,0.97
851,5,0,30.762,336.81,0.703,409,4.04,85.5,0.586,0.975
852,6,0,31.143,336.81,0.712,410,4.004,85.346,0.588,0.978
853,4,0,31.619,336.81,0.712,411,3.858,87.283,0.593,0.982
854,7,0,32.381,335.905,0.719,410,3.787,89.247,0.593,0.986
855,4,0,26.238,348.81,0.577,410,5.033,68.99,0.593,0.914
856,6,0,27.571,348.81,0.6,409,4.665,74.63,0.595,0.943
857,6,0,27.571,348.81,0.623,412,4.575,73.797,0.603,0.948
858,6,0,28.714,348.81,0.638,414,4.436,76.901,0.603,0.963
859,6,0,29.476,348.81,0.643,415,4.116,79.853,0.609,0.973
860,3,0,30.714,348.571,0.675,407,4.225,80.937,0.594,0.977
861,5,0,30.714,348.571,0.677,409,4.132,81.611,0.599,0.978
862,3,0,30.905,348.571,0.689,405,4.173,80.529,0.593,0.978
863,9,0,31.381,348.571,0.693,411,3.919,82.681,0.604,0.984
864,7,0,32.143,348.571,0.708,413,3.748,86.296,0.607,0.988
865,4,0,32.762,348.571,0.707,409,3.752,87.181,0.604,0.989
866,8,0,32.81,348.571,0.725,409,3.737,87.756,0.6,0.989
867,8,0,34.333,349.429,0.737,403,3.614,90.613,0.595,0.992
868,2,0,34.524,349.429,0.74,400,3.613,91.335,0.591,0.992
869,4,0,34.762,349.429,0.746,399,3.682,91.073,0.588,0.993
870,4,0,34.762,349.429,0.751,399,3.694,91.253,0.587,0.993
871,5,0,35.429,349.429,0.753,398,3.579,93.245,0.584,0.994
872,5,0,35.667,349.429,0.751,397,3.601,93.88,0.582,0.994
873,4,0,35.571,349.429,0.748,395,3.724,91.57,0.575,0.993
874,2,0,35.667,349.429,0.75,393,3.722,92.166,0.576,0.993
875,3,0,36.286,349.429,0.753,391,3.712,94.169,0.572,0.994
876,2,0,36.667,349.429,0.752,391,3.671,95.076,0.572,0.995
877,3,0,36.381,349.429,0.753,387,3.728,93.53,0.569,0.994
878,4,0,36.19,348.571,0.747,382,3.802,92.352,0.564,0.993
879,7,0,36.571,348.571,0.752,382,3.823,92.919,0.56,0.994
880,6,0,36.095,348.571,0.746,384,3.837,91.728,0.56,0.993
881,9,0,35.81,348.571,0.747,391,3.759,91.314,0.569,0.993
882,6,0,35.619,348.571,0.746,393,3.733,91.741,0.573,0.993
883,13,0,35.714,348.571,0.742,399,3.649,92.747,0.576,0.993
884,1,0,35.143,348.952,0.739,392,3.775,89.385,0.568,0.991
885,5,0,35.429,348.952,0.739,390,3.788,89.773,0.565,0.992
886,2,0,35.429,348.952,0.738,390,3.733,90.782,0.567,0.992
887,7,0,35.143,348.952,0.742,390,3.771,91.131,0.57,0.991
888,4,0,35.762,347.81,0.756,384,3.819,92.143,0.561,0.992
889,1,0,36.19,347.095,0.761,375,4.024,90.0,0.541,0.991
890,4,0,35.905,347.952,0.76,374,4.066,88.159,0.541,0.99
891,2,0,36.0,347.952,0.758,373,4.031,89.811,0.543,0.99
892,1,0,36.286,347.952,0.758,372,4.018,90.373,0.542,0.991
893,4,0,36.0,347.952,0.763,370,4.209,87.34,0.531,0.989
894,6,0,36.476,347.095,0.765,369,4.242,85.893,0.527,0.99
895,3,0,36.667,347.095,0.762,369,4.155,87.905,0.531,0.991
896,9,0,36.905,349.667,0.757,374,3.905,91.028,0.544,0.993
897,2,0,37.19,349.667,0.761,372,3.967,90.402,0.538,0.993
898,7,0,37.571,349.667,0.764,378,3.666,94.59,0.548,0.994
899,9,0,38.0,349.667,0.784,377,3.605,93.426,0.554,0.996
900,5,0,37.952,349.667,0.782,378,3.629,93.353,0.552,0.995
901,8,0,37.381,349.667,0.783,383,3.685,91.26,0.553,0.995
902,5,0,37.19,349.667,0.776,384,3.718,91.091,0.554,0.994
903,7,0,37.762,349.667,0.777,384,3.791,91.574,0.549,0.995
904,2,0,37.571,349.667,0.778,384,3.818,90.249,0.549,0.995
905,3,0,37.476,349.381,0.779,380,3.859,89.414,0.546,0.994
906,7,0,37.476,349.381,0.778,379,3.882,90.138,0.542,0.994
907,12,0,37.524,349.381,0.774,388,3.867,89.413,0.55,0.995
908,5,0,37.381,349.381,0.772,388,3.917,88.476,0.553,0.995
909,5,0,37.667,349.381,0.775,389,3.768,90.247,0.554,0.995
910,6,0,37.667,349.381,0.775,392,3.559,92.099,0.566,0.996
911,4,0,37.381,349.381,0.774,392,3.537,91.925,0.567,0.996
912,5,0,37.476,349.381,0.779,391,3.517,93.264,0.566,0.996
913,4,0,37.476,349.381,0.772,391,3.601,91.811,0.565,0.996
914,4,0,37.857,349.381,0.775,391,3.61,92.811,0.561,0.996
915,6,0,37.381,349.381,0.773,390,3.738,90.511,0.56,0.995
916,5,0,37.381,349.095,0.774,389,3.617,91.336,0.565,0.995
917,2,0,38.048,349.095,0.774,387,3.551,93.424,0.562,0.996
918,8,0,38.286,349.095,0.773,389,3.63,92.911,0.56,0.996
919,4,0,38.19,349.095,0.773,387,3.773,90.596,0.554,0.996
920,7,0,38.286,349.095,0.776,389,3.749,90.573,0.553,0.996
921,2,0,38.619,349.095,0.778,388,3.767,90.844,0.549,0.996
922,4,0,39.143,349.095,0.778,386,3.761,91.812,0.544,0.996
923,3,0,39.619,349.238,0.78,385,3.741,92.879,0.541,0.997
924,2,0,39.238,349.238,0.779,383,3.738,92.746,0.542,0.996
925,6,0,39.19,349.238,0.771,383,3.656,94.074,0.546,0.997
926,10,0,38.952,349.333,0.771,387,3.542,95.089,0.549,0.996
927,5,0,38.476,349.333,0.771,387,3.602,93.546,0.55,0.996
928,5,0,38.286,350.143,0.776,388,3.685,92.572,0.55,0.996
929,3,0,38.571,350.143,0.779,383,3.799,91.83,0.545,0.996
930,3,0,38.714,350.143,0.779,380,3.889,91.426,0.538,0.996
931,3,0,38.905,350.143,0.781,378,3.916,91.354,0.533,0.995
932,6,0,39.476,350.143,0.793,376,3.845,93.957,0.536,0.996
933,7,0,39.048,350.143,0.798,377,3.837,93.257,0.542,0.996
934,5,0,38.857,350.143,0.795,376,3.684,95.148,0.544,0.996
935,6,0,39.238,350.143,0.8,377,3.626,97.1,0.547,0.997
936,3,0,39.238,350.143,0.802,376,3.682,97.114,0.541,0.996
937,5,0,39.19,350.143,0.799,379,3.532,99.056,0.55,0.997
938,5,0,39.619,350.143,0.797,379,3.493,99.733,0.551,0.997
939,7,0,39.905,350.143,0.799,380,3.431,102.376,0.556,0.998
940,10,0,40.286,349.429,0.802,385,3.058,108.94,0.571,0.998
941,3,0,40.286,349.429,0.807,381,3.093,107.534,0.568,0.998
942,6,0,40.095,349.429,0.803,384,3.087,107.865,0.57,0.998
943,5,0,39.905,349.429,0.802,387,3.138,106.83,0.572,0.998
944,4,0,39.714,349.429,0.797,384,3.246,105.252,0.563,0.998
945,3,0,39.714,349.429,0.794,383,3.283,104.431,0.56,0.998
946,3,0,40.0,349.429,0.794,377,3.513,101.107,0.551,0.997
947,5,0,40.333,349.429,0.795,379,3.429,103.109,0.557,0.998
948,5,0,40.429,349.429,0.793,379,3.369,104.113,0.56,0.998
949,1,0,39.952,349.429,0.792,375,3.487,102.658,0.555,0.998
950,4,0,40.429,349.429,0.795,375,3.402,104.073,0.558,0.998
951,6,0,40.048,349.429,0.807,378,3.306,103.875,0.565,0.998
952,5,0,40.048,349.429,0.81,375,3.163,105.028,0.567,0.998
953,3,0,40.048,349.429,0.808,374,3.154,105.07,0.569,0.998
954,9,0,25.429,346.19,0.657,377,5.245,65.72,0.564,0.843
955,1,0,25.476,346.19,0.665,371,5.544,63.528,0.556,0.831
956,6,0,25.619,347.571,0.666,376,5.466,64.353,0.559,0.843
957,2,0,26.333,347.571,0.671,372,5.378,65.79,0.551,0.856
958,6,0,27.19,347.571,0.67,372,5.248,67.968,0.551,0.886
959,5,0,27.81,347.571,0.666,372,5.028,70.433,0.552,0.905
960,5,0,27.714,347.571,0.666,374,5.026,70.554,0.556,0.907
961,2,0,28.0,347.619,0.67,372,5.04,71.076,0.551,0.909
962,5,0,28.286,347.619,0.681,371,5.051,71.796,0.551,0.915
963,4,0,28.476,347.619,0.683,368,5.118,70.7,0.549,0.918
964,7,0,28.286,347.619,0.686,371,5.081,70.469,0.552,0.917
965,9,0,28.19,347.619,0.682,376,4.976,70.16,0.556,0.918
966,3,0,28.286,347.619,0.686,377,4.967,70.647,0.558,0.923
967,5,0,28.476,346.381,0.701,377,4.816,72.239,0.557,0.926
968,4,0,28.762,346.381,0.699,377,4.915,72.95,0.553,0.928
969,1,0,29.429,346.381,0.703,373,5.052,72.213,0.546,0.935
970,12,0,30.286,346.381,0.708,379,4.782,75.696,0.55,0.952
971,1,0,30.476,346.381,0.714,373,4.971,74.223,0.54,0.948
972,5,0,30.762,346.381,0.722,373,4.935,75.104,0.541,0.952
973,10,0,30.714,346.571,0.724,378,4.825,75.069,0.544,0.954
974,6,0,30.952,345.0,0.734,380,4.652,77.132,0.545,0.957
975,7,0,31.238,345.0,0.73,383,4.465,80.001,0.552,0.965
976,5,0,31.619,345.0,0.729,385,4.184,83.421,0.56,0.972
977,5,0,32.143,344.714,0.736,383,4.13,84.552,0.56,0.976
978,4,0,31.571,344.714,0.732,380,4.321,82.307,0.556,0.969
979,8,0,32.81,344.714,0.723,380,4.024,87.046,0.557,0.979
980,3,0,33.095,341.476,0.729,374,4.148,85.127,0.549,0.978
981,2,0,33.286,341.476,0.731,373,4.183,85.594,0.544,0.978
982,7,0,34.143,341.476,0.745,371,4.301,84.789,0.537,0.982
983,5,0,34.524,341.476,0.744,374,4.28,85.47,0.539,0.984
984,4,0,34.667,341.476,0.749,371,4.33,85.17,0.534,0.984
985,6,0,34.381,341.476,0.747,374,4.337,84.903,0.535,0.982
986,1,0,34.476,341.476,0.75,368,4.429,84.081,0.526,0.981
987,3,0,34.476,341.476,0.751,366,4.483,83.68,0.525,0.98
988,7,0,34.286,341.476,0.754,367,4.434,84.418,0.531,0.981
989,4,0,35.048,341.476,0.755,368,4.305,87.216,0.53,0.984
990,6,0,34.952,341.476,0.758,366,4.324,87.848,0.525,0.983
991,5,0,35.143,341.667,0.756,367,4.345,88.172,0.526,0.984
992,2,0,35.143,341.667,0.758,365,4.38,88.143,0.523,0.983
993,1,0,35.238,341.667,0.757,362,4.367,88.577,0.522,0.984
994,4,0,35.333,341.667,0.757,363,4.302,90.51,0.521,0.984
995,8,0,34.667,341.667,0.754,365,4.339,89.123,0.524,0.981
996,2,0,35.381,341.667,0.755,360,4.409,89.03,0.512,0.982
997,3,0,35.19,341.81,0.755,361,4.396,88.68,0.514,0.981
998,9,0,34.905,341.81,0.757,367,4.222,90.869,0.526,0.983
999,5,0,35.571,341.81,0.76,367,4.171,91.689,0.526,0.986
1000,0,0,35.667,341.81,0.764,361,4.265,90.348,0.519,0.985
