1,4,0,0.349,1.372,0.0,4,347.942,0.0,0.005,0.044
2,6,0,0.744,2.86,0.001,10,325.021,0.06,0.009,0.025
3,8,0,1.023,5.814,0.003,18,316.056,0.222,0.016,0.023
4,4,0,1.209,7.372,0.004,21,297.108,0.383,0.019,0.014
5,6,0,1.488,10.233,0.008,27,269.343,0.792,0.024,0.006
6,4,0,1.674,12.535,0.011,31,256.104,1.175,0.027,0.005
7,8,0,2.698,16.814,0.017,38,189.665,2.767,0.034,0.001
8,10,0,3.209,22.884,0.026,47,168.21,4.773,0.043,0.001
9,8,0,3.767,27.023,0.032,54,151.199,6.61,0.05,0.0
10,3,0,3.674,27.791,0.034,55,155.758,6.913,0.049,0.0
11,6,0,3.907,31.791,0.044,59,152.367,7.037,0.051,0.0
12,8,0,4.186,35.698,0.05,66,138.168,8.832,0.057,0.0
13,6,0,4.605,39.209,0.06,69,119.714,9.937,0.058,0.0
14,3,0,4.744,39.744,0.06,72,117.734,10.506,0.059,0.0
15,2,0,4.837,40.372,0.062,73,117.034,10.61,0.06,0.0
16,8,0,4.977,43.488,0.064,81,111.905,12.506,0.067,0.0
17,6,0,5.023,45.047,0.063,87,108.809,13.848,0.072,0.0
18,7,0,5.279,45.628,0.065,91,106.021,15.416,0.072,0.0
19,2,0,5.372,47.047,0.069,91,104.598,14.786,0.072,0.0
20,7,0,5.651,49.744,0.071,97,98.801,17.666,0.078,0.0
21,5,0,6.07,55.977,0.085,101,92.909,20.368,0.085,0.0
22,9,0,6.628,62.698,0.095,109,83.659,24.077,0.095,0.0
23,13,0,7.14,69.116,0.105,121,74.019,28.298,0.106,0.0
24,7,0,7.14,69.93,0.104,128,73.645,29.803,0.109,0.0
25,4,0,7.279,70.558,0.103,130,73.159,30.226,0.111,0.0
26,10,0,7.977,80.047,0.121,137,67.092,38.342,0.124,0.0
27,4,0,8.233,82.233,0.125,139,64.121,40.161,0.128,0.0
28,7,0,8.326,87.791,0.137,143,60.527,43.269,0.132,0.0
29,7,0,8.512,88.233,0.135,149,59.455,44.62,0.136,0.0
30,9,0,8.837,92.372,0.141,156,57.006,48.298,0.143,0.0
31,8,0,8.814,95.651,0.148,162,57.298,49.158,0.147,0.0
32,6,0,9.233,98.767,0.15,168,53.497,54.897,0.155,0.0
33,1,0,9.372,98.767,0.154,166,53.241,54.254,0.152,0.0
34,7,0,10.023,105.07,0.169,169,50.169,63.507,0.158,0.0
35,5,0,10.395,109.047,0.176,174,46.503,69.277,0.164,0.001
36,4,0,10.535,109.86,0.177,176,46.286,71.894,0.165,0.001
37,5,0,10.953,112.977,0.184,179,44.778,75.196,0.169,0.001
38,5,0,10.977,113.0,0.182,183,45.407,75.316,0.171,0.001
39,6,0,11.349,117.093,0.191,187,44.005,79.165,0.175,0.001
40,6,0,11.535,116.558,0.187,192,44.726,83.123,0.179,0.001
41,3,0,11.628,116.395,0.187,191,44.96,83.727,0.179,0.001
42,6,0,11.767,119.163,0.196,194,46.351,82.966,0.18,0.001
43,2,0,11.767,119.279,0.197,195,46.433,81.867,0.179,0.001
44,5,0,11.791,120.605,0.195,198,44.289,85.278,0.184,0.001
45,7,0,12.163,123.721,0.201,202,43.272,90.875,0.188,0.001
46,6,0,12.814,123.0,0.2,203,42.392,96.835,0.188,0.001
47,7,0,13.0,123.535,0.2,208,42.191,100.137,0.189,0.001
48,6,0,13.116,125.302,0.206,210,42.069,103.478,0.191,0.002
49,6,0,13.326,125.86,0.205,215,41.472,105.983,0.194,0.002
50,7,0,13.372,129.814,0.214,221,41.02,106.849,0.199,0.002
51,9,0,13.744,133.023,0.218,227,44.949,114.516,0.207,0.003
52,8,0,13.698,133.721,0.22,230,44.928,112.145,0.208,0.003
53,7,0,14.023,136.814,0.229,233,43.732,114.994,0.212,0.003
54,3,0,13.884,134.93,0.224,234,43.981,113.857,0.21,0.003
55,4,0,14.209,138.488,0.235,233,43.032,119.511,0.213,0.003
56,9,0,14.535,143.791,0.246,239,41.522,127.328,0.22,0.004
57,6,0,15.14,150.791,0.265,243,40.203,134.941,0.227,0.005
58,9,0,15.535,159.814,0.289,248,33.497,144.757,0.234,0.005
59,4,0,15.814,160.0,0.285,250,32.684,149.668,0.238,0.005
60,9,0,15.628,160.884,0.283,256,32.611,149.203,0.244,0.005
61,4,0,15.349,161.326,0.292,253,33.28,141.689,0.238,0.005
62,4,0,15.395,161.907,0.293,255,33.104,142.813,0.239,0.005
63,7,0,15.558,164.674,0.302,256,32.804,149.219,0.243,0.005
64,8,0,15.651,164.791,0.303,259,32.379,149.47,0.242,0.005
65,4,0,15.698,164.907,0.302,260,32.39,149.283,0.244,0.006
66,10,0,15.628,166.302,0.303,267,32.366,150.866,0.249,0.006
67,5,0,16.0,173.023,0.323,269,30.62,155.843,0.253,0.007
68,8,0,16.279,176.116,0.329,276,29.667,162.695,0.26,0.008
69,8,0,16.419,176.767,0.326,282,29.101,171.67,0.266,0.009
70,7,0,16.465,180.0,0.333,288,28.047,174.862,0.27,0.009
71,7,0,16.581,180.674,0.334,293,27.956,176.804,0.273,0.01
72,3,0,17.186,182.605,0.341,291,27.324,180.57,0.274,0.012
73,9,0,17.558,189.163,0.359,300,26.571,190.211,0.281,0.014
74,1,0,17.884,188.977,0.362,298,26.228,192.8,0.279,0.015
75,4,0,17.814,188.977,0.363,297,26.439,188.232,0.276,0.014
76,5,0,17.953,189.907,0.365,299,25.814,191.95,0.278,0.015
77,11,0,18.093,191.07,0.365,307,25.503,199.329,0.285,0.017
78,4,0,18.372,192.651,0.372,306,25.107,202.072,0.284,0.018
79,9,0,19.047,206.465,0.417,314,22.432,219.054,0.291,0.022
80,4,0,19.0,206.488,0.416,318,22.414,219.216,0.292,0.022
81,6,0,18.953,207.209,0.414,321,22.085,222.83,0.296,0.023
82,8,0,19.07,207.488,0.413,328,22.23,227.577,0.299,0.025
83,11,0,19.372,209.698,0.416,334,21.456,235.947,0.305,0.03
84,3,0,19.698,209.698,0.419,333,21.426,240.686,0.303,0.031
85,6,0,19.884,210.744,0.424,335,21.257,238.211,0.302,0.033
86,2,0,20.209,211.953,0.427,336,20.898,243.578,0.302,0.036
87,10,0,20.349,217.326,0.443,342,20.389,252.434,0.31,0.041
88,6,0,21.0,218.628,0.443,346,19.838,266.545,0.317,0.054
89,2,0,21.116,222.977,0.461,339,19.736,264.143,0.313,0.053
90,7,0,21.349,225.698,0.467,342,18.905,275.199,0.319,0.06
91,5,0,21.349,227.512,0.472,345,17.043,279.366,0.321,0.058
92,6,0,21.372,230.814,0.486,347,16.827,283.699,0.324,0.06
93,4,0,21.372,230.814,0.487,349,16.791,283.216,0.324,0.06
94,7,0,21.605,234.0,0.497,352,16.524,285.457,0.326,0.066
95,7,0,21.744,236.209,0.504,354,16.241,290.616,0.33,0.072
96,6,0,21.93,236.047,0.504,353,16.273,291.6,0.329,0.075
97,12,0,22.488,243.093,0.524,361,15.577,303.977,0.342,0.102
98,4,0,22.488,241.326,0.519,361,15.724,300.77,0.339,0.099
99,8,0,22.977,241.326,0.513,366,15.18,314.874,0.346,0.123
100,5,0,22.884,242.047,0.519,365,15.492,311.703,0.343,0.115
101,6,0,23.116,246.302,0.528,363,15.448,312.831,0.339,0.117
102,7,0,23.116,246.372,0.527,366,15.322,313.172,0.34,0.118
103,7,0,23.349,248.233,0.531,369,15.022,316.609,0.344,0.131
104,6,0,23.581,247.395,0.53,369,14.916,319.206,0.342,0.136
105,7,0,23.581,247.395,0.528,374,14.894,318.76,0.345,0.141
106,6,0,23.721,247.581,0.528,375,14.776,326.454,0.347,0.149
107,4,0,23.767,249.977,0.539,375,14.772,325.903,0.345,0.148
108,4,0,23.395,249.977,0.541,373,15.179,317.624,0.343,0.133
109,2,0,24.093,249.977,0.545,367,15.083,321.145,0.339,0.15
110,9,0,24.605,256.395,0.574,368,14.839,332.517,0.344,0.183
111,3,0,24.419,256.395,0.574,367,14.897,331.506,0.345,0.175
112,6,0,24.767,256.884,0.578,365,14.529,335.622,0.343,0.187
113,4,0,24.86,259.372,0.586,365,14.441,336.085,0.345,0.194
114,10,0,24.767,264.651,0.599,373,14.268,344.777,0.353,0.207
115,7,0,24.953,272.372,0.615,376,12.939,357.318,0.361,0.23
116,5,0,25.047,271.488,0.61,378,12.876,359.735,0.363,0.241
117,4,0,25.233,271.488,0.611,378,12.653,364.022,0.363,0.25
118,4,0,25.14,271.395,0.609,379,12.669,366.34,0.365,0.251
119,8,0,25.419,271.884,0.609,384,11.985,382.385,0.372,0.283
120,2,0,25.605,271.884,0.612,382,11.631,381.79,0.369,0.285
121,4,0,25.884,272.14,0.613,384,11.51,387.845,0.37,0.302
122,7,0,25.977,273.721,0.622,388,11.319,393.735,0.376,0.327
123,6,0,25.93,273.721,0.621,391,11.096,401.713,0.382,0.343
124,6,0,25.93,276.419,0.63,394,10.946,406.114,0.387,0.358
125,4,0,26.163,276.535,0.633,394,10.997,408.967,0.383,0.362
126,6,0,26.256,276.535,0.633,396,10.983,408.763,0.383,0.367
127,3,0,26.256,277.488,0.64,397,11.066,405.142,0.381,0.36
128,9,0,26.302,281.14,0.647,401,10.945,408.807,0.383,0.37
129,9,0,26.302,283.209,0.654,403,10.842,410.376,0.387,0.384
130,5,0,26.349,283.395,0.654,405,10.729,414.339,0.39,0.396
131,4,0,26.674,289.907,0.682,402,10.789,417.91,0.388,0.414
132,5,0,26.628,290.419,0.682,402,10.711,415.913,0.389,0.416
133,5,0,27.279,290.605,0.681,397,10.668,422.687,0.384,0.445
134,6,0,27.419,290.163,0.68,401,10.599,426.315,0.386,0.462
135,5,0,27.372,290.442,0.68,402,10.564,425.609,0.386,0.459
136,6,0,27.628,292.349,0.692,404,10.536,427.534,0.388,0.485
137,6,0,27.721,293.744,0.702,405,10.434,428.191,0.39,0.502
138,3,0,27.698,294.605,0.713,399,11.167,416.135,0.384,0.483
139,6,0,27.349,294.605,0.711,394,11.341,410.881,0.381,0.445
140,3,0,27.442,294.233,0.711,393,11.411,409.198,0.379,0.445
141,9,0,27.07,297.302,0.718,399,11.325,411.513,0.385,0.438
142,4,0,27.186,297.674,0.72,397,11.302,415.618,0.386,0.45
143,7,0,27.419,299.605,0.715,401,11.095,423.626,0.392,0.489
144,3,0,27.465,300.023,0.717,403,11.057,424.579,0.391,0.49
145,5,0,27.419,301.767,0.722,401,11.346,421.99,0.389,0.482
146,12,0,28.047,306.581,0.725,406,11.092,439.143,0.399,0.564
147,6,0,28.233,308.814,0.733,408,10.855,448.676,0.403,0.591
148,8,0,28.419,317.395,0.731,413,11.227,449.914,0.41,0.633
149,7,0,28.512,317.558,0.724,417,10.911,462.85,0.419,0.666
150,3,0,28.651,317.558,0.725,419,10.826,469.196,0.421,0.684
151,5,0,29.0,318.581,0.725,418,10.309,473.477,0.421,0.702
152,10,0,29.512,320.395,0.731,421,10.077,487.102,0.425,0.744
153,3,0,29.465,320.674,0.732,422,10.13,483.511,0.424,0.739
154,6,0,29.651,319.814,0.735,424,10.044,491.212,0.426,0.755
155,5,0,29.744,319.814,0.734,423,9.894,488.218,0.429,0.768
156,3,0,30.465,319.651,0.728,421,9.549,497.441,0.427,0.797
157,6,0,30.349,320.14,0.729,423,9.697,492.448,0.425,0.788
158,6,0,30.442,320.14,0.732,424,9.754,491.623,0.422,0.785
159,6,0,30.674,321.395,0.726,429,9.662,501.652,0.428,0.812
160,9,0,30.814,321.512,0.721,435,9.6,503.242,0.431,0.825
161,8,0,31.047,321.442,0.72,437,9.515,509.4,0.433,0.839
162,5,0,31.372,324.93,0.721,434,9.611,512.535,0.431,0.849
163,11,0,31.791,324.93,0.725,442,9.437,525.362,0.438,0.875
164,8,0,32.023,324.93,0.727,444,9.434,527.644,0.436,0.88
165,4,0,32.07,324.93,0.724,445,9.411,527.479,0.436,0.881
166,4,0,31.93,324.93,0.726,442,9.44,523.515,0.434,0.874
167,7,0,31.837,325.047,0.724,448,9.363,527.832,0.439,0.878
168,2,0,31.837,325.047,0.725,448,9.426,526.374,0.437,0.875
169,6,0,31.86,320.698,0.716,450,10.341,523.266,0.437,0.88
170,9,0,31.628,320.767,0.714,457,10.263,528.22,0.442,0.88
171,7,0,31.558,322.372,0.714,460,10.293,526.323,0.443,0.879
172,5,0,31.977,325.209,0.718,461,9.958,538.308,0.446,0.896
173,6,0,32.116,325.86,0.719,465,9.801,547.483,0.452,0.907
174,5,0,32.349,325.86,0.72,463,8.936,548.742,0.451,0.909
175,5,0,32.674,326.047,0.72,461,9.038,550.188,0.446,0.912
176,4,0,32.907,326.047,0.723,460,9.108,550.975,0.445,0.917
177,5,0,32.814,326.628,0.724,462,9.121,552.274,0.448,0.917
178,1,0,32.698,326.628,0.726,458,9.188,546.787,0.444,0.91
179,3,0,32.791,326.628,0.726,457,9.171,548.148,0.445,0.914
180,6,0,33.163,326.953,0.726,460,9.141,560.185,0.448,0.925
181,2,0,33.465,326.953,0.726,456,9.157,559.618,0.446,0.93
182,4,0,21.558,318.628,0.618,456,12.051,365.737,0.451,0.277
183,4,0,21.837,318.628,0.619,458,11.983,369.092,0.452,0.297
184,7,0,22.302,318.628,0.622,460,11.87,377.342,0.453,0.329
185,4,0,22.349,318.628,0.62,460,11.808,379.349,0.454,0.335
186,5,0,23.0,318.442,0.625,456,12.088,384.137,0.448,0.364
187,3,0,23.605,320.093,0.63,453,11.913,395.879,0.445,0.398
188,6,0,23.977,326.163,0.639,454,11.687,406.501,0.447,0.43
189,4,0,24.535,326.163,0.644,448,11.738,411.057,0.44,0.449
190,6,0,24.302,326.395,0.644,452,11.635,407.209,0.445,0.448
191,7,0,24.907,326.209,0.647,454,11.433,415.744,0.442,0.482
192,11,0,25.14,325.605,0.658,460,11.01,425.72,0.449,0.521
193,11,0,25.744,335.512,0.656,467,10.492,455.659,0.459,0.599
194,7,0,25.953,335.698,0.654,469,10.257,458.85,0.46,0.617
195,8,0,26.558,335.698,0.664,471,10.234,469.161,0.454,0.64
196,5,0,26.721,335.698,0.666,471,10.314,469.699,0.448,0.633
197,5,0,27.186,335.698,0.669,472,10.192,482.771,0.451,0.676
198,7,0,27.535,335.698,0.671,470,10.159,490.167,0.451,0.697
199,10,0,27.953,337.884,0.676,476,9.998,496.66,0.455,0.736
200,6,0,27.953,331.605,0.678,478,10.075,499.197,0.457,0.741
201,13,0,28.233,333.14,0.689,483,10.191,517.09,0.459,0.765
202,5,0,28.395,334.837,0.692,488,10.044,528.076,0.463,0.783
203,2,0,28.628,334.837,0.694,484,9.982,529.757,0.462,0.791
204,11,0,28.884,337.163,0.692,492,9.735,544.321,0.471,0.824
205,1,0,28.884,337.163,0.692,489,9.829,542.273,0.469,0.82
206,8,0,28.907,337.163,0.696,489,9.842,544.003,0.469,0.82
207,4,0,28.86,336.628,0.695,486,11.531,536.885,0.465,0.817
208,5,0,28.977,336.884,0.695,486,11.456,545.759,0.469,0.831
209,3,0,29.256,336.884,0.698,483,11.473,545.096,0.466,0.838
210,6,0,29.442,338.419,0.705,485,11.385,549.853,0.468,0.849
211,5,0,21.07,327.767,0.613,489,11.944,367.511,0.458,0.267
212,1,0,21.302,327.767,0.621,487,11.901,367.987,0.456,0.274
213,8,0,21.767,327.767,0.627,494,11.525,378.015,0.46,0.315
214,3,0,22.047,327.767,0.631,494,11.568,378.349,0.458,0.327
215,4,0,22.233,327.767,0.631,492,11.613,377.317,0.454,0.326
216,8,0,22.907,330.395,0.64,497,11.055,393.325,0.462,0.398
217,5,0,23.256,330.698,0.643,493,10.667,397.044,0.458,0.407
218,6,0,23.535,330.698,0.641,493,10.626,404.924,0.456,0.422
219,5,0,18.535,327.837,0.539,491,13.492,330.539,0.456,0.144
220,4,0,19.442,327.302,0.549,485,13.25,345.228,0.448,0.165
221,6,0,20.093,335.023,0.557,483,12.808,357.659,0.449,0.193
222,4,0,20.791,335.023,0.567,479,12.401,361.413,0.441,0.208
223,5,0,20.791,335.023,0.572,480,12.38,362.806,0.44,0.205
224,5,0,20.884,335.023,0.572,483,11.959,368.682,0.447,0.225
225,5,0,21.302,335.047,0.575,480,11.917,372.645,0.444,0.24
226,7,0,22.0,335.047,0.585,483,11.604,392.472,0.448,0.292
227,5,0,22.419,335.047,0.582,483,11.505,401.365,0.448,0.318
228,10,0,23.163,334.767,0.598,485,11.207,415.752,0.451,0.379
229,3,0,23.535,334.767,0.603,482,11.201,422.686,0.448,0.395
230,6,0,23.86,334.767,0.615,484,11.005,432.24,0.45,0.426
231,3,0,24.0,334.814,0.621,486,10.887,438.146,0.452,0.442
232,7,0,24.14,334.814,0.621,487,10.669,443.809,0.455,0.462
233,5,0,24.395,334.814,0.632,484,10.465,440.766,0.455,0.481
234,3,0,24.907,334.814,0.636,484,10.349,453.974,0.457,0.527
235,6,0,21.093,339.791,0.55,481,11.675,372.046,0.457,0.263
236,5,0,21.326,339.791,0.559,482,11.571,379.506,0.458,0.278
237,1,0,21.721,339.791,0.564,477,12.022,380.259,0.454,0.296
238,6,0,22.442,339.721,0.573,469,11.655,382.847,0.446,0.315
239,6,0,22.535,339.721,0.57,474,11.443,387.875,0.45,0.332
240,11,0,22.93,340.07,0.569,478,10.792,397.286,0.453,0.366
241,6,0,23.395,340.07,0.581,479,10.623,413.873,0.456,0.412
242,6,0,23.651,340.07,0.587,483,10.612,417.122,0.457,0.433
243,7,0,24.023,340.07,0.607,485,10.404,427.328,0.461,0.475
244,3,0,24.605,340.07,0.606,483,10.337,437.837,0.457,0.505
245,7,0,25.093,340.07,0.637,485,10.115,445.019,0.46,0.554
246,4,0,25.14,339.953,0.639,483,10.165,440.725,0.458,0.548
247,5,0,25.233,339.953,0.646,485,10.115,446.199,0.461,0.564
248,6,0,25.651,339.953,0.669,482,10.096,452.229,0.456,0.58
249,6,0,26.023,339.628,0.68,484,10.513,456.273,0.458,0.619
250,5,0,22.605,340.837,0.585,484,10.203,410.5,0.454,0.343
251,6,0,23.07,340.837,0.591,483,10.135,420.53,0.452,0.368
252,5,0,23.86,335.0,0.598,476,9.836,423.189,0.447,0.405
253,7,0,24.047,335.0,0.601,477,9.827,424.394,0.446,0.418
254,1,0,24.279,335.0,0.604,474,9.889,425.958,0.443,0.423
255,5,0,24.372,335.0,0.609,474,9.836,427.09,0.443,0.431
256,2,0,24.884,332.651,0.609,468,10.271,429.61,0.435,0.444
257,6,0,25.395,332.651,0.614,469,10.112,440.567,0.437,0.491
258,3,0,26.14,332.651,0.63,461,10.097,448.366,0.43,0.521
259,5,0,26.326,332.651,0.637,460,10.197,447.49,0.428,0.53
260,6,0,26.698,331.651,0.638,461,10.108,454.662,0.432,0.573
261,4,0,26.372,331.093,0.635,458,10.713,442.018,0.428,0.539
262,7,0,26.558,331.093,0.641,458,10.734,448.977,0.429,0.555
263,3,0,26.791,331.186,0.643,457,10.743,449.581,0.426,0.562
264,6,0,27.14,331.977,0.641,460,10.25,453.461,0.429,0.598
265,10,0,26.814,332.07,0.638,466,10.157,452.936,0.434,0.589
266,9,0,26.721,332.07,0.636,469,10.058,456.013,0.438,0.596
267,3,0,27.0,332.07,0.639,464,10.097,453.972,0.433,0.599
268,9,0,26.93,332.395,0.652,466,9.749,458.627,0.437,0.607
269,5,0,27.209,332.442,0.656,465,9.777,456.132,0.432,0.608
270,5,0,27.442,332.442,0.659,461,10.048,456.281,0.423,0.596
271,9,0,27.884,332.558,0.666,465,9.883,462.636,0.427,0.64
272,6,0,28.07,332.558,0.677,471,9.674,474.685,0.434,0.676
273,2,0,28.512,332.186,0.681,466,9.763,473.335,0.427,0.686
274,6,0,28.651,332.186,0.679,470,9.661,480.841,0.431,0.706
275,6,0,28.791,332.186,0.677,471,9.643,484.84,0.433,0.721
276,8,0,29.256,333.186,0.687,471,9.435,493.073,0.433,0.747
277,5,0,29.488,333.186,0.687,473,9.362,498.737,0.434,0.764
278,7,0,29.977,334.674,0.693,471,9.371,499.909,0.429,0.777
279,6,0,29.977,335.023,0.69,475,9.329,499.308,0.431,0.781
280,6,0,29.93,335.86,0.692,480,9.381,506.302,0.438,0.797
281,6,0,30.0,335.93,0.693,481,9.386,510.8,0.442,0.809
282,3,0,30.233,335.907,0.696,478,9.274,509.374,0.439,0.814
283,9,0,30.605,335.907,0.702,481,9.184,513.764,0.44,0.832
284,5,0,31.07,335.907,0.7,482,9.076,524.58,0.441,0.853
285,5,0,30.767,335.907,0.699,479,8.944,515.289,0.438,0.835
286,10,0,31.116,337.163,0.712,483,8.465,536.126,0.449,0.867
287,6,0,31.163,337.093,0.71,485,8.352,533.666,0.453,0.875
288,6,0,23.326,336.767,0.604,486,10.369,397.145,0.457,0.405
289,5,0,23.721,338.535,0.621,488,10.192,405.803,0.459,0.442
290,6,0,23.884,340.628,0.626,489,10.081,408.22,0.458,0.448
291,6,0,23.977,340.628,0.624,494,9.958,410.832,0.462,0.472
292,6,0,24.07,345.884,0.63,494,9.943,408.786,0.464,0.484
293,7,0,24.442,346.116,0.643,494,9.699,419.047,0.467,0.524
294,6,0,24.628,346.116,0.641,492,9.76,418.752,0.464,0.528
295,9,0,24.767,346.116,0.65,497,9.594,430.404,0.469,0.556
296,7,0,25.465,346.116,0.664,498,9.388,447.187,0.471,0.613
297,7,0,26.442,346.116,0.671,495,9.147,469.619,0.467,0.669
298,5,0,26.791,345.698,0.683,490,8.744,470.326,0.464,0.678
299,2,0,27.163,345.698,0.686,487,8.803,472.019,0.461,0.694
300,8,0,27.535,345.86,0.701,490,8.657,481.7,0.466,0.733
301,8,0,28.07,345.86,0.717,493,8.411,501.988,0.473,0.782
302,8,0,28.628,344.488,0.719,497,8.228,518.292,0.474,0.81
303,6,0,28.581,344.488,0.725,501,8.098,522.326,0.477,0.816
304,4,0,28.721,344.419,0.732,497,8.274,521.782,0.471,0.809
305,8,0,23.279,335.581,0.623,503,9.992,409.805,0.474,0.46
306,2,0,23.488,335.581,0.625,500,10.027,408.162,0.468,0.458
307,3,0,23.814,335.395,0.632,497,10.173,410.838,0.463,0.463
308,5,0,24.326,335.581,0.633,498,9.955,419.944,0.462,0.497
309,7,0,24.86,335.465,0.628,495,9.911,425.009,0.461,0.537
310,5,0,24.907,335.465,0.629,497,9.975,424.822,0.46,0.537
311,7,0,25.233,335.279,0.629,499,9.858,435.153,0.461,0.563
312,4,0,25.791,335.767,0.627,500,9.666,444.383,0.464,0.616
313,5,0,26.047,335.791,0.629,498,9.666,446.631,0.463,0.63
314,7,0,26.349,335.791,0.635,501,9.509,458.888,0.467,0.664
315,6,0,26.628,333.326,0.652,497,9.67,464.659,0.462,0.669
316,4,0,26.535,333.326,0.655,495,9.866,458.979,0.458,0.649
317,6,0,26.674,333.442,0.65,495,9.612,465.7,0.459,0.662
318,4,0,26.814,333.628,0.655,495,9.579,468.171,0.46,0.674
319,3,0,27.047,334.86,0.666,492,9.137,477.669,0.46,0.685
320,3,0,26.907,334.86,0.674,491,9.26,468.296,0.457,0.669
321,9,0,27.326,334.953,0.675,496,9.485,474.202,0.46,0.707
322,5,0,27.698,338.442,0.677,497,9.42,480.75,0.46,0.729
323,5,0,27.791,338.442,0.676,493,9.339,482.234,0.46,0.735
324,5,0,27.977,338.233,0.686,490,9.593,484.391,0.454,0.732
325,6,0,28.163,338.256,0.686,491,9.557,487.324,0.454,0.743
326,5,0,28.372,338.256,0.689,491,9.576,491.342,0.453,0.752
327,0,0,28.326,333.721,0.688,487,9.62,491.422,0.451,0.743
328,7,0,28.558,332.581,0.692,487,9.572,492.689,0.451,0.758
329,3,0,28.326,329.093,0.692,485,9.455,484.456,0.451,0.742
330,4,0,28.698,327.326,0.693,482,10.132,478.534,0.442,0.745
331,3,0,28.884,329.0,0.697,480,10.112,478.929,0.441,0.751
332,7,0,29.023,330.116,0.695,485,9.495,488.125,0.446,0.77
333,8,0,28.977,333.93,0.696,484,9.524,481.708,0.444,0.761
334,8,0,29.14,333.93,0.703,487,9.369,484.287,0.447,0.779
335,5,0,29.372,335.535,0.705,487,9.516,491.601,0.448,0.793
336,7,0,29.605,335.535,0.705,486,9.597,496.577,0.445,0.799
337,2,0,30.023,335.535,0.702,483,9.55,505.682,0.442,0.812
338,8,0,30.907,335.977,0.699,483,9.247,525.88,0.448,0.859
339,7,0,30.86,335.977,0.699,484,9.197,528.617,0.447,0.856
340,3,0,31.047,335.977,0.699,482,9.289,521.834,0.441,0.853
341,6,0,30.93,338.93,0.708,483,9.243,522.826,0.443,0.852
342,1,0,30.977,338.93,0.709,483,9.229,523.482,0.443,0.853
343,3,0,31.209,338.93,0.715,480,9.263,522.481,0.438,0.854
344,8,0,31.326,338.93,0.716,484,9.092,531.205,0.443,0.867
345,5,0,31.558,339.047,0.719,483,9.033,538.355,0.443,0.874
346,9,0,31.721,339.767,0.723,484,8.793,546.553,0.446,0.883
347,7,0,31.953,339.767,0.724,485,8.74,554.89,0.448,0.893
348,4,0,32.419,339.767,0.724,485,8.703,563.506,0.447,0.905
349,2,0,32.465,339.488,0.732,481,8.784,557.06,0.444,0.902
350,5,0,32.465,338.442,0.737,479,8.869,550.724,0.44,0.898
351,6,0,32.558,338.907,0.74,478,8.912,552.29,0.438,0.898
352,5,0,32.488,339.0,0.741,479,8.888,547.272,0.441,0.899
353,6,0,32.581,339.0,0.743,480,8.889,548.611,0.441,0.902
354,7,0,32.349,336.605,0.743,480,9.047,538.131,0.438,0.891
355,8,0,32.698,336.605,0.743,477,9.013,542.932,0.437,0.901
356,10,0,24.581,313.674,0.646,483,10.463,425.568,0.449,0.473
357,5,0,24.837,313.698,0.651,482,10.533,424.754,0.444,0.477
358,5,0,25.605,313.698,0.652,479,10.319,426.721,0.44,0.521
359,5,0,25.698,314.86,0.656,483,10.226,433.773,0.445,0.546
360,5,0,26.07,314.86,0.658,482,10.121,439.149,0.445,0.572
361,13,0,26.442,317.163,0.658,489,9.879,455.941,0.45,0.616
362,2,0,26.442,317.163,0.655,489,9.833,458.703,0.452,0.621
363,11,0,26.581,318.86,0.672,497,9.482,473.187,0.461,0.662
364,5,0,19.628,310.0,0.571,495,10.834,358.307,0.465,0.199
365,13,0,20.558,311.721,0.576,502,10.326,385.333,0.473,0.268
366,8,0,21.07,315.977,0.582,505,10.141,390.295,0.473,0.297
367,4,0,21.256,317.605,0.581,506,9.969,392.75,0.472,0.306
368,2,0,21.488,317.605,0.582,504,9.99,396.792,0.471,0.318
369,5,0,21.86,317.674,0.585,503,9.934,402.837,0.469,0.337
370,9,0,22.279,320.186,0.584,507,9.927,415.023,0.47,0.372
371,5,0,22.465,320.512,0.585,508,9.536,416.864,0.469,0.377
372,7,0,22.814,320.93,0.594,507,9.497,415.068,0.467,0.398
373,6,0,23.465,323.116,0.611,508,9.049,435.755,0.469,0.449
374,8,0,23.93,326.186,0.625,511,8.617,451.609,0.473,0.498
375,10,0,24.233,328.047,0.633,515,8.505,454.454,0.476,0.531
376,5,0,24.512,328.093,0.635,516,8.457,457.991,0.477,0.555
377,10,0,24.512,328.209,0.637,518,8.466,450.177,0.474,0.543
378,3,0,24.651,328.209,0.641,513,8.511,454.417,0.468,0.536
379,3,0,25.023,328.209,0.644,512,8.525,462.025,0.464,0.549
380,3,0,25.535,328.209,0.65,510,8.325,475.262,0.467,0.596
381,5,0,25.488,328.163,0.647,510,8.258,476.472,0.468,0.597
382,3,0,25.535,327.953,0.651,506,8.315,475.351,0.465,0.588
383,5,0,25.628,328.047,0.66,506,8.314,478.614,0.464,0.592
384,9,0,25.395,328.279,0.657,513,8.275,477.682,0.468,0.59
385,5,0,25.791,328.186,0.659,512,8.203,487.716,0.468,0.619
386,3,0,25.977,328.186,0.657,513,8.15,494.256,0.47,0.637
387,9,0,26.302,328.721,0.665,516,8.138,500.774,0.473,0.672
388,3,0,26.535,328.791,0.669,513,8.176,504.475,0.471,0.679
389,8,0,27.0,328.721,0.679,516,8.043,519.025,0.47,0.709
390,6,0,19.488,346.767,0.579,517,12.306,351.847,0.471,0.214
391,5,0,20.0,346.884,0.591,517,11.931,363.42,0.472,0.242
392,4,0,20.535,346.884,0.601,514,11.749,374.39,0.471,0.268
393,10,0,21.651,346.884,0.624,512,11.37,394.479,0.471,0.339
394,5,0,22.674,346.884,0.639,511,12.688,416.212,0.47,0.421
395,2,0,23.186,346.884,0.651,508,12.633,426.383,0.468,0.455
396,3,0,23.279,346.884,0.652,503,12.7,424.804,0.466,0.454
397,7,0,23.512,347.0,0.649,508,12.521,430.116,0.47,0.485
398,4,0,23.558,347.0,0.648,507,12.453,432.98,0.471,0.492
399,9,0,24.0,347.0,0.663,507,12.203,441.732,0.476,0.544
400,6,0,24.465,347.0,0.671,508,12.159,452.703,0.474,0.57
401,12,0,25.047,347.0,0.676,513,11.941,469.033,0.481,0.637
402,6,0,25.372,346.465,0.675,513,11.787,486.339,0.486,0.675
403,3,0,25.744,345.907,0.681,513,11.608,494.044,0.487,0.704
404,2,0,26.07,345.907,0.683,512,11.575,494.372,0.485,0.718
405,8,0,20.744,346.907,0.581,516,14.625,386.669,0.5,0.4
406,6,0,21.209,346.907,0.586,516,14.415,401.065,0.502,0.441
407,1,0,21.628,346.907,0.597,506,14.594,407.688,0.492,0.438
408,9,0,22.372,346.721,0.623,512,14.23,429.014,0.5,0.52
409,5,0,22.791,346.721,0.634,512,12.821,439.319,0.501,0.547
410,5,0,22.837,345.465,0.636,514,14.229,444.773,0.503,0.57
411,5,0,23.372,345.628,0.637,512,13.853,457.31,0.505,0.612
412,6,0,23.93,345.628,0.653,514,12.447,478.172,0.508,0.654
413,6,0,23.791,345.628,0.652,515,12.429,472.817,0.508,0.644
414,11,0,19.442,339.535,0.555,522,12.669,400.699,0.52,0.357
415,10,0,20.372,337.86,0.576,528,12.076,424.048,0.524,0.438
416,7,0,21.14,337.86,0.591,528,12.07,437.376,0.518,0.474
417,7,0,21.93,337.86,0.62,526,12.006,454.443,0.514,0.522
418,4,0,22.07,337.86,0.62,528,11.969,454.183,0.513,0.529
419,8,0,23.14,337.698,0.629,529,11.693,469.644,0.512,0.603
420,8,2,23.581,342.837,0.641,528,9.633,484.205,0.514,0.627
421,4,0,23.953,342.837,0.662,530,9.463,491.242,0.516,0.658
422,8,0,24.372,342.837,0.68,533,9.409,500.052,0.518,0.695
423,5,0,20.512,343.558,0.594,530,8.075,413.186,0.515,0.385
424,6,0,20.86,344.116,0.605,533,7.787,421.714,0.522,0.433
425,9,0,21.651,344.116,0.621,539,7.486,440.778,0.526,0.507
426,6,0,21.721,344.465,0.621,540,7.445,445.097,0.523,0.502
427,3,0,21.814,344.465,0.627,543,7.397,449.792,0.525,0.514
428,6,0,22.884,345.395,0.632,541,7.061,474.74,0.523,0.586
429,3,0,23.07,345.395,0.636,537,7.224,475.125,0.519,0.586
430,4,0,22.977,345.395,0.636,540,7.268,476.247,0.519,0.58
431,11,0,19.442,340.977,0.545,548,8.566,376.342,0.526,0.347
432,5,0,20.186,340.977,0.564,548,8.385,390.741,0.525,0.396
433,5,0,20.721,341.163,0.573,548,8.227,399.464,0.524,0.433
434,5,0,20.884,343.302,0.572,551,8.19,401.044,0.526,0.454
435,6,0,21.767,343.302,0.59,552,7.751,422.07,0.529,0.526
436,7,0,22.605,343.302,0.632,552,7.541,443.503,0.529,0.591
437,8,2,23.023,343.302,0.648,555,7.359,455.332,0.533,0.633
438,10,0,23.186,342.558,0.655,563,7.017,468.765,0.542,0.673
439,7,0,23.535,343.14,0.657,565,6.983,475.521,0.54,0.689
440,7,0,24.093,343.163,0.661,563,7.002,479.696,0.535,0.71
441,8,0,24.698,345.047,0.676,564,6.616,497.867,0.538,0.755
442,11,2,24.698,345.047,0.681,572,6.517,505.699,0.543,0.767
443,7,0,24.814,345.047,0.696,576,6.523,507.592,0.547,0.784
444,4,0,25.163,345.047,0.7,576,6.431,515.782,0.55,0.807
445,9,1,25.86,344.977,0.707,572,6.496,529.957,0.544,0.827
446,7,0,26.372,344.977,0.708,570,6.515,543.383,0.543,0.848
447,1,0,26.884,344.977,0.717,567,6.445,556.324,0.541,0.864
448,4,0,28.093,344.977,0.73,558,6.484,577.354,0.531,0.888
449,6,0,28.163,344.93,0.732,558,6.272,586.486,0.534,0.894
450,5,0,28.465,344.93,0.747,558,6.326,591.66,0.532,0.9
451,6,0,22.605,342.302,0.653,553,9.064,447.676,0.515,0.553
452,8,0,23.558,342.372,0.669,554,8.661,472.634,0.521,0.642
453,6,1,23.744,342.372,0.668,558,8.483,480.177,0.526,0.669
454,7,0,24.395,342.419,0.677,557,8.066,495.492,0.525,0.707
455,8,0,21.256,329.558,0.616,561,8.509,432.16,0.535,0.515
456,3,0,21.953,329.14,0.633,556,8.411,447.701,0.529,0.548
457,3,0,22.419,329.14,0.643,549,8.476,459.099,0.527,0.576
458,7,0,22.163,327.674,0.636,551,8.511,461.678,0.528,0.56
459,6,0,22.581,327.767,0.649,555,8.143,480.049,0.532,0.605
460,2,0,23.279,325.349,0.656,549,8.309,486.484,0.523,0.625
461,5,0,23.744,325.349,0.662,547,8.011,501.601,0.519,0.644
462,7,0,24.581,327.791,0.676,550,7.744,524.129,0.52,0.702
463,7,0,24.674,327.791,0.679,552,7.732,529.213,0.521,0.711
464,4,0,24.953,327.791,0.687,552,7.733,537.004,0.52,0.726
465,5,0,25.047,327.488,0.687,551,7.79,536.494,0.515,0.717
466,7,0,20.767,338.698,0.606,554,14.734,436.969,0.512,0.446
467,7,2,21.372,338.698,0.615,552,14.705,447.176,0.511,0.488
468,8,0,21.791,338.86,0.62,555,15.276,452.062,0.512,0.53
469,9,0,22.628,341.07,0.636,556,15.258,460.543,0.511,0.592
470,9,0,23.977,341.07,0.652,556,10.322,494.647,0.51,0.647
471,11,2,24.465,341.07,0.667,557,10.196,502.011,0.51,0.68
472,2,0,25.07,341.07,0.687,552,10.136,513.046,0.507,0.712
473,8,0,25.721,341.279,0.693,555,9.87,528.616,0.508,0.751
474,6,0,20.419,341.023,0.572,559,8.985,414.845,0.516,0.388
475,9,0,21.674,341.023,0.57,558,8.712,441.652,0.513,0.47
476,3,0,22.302,341.023,0.581,553,8.628,455.563,0.511,0.511
477,7,0,22.907,341.256,0.588,555,8.248,468.823,0.514,0.566
478,5,1,23.279,341.256,0.595,557,8.067,479.034,0.516,0.6
479,8,0,23.93,340.977,0.605,558,7.907,487.3,0.515,0.642
480,6,0,24.395,340.977,0.64,562,7.765,496.843,0.517,0.682
481,4,0,24.628,336.047,0.641,559,7.72,503.535,0.516,0.693
482,3,0,25.14,337.093,0.656,558,7.641,511.573,0.515,0.722
483,6,0,25.791,337.86,0.67,554,7.786,530.376,0.513,0.757
484,4,0,21.07,334.767,0.572,556,9.987,424.183,0.514,0.437
485,5,0,21.977,334.767,0.577,554,9.735,444.109,0.512,0.498
486,8,0,22.791,335.977,0.584,557,9.511,465.09,0.512,0.56
487,7,0,23.209,335.977,0.599,557,9.506,473.156,0.511,0.587
488,4,1,23.419,330.884,0.604,553,9.552,476.249,0.506,0.587
489,6,0,23.535,335.047,0.606,553,10.156,486.715,0.507,0.603
490,6,0,24.0,335.047,0.619,556,9.976,502.573,0.512,0.654
491,8,0,24.233,335.047,0.616,560,9.816,506.391,0.512,0.667
492,7,0,24.698,335.047,0.619,557,9.567,516.188,0.507,0.683
493,5,0,20.651,279.209,0.533,555,10.019,422.233,0.518,0.421
494,6,0,21.116,280.023,0.547,555,9.613,433.06,0.515,0.442
495,7,0,22.233,284.488,0.573,554,9.258,450.368,0.515,0.524
496,2,0,22.698,285.558,0.584,552,9.199,462.068,0.513,0.553
497,6,0,23.209,286.302,0.593,553,9.094,472.319,0.513,0.592
498,5,0,23.628,287.953,0.599,550,8.932,482.996,0.512,0.617
499,6,0,24.186,292.698,0.611,552,8.741,498.76,0.516,0.669
500,13,0,25.163,293.628,0.617,555,7.286,521.147,0.517,0.726
501,11,0,25.651,294.14,0.62,560,7.191,529.486,0.519,0.76
502,5,0,26.047,295.907,0.626,561,7.079,538.253,0.521,0.788
503,5,0,26.512,297.163,0.634,558,7.034,549.705,0.519,0.806
504,8,0,26.953,308.791,0.68,561,6.829,573.412,0.53,0.847
505,6,0,27.047,308.093,0.68,562,6.879,568.423,0.527,0.845
506,4,0,27.442,313.837,0.694,563,6.822,583.026,0.53,0.867
507,6,0,27.907,316.93,0.694,561,6.724,590.092,0.53,0.881
508,4,0,28.14,320.302,0.693,560,6.669,599.184,0.531,0.89
509,5,0,28.14,325.837,0.698,558,6.374,605.607,0.529,0.887
510,11,1,28.465,327.163,0.704,561,6.256,616.552,0.533,0.901
511,4,0,28.488,327.349,0.708,560,6.241,616.433,0.534,0.903
512,4,0,28.767,328.953,0.71,562,6.028,629.733,0.538,0.914
513,10,0,20.93,331.279,0.628,563,10.57,446.897,0.539,0.522
514,12,1,21.907,339.86,0.647,571,8.584,475.738,0.548,0.615
515,6,3,22.326,339.86,0.652,567,8.562,483.955,0.546,0.636
516,9,1,22.884,339.721,0.661,570,8.474,498.829,0.547,0.679
517,9,2,23.186,343.116,0.667,570,8.376,496.882,0.547,0.699
518,6,2,23.628,343.116,0.674,563,8.346,499.412,0.54,0.705
519,6,0,24.163,343.116,0.677,565,8.25,510.59,0.54,0.737
520,4,0,24.581,343.116,0.678,557,8.504,512.112,0.531,0.739
521,6,1,24.721,345.744,0.683,556,8.476,509.387,0.532,0.75
522,3,0,25.0,345.744,0.684,555,8.46,512.368,0.532,0.766
523,3,0,25.256,345.744,0.688,551,8.518,513.276,0.526,0.764
524,5,0,19.14,334.791,0.567,552,10.664,373.863,0.531,0.359
525,3,0,19.465,338.233,0.583,553,10.528,380.283,0.531,0.381
526,4,0,19.93,338.233,0.593,550,10.696,385.089,0.525,0.394
527,6,0,20.814,338.326,0.611,548,10.64,402.43,0.518,0.438
528,4,0,20.814,338.326,0.612,544,10.748,402.509,0.514,0.424
529,9,1,21.326,338.233,0.638,548,10.349,420.385,0.521,0.487
530,12,0,21.605,338.674,0.639,552,10.156,428.326,0.525,0.522
531,4,0,22.302,338.674,0.65,551,10.149,442.6,0.521,0.559
532,9,0,22.628,338.674,0.651,557,9.918,454.909,0.525,0.599
533,6,1,23.186,338.674,0.671,558,9.834,467.025,0.526,0.64
534,5,0,23.837,338.674,0.68,557,9.811,475.205,0.521,0.669
535,4,0,24.209,338.674,0.681,556,9.755,484.879,0.52,0.69
536,8,0,25.07,338.674,0.676,554,9.122,498.85,0.517,0.734
537,6,0,25.349,338.674,0.68,553,9.116,504.378,0.515,0.745
538,8,0,25.721,338.674,0.688,557,8.908,514.13,0.52,0.778
539,4,0,25.86,338.674,0.692,557,8.948,512.958,0.514,0.769
540,8,0,26.279,338.674,0.695,560,8.715,520.27,0.517,0.797
541,9,0,26.535,338.674,0.692,564,8.597,528.05,0.521,0.819
542,7,0,27.0,338.837,0.695,561,8.483,539.002,0.521,0.84
543,5,0,27.279,338.837,0.696,564,8.379,547.549,0.525,0.857
544,9,0,22.163,335.814,0.596,569,9.7,456.737,0.536,0.601
545,12,0,23.698,336.0,0.632,570,9.175,487.677,0.533,0.695
546,3,0,24.07,336.0,0.637,570,9.144,489.151,0.53,0.708
547,6,0,24.767,338.837,0.656,572,8.982,505.899,0.534,0.762
548,7,0,25.186,338.977,0.676,574,8.938,519.781,0.535,0.788
549,4,0,25.209,337.395,0.685,574,8.914,514.787,0.532,0.781
550,8,0,25.767,337.395,0.687,576,8.807,523.6,0.532,0.808
551,1,0,26.419,337.535,0.694,568,8.89,530.166,0.523,0.82
552,4,0,22.349,337.558,0.616,566,8.913,434.594,0.523,0.56
553,5,0,23.465,337.884,0.636,560,8.746,458.765,0.518,0.625
554,7,0,24.163,337.884,0.648,559,8.423,479.543,0.521,0.682
555,9,0,24.349,337.558,0.643,563,8.147,492.485,0.528,0.714
556,6,0,24.767,338.419,0.655,563,7.663,506.679,0.528,0.737
557,5,0,20.814,292.14,0.57,564,10.116,406.647,0.535,0.494
558,8,0,21.465,294.233,0.587,567,10.748,422.21,0.539,0.566
559,7,0,22.488,299.907,0.627,565,9.808,447.924,0.539,0.633
560,6,0,22.628,300.605,0.639,566,9.074,452.77,0.539,0.638
561,6,0,23.744,302.837,0.653,567,8.987,472.138,0.539,0.714
562,3,0,24.442,303.674,0.663,562,9.003,485.558,0.535,0.745
563,9,0,24.814,304.116,0.661,564,8.865,487.852,0.539,0.776
564,7,0,25.512,308.884,0.684,565,8.783,502.628,0.538,0.809
565,8,0,26.023,313.814,0.692,564,8.294,516.05,0.534,0.823
566,10,0,20.465,339.372,0.602,566,10.01,414.406,0.531,0.453
567,7,0,20.977,341.488,0.616,570,9.858,429.492,0.533,0.499
568,6,1,21.349,341.488,0.62,568,9.829,434.366,0.533,0.526
569,5,0,21.907,341.488,0.641,569,9.647,450.473,0.535,0.576
570,7,0,22.326,341.488,0.636,573,9.469,456.735,0.537,0.614
571,4,0,22.884,341.488,0.638,569,9.44,464.611,0.533,0.642
572,8,1,23.581,341.488,0.645,571,9.266,478.635,0.532,0.684
573,6,0,24.14,340.279,0.659,568,9.279,488.204,0.529,0.713
574,7,0,20.116,324.628,0.576,572,8.972,405.051,0.537,0.438
575,6,0,20.767,325.07,0.592,571,8.882,418.401,0.537,0.49
576,10,0,21.791,326.791,0.631,573,8.447,445.702,0.543,0.586
577,7,0,22.256,328.651,0.649,576,8.267,455.797,0.547,0.634
578,4,0,22.674,330.581,0.675,575,8.113,470.133,0.548,0.665
579,6,0,23.326,332.651,0.693,577,7.987,488.08,0.548,0.71
580,3,0,23.93,332.651,0.696,573,8.021,503.379,0.542,0.729
581,4,0,24.674,332.256,0.708,567,8.78,511.616,0.538,0.767
582,5,0,25.233,333.093,0.726,568,8.771,516.719,0.536,0.791
583,6,0,25.558,333.093,0.732,566,8.824,525.735,0.538,0.812
584,8,0,21.512,347.488,0.634,567,9.37,434.007,0.545,0.58
585,9,0,22.023,347.605,0.653,571,8.973,447.496,0.546,0.618
586,8,0,22.349,347.605,0.666,576,8.81,461.137,0.551,0.657
587,5,0,23.256,347.605,0.679,571,8.275,479.188,0.546,0.7
588,9,0,23.907,347.605,0.687,576,8.081,490.849,0.55,0.75
589,7,0,24.326,347.605,0.702,579,7.962,506.722,0.553,0.78
590,10,1,25.116,347.605,0.711,583,7.819,522.712,0.552,0.818
591,10,0,22.326,346.465,0.599,588,7.875,445.478,0.554,0.661
592,5,0,23.372,346.465,0.629,581,7.763,470.949,0.55,0.715
593,7,0,24.14,346.628,0.648,584,7.614,488.855,0.551,0.764
594,7,0,24.372,346.628,0.66,590,7.52,494.974,0.553,0.781
595,5,1,24.791,346.628,0.68,587,7.069,501.747,0.548,0.789
596,6,0,25.302,345.767,0.681,581,7.195,510.343,0.539,0.794
597,4,0,25.884,345.767,0.685,579,7.15,516.462,0.534,0.811
598,4,0,26.093,345.767,0.686,578,7.132,518.761,0.534,0.82
599,5,0,26.721,346.605,0.7,578,6.692,540.953,0.532,0.841
600,8,0,21.93,345.326,0.6,584,8.231,460.49,0.536,0.57
601,7,0,22.581,345.326,0.614,587,8.067,477.873,0.536,0.619
602,5,0,23.605,344.651,0.621,586,8.348,495.986,0.534,0.684
603,3,0,23.558,344.651,0.621,584,8.42,495.719,0.532,0.678
604,5,0,24.116,344.512,0.634,582,8.435,506.132,0.526,0.695
605,4,0,24.395,344.395,0.647,582,8.38,510.955,0.526,0.712
606,7,0,24.721,344.395,0.652,586,8.227,527.523,0.532,0.75
607,10,0,25.698,344.442,0.674,589,8.01,561.823,0.541,0.821
608,10,1,26.0,344.442,0.674,593,7.974,565.138,0.54,0.833
609,3,1,26.558,344.442,0.683,589,8.0,572.402,0.535,0.845
610,6,0,26.767,344.442,0.684,589,7.961,575.137,0.534,0.852
611,3,0,27.279,344.442,0.688,589,7.947,585.489,0.533,0.869
612,12,0,21.907,338.163,0.593,593,8.941,466.518,0.543,0.6
613,4,0,22.186,338.163,0.599,591,8.918,476.292,0.542,0.616
614,1,0,22.977,338.116,0.615,584,8.289,488.712,0.536,0.647
615,6,0,23.442,334.372,0.624,582,8.223,500.112,0.536,0.679
616,7,0,24.326,334.372,0.638,584,7.83,522.395,0.539,0.742
617,9,0,21.465,288.279,0.563,587,10.041,403.274,0.536,0.551
618,6,0,22.535,291.023,0.593,585,9.67,429.759,0.535,0.625
619,6,0,23.209,293.279,0.613,582,9.678,445.233,0.531,0.658
620,5,0,23.442,293.279,0.615,583,9.629,450.374,0.531,0.674
621,2,0,24.0,293.279,0.629,579,9.644,457.544,0.523,0.686
622,3,0,24.698,293.465,0.643,574,9.697,470.703,0.515,0.707
623,4,0,25.302,295.884,0.66,572,9.574,483.263,0.513,0.739
624,3,0,25.628,298.163,0.676,569,9.622,482.32,0.509,0.747
625,6,0,25.977,298.163,0.681,565,9.621,491.569,0.503,0.75
626,4,0,26.302,298.163,0.678,564,9.51,503.748,0.506,0.776
627,3,0,27.0,300.14,0.691,562,9.387,525.131,0.507,0.814
628,2,0,27.791,300.14,0.695,556,9.322,535.596,0.502,0.838
629,9,0,27.837,300.442,0.693,561,9.353,537.04,0.505,0.846
630,3,0,27.884,300.442,0.695,561,9.374,537.958,0.505,0.848
631,3,0,28.116,303.442,0.699,560,9.385,535.678,0.506,0.859
632,9,0,28.488,313.0,0.706,560,9.144,543.625,0.507,0.874
633,3,0,28.512,313.326,0.703,560,9.095,547.198,0.508,0.875
634,13,1,21.465,341.744,0.62,563,9.164,426.421,0.515,0.465
635,8,0,21.977,341.744,0.627,567,9.046,436.475,0.517,0.512
636,9,0,22.279,341.744,0.634,573,8.878,440.001,0.517,0.534
637,2,0,22.558,341.744,0.641,571,8.881,442.295,0.515,0.546
638,4,0,23.279,341.837,0.643,569,8.717,464.31,0.513,0.595
639,5,0,23.837,341.837,0.647,569,8.593,471.055,0.512,0.631
640,6,0,25.047,343.372,0.647,564,8.141,489.027,0.507,0.694
641,6,0,25.279,343.372,0.648,563,8.067,494.233,0.506,0.706
642,5,0,25.628,343.372,0.648,564,8.019,503.712,0.506,0.729
643,3,0,25.628,341.953,0.651,563,8.424,502.24,0.506,0.73
644,6,0,25.837,343.814,0.664,560,8.424,506.178,0.505,0.741
645,7,0,19.721,340.628,0.568,559,10.342,367.576,0.501,0.297
646,8,0,20.372,340.628,0.582,561,10.085,379.288,0.5,0.336
647,3,0,20.605,340.814,0.589,559,10.122,382.679,0.497,0.345
648,5,0,21.116,340.814,0.596,555,10.028,391.455,0.491,0.359
649,13,0,21.535,340.977,0.588,560,9.78,401.496,0.491,0.388
650,6,0,22.186,342.279,0.611,561,9.225,423.48,0.499,0.464
651,3,0,22.884,342.279,0.619,556,9.129,432.93,0.495,0.503
652,4,0,23.628,342.372,0.644,554,9.092,447.853,0.492,0.549
653,4,0,24.302,342.372,0.652,549,8.996,463.736,0.49,0.591
654,7,0,25.093,342.372,0.678,549,8.73,478.735,0.493,0.658
655,4,0,25.744,342.372,0.687,544,8.527,493.734,0.493,0.7
656,13,1,21.465,341.186,0.59,549,10.165,415.883,0.497,0.408
657,7,0,22.186,341.186,0.598,549,10.057,428.913,0.495,0.453
658,3,0,22.558,341.186,0.595,548,9.906,440.894,0.496,0.487
659,3,0,23.256,341.186,0.614,547,9.801,457.781,0.495,0.537
660,7,0,23.395,341.186,0.622,548,9.673,465.897,0.497,0.553
661,4,0,23.674,341.186,0.642,548,9.528,470.252,0.5,0.582
662,6,0,24.372,341.07,0.659,545,9.446,487.425,0.499,0.633
663,9,0,25.0,341.07,0.667,549,9.242,499.991,0.501,0.681
664,9,0,25.372,341.512,0.674,551,8.982,516.713,0.505,0.717
665,7,0,20.558,329.674,0.582,553,9.368,418.417,0.504,0.357
666,6,0,20.977,334.674,0.608,555,9.157,431.185,0.506,0.395
667,5,0,21.651,338.372,0.617,555,8.823,450.965,0.512,0.465
668,12,0,22.488,338.372,0.643,560,8.024,469.017,0.52,0.552
669,2,0,23.093,338.372,0.658,552,7.876,478.334,0.515,0.579
670,3,0,23.047,338.605,0.668,548,7.945,477.768,0.514,0.575
671,4,0,23.326,338.605,0.673,547,7.866,484.067,0.514,0.595
672,4,0,23.558,338.605,0.679,545,8.01,485.875,0.513,0.608
673,5,0,24.023,339.326,0.689,541,8.241,487.902,0.506,0.62
674,7,0,19.837,317.907,0.587,542,10.808,388.128,0.513,0.349
675,6,0,20.116,317.907,0.588,546,10.782,392.074,0.513,0.368
676,3,0,20.488,316.884,0.587,545,9.886,401.889,0.51,0.378
677,8,0,21.302,317.395,0.599,547,9.647,420.765,0.51,0.439
678,4,0,21.93,321.07,0.622,545,9.406,437.266,0.511,0.487
679,7,0,22.302,321.395,0.622,547,9.094,445.544,0.515,0.53
680,5,0,22.535,322.814,0.627,546,9.002,448.871,0.515,0.546
681,5,0,23.116,322.14,0.652,545,8.936,456.189,0.512,0.58
682,6,0,22.93,322.14,0.654,545,8.977,454.386,0.51,0.557
683,5,1,23.116,321.581,0.654,546,8.983,458.016,0.509,0.57
684,7,0,23.116,323.791,0.653,548,8.228,467.991,0.517,0.591
685,7,1,24.0,324.302,0.668,546,8.137,487.762,0.518,0.657
686,9,0,24.419,326.488,0.692,550,7.91,502.501,0.522,0.697
687,10,0,21.116,340.767,0.599,553,9.622,439.291,0.52,0.458
688,7,0,21.674,341.023,0.613,552,9.593,448.553,0.517,0.49
689,4,0,22.372,341.023,0.636,552,9.558,456.651,0.512,0.527
690,8,0,22.744,341.023,0.656,551,9.467,473.069,0.513,0.558
691,2,0,23.837,341.023,0.669,539,9.361,489.419,0.5,0.596
692,6,0,24.488,341.023,0.673,535,9.292,497.635,0.495,0.626
693,6,0,25.186,341.0,0.688,529,9.362,504.669,0.485,0.642
694,10,0,25.233,340.674,0.685,535,9.264,511.042,0.49,0.662
695,4,0,25.465,340.674,0.685,535,9.254,514.622,0.488,0.671
696,8,0,26.023,340.674,0.689,540,8.852,529.796,0.492,0.716
697,9,0,26.07,339.535,0.686,546,8.466,539.848,0.497,0.733
698,7,0,26.744,339.535,0.687,546,8.385,552.047,0.493,0.761
699,13,0,27.023,340.372,0.708,554,7.891,563.106,0.5,0.792
700,6,1,20.163,332.721,0.606,553,9.04,416.227,0.497,0.305
701,11,1,21.256,332.116,0.615,552,9.112,438.508,0.493,0.368
702,4,0,22.14,332.349,0.624,549,9.106,448.785,0.486,0.41
703,5,0,22.558,332.349,0.627,549,8.918,456.363,0.483,0.43
704,7,0,23.023,333.674,0.635,553,8.584,467.235,0.489,0.484
705,4,0,19.442,309.326,0.549,549,12.55,368.274,0.487,0.254
706,8,0,20.14,310.233,0.58,548,12.198,388.503,0.488,0.297
707,9,0,21.442,311.581,0.603,546,12.106,416.645,0.483,0.373
708,5,0,22.186,311.953,0.614,543,11.901,425.863,0.479,0.412
709,5,0,22.558,311.953,0.613,544,11.576,436.355,0.48,0.442
710,5,0,23.163,313.558,0.622,544,11.334,454.971,0.482,0.492
711,7,0,23.721,318.465,0.633,545,10.125,473.984,0.487,0.546
712,6,0,23.884,320.488,0.646,546,10.153,470.184,0.485,0.551
713,8,0,24.651,320.535,0.66,547,9.551,479.423,0.483,0.598
714,5,0,25.023,320.535,0.663,545,9.541,482.723,0.481,0.616
715,10,0,25.628,324.698,0.679,547,9.559,491.506,0.479,0.653
716,6,0,26.186,324.698,0.678,549,9.155,503.772,0.483,0.701
717,3,0,26.326,324.698,0.676,548,9.22,502.078,0.479,0.699
718,4,0,26.698,325.744,0.686,546,8.973,516.523,0.483,0.732
719,8,0,27.07,327.535,0.7,550,8.599,532.858,0.487,0.763
720,12,0,27.116,328.744,0.7,557,8.286,541.883,0.497,0.791
721,4,0,27.86,328.558,0.711,549,8.393,553.122,0.492,0.817
722,10,0,21.791,328.581,0.62,553,11.528,421.696,0.494,0.432
723,8,0,22.233,328.581,0.635,554,11.229,429.287,0.498,0.478
724,5,0,23.302,329.279,0.651,548,11.014,448.432,0.491,0.535
725,11,0,23.442,329.581,0.652,556,10.745,460.898,0.499,0.571
726,11,0,23.93,329.581,0.665,560,10.464,476.061,0.501,0.613
727,5,0,24.442,329.233,0.68,559,10.536,481.597,0.5,0.648
728,5,0,24.581,329.326,0.677,561,10.424,487.008,0.503,0.668
729,10,0,20.488,346.465,0.592,565,12.083,415.888,0.508,0.388
730,5,0,20.698,346.535,0.609,566,12.036,417.385,0.507,0.401
731,8,0,21.581,346.535,0.629,567,10.942,442.259,0.509,0.466
732,10,1,22.395,343.116,0.635,568,10.802,464.044,0.508,0.525
733,8,1,22.953,343.116,0.662,573,10.168,482.315,0.513,0.58
734,12,3,23.372,343.116,0.671,573,10.141,483.878,0.513,0.612
735,4,0,20.07,326.442,0.594,570,12.589,394.119,0.509,0.366
736,8,0,20.953,326.791,0.612,575,12.062,418.518,0.516,0.454
737,4,0,21.209,328.442,0.612,576,12.051,426.738,0.516,0.473
738,5,0,21.628,332.837,0.625,577,11.202,441.844,0.52,0.512
739,4,0,22.0,332.837,0.632,572,11.232,447.509,0.518,0.533
740,6,0,22.14,332.837,0.636,575,11.227,453.344,0.518,0.544
741,4,0,22.419,332.907,0.637,575,11.15,461.552,0.518,0.565
742,5,0,23.023,332.907,0.642,575,11.031,468.945,0.518,0.612
743,9,2,23.628,328.977,0.649,577,10.771,482.224,0.519,0.656
744,12,3,24.186,332.419,0.658,581,10.924,495.318,0.522,0.704
745,5,0,24.628,332.698,0.659,575,11.013,505.611,0.518,0.721
746,6,1,25.372,333.186,0.659,575,10.781,513.509,0.517,0.762
747,8,1,25.674,330.791,0.663,575,10.654,519.942,0.518,0.78
748,7,0,25.907,331.302,0.678,577,10.734,512.418,0.517,0.79
749,2,0,25.953,331.233,0.677,575,10.777,509.61,0.514,0.785
