1,4,0,0.349,1.372,0.0,4,347.942,0.0,0.005,0.044
2,6,0,0.744,2.86,0.001,10,325.021,0.06,0.009,0.025
3,8,0,1.023,5.814,0.003,18,316.056,0.222,0.016,0.023
4,4,0,1.209,7.372,0.004,21,297.108,0.383,0.019,0.014
5,6,0,1.488,10.233,0.008,27,269.343,0.792,0.024,0.006
6,4,0,1.674,12.535,0.011,31,256.104,1.175,0.027,0.005
7,8,0,2.698,16.814,0.017,38,189.665,2.767,0.034,0.001
8,10,0,3.209,22.884,0.026,47,168.21,4.773,0.043,0.001
9,8,0,3.767,27.023,0.032,54,151.199,6.61,0.05,0.0
10,3,0,3.674,27.791,0.034,55,155.758,6.913,0.049,0.0
11,6,0,3.907,31.791,0.044,59,152.367,7.037,0.051,0.0
12,8,0,4.186,35.698,0.05,66,138.168,8.832,0.057,0.0
13,6,0,4.605,39.209,0.06,69,119.714,9.937,0.058,0.0
14,3,0,4.744,39.744,0.06,72,117.734,10.506,0.059,0.0
15,2,0,4.837,40.372,0.062,73,117.034,10.61,0.06,0.0
16,8,0,4.977,43.488,0.064,81,111.905,12.506,0.067,0.0
17,6,0,5.023,45.047,0.063,87,108.809,13.848,0.072,0.0
18,7,0,5.279,45.628,0.065,91,106.021,15.416,0.072,0.0
19,2,0,5.372,47.047,0.069,91,104.598,14.786,0.072,0.0
20,7,0,5.651,49.744,0.071,97,98.801,17.666,0.078,0.0
21,5,0,6.07,55.977,0.085,101,92.909,20.368,0.085,0.0
22,9,0,6.628,62.698,0.095,109,83.659,24.077,0.095,0.0
23,13,0,7.14,69.116,0.105,121,74.019,28.298,0.106,0.0
24,7,0,7.14,69.93,0.104,128,73.645,29.803,0.109,0.0
25,4,0,7.279,70.558,0.103,130,73.159,30.226,0.111,0.0
26,10,0,7.977,80.047,0.121,137,67.092,38.342,0.124,0.0
27,4,0,8.233,82.233,0.125,139,64.121,40.161,0.128,0.0
28,7,0,8.326,87.791,0.137,143,60.527,43.269,0.132,0.0
29,7,0,8.512,88.233,0.135,149,59.455,44.62,0.136,0.0
30,9,0,8.837,92.372,0.141,156,57.006,48.298,0.143,0.0
31,8,0,8.814,95.651,0.148,162,57.298,49.158,0.147,0.0
32,6,0,9.233,98.767,0.15,168,53.497,54.897,0.155,0.0
33,1,0,9.372,98.767,0.154,166,53.241,54.254,0.152,0.0
34,7,0,10.023,105.07,0.169,169,50.169,63.507,0.158,0.0
35,5,0,10.395,109.047,0.176,174,46.503,69.277,0.164,0.001
36,4,0,10.535,109.86,0.177,176,46.286,71.894,0.165,0.001
37,5,0,10.953,112.977,0.184,179,44.778,75.196,0.169,0.001
38,5,0,10.977,113.0,0.182,183,45.407,75.316,0.171,0.001
39,6,0,11.349,117.093,0.191,187,44.005,79.165,0.175,0.001
40,6,0,11.535,116.558,0.187,192,44.726,83.123,0.179,0.001
41,3,0,11.628,116.395,0.187,191,44.96,83.727,0.179,0.001
42,6,0,11.767,119.163,0.196,194,46.351,82.966,0.18,0.001
43,2,0,11.767,119.279,0.197,195,46.433,81.867,0.179,0.001
44,5,0,11.791,120.605,0.195,198,44.289,85.278,0.184,0.001
45,7,0,12.163,123.721,0.201,202,43.272,90.875,0.188,0.001
46,6,0,12.814,123.0,0.2,203,42.392,96.835,0.188,0.001
47,7,0,13.0,123.535,0.2,208,42.191,100.137,0.189,0.001
48,6,0,13.116,125.302,0.206,210,42.069,103.478,0.191,0.002
49,6,0,13.326,125.86,0.205,215,41.472,105.983,0.194,0.002
50,7,0,13.372,129.814,0.214,221,41.02,106.849,0.199,0.002
51,9,0,13.744,133.023,0.218,227,44.949,114.516,0.207,0.003
52,8,0,13.698,133.721,0.22,230,44.928,112.145,0.208,0.003
53,7,0,14.023,136.814,0.229,233,43.732,114.994,0.212,0.003
54,3,0,13.884,134.93,0.224,234,43.981,113.857,0.21,0.003
55,4,0,14.209,138.488,0.235,233,43.032,119.511,0.213,0.003
56,9,0,14.535,143.791,0.246,239,41.522,127.328,0.22,0.004
57,6,0,15.14,150.791,0.265,243,40.203,134.941,0.227,0.005
58,9,0,15.535,159.814,0.289,248,33.497,144.757,0.234,0.005
59,4,0,15.814,160.0,0.285,250,32.684,149.668,0.238,0.005
60,9,0,15.628,160.884,0.283,256,32.611,149.203,0.244,0.005
61,4,0,15.349,161.326,0.292,253,33.28,141.689,0.238,0.005
62,4,0,15.395,161.907,0.293,255,33.104,142.813,0.239,0.005
63,7,0,15.558,164.674,0.302,256,32.804,149.219,0.243,0.005
64,8,0,15.651,164.791,0.303,259,32.379,149.47,0.242,0.005
65,4,0,15.698,164.907,0.302,260,32.39,149.283,0.244,0.006
66,10,0,15.628,166.302,0.303,267,32.366,150.866,0.249,0.006
67,5,0,16.0,173.023,0.323,269,30.62,155.843,0.253,0.007
68,8,0,16.279,176.116,0.329,276,29.667,162.695,0.26,0.008
69,8,0,16.419,176.767,0.326,282,29.101,171.67,0.266,0.009
70,7,0,16.465,180.0,0.333,288,28.047,174.862,0.27,0.009
71,7,0,16.581,180.674,0.334,293,27.956,176.804,0.273,0.01
72,3,0,17.186,182.605,0.341,291,27.324,180.57,0.274,0.012
73,9,0,17.558,189.163,0.359,300,26.571,190.211,0.281,0.014
74,1,0,17.884,188.977,0.362,298,26.228,192.8,0.279,0.015
75,4,0,17.814,188.977,0.363,297,26.439,188.232,0.276,0.014
76,5,0,17.953,189.907,0.365,299,25.814,191.95,0.278,0.015
77,11,0,18.093,191.07,0.365,307,25.503,199.329,0.285,0.017
78,4,0,18.372,192.651,0.372,306,25.107,202.072,0.284,0.018
79,9,0,19.047,206.465,0.417,314,22.432,219.054,0.291,0.022
80,4,0,19.0,206.488,0.416,318,22.414,219.216,0.292,0.022
81,6,0,18.953,207.209,0.414,321,22.085,222.83,0.296,0.023
82,8,0,19.07,207.488,0.413,328,22.23,227.577,0.299,0.025
83,11,0,19.372,209.698,0.416,334,21.456,235.947,0.305,0.03
84,3,0,19.698,209.698,0.419,333,21.426,240.686,0.303,0.031
85,6,0,19.884,210.744,0.424,335,21.257,238.211,0.302,0.033
86,2,0,20.209,211.953,0.427,336,20.898,243.578,0.302,0.036
87,10,0,20.349,217.326,0.443,342,20.389,252.434,0.31,0.041
88,6,0,21.0,218.628,0.443,346,19.838,266.545,0.317,0.054
89,2,0,21.116,222.977,0.461,339,19.736,264.143,0.313,0.053
90,7,0,21.349,225.698,0.467,342,18.905,275.199,0.319,0.06
91,5,0,21.349,227.512,0.472,345,17.043,279.366,0.321,0.058
92,6,0,21.372,230.814,0.486,347,16.827,283.699,0.324,0.06
93,4,0,21.372,230.814,0.487,349,16.791,283.216,0.324,0.06
94,7,0,21.605,234.0,0.497,352,16.524,285.457,0.326,0.066
95,7,0,21.744,236.209,0.504,354,16.241,290.616,0.33,0.072
96,6,0,21.93,236.047,0.504,353,16.273,291.6,0.329,0.075
97,12,0,22.488,243.093,0.524,361,15.577,303.977,0.342,0.102
98,4,0,22.488,241.326,0.519,361,15.724,300.77,0.339,0.099
99,8,0,22.977,241.326,0.513,366,15.18,314.874,0.346,0.123
100,5,0,22.884,242.047,0.519,365,15.492,311.703,0.343,0.115
101,6,0,23.116,246.302,0.528,363,15.448,312.831,0.339,0.117
102,7,0,23.116,246.372,0.527,366,15.322,313.172,0.34,0.118
103,7,0,23.349,248.233,0.531,369,15.022,316.609,0.344,0.131
104,6,0,23.581,247.395,0.53,369,14.916,319.206,0.342,0.136
105,7,0,23.581,247.395,0.528,374,14.894,318.76,0.345,0.141
106,6,0,23.721,247.581,0.528,375,14.776,326.454,0.347,0.149
107,4,0,23.767,249.977,0.539,375,14.772,325.903,0.345,0.148
108,4,0,23.395,249.977,0.541,373,15.179,317.624,0.343,0.133
109,2,0,24.093,249.977,0.545,367,15.083,321.145,0.339,0.15
110,9,0,24.605,256.395,0.574,368,14.839,332.517,0.344,0.183
111,3,0,24.419,256.395,0.574,367,14.897,331.506,0.345,0.175
112,6,0,24.767,256.884,0.578,365,14.529,335.622,0.343,0.187
113,4,0,24.86,259.372,0.586,365,14.441,336.085,0.345,0.194
114,10,0,24.767,264.651,0.599,373,14.268,344.777,0.353,0.207
115,7,0,24.953,272.372,0.615,376,12.939,357.318,0.361,0.23
116,5,0,25.047,271.488,0.61,378,12.876,359.735,0.363,0.241
117,4,0,25.233,271.488,0.611,378,12.653,364.022,0.363,0.25
118,4,0,25.14,271.395,0.609,379,12.669,366.34,0.365,0.251
119,8,0,25.419,271.884,0.609,384,11.985,382.385,0.372,0.283
120,2,0,25.605,271.884,0.612,382,11.631,381.79,0.369,0.285
121,4,0,25.884,272.14,0.613,384,11.51,387.845,0.37,0.302
122,7,0,25.977,273.721,0.622,388,11.319,393.735,0.376,0.327
123,6,0,25.93,273.721,0.621,391,11.096,401.713,0.382,0.343
124,6,0,25.93,276.419,0.63,394,10.946,406.114,0.387,0.358
125,4,0,26.163,276.535,0.633,394,10.997,408.967,0.383,0.362
126,6,0,26.256,276.535,0.633,396,10.983,408.763,0.383,0.367
127,3,0,26.256,277.488,0.64,397,11.066,405.142,0.381,0.36
128,9,0,26.302,281.14,0.647,401,10.945,408.807,0.383,0.37
129,9,0,26.302,283.209,0.654,403,10.842,410.376,0.387,0.384
130,5,0,26.349,283.395,0.654,405,10.729,414.339,0.39,0.396
131,4,0,26.674,289.907,0.682,402,10.789,417.91,0.388,0.414
132,5,0,26.628,290.419,0.682,402,10.711,415.913,0.389,0.416
133,5,0,27.279,290.605,0.681,397,10.668,422.687,0.384,0.445
134,6,0,27.419,290.163,0.68,401,10.599,426.315,0.386,0.462
135,5,0,27.372,290.442,0.68,402,10.564,425.609,0.386,0.459
136,6,0,27.628,292.349,0.692,404,10.536,427.534,0.388,0.485
137,6,0,27.721,293.744,0.702,405,10.434,428.191,0.39,0.502
138,3,0,27.698,294.605,0.713,399,11.167,416.135,0.384,0.483
139,6,0,27.349,294.605,0.711,394,11.341,410.881,0.381,0.445
140,3,0,27.442,294.233,0.711,393,11.411,409.198,0.379,0.445
141,9,0,27.07,297.302,0.718,399,11.325,411.513,0.385,0.438
142,4,0,27.186,297.674,0.72,397,11.302,415.618,0.386,0.45
143,7,0,27.419,299.605,0.715,401,11.095,423.626,0.392,0.489
144,3,0,27.465,300.023,0.717,403,11.057,424.579,0.391,0.49
145,5,0,27.419,301.767,0.722,401,11.346,421.99,0.389,0.482
146,12,0,28.047,306.581,0.725,406,11.092,439.143,0.399,0.564
147,6,0,28.233,308.814,0.733,408,10.855,448.676,0.403,0.591
148,8,0,28.419,317.395,0.731,413,11.227,449.914,0.41,0.633
149,7,0,28.512,317.558,0.724,417,10.911,462.85,0.419,0.666
150,3,0,28.651,317.558,0.725,419,10.826,469.196,0.421,0.684
151,5,0,29.0,318.581,0.725,418,10.309,473.477,0.421,0.702
152,10,0,29.512,320.395,0.731,421,10.077,487.102,0.425,0.744
153,3,0,29.465,320.674,0.732,422,10.13,483.511,0.424,0.739
154,6,0,29.651,319.814,0.735,424,10.044,491.212,0.426,0.755
155,5,0,29.744,319.814,0.734,423,9.894,488.218,0.429,0.768
156,3,0,30.465,319.651,0.728,421,9.549,497.441,0.427,0.797
157,6,0,30.349,320.14,0.729,423,9.697,492.448,0.425,0.788
158,6,0,30.442,320.14,0.732,424,9.754,491.623,0.422,0.785
159,6,0,30.674,321.395,0.726,429,9.662,501.652,0.428,0.812
160,9,0,30.814,321.512,0.721,435,9.6,503.242,0.431,0.825
161,8,0,31.047,321.442,0.72,437,9.515,509.4,0.433,0.839
162,5,0,31.372,324.93,0.721,434,9.611,512.535,0.431,0.849
163,11,0,31.791,324.93,0.725,442,9.437,525.362,0.438,0.875
164,8,0,32.023,324.93,0.727,444,9.434,527.644,0.436,0.88
165,4,0,32.07,324.93,0.724,445,9.411,527.479,0.436,0.881
166,4,0,31.93,324.93,0.726,442,9.44,523.515,0.434,0.874
167,7,0,31.837,325.047,0.724,448,9.363,527.832,0.439,0.878
168,2,0,31.837,325.047,0.725,448,9.426,526.374,0.437,0.875
169,6,0,31.86,320.698,0.716,450,10.341,523.266,0.437,0.88
170,9,0,31.628,320.767,0.714,457,10.263,528.22,0.442,0.88
171,7,0,31.558,322.372,0.714,460,10.293,526.323,0.443,0.879
172,5,0,31.977,325.209,0.718,461,9.958,538.308,0.446,0.896
173,6,0,32.116,325.86,0.719,465,9.801,547.483,0.452,0.907
174,5,0,32.349,325.86,0.72,463,8.936,548.742,0.451,0.909
175,5,0,32.674,326.047,0.72,461,9.038,550.188,0.446,0.912
176,4,0,32.907,326.047,0.723,460,9.108,550.975,0.445,0.917
177,5,0,32.814,326.628,0.724,462,9.121,552.274,0.448,0.917
178,1,0,32.698,326.628,0.726,458,9.188,546.787,0.444,0.91
179,3,0,32.791,326.628,0.726,457,9.171,548.148,0.445,0.914
180,6,0,33.163,326.953,0.726,460,9.141,560.185,0.448,0.925
181,2,0,33.465,326.953,0.726,456,9.157,559.618,0.446,0.93
182,4,1,33.93,326.953,0.727,455,9.12,568.468,0.445,0.938
183,4,0,34.233,326.953,0.727,457,9.072,571.76,0.447,0.944
184,7,0,34.419,326.953,0.729,459,9.013,577.799,0.447,0.947
185,4,0,34.442,326.953,0.73,459,8.986,579.143,0.448,0.948
186,5,0,34.93,326.953,0.736,455,8.871,579.194,0.441,0.951
187,3,0,34.837,326.953,0.734,452,8.976,571.284,0.439,0.948
188,6,0,34.814,327.093,0.734,453,8.911,582.085,0.441,0.948
189,4,0,34.395,327.093,0.733,447,9.093,559.816,0.435,0.937
190,6,0,34.512,327.093,0.733,451,9.016,566.367,0.439,0.943
191,7,1,34.651,326.535,0.734,452,8.902,567.319,0.433,0.94
192,11,1,34.186,326.86,0.735,457,8.843,563.838,0.438,0.935
193,11,0,34.698,328.744,0.744,464,8.052,593.188,0.447,0.95
194,7,0,34.395,328.744,0.746,466,8.027,595.007,0.448,0.946
195,8,0,34.442,328.744,0.739,468,8.079,589.903,0.443,0.943
196,5,0,34.977,328.744,0.741,469,8.067,596.497,0.44,0.949
197,5,0,35.442,328.744,0.745,470,7.999,610.662,0.444,0.958
198,7,0,35.116,327.767,0.744,468,8.2,600.322,0.443,0.953
199,10,1,34.674,330.628,0.741,473,8.204,593.84,0.446,0.949
200,6,1,34.535,337.535,0.741,474,8.225,592.008,0.446,0.947
201,13,0,23.419,270.744,0.557,479,9.208,416.076,0.45,0.38
202,5,0,23.512,270.744,0.554,484,9.058,422.846,0.454,0.4
203,2,0,23.698,271.977,0.564,480,9.022,421.586,0.452,0.405
204,11,0,24.07,275.116,0.569,488,8.657,436.086,0.462,0.468
205,1,0,24.349,275.116,0.572,485,8.64,438.857,0.46,0.481
206,8,0,24.326,276.767,0.583,485,8.858,433.48,0.459,0.476
207,4,0,24.698,276.767,0.588,482,8.932,439.534,0.455,0.492
208,5,0,25.186,280.581,0.613,482,8.833,454.838,0.459,0.545
209,3,0,25.233,280.86,0.616,479,8.845,450.943,0.457,0.541
210,6,0,25.395,280.977,0.615,481,8.646,457.925,0.458,0.557
211,5,0,25.814,283.558,0.631,485,8.505,463.931,0.461,0.596
212,1,0,26.14,284.442,0.634,483,8.454,466.325,0.458,0.612
213,8,0,26.465,294.163,0.652,490,8.246,477.08,0.462,0.648
214,3,0,26.512,294.349,0.654,490,8.255,479.369,0.46,0.642
215,4,0,26.605,294.698,0.658,488,8.35,477.806,0.455,0.634
216,8,0,26.698,295.953,0.664,493,7.945,492.73,0.464,0.667
217,5,0,26.837,295.953,0.667,489,8.07,490.157,0.46,0.665
218,6,0,27.302,296.721,0.674,489,8.016,495.509,0.458,0.689
219,5,0,27.581,300.256,0.68,487,7.996,502.762,0.459,0.712
220,4,0,27.837,305.488,0.689,481,8.219,507.853,0.451,0.705
221,6,0,28.372,305.488,0.69,479,8.122,513.208,0.452,0.739
222,4,0,28.186,307.256,0.699,475,8.464,500.632,0.444,0.708
223,5,0,28.302,308.581,0.704,476,8.461,504.064,0.443,0.712
224,5,0,28.628,309.791,0.708,479,8.156,516.484,0.449,0.746
225,5,0,28.674,309.791,0.707,477,8.127,515.526,0.448,0.747
226,7,0,29.047,310.581,0.705,480,7.971,526.722,0.453,0.779
227,5,0,29.047,310.581,0.706,480,7.995,525.228,0.453,0.78
228,10,0,29.628,311.07,0.706,482,7.827,546.694,0.455,0.814
229,3,0,29.907,311.07,0.711,479,7.816,550.297,0.451,0.819
230,6,0,29.907,311.256,0.71,481,7.71,555.916,0.455,0.827
231,3,0,29.721,311.256,0.709,483,7.738,556.146,0.457,0.822
232,7,0,30.605,313.465,0.712,484,7.484,577.229,0.461,0.865
233,5,0,30.721,313.349,0.712,481,7.451,576.991,0.46,0.868
234,3,0,30.767,313.651,0.718,481,7.403,581.053,0.462,0.873
235,6,0,30.721,315.698,0.728,478,7.557,570.836,0.458,0.864
236,5,0,30.349,315.698,0.727,479,7.641,562.052,0.458,0.85
237,1,0,30.674,315.698,0.728,474,7.57,562.498,0.455,0.857
238,6,0,30.674,313.953,0.726,466,7.812,553.431,0.446,0.841
239,6,0,30.953,313.953,0.724,471,7.659,561.09,0.449,0.857
240,11,0,31.372,314.953,0.733,475,7.274,571.559,0.453,0.878
241,6,0,30.814,315.395,0.732,476,7.349,565.699,0.457,0.865
242,6,0,30.488,315.093,0.726,480,7.338,562.548,0.458,0.854
243,7,0,30.605,316.442,0.73,482,7.279,573.552,0.462,0.866
244,3,0,30.605,316.442,0.729,480,7.33,570.445,0.458,0.859
245,7,0,30.721,319.0,0.732,482,7.33,579.639,0.46,0.866
246,4,0,30.814,320.349,0.746,480,7.472,572.727,0.457,0.865
247,5,1,30.953,320.349,0.745,481,7.354,577.1,0.457,0.871
248,6,0,31.512,321.744,0.753,478,7.417,583.147,0.453,0.882
249,6,2,31.93,321.744,0.754,478,7.409,585.318,0.45,0.891
250,5,2,32.163,321.744,0.754,477,7.36,589.132,0.45,0.897
251,6,0,32.395,321.744,0.753,476,7.333,597.633,0.448,0.901
252,5,0,32.209,321.744,0.754,469,7.819,573.868,0.441,0.888
253,7,0,32.279,320.442,0.749,470,7.91,573.019,0.44,0.889
254,1,0,32.512,320.442,0.751,467,7.959,569.029,0.436,0.891
255,5,0,32.535,320.442,0.751,467,7.963,566.95,0.436,0.891
256,2,0,32.907,320.442,0.752,461,8.03,562.214,0.428,0.891
257,6,0,32.814,322.209,0.755,462,7.963,566.825,0.432,0.893
258,3,0,32.86,322.0,0.758,455,8.064,560.48,0.425,0.885
259,5,0,32.767,322.0,0.755,454,8.431,550.512,0.423,0.88
260,6,0,32.628,320.093,0.745,455,8.562,547.695,0.426,0.882
261,4,0,32.488,320.233,0.745,452,8.775,537.96,0.422,0.871
262,7,0,32.581,319.209,0.744,452,8.761,545.239,0.423,0.875
263,3,0,32.488,318.721,0.741,451,8.812,538.475,0.42,0.868
264,6,0,32.442,318.721,0.742,454,8.751,540.279,0.424,0.873
265,10,0,32.442,318.721,0.74,460,8.708,552.978,0.429,0.88
266,9,0,32.442,318.651,0.738,463,8.645,554.977,0.433,0.885
267,3,0,32.721,317.209,0.738,458,8.676,555.996,0.427,0.887
268,9,0,33.279,317.209,0.741,460,8.459,568.091,0.432,0.908
269,5,0,33.279,317.209,0.743,459,8.548,570.192,0.426,0.901
270,5,0,33.233,317.209,0.744,455,8.696,561.659,0.417,0.887
271,9,1,33.326,317.209,0.745,458,8.708,558.528,0.417,0.891
272,6,0,33.186,317.465,0.743,464,8.578,562.096,0.424,0.895
273,2,0,33.116,316.047,0.743,459,8.79,549.055,0.416,0.882
274,6,0,32.977,316.326,0.744,463,8.797,552.233,0.42,0.884
275,6,0,32.884,317.93,0.748,464,8.781,552.2,0.422,0.884
276,8,0,32.837,318.721,0.752,465,8.736,555.163,0.424,0.886
277,5,0,33.07,323.116,0.761,467,8.829,561.496,0.425,0.895
278,7,0,33.419,322.721,0.757,465,8.791,557.635,0.42,0.897
279,6,0,33.558,322.721,0.757,469,8.722,558.653,0.421,0.903
280,6,0,33.372,322.721,0.757,474,8.623,569.034,0.428,0.907
281,6,1,33.279,322.721,0.758,474,8.66,570.055,0.429,0.905
282,3,0,33.419,327.023,0.759,472,8.685,568.053,0.429,0.909
283,9,0,33.628,330.395,0.759,475,8.593,574.088,0.43,0.915
284,5,0,33.674,330.395,0.756,476,8.863,574.435,0.431,0.918
285,5,0,33.767,330.395,0.755,474,8.888,574.088,0.43,0.919
286,10,1,34.186,330.395,0.759,477,8.955,589.312,0.438,0.936
287,6,0,34.419,334.116,0.769,479,8.838,590.357,0.442,0.943
288,6,0,34.651,334.116,0.768,480,8.733,597.862,0.445,0.949
289,5,0,34.651,334.116,0.77,482,8.714,601.539,0.447,0.95
290,6,0,34.605,334.256,0.77,483,8.613,599.971,0.446,0.949
291,6,0,34.558,334.349,0.768,488,8.544,603.886,0.451,0.951
292,6,1,34.791,334.349,0.768,487,8.474,598.369,0.451,0.955
293,7,0,34.884,334.349,0.768,487,8.508,597.207,0.454,0.958
294,6,0,34.837,334.256,0.773,485,8.6,594.488,0.451,0.955
295,9,1,34.721,334.256,0.771,489,8.651,593.464,0.453,0.955
296,7,0,34.767,334.256,0.77,490,8.526,598.75,0.455,0.957
297,7,0,34.86,334.256,0.77,487,8.479,590.335,0.452,0.956
298,5,0,34.721,334.256,0.766,482,8.663,580.602,0.448,0.952
299,2,0,34.535,334.256,0.765,479,8.72,577.905,0.446,0.948
300,8,0,34.047,334.256,0.759,482,8.662,578.388,0.452,0.944
301,8,0,24.488,267.721,0.549,485,13.063,392.84,0.45,0.493
302,8,0,24.605,271.442,0.566,489,12.931,394.556,0.45,0.501
303,6,0,24.977,272.605,0.572,493,12.751,406.813,0.454,0.543
304,4,0,25.581,273.233,0.581,489,12.78,408.154,0.448,0.567
305,8,0,25.907,277.209,0.593,495,12.503,418.192,0.454,0.612
306,2,0,26.186,277.209,0.596,493,12.499,421.221,0.451,0.621
307,3,0,26.419,277.093,0.6,490,12.631,422.571,0.445,0.617
308,5,0,26.744,274.907,0.601,491,12.6,425.004,0.444,0.637
309,7,0,27.116,275.047,0.601,488,12.62,432.533,0.443,0.661
310,5,0,27.209,275.047,0.602,490,12.7,434.2,0.442,0.667
311,7,0,27.721,276.349,0.611,492,12.642,441.481,0.442,0.699
312,4,0,27.907,276.349,0.608,493,12.55,447.207,0.445,0.721
313,5,0,28.0,276.209,0.609,491,12.573,446.054,0.444,0.723
314,7,0,27.86,276.372,0.606,494,12.526,447.892,0.448,0.726
315,6,0,28.512,281.465,0.619,490,12.475,455.163,0.444,0.753
316,4,0,28.558,281.651,0.623,488,12.643,455.074,0.44,0.746
317,6,0,29.116,283.535,0.63,488,12.487,464.783,0.441,0.78
318,4,0,29.116,283.535,0.631,488,12.559,459.983,0.442,0.781
319,3,0,29.302,288.326,0.633,485,12.535,465.699,0.441,0.788
320,3,0,29.535,289.372,0.642,484,12.617,461.63,0.438,0.794
321,9,0,29.581,290.512,0.648,489,12.741,467.699,0.44,0.803
322,5,0,29.814,290.512,0.648,490,12.683,469.085,0.44,0.813
323,5,0,30.14,291.837,0.657,486,12.619,478.679,0.441,0.829
324,5,0,30.349,292.558,0.663,483,12.703,481.46,0.435,0.827
325,6,0,30.488,293.837,0.67,484,12.639,482.127,0.436,0.834
326,5,0,30.791,293.837,0.669,484,12.671,485.562,0.434,0.843
327,0,0,31.07,293.837,0.671,480,12.67,490.464,0.432,0.851
328,7,0,31.442,295.837,0.681,480,10.813,498.736,0.433,0.86
329,3,0,31.349,297.86,0.687,478,10.896,499.689,0.433,0.856
330,4,0,31.628,298.0,0.69,475,10.989,493.911,0.425,0.852
331,3,0,32.186,296.93,0.686,473,10.92,503.026,0.423,0.87
332,7,0,32.186,302.163,0.688,478,10.9,508.77,0.429,0.879
333,8,0,32.186,302.163,0.688,477,10.974,504.379,0.427,0.877
334,8,0,32.512,305.767,0.691,480,10.758,507.036,0.43,0.89
335,5,0,32.628,315.023,0.693,480,10.784,510.648,0.43,0.895
336,7,0,32.581,314.953,0.691,479,10.696,511.576,0.427,0.889
337,2,0,32.674,314.953,0.692,476,10.868,515.206,0.424,0.888
338,8,1,32.767,314.953,0.688,475,10.675,516.758,0.427,0.894
339,7,0,32.674,314.953,0.688,476,10.715,518.871,0.427,0.891
340,3,0,32.581,314.953,0.683,475,10.749,515.875,0.424,0.885
341,6,0,32.628,314.953,0.682,476,10.728,519.576,0.427,0.89
342,1,0,32.628,314.953,0.682,476,10.748,518.146,0.426,0.889
343,3,0,32.628,314.953,0.685,473,10.844,513.999,0.422,0.883
344,8,0,32.674,317.628,0.686,477,10.711,523.931,0.428,0.892
345,5,0,32.302,317.628,0.684,476,9.754,520.542,0.428,0.877
346,9,0,32.814,318.07,0.69,477,9.47,542.737,0.431,0.897
347,7,0,32.535,318.349,0.688,478,9.407,546.209,0.434,0.892
348,4,0,32.674,318.349,0.689,478,9.375,548.59,0.433,0.895
349,2,0,32.767,313.326,0.688,474,9.436,544.041,0.429,0.893
350,5,0,32.86,310.395,0.692,472,9.823,534.816,0.425,0.891
351,6,0,32.767,311.767,0.691,471,9.795,533.217,0.423,0.885
352,5,0,32.953,312.721,0.702,472,9.778,535.212,0.425,0.894
353,6,0,32.814,311.442,0.696,473,9.886,538.268,0.425,0.89
354,7,0,33.0,311.442,0.698,473,9.971,537.024,0.422,0.891
355,8,0,32.791,313.186,0.692,470,10.056,528.131,0.422,0.885
356,10,0,33.023,314.023,0.707,476,8.985,544.726,0.431,0.901
357,5,0,32.605,314.023,0.703,475,9.212,527.114,0.426,0.883
358,5,0,32.651,313.628,0.697,472,9.284,517.969,0.423,0.88
359,5,0,32.605,313.628,0.7,476,9.175,524.172,0.428,0.885
360,5,0,32.372,313.628,0.701,475,9.301,517.247,0.428,0.878
361,13,0,32.837,313.628,0.705,482,9.001,539.95,0.432,0.898
362,2,0,32.977,313.628,0.707,482,8.955,541.072,0.434,0.904
363,11,0,32.884,313.628,0.709,490,9.156,558.373,0.444,0.915
364,5,0,33.047,316.349,0.717,488,9.078,563.777,0.447,0.921
365,13,1,33.512,319.86,0.716,494,8.868,579.888,0.453,0.937
366,8,0,33.186,317.814,0.715,497,8.878,572.706,0.453,0.93
367,4,0,33.256,317.814,0.717,498,8.879,569.737,0.453,0.931
368,2,0,33.163,317.814,0.717,496,8.924,567.371,0.451,0.928
369,5,0,32.977,317.651,0.716,495,9.031,567.675,0.449,0.922
370,9,0,32.977,318.233,0.718,499,8.996,572.985,0.451,0.924
371,5,0,32.767,318.302,0.719,500,9.066,565.211,0.449,0.917
372,7,0,32.814,314.837,0.716,499,9.057,567.001,0.447,0.917
373,6,0,33.233,315.512,0.719,500,8.918,587.229,0.449,0.927
374,8,1,33.279,315.512,0.719,502,8.908,590.966,0.451,0.93
375,10,0,33.512,315.512,0.719,506,8.809,593.417,0.454,0.937
376,5,0,34.023,315.512,0.725,507,8.714,602.872,0.454,0.946
377,10,0,34.07,314.837,0.72,509,8.699,604.945,0.449,0.943
378,3,0,34.14,314.395,0.72,504,8.802,604.643,0.444,0.94
379,3,0,34.0,314.395,0.722,503,8.91,597.595,0.44,0.934
380,3,0,34.395,317.977,0.727,501,8.785,611.536,0.442,0.943
381,5,0,34.256,317.977,0.728,501,8.824,609.249,0.444,0.942
382,3,0,34.163,317.977,0.725,497,8.882,605.76,0.44,0.937
383,5,1,34.674,318.07,0.729,496,8.795,615.73,0.438,0.944
384,9,0,34.442,318.116,0.728,503,8.755,616.477,0.442,0.943
385,5,1,34.395,315.395,0.722,501,9.014,612.289,0.441,0.942
386,3,0,34.256,315.395,0.721,502,8.914,613.644,0.443,0.941
387,9,0,34.186,316.674,0.723,505,8.851,618.495,0.446,0.943
388,3,0,34.14,316.674,0.725,502,8.932,614.743,0.444,0.94
389,8,1,34.233,316.674,0.724,504,8.932,616.244,0.442,0.94
390,6,1,34.047,317.791,0.719,504,9.784,612.157,0.444,0.94
391,5,1,34.186,317.791,0.72,503,9.784,615.228,0.443,0.941
392,4,0,34.349,316.047,0.722,500,9.757,620.186,0.441,0.943
393,10,0,34.558,320.326,0.721,499,9.587,624.687,0.445,0.949
394,5,0,34.791,324.023,0.721,499,9.543,629.639,0.446,0.953
395,2,1,34.651,323.791,0.721,495,9.649,620.463,0.442,0.948
396,3,0,34.744,323.605,0.722,490,9.73,615.773,0.439,0.948
397,7,0,34.419,323.605,0.721,495,9.688,613.283,0.443,0.946
398,4,0,34.326,323.605,0.72,494,9.596,607.478,0.444,0.944
399,9,0,34.605,326.791,0.725,494,9.487,615.819,0.448,0.951
400,6,0,34.419,326.791,0.723,496,9.531,613.575,0.449,0.949
401,12,1,33.837,327.488,0.718,500,9.617,608.659,0.454,0.944
402,6,0,33.791,327.488,0.717,500,9.578,613.199,0.459,0.947
403,3,0,33.93,328.0,0.719,500,9.545,614.617,0.46,0.95
404,2,0,34.023,328.0,0.719,499,9.576,611.781,0.458,0.95
405,8,1,34.163,328.0,0.72,502,9.458,619.682,0.463,0.955
406,6,0,34.372,334.209,0.723,502,8.777,625.668,0.465,0.958
407,1,0,34.326,334.209,0.725,492,8.978,608.166,0.454,0.951
408,9,0,34.698,335.07,0.737,499,8.709,633.453,0.464,0.961
409,5,1,35.209,335.07,0.739,498,8.642,644.878,0.464,0.967
410,5,0,35.023,335.07,0.738,500,8.221,644.222,0.466,0.965
411,5,1,34.86,335.209,0.738,498,8.241,640.15,0.466,0.964
412,6,2,35.047,335.209,0.739,498,8.19,644.796,0.465,0.965
413,6,0,35.186,335.209,0.737,499,8.186,647.809,0.466,0.967
414,11,1,35.279,334.674,0.731,505,8.573,650.72,0.472,0.971
415,10,2,35.047,335.349,0.731,510,8.574,650.085,0.474,0.97
416,7,0,35.116,333.465,0.729,510,8.746,637.444,0.468,0.968
417,7,1,35.279,333.465,0.727,507,8.832,639.948,0.463,0.968
418,4,0,35.326,333.465,0.725,509,8.84,639.116,0.463,0.968
419,8,0,35.442,332.837,0.723,511,8.716,639.804,0.464,0.969
420,8,2,35.047,332.767,0.72,510,9.161,633.566,0.466,0.967
421,4,2,35.186,332.767,0.72,510,9.149,633.515,0.465,0.968
422,8,1,35.023,331.093,0.722,512,9.115,633.417,0.466,0.966
423,5,1,35.349,331.0,0.722,508,9.13,635.569,0.463,0.968
424,6,1,35.163,331.186,0.72,510,9.008,633.583,0.468,0.969
425,9,0,35.07,332.698,0.726,517,8.91,640.425,0.474,0.97
426,6,0,34.93,332.698,0.725,518,8.963,635.006,0.471,0.968
427,3,0,34.977,332.698,0.726,521,8.944,639.008,0.472,0.969
428,6,1,34.93,334.279,0.729,518,8.494,633.632,0.468,0.966
429,3,0,34.814,332.488,0.722,514,9.952,618.998,0.464,0.964
430,4,0,34.837,332.488,0.723,517,9.946,620.514,0.464,0.965
431,11,1,34.837,334.093,0.724,524,8.883,627.019,0.466,0.964
432,5,0,34.884,334.093,0.726,524,8.924,623.099,0.463,0.963
433,5,0,35.07,334.605,0.733,525,8.858,626.04,0.465,0.966
434,5,0,35.116,337.512,0.729,528,8.861,622.843,0.467,0.968
435,6,1,35.0,335.953,0.729,528,8.846,624.065,0.467,0.966
436,7,0,34.674,335.605,0.737,528,8.852,631.132,0.468,0.964
437,8,0,35.233,335.884,0.737,533,8.638,654.802,0.474,0.972
438,10,0,35.256,342.767,0.734,541,8.322,668.519,0.484,0.975
439,7,0,35.116,342.767,0.737,543,8.379,663.759,0.481,0.973
440,7,0,35.581,342.767,0.739,541,8.381,669.72,0.476,0.975
441,8,1,35.535,342.837,0.743,541,8.27,672.061,0.479,0.976
442,11,1,35.488,342.837,0.741,550,8.191,676.368,0.486,0.977
443,7,1,35.628,343.14,0.739,553,8.119,682.963,0.488,0.979
444,4,0,35.488,343.14,0.741,552,7.807,679.699,0.488,0.978
445,9,0,35.814,343.14,0.743,550,7.968,684.394,0.484,0.979
446,7,1,36.302,343.0,0.746,547,7.969,692.444,0.483,0.982
447,1,0,36.256,343.0,0.746,544,7.999,688.456,0.481,0.981
448,4,0,36.07,343.0,0.746,535,8.168,673.046,0.47,0.976
449,6,1,36.209,343.0,0.752,534,7.559,680.015,0.472,0.977
450,5,0,36.209,343.767,0.753,534,7.585,676.203,0.47,0.977
451,6,1,36.465,343.767,0.761,529,7.676,671.3,0.464,0.977
452,8,1,36.419,343.767,0.761,529,7.585,677.036,0.468,0.977
453,6,0,36.419,343.767,0.766,534,7.201,684.064,0.474,0.979
454,7,0,36.349,344.279,0.765,532,7.215,672.47,0.471,0.978
455,8,0,36.674,344.674,0.771,536,7.046,690.558,0.477,0.982
456,3,1,37.14,344.279,0.773,531,7.122,691.7,0.472,0.983
457,3,1,36.977,344.279,0.772,523,7.165,682.79,0.468,0.981
458,7,0,36.651,343.93,0.778,525,7.187,684.959,0.468,0.979
459,6,1,36.791,343.186,0.78,528,7.089,694.613,0.471,0.981
460,2,0,36.395,337.163,0.778,522,7.444,671.849,0.461,0.975
461,5,0,36.372,335.605,0.779,520,7.51,665.624,0.457,0.973
462,7,0,36.372,336.186,0.781,524,7.476,668.143,0.46,0.974
463,7,0,36.372,336.186,0.78,526,7.491,671.169,0.46,0.975
464,4,0,36.605,336.186,0.78,527,7.378,674.495,0.462,0.977
465,5,0,36.349,336.186,0.781,527,7.428,671.777,0.46,0.974
466,7,2,36.488,336.186,0.78,528,7.375,679.772,0.463,0.976
467,7,0,36.302,336.186,0.78,528,7.375,672.32,0.464,0.975
468,8,0,36.233,336.302,0.782,532,7.297,674.662,0.467,0.976
469,9,0,36.628,336.302,0.783,535,7.22,681.046,0.469,0.979
470,9,2,37.14,336.302,0.78,533,7.628,684.634,0.464,0.981
471,11,0,36.907,336.651,0.778,536,7.661,683.932,0.466,0.98
472,2,0,36.953,336.163,0.774,531,7.746,682.466,0.464,0.98
473,8,1,36.814,336.163,0.776,533,8.003,673.648,0.463,0.979
474,6,1,36.814,336.163,0.781,536,7.927,674.491,0.465,0.979
475,9,0,36.465,330.884,0.772,536,8.81,669.691,0.465,0.978
476,3,0,36.814,330.884,0.77,531,8.801,675.804,0.463,0.98
477,7,1,36.907,330.884,0.769,532,8.787,673.633,0.464,0.98
478,5,2,37.047,330.884,0.77,532,8.789,678.04,0.463,0.981
479,8,0,37.14,328.907,0.771,533,8.772,674.765,0.463,0.981
480,6,1,36.907,328.907,0.77,536,8.804,672.086,0.461,0.98
481,4,0,36.86,328.907,0.772,533,8.819,673.255,0.461,0.979
482,3,0,36.814,328.93,0.772,532,8.823,672.555,0.46,0.978
483,6,1,36.86,329.023,0.775,527,8.914,667.957,0.455,0.977
484,4,1,36.907,330.093,0.776,528,8.89,669.345,0.455,0.978
485,5,0,37.116,331.628,0.774,527,8.91,670.81,0.456,0.979
486,8,0,37.14,331.814,0.776,532,8.701,682.587,0.46,0.98
487,7,1,36.814,331.814,0.777,533,7.964,679.532,0.459,0.978
488,4,1,36.814,331.698,0.777,530,8.013,674.593,0.457,0.977
489,6,1,36.535,331.698,0.776,529,8.057,667.163,0.455,0.974
490,6,0,36.651,331.698,0.777,532,7.948,677.639,0.461,0.977
491,8,0,36.372,331.698,0.774,538,7.971,675.959,0.464,0.976
492,7,0,36.233,330.302,0.774,536,7.883,668.481,0.461,0.974
493,5,1,36.372,330.302,0.774,533,7.853,675.711,0.462,0.975
494,6,0,36.326,330.302,0.773,534,8.665,671.725,0.461,0.975
495,7,0,36.233,330.791,0.769,533,8.692,666.702,0.461,0.975
496,2,1,36.14,330.791,0.77,530,8.756,657.662,0.457,0.972
497,6,0,36.186,328.465,0.77,531,8.746,655.999,0.456,0.973
498,5,0,36.465,334.721,0.771,528,7.916,665.685,0.455,0.974
499,6,0,36.419,334.721,0.771,530,7.841,669.61,0.459,0.975
500,13,0,36.581,334.744,0.77,533,7.731,669.781,0.461,0.977
501,11,0,24.488,265.047,0.519,538,11.723,429.935,0.457,0.507
502,5,0,24.721,266.581,0.524,539,11.539,433.523,0.461,0.537
503,5,0,25.465,268.977,0.54,536,11.637,448.266,0.459,0.589
504,8,0,25.791,275.07,0.564,539,11.248,474.361,0.47,0.648
505,6,0,26.116,272.721,0.557,539,11.268,476.942,0.466,0.656
506,4,0,26.256,273.791,0.562,540,11.186,488.334,0.469,0.676
507,6,0,26.581,278.07,0.578,538,11.109,491.301,0.468,0.695
508,4,0,26.721,279.953,0.583,537,11.068,499.082,0.469,0.706
509,5,0,27.209,280.047,0.586,535,11.006,510.372,0.467,0.731
510,11,0,27.302,281.651,0.595,539,8.489,522.598,0.471,0.733
511,4,0,27.465,281.651,0.599,538,8.429,527.099,0.473,0.746
512,4,0,27.744,282.791,0.602,540,8.247,539.055,0.477,0.773
513,10,1,28.256,296.372,0.633,540,8.035,559.88,0.483,0.813
514,12,0,28.814,301.302,0.656,549,7.742,580.28,0.495,0.859
515,6,2,28.93,301.581,0.659,546,7.745,579.352,0.494,0.861
516,9,0,28.977,305.698,0.661,550,7.695,583.866,0.497,0.869
517,9,0,29.302,305.907,0.668,552,7.6,590.641,0.501,0.885
518,6,1,30.047,309.326,0.679,546,7.505,600.437,0.496,0.9
519,6,0,30.721,313.093,0.684,548,7.417,610.827,0.495,0.917
520,4,0,31.163,313.14,0.691,539,7.569,599.548,0.486,0.917
521,6,0,31.349,314.907,0.706,539,6.965,603.184,0.488,0.922
522,3,0,31.907,315.767,0.713,538,6.935,610.71,0.488,0.933
523,3,0,32.465,315.512,0.728,534,7.027,611.132,0.482,0.939
524,5,0,32.651,319.86,0.737,535,6.924,614.156,0.488,0.946
525,3,0,32.465,319.86,0.736,536,6.941,615.756,0.488,0.944
526,4,0,32.372,319.86,0.736,534,7.034,606.825,0.486,0.94
527,6,0,32.14,318.977,0.73,532,7.223,589.843,0.479,0.93
528,4,1,32.558,318.977,0.733,527,7.246,593.404,0.474,0.934
529,9,2,32.884,324.953,0.754,530,6.783,606.538,0.481,0.945
530,12,0,32.977,324.488,0.748,533,6.784,605.715,0.481,0.947
531,4,0,33.326,321.488,0.749,533,6.799,611.425,0.478,0.95
532,9,0,33.326,321.488,0.747,539,6.698,619.517,0.483,0.953
533,6,0,33.884,326.047,0.754,541,6.35,633.343,0.486,0.961
534,5,0,33.93,324.651,0.743,541,6.355,636.436,0.484,0.961
535,4,0,33.744,324.698,0.746,540,6.375,636.603,0.485,0.959
536,8,0,33.93,325.698,0.747,538,6.531,635.781,0.482,0.96
537,6,1,34.116,325.698,0.749,536,6.544,638.525,0.478,0.96
538,8,0,33.884,324.581,0.744,540,6.456,641.35,0.482,0.959
539,4,0,34.023,324.674,0.745,542,6.474,639.41,0.481,0.96
540,8,0,34.116,324.674,0.746,545,6.504,645.338,0.483,0.962
541,9,1,34.233,324.674,0.746,547,6.495,648.967,0.482,0.963
542,7,0,34.279,327.326,0.752,544,6.473,653.7,0.482,0.963
543,5,0,34.512,329.512,0.75,547,6.393,661.146,0.485,0.967
544,9,1,34.767,329.744,0.749,551,6.2,672.723,0.491,0.972
545,12,0,34.767,329.814,0.751,553,6.163,673.374,0.489,0.971
546,3,0,35.047,331.302,0.755,553,6.186,671.524,0.485,0.972
547,6,1,35.209,334.256,0.755,554,6.146,670.353,0.488,0.974
548,7,1,35.744,334.256,0.755,555,6.149,682.672,0.487,0.978
549,4,0,35.884,334.372,0.758,555,6.227,682.598,0.483,0.978
550,8,0,35.93,335.302,0.759,557,6.261,686.962,0.483,0.978
551,1,0,36.023,335.302,0.757,549,6.416,668.62,0.474,0.976
552,4,1,36.047,332.349,0.757,548,6.703,670.016,0.471,0.975
553,5,0,36.0,333.419,0.763,542,6.781,660.309,0.467,0.973
554,7,1,35.767,333.419,0.766,539,6.81,652.346,0.465,0.971
555,9,1,36.233,335.116,0.766,542,6.719,658.846,0.469,0.976
556,6,0,36.093,336.047,0.759,542,7.167,651.883,0.47,0.975
557,5,2,36.186,336.047,0.763,540,7.169,656.52,0.469,0.976
558,8,1,36.093,336.047,0.764,543,7.04,659.003,0.473,0.976
559,7,1,36.326,336.233,0.763,542,6.947,676.204,0.475,0.979
560,6,0,36.651,336.233,0.765,543,6.925,684.404,0.476,0.981
561,6,0,36.558,336.698,0.766,544,6.896,685.982,0.475,0.98
562,3,0,36.372,336.698,0.766,539,6.972,674.215,0.471,0.978
563,9,0,36.047,336.698,0.772,541,6.987,657.739,0.475,0.977
564,7,0,35.814,336.698,0.775,544,7.603,653.842,0.478,0.977
565,8,0,36.326,337.256,0.784,543,7.524,666.909,0.476,0.979
566,10,0,36.698,338.419,0.784,546,7.406,681.91,0.481,0.983
567,7,1,36.605,338.419,0.787,549,7.439,670.405,0.482,0.983
568,6,1,36.512,338.419,0.788,547,7.41,670.134,0.481,0.982
569,5,2,36.372,338.419,0.787,546,7.469,663.54,0.479,0.981
570,7,0,36.186,338.419,0.786,551,7.4,657.914,0.483,0.981
571,4,1,36.279,338.419,0.786,546,7.455,655.094,0.478,0.98
572,8,0,36.419,338.419,0.787,549,7.402,661.364,0.478,0.98
573,6,0,36.0,339.395,0.791,546,7.533,652.161,0.475,0.977
574,7,2,36.186,338.907,0.792,548,7.5,657.132,0.478,0.979
575,6,0,36.372,336.721,0.786,547,7.429,662.564,0.479,0.98
576,10,1,36.651,336.721,0.787,548,7.283,669.392,0.482,0.983
577,7,0,36.558,336.953,0.787,551,7.2,674.775,0.486,0.983
578,4,1,36.581,336.953,0.786,550,7.196,674.2,0.486,0.983
579,6,1,36.419,336.163,0.79,551,7.239,660.939,0.484,0.982
580,3,0,36.372,336.163,0.794,547,7.35,655.119,0.478,0.98
581,4,0,36.326,333.977,0.79,541,7.422,642.66,0.474,0.979
582,5,0,36.233,333.698,0.785,543,7.407,637.815,0.475,0.978
583,6,1,36.093,333.698,0.79,540,7.521,630.728,0.476,0.978
584,8,2,36.372,330.767,0.793,538,7.53,630.213,0.471,0.978
585,9,1,36.558,330.767,0.792,541,7.492,634.487,0.472,0.98
586,8,0,36.651,337.047,0.79,546,6.77,646.407,0.477,0.981
587,5,0,37.047,338.093,0.792,542,6.776,652.184,0.475,0.983
588,9,0,37.419,337.86,0.791,547,6.673,660.609,0.478,0.985
589,7,1,37.651,337.86,0.794,550,6.186,671.077,0.482,0.987
590,10,0,37.465,337.86,0.792,555,6.158,674.153,0.483,0.986
591,10,0,37.674,338.047,0.791,560,6.082,684.171,0.485,0.988
592,5,1,37.116,338.047,0.786,554,6.233,666.006,0.48,0.984
593,7,0,37.302,338.047,0.784,557,6.198,671.561,0.482,0.985
594,7,0,36.86,337.93,0.781,563,6.206,671.749,0.484,0.984
595,5,0,36.953,338.023,0.781,562,6.148,668.667,0.484,0.984
596,6,0,36.86,337.674,0.782,556,6.507,656.191,0.475,0.982
597,4,0,37.0,337.674,0.781,554,6.583,653.765,0.471,0.981
598,4,0,36.791,337.674,0.782,553,6.603,645.936,0.47,0.98
599,5,0,36.465,337.907,0.779,553,6.615,644.585,0.467,0.977
600,8,0,36.512,338.0,0.779,559,6.529,655.5,0.474,0.979
601,7,0,24.256,261.814,0.498,562,10.722,430.65,0.47,0.529
602,5,0,24.744,265.605,0.509,562,12.308,441.745,0.47,0.58
603,3,0,25.07,265.977,0.515,560,12.243,449.548,0.469,0.6
604,5,0,25.651,267.488,0.528,559,12.262,454.325,0.465,0.629
605,4,0,25.791,267.535,0.525,559,12.262,459.489,0.465,0.638
606,7,0,26.093,269.233,0.529,563,12.08,471.637,0.471,0.679
607,10,0,27.14,277.372,0.564,566,11.726,504.808,0.481,0.769
608,10,0,27.512,280.558,0.586,572,11.636,510.242,0.484,0.798
609,3,0,28.116,282.07,0.601,569,11.667,513.126,0.479,0.816
610,6,0,28.581,282.953,0.608,569,11.605,519.993,0.479,0.836
611,3,0,28.767,282.953,0.614,569,11.565,521.147,0.478,0.841
612,12,0,29.442,288.256,0.638,573,11.196,543.13,0.485,0.878
613,4,0,29.442,288.256,0.639,571,11.197,540.975,0.485,0.877
614,1,0,30.0,287.837,0.644,563,17.056,533.11,0.477,0.903
615,6,0,30.465,288.628,0.648,561,17.001,547.897,0.478,0.915
616,7,0,30.698,291.233,0.659,563,16.922,558.413,0.481,0.924
617,9,0,31.186,295.651,0.671,565,16.706,566.945,0.478,0.931
618,6,0,31.163,295.116,0.675,564,16.275,564.754,0.479,0.93
619,6,0,31.488,295.07,0.678,561,16.347,568.331,0.475,0.933
620,5,0,31.907,295.884,0.682,562,16.315,572.861,0.474,0.94
621,2,0,31.953,295.791,0.685,558,16.431,566.166,0.468,0.935
622,3,0,31.86,294.279,0.686,553,16.599,548.568,0.459,0.925
623,4,0,32.047,294.279,0.686,551,16.601,549.341,0.458,0.928
624,3,0,32.0,298.302,0.686,549,16.653,548.491,0.456,0.925
625,6,0,32.279,298.302,0.69,545,16.578,543.227,0.45,0.925
626,4,0,32.233,298.349,0.69,544,16.49,547.853,0.453,0.927
627,3,0,32.372,298.349,0.687,542,16.44,553.955,0.454,0.93
628,2,0,32.535,298.349,0.689,537,16.444,549.743,0.451,0.931
629,9,0,32.395,298.349,0.688,542,16.467,546.015,0.454,0.931
630,3,0,32.256,298.349,0.689,542,16.522,542.237,0.454,0.929
631,3,0,32.233,298.535,0.688,541,16.53,542.473,0.455,0.929
632,9,0,32.465,300.791,0.699,542,16.447,549.799,0.458,0.936
633,3,0,32.744,300.791,0.699,542,16.386,554.022,0.458,0.941
634,13,0,33.14,302.093,0.71,547,10.711,566.308,0.464,0.942
635,8,0,33.233,302.256,0.71,551,10.677,569.009,0.467,0.946
636,9,0,33.279,302.488,0.708,558,10.619,573.245,0.469,0.949
637,2,0,33.605,302.488,0.711,556,10.641,579.134,0.467,0.952
638,4,0,33.558,302.488,0.714,554,10.699,580.724,0.465,0.95
639,5,0,33.512,300.302,0.705,554,10.763,574.117,0.463,0.948
640,6,1,33.837,299.698,0.705,548,10.782,579.055,0.458,0.949
641,6,0,33.698,299.814,0.705,547,10.649,578.177,0.457,0.946
642,5,0,33.744,299.558,0.7,548,10.775,576.277,0.457,0.947
643,3,0,34.07,299.512,0.701,546,10.779,577.094,0.454,0.95
644,6,0,34.07,299.419,0.7,543,10.834,573.794,0.453,0.95
645,7,1,34.442,299.419,0.7,541,10.515,586.218,0.454,0.955
646,8,0,34.674,299.233,0.698,543,10.499,591.094,0.453,0.957
647,3,0,34.465,300.023,0.706,541,10.588,589.548,0.451,0.953
648,5,0,35.023,305.628,0.709,539,10.506,593.118,0.449,0.959
649,13,0,34.86,305.953,0.713,544,10.388,596.219,0.452,0.958
650,6,0,35.14,309.791,0.723,545,10.144,612.088,0.46,0.966
651,3,0,35.233,309.791,0.725,540,10.198,609.787,0.457,0.965
652,4,0,35.465,310.953,0.728,539,10.185,609.827,0.456,0.967
653,4,0,35.698,310.953,0.73,533,10.303,607.598,0.452,0.968
654,7,1,35.605,310.953,0.729,532,8.899,606.361,0.453,0.966
655,4,1,35.767,311.535,0.73,526,8.926,606.034,0.449,0.966
656,13,1,35.442,312.581,0.735,532,8.817,611.043,0.452,0.964
657,7,0,35.07,312.86,0.735,532,8.842,601.638,0.45,0.958
658,3,0,35.023,312.86,0.734,531,8.837,608.561,0.451,0.958
659,3,0,34.884,315.07,0.733,530,8.865,604.634,0.45,0.956
660,7,0,34.744,315.07,0.731,532,8.745,612.768,0.454,0.956
661,4,0,34.791,318.279,0.736,532,8.689,615.653,0.456,0.958
662,6,1,34.837,318.558,0.737,529,8.67,618.801,0.457,0.959
663,9,0,35.14,319.767,0.744,535,7.638,635.847,0.463,0.965
664,9,0,34.837,321.465,0.742,537,7.592,639.601,0.468,0.964
665,7,0,34.837,321.465,0.74,539,7.54,645.823,0.471,0.965
666,6,0,35.116,322.372,0.742,541,7.462,658.045,0.473,0.969
667,5,0,35.628,326.558,0.742,541,7.31,683.619,0.479,0.976
668,12,3,35.907,328.279,0.743,543,7.251,692.467,0.481,0.978
669,2,0,35.86,328.302,0.744,536,7.436,682.144,0.476,0.976
670,3,1,36.163,327.163,0.744,531,7.541,680.882,0.473,0.977
671,4,0,36.163,328.442,0.751,530,7.551,680.141,0.472,0.977
672,4,1,36.326,328.442,0.753,527,7.671,678.035,0.468,0.977
673,5,0,36.744,328.442,0.756,523,7.742,676.313,0.462,0.978
674,7,1,36.558,328.442,0.756,523,7.761,672.629,0.463,0.977
675,6,0,36.837,328.442,0.757,527,7.758,678.06,0.462,0.979
676,3,0,37.047,327.349,0.757,526,7.791,680.829,0.461,0.98
677,8,0,36.814,327.349,0.759,529,7.79,685.08,0.463,0.979
678,4,0,36.814,327.349,0.759,528,7.7,688.414,0.465,0.979
679,7,2,36.86,327.488,0.757,527,7.627,685.347,0.466,0.98
680,5,0,37.116,328.535,0.762,526,7.569,688.719,0.466,0.981
681,5,1,36.977,328.535,0.763,524,7.666,677.193,0.46,0.979
682,6,0,36.837,328.535,0.76,524,7.741,673.621,0.459,0.978
683,5,1,36.93,329.442,0.761,526,7.69,679.164,0.461,0.979
684,7,1,36.86,330.721,0.765,527,7.62,688.128,0.466,0.98
685,7,0,37.163,330.721,0.768,527,7.438,705.845,0.471,0.983
686,9,1,37.419,331.767,0.771,531,7.293,708.1,0.474,0.985
687,10,3,37.326,331.767,0.769,530,7.389,690.453,0.468,0.983
688,7,0,37.0,330.721,0.764,529,7.518,681.466,0.465,0.98
689,4,0,36.953,330.721,0.764,530,7.566,677.099,0.463,0.98
690,8,1,37.186,330.721,0.766,529,7.473,688.509,0.466,0.982
691,2,0,37.372,330.14,0.768,518,7.655,685.155,0.457,0.98
692,6,0,37.512,330.14,0.77,514,8.546,679.633,0.451,0.98
693,6,1,37.163,330.14,0.771,509,8.703,664.688,0.444,0.976
694,10,0,37.047,330.14,0.769,515,8.648,671.093,0.45,0.977
695,4,0,36.86,330.14,0.765,516,8.724,667.776,0.45,0.975
696,8,0,36.628,330.14,0.768,521,8.662,666.249,0.452,0.974
697,9,0,36.279,330.14,0.769,527,8.59,670.574,0.457,0.974
698,7,0,36.093,330.419,0.77,528,8.539,671.071,0.456,0.971
699,13,0,35.953,329.767,0.767,536,8.422,680.908,0.463,0.973
700,6,1,35.977,329.535,0.768,536,8.562,677.261,0.463,0.973
701,11,0,21.86,260.14,0.494,537,11.26,406.824,0.457,0.308
702,4,0,21.953,260.233,0.499,536,11.32,405.893,0.453,0.304
703,5,0,22.14,260.233,0.501,536,11.392,407.158,0.451,0.308
704,7,0,22.279,263.07,0.509,541,11.174,418.711,0.459,0.344
705,4,0,22.256,264.0,0.516,537,11.118,419.382,0.46,0.344
706,8,0,22.581,265.419,0.528,536,11.062,428.828,0.46,0.369
707,9,0,23.651,269.535,0.556,535,10.943,453.273,0.457,0.437
708,5,0,23.698,270.14,0.564,532,10.981,446.691,0.453,0.425
709,5,0,24.07,270.535,0.564,533,10.749,454.978,0.454,0.455
710,5,0,24.395,271.884,0.57,533,10.767,461.182,0.456,0.486
711,7,0,24.674,275.907,0.584,534,10.525,472.653,0.46,0.523
712,6,0,25.279,278.93,0.601,536,10.391,487.586,0.459,0.566
713,8,0,25.372,280.07,0.605,538,10.38,481.051,0.459,0.572
714,5,0,25.884,280.256,0.609,536,10.218,489.966,0.456,0.6
715,10,0,26.814,288.209,0.643,538,10.207,503.624,0.454,0.659
716,6,0,26.953,288.209,0.641,540,10.102,505.157,0.458,0.68
717,3,0,26.907,288.209,0.642,539,10.204,500.707,0.454,0.665
718,4,0,27.186,288.767,0.641,537,10.053,513.637,0.458,0.695
719,8,0,27.372,289.93,0.643,541,10.007,519.902,0.461,0.717
720,12,0,27.651,294.419,0.655,548,9.518,532.605,0.472,0.762
721,4,0,27.93,297.093,0.67,540,9.396,535.289,0.468,0.765
722,10,0,28.326,303.372,0.671,544,9.271,552.121,0.474,0.8
723,8,0,29.0,308.767,0.682,546,8.757,574.977,0.482,0.845
724,5,0,29.791,309.605,0.688,542,8.608,585.583,0.478,0.869
725,11,0,30.0,317.837,0.691,550,8.366,601.042,0.487,0.889
726,11,0,29.907,319.093,0.689,553,8.593,596.32,0.486,0.886
727,5,0,30.372,319.093,0.699,552,8.655,604.726,0.486,0.899
728,5,1,30.326,320.977,0.699,553,8.728,603.139,0.486,0.899
729,10,1,30.674,321.488,0.714,556,8.44,613.974,0.494,0.917
730,5,0,30.907,321.302,0.716,557,8.436,619.213,0.494,0.922
731,8,0,31.14,321.279,0.723,558,8.331,624.433,0.495,0.928
732,10,1,31.465,321.395,0.731,559,8.254,629.475,0.495,0.934
733,8,0,31.884,324.791,0.74,565,8.055,650.661,0.502,0.947
734,12,1,32.163,326.465,0.75,567,8.114,652.962,0.504,0.952
735,4,0,32.256,326.698,0.751,565,8.207,645.476,0.499,0.95
736,8,0,32.535,326.698,0.756,570,7.854,659.499,0.505,0.958
737,4,0,32.535,326.698,0.754,571,7.879,655.02,0.504,0.957
738,5,1,32.558,326.93,0.754,571,7.817,656.611,0.505,0.958
739,4,0,33.209,326.93,0.754,566,7.81,665.9,0.502,0.964
740,6,1,33.349,326.93,0.755,568,7.775,664.756,0.5,0.965
741,4,0,33.581,326.93,0.762,569,7.644,669.306,0.503,0.968
742,5,0,33.721,327.209,0.763,569,7.602,673.715,0.505,0.97
743,9,1,34.047,328.512,0.769,572,7.347,691.4,0.51,0.975
744,12,3,34.372,328.512,0.774,576,7.091,702.672,0.512,0.978
745,5,0,34.744,328.628,0.777,570,7.162,705.679,0.508,0.979
746,6,2,35.047,328.628,0.778,569,7.132,707.692,0.506,0.98
747,8,1,34.907,328.419,0.772,569,8.039,692.754,0.506,0.98
748,7,0,35.14,328.419,0.769,571,7.97,693.486,0.507,0.981
749,2,0,35.372,328.419,0.768,569,7.995,696.776,0.504,0.982
750,7,1,35.465,328.791,0.766,571,7.989,707.74,0.505,0.983
751,7,1,35.558,330.07,0.767,571,8.0,705.598,0.503,0.983
752,2,0,35.674,330.07,0.77,565,8.12,702.224,0.496,0.981
753,7,0,35.86,330.07,0.771,566,8.131,700.634,0.493,0.982
754,7,1,36.0,329.581,0.775,564,8.378,695.843,0.49,0.982
755,4,0,36.419,328.837,0.773,560,8.37,697.668,0.486,0.983
756,3,0,36.419,328.837,0.773,558,8.41,696.13,0.484,0.983
757,10,0,36.791,328.977,0.775,557,8.516,688.302,0.477,0.983
758,5,1,36.884,329.209,0.776,554,8.537,679.775,0.472,0.982
759,6,0,36.837,329.116,0.771,555,8.504,678.423,0.472,0.982
760,6,0,36.698,329.233,0.769,553,8.649,672.909,0.471,0.981
761,5,1,36.326,329.512,0.77,551,8.734,660.283,0.471,0.979
762,9,1,36.744,329.512,0.77,554,8.625,670.986,0.472,0.981
763,5,0,36.558,329.465,0.768,549,8.799,663.084,0.466,0.979
764,6,0,36.488,329.279,0.765,546,8.856,660.424,0.464,0.978
765,4,0,36.488,329.465,0.769,545,8.829,661.219,0.466,0.978
766,4,1,36.349,329.349,0.769,542,8.978,654.937,0.463,0.976
767,2,0,36.163,329.349,0.767,539,8.988,646.103,0.459,0.974
768,5,0,36.186,329.488,0.764,540,8.961,647.786,0.461,0.975
769,8,2,36.14,329.302,0.764,543,8.976,647.742,0.462,0.975
770,10,0,36.233,329.302,0.762,551,8.895,653.962,0.467,0.977
771,8,1,36.326,329.302,0.761,555,8.863,657.934,0.468,0.978
772,6,0,36.419,331.372,0.767,549,8.804,648.481,0.468,0.979
773,2,0,36.186,330.605,0.763,545,8.927,636.88,0.463,0.975
774,3,0,36.372,330.674,0.764,540,9.034,634.717,0.46,0.976
775,8,0,36.233,330.674,0.765,546,9.077,635.475,0.463,0.976
776,8,0,36.326,330.419,0.762,548,9.112,625.657,0.463,0.976
777,3,0,36.349,325.302,0.759,541,9.288,623.653,0.46,0.976
778,6,0,36.442,325.302,0.758,541,9.326,620.898,0.459,0.976
779,6,0,36.605,325.837,0.763,539,8.425,625.079,0.458,0.976
780,10,0,36.744,325.837,0.765,544,8.417,639.239,0.461,0.978
781,4,1,37.116,326.558,0.767,537,8.524,630.967,0.449,0.977
782,4,0,37.233,326.558,0.767,536,8.462,635.942,0.452,0.979
783,1,0,36.953,326.558,0.762,533,8.57,627.197,0.447,0.975
784,4,0,36.721,326.837,0.759,531,8.605,617.819,0.446,0.973
785,5,0,36.767,326.837,0.759,530,8.629,618.123,0.445,0.973
786,4,0,36.488,326.837,0.758,527,8.727,613.406,0.442,0.969
787,6,0,36.302,337.209,0.761,522,8.895,603.224,0.431,0.962
788,9,0,36.605,337.442,0.76,524,8.813,608.097,0.433,0.966
789,3,0,36.465,337.442,0.761,519,9.097,596.151,0.428,0.962
790,7,0,36.698,337.442,0.759,521,9.079,607.189,0.427,0.965
791,10,0,37.023,337.86,0.759,526,8.915,626.543,0.431,0.969
792,13,0,37.093,338.186,0.769,535,8.634,644.992,0.442,0.974
793,5,0,37.372,338.186,0.773,534,8.635,651.622,0.441,0.976
794,6,2,37.558,338.186,0.773,533,8.541,661.178,0.443,0.978
795,4,0,37.372,338.465,0.773,532,8.653,656.578,0.444,0.977
796,8,1,37.419,338.558,0.774,535,7.996,657.041,0.444,0.977
797,10,1,36.651,338.395,0.773,537,8.18,638.77,0.442,0.97
798,3,0,36.791,338.395,0.772,536,8.207,637.791,0.439,0.97
799,12,0,36.953,339.047,0.775,542,8.048,651.931,0.446,0.974
800,4,0,37.233,339.047,0.78,538,8.114,654.32,0.444,0.976
801,11,0,25.233,267.279,0.534,543,9.226,424.614,0.449,0.514
802,5,0,25.558,267.721,0.535,541,9.122,428.256,0.449,0.538
803,6,0,25.628,270.14,0.539,542,8.655,437.255,0.453,0.555
804,6,0,26.093,274.953,0.55,543,8.643,442.372,0.451,0.584
805,2,0,26.372,275.093,0.554,537,8.713,441.208,0.448,0.593
806,6,0,26.605,278.465,0.573,540,8.691,443.319,0.45,0.619
807,6,0,27.163,278.512,0.581,539,8.63,446.396,0.445,0.641
808,9,0,27.814,281.256,0.593,542,8.387,457.679,0.449,0.696
809,4,0,28.233,280.744,0.6,537,8.475,463.021,0.441,0.7
810,4,0,28.349,283.093,0.604,538,8.297,472.199,0.446,0.723
811,6,0,28.558,283.419,0.605,539,8.271,476.901,0.446,0.736
812,6,0,28.465,283.419,0.603,543,8.24,478.268,0.448,0.735
813,6,0,28.791,285.814,0.616,540,8.234,483.18,0.448,0.754
814,2,0,28.977,285.814,0.62,538,8.211,483.536,0.445,0.758
815,6,0,29.163,289.047,0.628,535,8.171,485.199,0.443,0.76
816,8,0,29.581,290.535,0.632,538,8.0,504.217,0.447,0.794
817,6,0,29.953,291.953,0.636,539,7.99,507.869,0.449,0.815
818,5,0,30.279,296.186,0.653,534,7.879,510.321,0.447,0.826
819,7,0,30.465,297.488,0.662,535,7.781,523.469,0.449,0.838
820,3,0,31.023,297.488,0.668,529,7.86,525.111,0.443,0.849
821,1,0,31.442,297.674,0.674,523,7.948,524.252,0.435,0.852
822,10,0,32.047,301.953,0.685,528,7.755,543.598,0.44,0.881
823,3,0,32.0,301.953,0.688,525,7.841,537.366,0.437,0.875
824,12,0,32.163,305.442,0.692,530,7.903,537.045,0.439,0.883
825,1,0,32.023,305.442,0.692,525,8.0,531.531,0.434,0.872
826,4,0,32.256,305.628,0.695,521,8.043,531.178,0.431,0.875
827,4,0,32.302,304.93,0.693,518,8.467,526.764,0.43,0.876
828,8,0,32.512,304.814,0.689,519,8.349,542.331,0.435,0.89
829,2,0,32.372,311.07,0.697,516,8.091,536.973,0.431,0.88
830,6,0,32.465,311.349,0.698,515,8.158,535.586,0.428,0.878
831,6,0,32.326,311.349,0.695,517,8.167,535.894,0.429,0.875
832,2,0,32.233,311.349,0.694,518,8.086,533.806,0.43,0.873
833,7,0,32.14,311.907,0.695,518,8.068,530.107,0.43,0.869
834,8,0,32.535,312.465,0.697,516,8.055,532.795,0.431,0.885
835,9,0,32.86,319.628,0.705,516,7.84,545.713,0.437,0.902
836,7,0,33.047,319.628,0.706,517,7.859,548.973,0.436,0.905
837,2,0,32.86,319.233,0.706,510,7.972,545.115,0.43,0.893
838,8,0,32.953,320.791,0.709,513,7.938,547.082,0.433,0.9
839,6,0,32.721,321.535,0.714,513,7.835,545.126,0.435,0.894
840,6,0,32.674,321.535,0.711,514,7.795,546.624,0.438,0.897
841,7,0,32.581,321.535,0.715,515,7.755,544.941,0.437,0.893
842,5,0,32.581,322.744,0.714,518,7.762,545.995,0.438,0.895
843,4,0,32.884,326.698,0.715,519,7.538,560.708,0.443,0.908
844,6,2,32.884,326.698,0.715,520,7.527,556.361,0.442,0.908
845,2,0,32.953,328.419,0.718,517,7.615,551.391,0.439,0.906
846,6,1,33.233,328.419,0.714,519,7.495,564.852,0.443,0.918
847,10,0,33.651,328.814,0.718,526,7.321,580.273,0.45,0.933
848,6,0,34.023,328.814,0.72,524,7.397,581.036,0.448,0.938
849,10,2,33.93,329.0,0.72,529,7.307,585.404,0.452,0.94
850,5,0,33.977,329.186,0.721,530,7.441,585.456,0.451,0.941
851,1,0,33.977,329.186,0.726,525,7.492,582.933,0.448,0.938
852,6,0,33.977,329.186,0.725,526,7.511,584.608,0.447,0.937
853,7,0,34.14,330.674,0.726,527,7.462,587.686,0.448,0.94
854,3,0,34.558,330.907,0.731,522,7.473,586.699,0.444,0.945
855,5,0,34.837,331.326,0.731,522,7.468,586.303,0.442,0.948
856,6,0,34.605,331.442,0.729,521,7.485,584.381,0.444,0.945
857,6,0,35.023,331.442,0.731,520,7.419,594.335,0.447,0.954
858,5,0,34.744,331.442,0.733,518,7.476,584.511,0.443,0.947
859,5,0,34.651,331.558,0.733,516,7.573,587.954,0.44,0.943
860,9,1,34.651,333.86,0.735,514,7.522,593.475,0.442,0.945
861,5,0,34.628,339.628,0.735,515,7.709,599.427,0.444,0.946
862,6,0,34.628,339.628,0.741,514,7.712,600.636,0.442,0.944
863,6,0,34.674,339.628,0.739,516,7.627,599.341,0.445,0.947
864,3,0,34.628,337.326,0.734,514,7.847,592.506,0.444,0.946
865,5,0,34.837,337.326,0.739,505,8.04,583.809,0.433,0.941
866,9,1,34.93,337.349,0.738,508,7.926,586.194,0.436,0.946
867,4,0,35.07,337.349,0.738,509,7.9,591.735,0.437,0.948
868,7,0,34.977,338.116,0.736,512,7.837,599.955,0.442,0.95
869,9,2,34.837,338.116,0.735,511,7.83,603.28,0.443,0.949
870,4,0,35.279,340.86,0.739,504,7.87,607.583,0.44,0.953
871,5,0,35.372,340.86,0.74,504,8.268,615.011,0.442,0.956
872,4,1,35.419,340.86,0.739,506,8.264,617.561,0.442,0.957
873,6,0,35.651,339.581,0.749,510,7.881,624.418,0.444,0.961
874,6,0,35.581,337.186,0.748,506,8.105,608.6,0.44,0.957
875,4,0,35.442,337.186,0.752,505,8.065,608.192,0.441,0.956
876,7,0,35.605,337.907,0.752,506,8.006,610.202,0.442,0.959
877,5,0,35.558,337.907,0.752,511,7.953,612.813,0.444,0.96
878,7,0,35.163,337.0,0.75,513,7.974,612.005,0.445,0.955
879,3,0,34.884,337.0,0.749,513,8.107,602.994,0.442,0.949
880,5,0,35.07,341.419,0.753,516,7.961,609.344,0.447,0.955
881,9,0,35.023,341.605,0.755,521,7.847,611.411,0.451,0.957
882,5,0,35.116,341.605,0.756,520,7.893,611.554,0.449,0.957
883,3,0,35.302,341.605,0.756,521,7.812,619.513,0.45,0.96
884,5,1,35.256,341.605,0.757,521,7.881,612.901,0.447,0.957
885,6,0,35.047,336.0,0.752,518,7.997,599.331,0.441,0.951
886,5,0,35.326,336.0,0.754,515,8.038,602.004,0.439,0.953
887,7,0,35.558,336.0,0.746,519,8.463,612.529,0.446,0.961
888,10,1,35.512,337.279,0.744,525,8.418,618.321,0.449,0.962
889,8,1,35.279,337.279,0.743,529,8.377,617.355,0.453,0.962
890,4,0,35.256,337.279,0.74,527,8.441,612.589,0.45,0.96
891,10,1,35.488,338.279,0.75,530,8.116,620.779,0.453,0.964
892,6,0,36.0,338.279,0.752,528,8.065,631.241,0.454,0.969
893,4,0,36.047,338.419,0.757,529,8.128,631.63,0.453,0.97
894,2,0,36.07,338.419,0.759,525,8.218,621.015,0.448,0.967
895,6,0,36.209,338.419,0.759,529,8.228,621.111,0.448,0.969
896,9,0,35.628,338.279,0.759,526,8.297,613.179,0.447,0.962
897,9,0,35.698,337.14,0.76,534,8.138,631.889,0.454,0.966
898,7,0,35.465,337.558,0.763,536,8.197,628.958,0.454,0.964
899,4,0,35.558,337.558,0.762,536,8.079,626.879,0.455,0.965
900,6,0,35.465,337.93,0.759,539,8.064,618.722,0.456,0.965
901,9,0,24.047,264.535,0.512,541,10.252,392.601,0.452,0.442
902,8,0,24.419,265.628,0.52,542,10.004,405.433,0.452,0.47
903,8,0,24.977,268.698,0.539,543,9.827,418.853,0.452,0.509
904,7,0,25.395,270.419,0.55,547,9.716,423.966,0.452,0.541
905,3,0,25.581,271.233,0.556,545,9.696,424.824,0.452,0.558
906,7,0,25.907,272.581,0.563,549,9.593,433.786,0.456,0.594
907,5,0,26.558,277.256,0.594,548,9.377,448.443,0.456,0.641
908,6,0,26.744,277.721,0.6,548,9.35,451.265,0.453,0.644
909,6,0,27.14,281.558,0.612,545,9.205,461.197,0.454,0.675
910,5,0,27.279,281.558,0.615,543,9.231,461.791,0.451,0.675
911,6,0,27.744,283.791,0.633,543,9.665,464.922,0.453,0.714
912,6,0,28.163,287.535,0.644,544,9.539,479.711,0.455,0.746
913,5,0,28.488,287.535,0.644,542,9.549,482.079,0.454,0.761
914,5,0,29.14,288.767,0.659,536,9.526,489.7,0.446,0.777
915,4,0,29.14,288.767,0.659,533,9.533,491.774,0.446,0.775
916,9,0,29.302,290.233,0.667,537,9.506,498.111,0.448,0.789
917,6,0,29.535,290.674,0.668,536,9.436,507.411,0.449,0.804
918,3,0,29.767,289.605,0.666,532,9.549,504.389,0.444,0.803
919,3,0,29.674,289.674,0.667,527,9.772,499.103,0.439,0.788
920,6,0,29.86,291.791,0.678,532,9.652,508.339,0.444,0.809
921,7,0,30.0,295.488,0.682,532,9.584,513.747,0.444,0.815
922,4,0,30.233,300.558,0.7,534,9.345,522.831,0.448,0.834
923,6,0,30.279,302.326,0.713,533,9.277,529.142,0.451,0.84
924,5,0,30.651,305.116,0.722,531,9.209,526.123,0.449,0.851
925,13,0,31.256,306.93,0.721,541,8.772,552.914,0.457,0.886
926,5,0,31.163,305.767,0.722,538,9.637,549.137,0.457,0.885
927,7,0,31.698,311.814,0.729,536,9.537,571.781,0.463,0.909
928,8,0,31.837,312.186,0.733,539,9.46,571.277,0.465,0.914
929,9,0,32.047,315.698,0.737,543,9.096,574.892,0.469,0.922
930,7,0,32.233,317.442,0.738,545,9.003,579.695,0.472,0.929
931,4,0,32.651,319.791,0.751,545,8.982,589.956,0.471,0.937
932,1,0,32.93,319.791,0.755,536,9.024,588.458,0.463,0.935
933,4,0,32.698,319.791,0.756,537,9.176,584.432,0.462,0.929
934,5,0,33.116,319.791,0.758,535,9.116,588.065,0.459,0.935
935,4,0,32.977,319.721,0.757,533,9.165,579.982,0.456,0.929
936,6,1,33.488,319.721,0.762,532,9.12,587.717,0.455,0.938
937,6,1,33.419,320.721,0.761,535,9.103,585.985,0.458,0.939
938,2,0,33.558,320.721,0.759,533,8.989,587.693,0.457,0.941
939,4,0,33.698,320.721,0.761,534,8.876,592.286,0.458,0.944
940,5,0,34.209,320.721,0.767,532,8.886,602.126,0.456,0.95
941,8,0,34.163,320.907,0.767,536,8.682,612.84,0.461,0.953
942,7,0,33.93,320.907,0.765,539,8.698,608.983,0.463,0.951
943,4,0,33.977,320.907,0.764,538,8.618,613.967,0.464,0.952
944,7,0,33.837,322.372,0.764,541,8.652,620.197,0.466,0.951
945,7,1,33.744,322.372,0.766,538,8.626,616.081,0.465,0.95
946,6,0,33.814,322.372,0.764,540,8.643,616.665,0.465,0.951
947,7,0,34.395,322.163,0.763,536,8.001,617.793,0.461,0.955
948,0,0,34.628,322.163,0.766,528,8.095,617.206,0.455,0.954
949,8,1,34.953,322.07,0.764,531,7.926,630.695,0.459,0.961
950,5,0,35.0,323.953,0.765,531,7.779,636.614,0.459,0.961
951,2,0,35.14,323.953,0.764,526,7.802,633.912,0.456,0.961
952,3,0,34.814,323.953,0.765,523,7.97,627.482,0.452,0.955
953,5,0,35.14,323.953,0.767,525,7.885,634.14,0.453,0.96
954,8,1,35.558,323.953,0.768,525,7.799,644.055,0.454,0.965
955,9,0,35.884,324.395,0.766,527,7.638,654.374,0.46,0.971
956,5,0,36.093,322.628,0.767,528,7.548,665.44,0.461,0.973
957,8,0,36.0,324.0,0.765,528,7.523,667.254,0.463,0.973
958,1,0,35.674,324.0,0.765,522,7.662,656.79,0.459,0.968
959,7,0,35.953,324.0,0.764,520,7.662,658.076,0.459,0.971
960,4,0,35.535,323.512,0.764,517,7.782,644.188,0.455,0.965
961,6,0,35.256,323.512,0.763,517,7.815,638.579,0.453,0.961
962,4,0,35.07,322.744,0.758,517,7.749,632.534,0.455,0.96
963,11,1,34.837,324.977,0.762,524,7.741,629.903,0.458,0.959
964,4,1,34.884,324.977,0.765,520,7.875,625.161,0.452,0.956
965,7,1,34.698,324.698,0.764,520,7.914,622.391,0.453,0.954
966,5,1,34.605,324.698,0.763,519,8.003,618.552,0.452,0.952
967,8,0,34.698,325.977,0.765,524,7.869,627.829,0.457,0.956
968,5,0,34.698,325.977,0.767,526,7.795,633.576,0.459,0.957
969,4,0,35.14,326.163,0.772,527,7.711,647.907,0.46,0.963
970,5,2,34.93,325.116,0.769,524,7.908,635.508,0.452,0.956
971,5,0,35.209,324.953,0.769,520,7.933,639.898,0.448,0.957
972,6,0,35.163,324.953,0.768,525,7.866,644.264,0.454,0.96
973,6,0,35.628,324.953,0.771,526,7.76,652.575,0.457,0.967
974,4,1,35.395,324.047,0.775,524,7.983,645.06,0.455,0.963
975,7,0,35.628,325.628,0.773,527,7.899,651.68,0.458,0.968
976,3,0,35.581,325.628,0.773,525,7.877,651.049,0.457,0.967
977,10,0,35.814,327.465,0.781,531,7.552,667.83,0.467,0.973
978,6,0,36.047,327.465,0.777,530,7.577,666.434,0.467,0.974
979,4,1,35.907,327.512,0.775,530,7.666,664.717,0.466,0.973
980,6,0,35.674,327.605,0.772,533,8.282,658.575,0.465,0.971
981,6,0,36.0,327.744,0.773,531,8.461,662.815,0.464,0.974
982,7,0,36.0,327.744,0.774,536,8.552,665.013,0.468,0.975
983,8,0,36.605,328.419,0.783,539,8.324,682.568,0.475,0.981
984,6,0,36.372,328.419,0.78,540,8.276,680.05,0.477,0.981
985,7,2,36.977,328.419,0.779,537,8.278,692.002,0.476,0.984
986,12,1,37.023,328.419,0.778,543,7.431,703.105,0.481,0.984
987,6,1,37.07,329.326,0.779,543,7.533,700.94,0.479,0.984
988,4,0,37.279,330.488,0.778,545,7.456,712.998,0.484,0.986
989,6,2,37.326,330.488,0.777,544,7.509,715.47,0.484,0.986
990,10,2,37.581,330.488,0.778,546,7.46,719.009,0.484,0.988
991,6,0,37.721,330.651,0.781,545,7.443,724.323,0.486,0.988
992,10,1,37.349,331.721,0.78,548,7.382,722.87,0.49,0.988
993,13,2,37.814,331.721,0.775,555,7.029,743.626,0.496,0.99
994,7,0,37.651,331.721,0.778,553,7.118,730.607,0.493,0.989
995,7,1,37.605,331.721,0.776,554,6.943,726.502,0.496,0.989
996,7,3,38.0,331.721,0.779,547,6.871,740.244,0.491,0.99
997,3,0,37.674,331.721,0.778,545,6.897,734.732,0.49,0.989
998,7,1,37.535,331.721,0.771,541,7.005,720.719,0.486,0.987
999,9,0,37.349,332.349,0.773,541,6.989,718.077,0.489,0.987
1000,0,0,37.326,331.279,0.774,533,7.123,708.822,0.482,0.986
