1,10,0,0.302,2.093,0.0,10,345.752,0.0,0.007,0.041
2,3,0,0.465,2.535,0.0,13,344.4,0.197,0.009,0.043
3,3,0,0.605,3.651,0.001,16,327.567,0.317,0.011,0.027
4,3,0,0.744,5.512,0.003,19,313.23,0.677,0.014,0.019
5,4,0,0.907,6.674,0.004,23,298.499,1.043,0.016,0.012
6,7,0,1.233,9.628,0.007,29,268.406,2.147,0.022,0.006
7,5,0,1.465,13.977,0.015,34,249.601,3.526,0.027,0.004
8,5,0,1.791,16.163,0.018,38,231.462,4.771,0.03,0.002
9,5,0,1.977,20.047,0.025,42,221.702,5.894,0.035,0.002
10,3,0,2.07,21.14,0.026,45,218.843,6.388,0.037,0.002
11,6,0,2.116,22.0,0.026,51,216.412,6.996,0.039,0.002
12,9,0,2.256,23.419,0.024,59,211.361,9.334,0.046,0.002
13,4,0,2.535,26.535,0.029,63,205.866,11.216,0.051,0.002
14,4,0,2.488,26.535,0.027,67,206.39,11.123,0.052,0.002
15,3,0,2.535,27.07,0.025,70,204.638,12.125,0.056,0.002
16,8,0,2.674,29.953,0.029,77,196.513,13.944,0.06,0.001
17,4,0,2.86,32.116,0.032,81,187.91,15.99,0.064,0.001
18,4,0,2.86,32.628,0.03,85,187.198,16.457,0.067,0.001
19,7,0,2.93,35.256,0.035,91,185.34,18.667,0.071,0.001
20,8,0,2.93,36.86,0.035,98,184.202,19.342,0.075,0.001
21,3,0,3.116,38.233,0.04,98,180.9,20.591,0.075,0.001
22,3,0,3.186,39.326,0.044,98,178.645,21.14,0.074,0.001
23,3,0,3.279,41.326,0.047,101,177.833,22.999,0.077,0.001
24,3,0,3.279,41.326,0.045,104,177.899,23.432,0.079,0.001
25,5,0,3.419,44.163,0.049,108,174.524,24.714,0.084,0.001
26,6,0,3.326,43.953,0.047,113,173.2,25.46,0.086,0.001
27,8,0,3.651,47.372,0.052,119,169.491,29.444,0.092,0.001
28,6,0,3.767,49.628,0.054,125,168.662,31.124,0.096,0.001
29,3,0,3.907,49.884,0.055,127,168.077,33.647,0.097,0.001
30,3,0,4.047,50.605,0.055,130,166.845,35.368,0.099,0.001
31,5,0,4.186,51.605,0.061,130,166.071,35.011,0.096,0.001
32,8,0,4.442,53.488,0.063,137,163.929,39.343,0.1,0.002
33,3,0,4.535,55.953,0.069,139,162.742,41.42,0.103,0.002
34,4,0,4.628,56.302,0.068,143,161.925,43.979,0.105,0.002
35,6,0,4.86,57.233,0.067,148,162.556,47.44,0.109,0.002
36,3,0,4.907,58.256,0.069,151,161.843,49.4,0.111,0.002
37,9,0,5.372,62.047,0.078,157,155.944,56.567,0.115,0.002
38,0,0,5.209,61.279,0.079,154,158.297,53.239,0.112,0.002
39,6,0,5.512,62.767,0.082,157,156.139,56.093,0.114,0.002
40,2,0,5.512,62.767,0.081,159,156.055,56.188,0.115,0.002
41,2,0,5.651,62.767,0.081,161,155.429,57.261,0.115,0.002
42,3,0,5.558,62.209,0.081,162,161.463,54.914,0.113,0.002
43,7,0,5.837,63.791,0.084,168,159.88,58.969,0.116,0.003
44,7,0,5.977,64.953,0.085,173,158.984,62.133,0.119,0.003
45,4,0,6.256,65.884,0.09,175,158.157,63.412,0.118,0.003
46,8,0,6.256,68.209,0.094,180,157.024,65.495,0.12,0.003
47,3,0,6.628,69.186,0.096,179,156.096,71.037,0.122,0.003
48,10,0,7.209,77.163,0.113,187,148.374,81.0,0.131,0.003
49,8,0,7.256,80.302,0.12,192,146.315,84.446,0.135,0.003
50,2,0,7.442,77.698,0.116,190,148.028,83.7,0.132,0.004
51,7,0,7.419,77.698,0.113,196,147.973,86.763,0.135,0.004
52,4,0,7.651,77.837,0.115,198,147.598,87.85,0.134,0.004
53,6,0,7.698,77.837,0.112,202,147.369,91.483,0.136,0.004
54,2,0,7.884,78.116,0.112,203,146.963,94.207,0.137,0.004
55,5,0,7.977,79.07,0.115,204,146.658,96.298,0.138,0.005
56,6,0,8.116,80.14,0.115,209,146.101,100.282,0.141,0.005
57,5,0,8.256,80.395,0.113,212,145.629,105.086,0.144,0.005
58,5,0,8.302,80.395,0.111,215,145.523,106.668,0.146,0.005
59,7,0,8.512,82.186,0.115,218,144.871,111.578,0.149,0.006
60,8,0,8.837,87.047,0.126,224,141.934,118.096,0.153,0.006
61,1,0,8.698,87.512,0.13,221,142.438,114.887,0.151,0.006
62,6,0,8.605,87.512,0.127,225,141.502,116.67,0.154,0.006
63,6,0,8.605,88.07,0.127,228,141.255,117.373,0.155,0.006
64,5,0,8.837,88.698,0.127,231,141.207,124.226,0.159,0.007
65,3,0,9.047,88.791,0.128,230,141.137,125.889,0.158,0.007
66,7,0,9.0,88.442,0.126,235,141.138,126.337,0.16,0.007
67,3,0,9.233,88.442,0.128,235,140.636,128.603,0.158,0.007
68,6,0,9.419,89.395,0.13,238,140.388,132.247,0.16,0.008
69,6,0,9.558,92.698,0.135,242,139.889,137.463,0.166,0.009
70,5,0,10.07,94.372,0.14,244,139.265,144.569,0.168,0.011
71,8,0,10.116,95.093,0.137,252,138.832,151.627,0.173,0.011
72,8,0,10.023,98.14,0.148,257,138.731,154.175,0.176,0.012
73,5,0,10.256,99.093,0.153,257,137.674,159.469,0.175,0.012
74,6,0,10.488,100.605,0.159,258,137.407,164.339,0.175,0.013
75,7,0,11.0,101.605,0.16,262,136.775,174.553,0.178,0.015
76,5,0,11.047,101.698,0.16,264,136.699,178.71,0.179,0.015
77,5,0,11.209,101.791,0.16,266,136.572,181.117,0.179,0.016
78,5,0,11.605,101.605,0.16,268,136.3,186.07,0.178,0.018
79,3,0,11.698,101.605,0.159,268,136.226,188.109,0.179,0.019
80,3,0,11.512,101.605,0.157,271,136.282,185.239,0.18,0.018
81,2,0,11.814,101.628,0.163,269,136.399,184.375,0.175,0.018
82,3,0,11.884,101.907,0.165,269,136.423,187.165,0.174,0.019
83,8,0,12.023,102.093,0.163,275,136.21,195.134,0.177,0.02
84,2,0,11.977,102.767,0.164,275,136.175,194.436,0.178,0.02
85,6,0,11.93,104.302,0.165,279,135.619,199.54,0.183,0.021
86,5,0,11.837,104.721,0.164,282,135.288,205.063,0.186,0.021
87,5,0,11.86,106.093,0.169,281,135.342,207.952,0.187,0.021
88,4,0,11.86,106.837,0.167,284,135.188,209.966,0.191,0.022
89,9,0,11.651,109.674,0.173,291,135.155,211.464,0.196,0.023
90,5,0,11.837,109.884,0.175,292,135.258,213.192,0.195,0.024
91,3,0,12.07,110.488,0.181,290,135.165,215.372,0.193,0.025
92,5,0,12.023,110.884,0.18,290,135.321,216.167,0.195,0.025
93,5,0,11.93,111.186,0.181,288,135.153,215.231,0.196,0.025
94,5,0,12.116,113.186,0.185,290,134.721,218.169,0.199,0.027
95,5,0,12.535,114.698,0.191,292,134.269,226.754,0.2,0.031
96,1,0,12.535,114.698,0.193,289,134.371,227.293,0.198,0.03
97,5,0,12.767,116.628,0.203,291,134.25,232.041,0.199,0.032
98,3,0,12.907,118.581,0.21,290,134.135,233.77,0.2,0.034
99,5,0,12.953,118.581,0.209,292,134.24,234.649,0.2,0.035
100,5,0,13.047,120.837,0.214,295,133.863,241.553,0.205,0.038
101,4,0,8.86,106.698,0.148,295,138.284,164.969,0.203,0.012
102,7,0,8.953,109.093,0.155,299,137.923,169.427,0.206,0.013
103,4,0,9.14,108.07,0.152,297,137.762,171.903,0.205,0.013
104,4,0,9.651,112.977,0.179,296,137.241,183.678,0.206,0.015
105,5,0,10.07,113.116,0.181,297,136.935,190.916,0.206,0.017
106,4,0,10.256,113.884,0.186,295,137.817,193.607,0.204,0.018
107,2,0,10.419,113.884,0.187,293,137.713,194.668,0.203,0.019
108,8,0,10.605,114.419,0.189,297,137.463,200.707,0.204,0.02
109,2,0,11.116,114.744,0.194,294,136.318,206.818,0.202,0.022
110,3,0,11.279,114.744,0.195,293,136.252,208.76,0.2,0.022
111,5,0,11.651,117.721,0.211,294,136.143,217.061,0.199,0.025
112,6,0,11.558,118.395,0.209,298,136.817,222.173,0.204,0.026
113,7,0,11.791,118.535,0.211,300,136.766,224.919,0.202,0.027
114,2,0,11.86,118.535,0.213,296,136.757,224.488,0.201,0.027
115,5,0,11.977,119.791,0.217,296,135.915,225.598,0.199,0.027
116,6,0,11.977,122.488,0.232,298,136.75,223.958,0.201,0.028
117,4,0,12.395,122.488,0.237,298,136.64,224.093,0.196,0.03
118,2,0,12.256,122.488,0.239,295,136.771,221.079,0.194,0.028
119,8,0,12.372,127.535,0.254,301,136.497,226.925,0.198,0.03
120,4,0,12.279,127.535,0.255,302,136.565,224.31,0.198,0.029
121,4,0,12.186,127.907,0.257,301,136.823,217.351,0.196,0.028
122,9,0,12.279,129.093,0.254,307,136.453,231.519,0.205,0.033
123,5,0,12.465,129.907,0.255,307,136.306,235.887,0.205,0.035
124,6,0,12.372,129.907,0.255,308,136.26,234.38,0.208,0.035
125,4,0,12.558,129.674,0.257,308,136.206,236.852,0.206,0.036
126,5,0,12.605,127.907,0.25,312,136.12,237.965,0.208,0.037
127,4,0,12.744,128.233,0.253,313,136.124,239.194,0.206,0.037
128,9,0,12.791,130.953,0.262,317,135.945,243.991,0.21,0.04
129,8,0,12.837,130.953,0.263,321,135.807,247.704,0.211,0.041
130,5,0,12.837,130.953,0.263,323,135.754,246.81,0.211,0.041
131,6,0,13.07,135.605,0.278,328,135.556,252.371,0.215,0.046
132,7,0,13.209,136.744,0.281,332,135.375,256.679,0.217,0.05
133,6,0,13.442,137.023,0.278,336,135.037,269.555,0.221,0.056
134,5,0,13.488,137.0,0.281,335,134.266,270.157,0.219,0.053
135,6,0,13.674,138.93,0.283,340,133.059,276.376,0.224,0.058
136,5,0,13.721,140.465,0.283,340,132.634,282.373,0.226,0.059
137,4,0,14.0,140.977,0.283,341,132.519,288.232,0.227,0.066
138,5,0,14.093,141.209,0.284,343,132.383,292.224,0.228,0.068
139,8,0,14.0,140.767,0.284,350,132.292,294.131,0.232,0.069
140,7,0,14.535,140.767,0.287,352,131.954,306.043,0.23,0.079
141,8,0,14.581,143.163,0.294,358,131.824,310.84,0.234,0.084
142,5,0,14.86,146.814,0.302,360,131.658,320.498,0.237,0.093
143,11,0,15.07,149.651,0.316,361,131.717,321.685,0.236,0.098
144,7,0,15.023,149.651,0.314,365,131.649,323.482,0.238,0.1
145,5,0,15.0,149.651,0.315,364,131.64,326.413,0.24,0.101
146,7,0,14.814,149.814,0.314,366,131.623,321.704,0.241,0.098
147,6,0,15.07,149.977,0.316,368,131.511,329.183,0.242,0.106
148,5,0,15.349,150.674,0.316,369,129.362,333.032,0.244,0.111
149,5,0,15.209,151.023,0.319,369,131.435,333.618,0.245,0.114
150,8,0,15.488,151.302,0.319,373,131.232,340.476,0.246,0.124
151,2,0,15.419,152.395,0.326,369,131.288,338.867,0.244,0.119
152,11,0,15.791,154.233,0.332,375,130.961,354.215,0.25,0.141
153,2,0,15.698,154.233,0.333,373,131.048,350.129,0.249,0.137
154,2,0,15.907,154.233,0.336,369,131.087,347.025,0.246,0.139
155,4,0,16.093,154.791,0.339,369,131.047,353.176,0.247,0.147
156,4,0,16.14,157.047,0.339,369,131.196,351.257,0.246,0.147
157,8,0,16.047,159.86,0.347,369,131.225,355.105,0.251,0.154
158,4,0,16.093,160.302,0.348,371,131.078,364.534,0.255,0.163
159,5,0,16.093,160.581,0.352,373,131.083,364.883,0.257,0.166
160,4,0,16.279,161.326,0.356,368,131.044,364.355,0.254,0.168
161,5,0,16.326,161.395,0.357,364,131.266,363.462,0.25,0.164
162,1,0,16.372,161.233,0.359,359,131.403,360.834,0.247,0.161
163,3,0,16.651,161.233,0.358,355,131.511,357.635,0.242,0.163
164,4,0,16.651,160.163,0.357,350,131.611,351.115,0.238,0.155
165,4,0,16.512,160.0,0.358,351,131.594,347.771,0.239,0.152
166,4,0,16.558,160.0,0.361,349,131.594,348.571,0.236,0.147
167,2,0,16.465,160.0,0.362,347,131.633,346.45,0.234,0.141
168,4,0,16.512,159.93,0.361,347,131.567,349.957,0.236,0.146
169,5,0,16.86,161.605,0.369,350,131.176,363.698,0.239,0.164
170,5,0,16.907,161.605,0.368,355,131.114,368.299,0.242,0.171
171,2,0,17.093,161.605,0.368,353,131.11,370.691,0.241,0.178
172,3,0,17.372,161.605,0.369,350,131.101,374.757,0.24,0.188
173,8,0,17.744,162.442,0.369,350,130.996,383.711,0.241,0.208
174,3,0,17.605,164.07,0.365,349,131.025,384.289,0.241,0.201
175,5,0,17.605,164.07,0.365,353,130.945,386.604,0.244,0.208
176,2,0,17.279,162.791,0.357,349,131.144,374.444,0.24,0.185
177,5,0,17.093,163.767,0.363,345,131.218,371.413,0.239,0.174
178,6,0,17.07,164.814,0.365,344,131.221,365.632,0.238,0.17
179,6,0,16.93,164.814,0.367,345,131.381,361.936,0.237,0.164
180,2,0,16.605,164.814,0.368,339,131.625,352.752,0.234,0.146
181,5,0,16.512,165.047,0.367,337,131.737,351.272,0.235,0.145
182,7,0,16.512,165.349,0.367,340,131.626,352.773,0.238,0.149
183,2,0,16.512,165.14,0.367,337,131.762,351.915,0.235,0.144
184,10,0,16.698,165.512,0.366,345,131.59,359.924,0.237,0.156
185,8,0,16.837,165.837,0.372,351,131.453,373.473,0.24,0.166
186,2,0,16.558,163.233,0.372,349,131.573,360.15,0.238,0.15
187,7,0,16.605,163.372,0.375,352,131.492,368.383,0.241,0.157
188,5,0,16.326,163.581,0.377,352,131.541,363.081,0.241,0.147
189,3,0,16.465,163.581,0.378,349,131.744,363.773,0.239,0.15
190,8,0,16.767,164.14,0.375,353,131.611,376.198,0.244,0.171
191,1,0,16.721,164.14,0.375,354,131.604,375.225,0.244,0.17
192,6,0,16.953,165.488,0.377,356,131.45,387.205,0.248,0.189
193,6,0,16.953,168.814,0.384,361,131.204,397.909,0.254,0.201
194,7,0,16.953,175.302,0.385,365,131.039,402.033,0.258,0.209
195,8,0,17.465,175.302,0.388,364,130.743,419.268,0.259,0.24
196,5,0,17.465,175.465,0.392,363,130.78,421.387,0.26,0.24
197,2,0,17.372,175.465,0.393,362,130.786,418.915,0.26,0.236
198,7,0,17.395,176.0,0.393,362,130.783,418.013,0.259,0.235
199,4,0,17.302,176.0,0.393,364,130.763,415.974,0.26,0.232
200,2,0,17.488,178.349,0.394,366,130.687,421.615,0.264,0.254
201,2,0,14.581,151.233,0.292,365,131.293,358.083,0.264,0.122
202,5,0,14.767,151.465,0.295,366,131.231,362.271,0.264,0.129
203,4,0,14.674,151.465,0.293,369,131.181,362.185,0.266,0.129
204,5,0,14.814,151.744,0.293,370,131.075,371.331,0.268,0.137
205,6,0,14.907,153.023,0.3,374,130.927,379.03,0.271,0.145
206,5,0,14.953,153.186,0.308,371,131.185,378.576,0.267,0.14
207,4,0,15.14,153.186,0.305,372,131.169,385.013,0.268,0.149
208,4,0,15.326,153.907,0.309,374,131.083,390.626,0.269,0.158
209,3,0,15.465,154.488,0.31,376,131.057,395.144,0.27,0.166
210,12,0,15.558,155.837,0.319,383,130.938,397.905,0.271,0.173
211,6,0,15.651,155.837,0.322,383,131.107,399.872,0.267,0.169
212,3,0,15.884,155.837,0.327,380,131.41,397.336,0.262,0.169
213,5,0,15.884,155.837,0.326,384,131.372,397.884,0.264,0.173
214,1,0,16.093,157.302,0.33,378,131.391,402.444,0.26,0.176
215,1,0,16.372,157.302,0.333,369,131.569,394.808,0.255,0.177
216,2,0,16.326,157.302,0.333,367,131.542,393.741,0.255,0.175
217,5,0,16.116,157.209,0.336,363,131.693,379.673,0.25,0.157
218,4,0,16.535,157.209,0.336,362,131.657,388.518,0.249,0.172
219,7,0,16.581,162.163,0.336,362,131.569,388.818,0.251,0.178
220,4,0,16.442,162.163,0.335,364,131.586,389.218,0.252,0.173
221,6,0,16.302,162.279,0.334,367,131.542,392.198,0.255,0.175
222,5,0,16.163,163.442,0.334,370,131.508,392.489,0.258,0.174
223,3,0,16.581,163.116,0.336,362,131.53,398.122,0.253,0.183
224,5,0,16.442,163.116,0.344,355,131.761,388.163,0.249,0.168
225,7,0,16.488,163.116,0.342,358,131.628,387.833,0.251,0.174
226,10,0,16.442,163.116,0.34,364,131.401,394.592,0.254,0.178
227,5,0,16.302,163.116,0.339,368,131.361,391.507,0.256,0.176
228,5,0,16.349,163.116,0.34,368,131.296,402.017,0.259,0.183
229,4,0,16.302,163.442,0.349,370,131.205,407.579,0.262,0.188
230,4,0,16.302,161.465,0.351,367,131.237,405.269,0.26,0.185
231,2,0,16.581,161.349,0.352,364,131.236,410.425,0.26,0.196
232,3,0,16.674,163.907,0.357,361,131.286,411.109,0.258,0.197
233,6,0,16.674,162.651,0.358,362,131.58,405.788,0.256,0.195
234,2,0,16.767,163.512,0.358,362,131.585,408.942,0.257,0.202
235,1,0,16.721,163.512,0.359,359,131.621,407.065,0.256,0.198
236,1,0,16.953,163.837,0.361,355,131.681,408.998,0.254,0.203
237,5,0,16.907,163.14,0.355,354,131.677,409.162,0.254,0.201
238,3,0,17.233,163.14,0.36,351,131.79,415.546,0.252,0.213
239,3,0,17.279,163.14,0.36,350,131.765,419.524,0.253,0.218
240,4,0,17.279,163.14,0.359,353,131.77,417.967,0.253,0.218
241,6,0,17.419,163.14,0.358,356,131.407,422.081,0.255,0.228
242,8,0,17.651,163.14,0.357,358,131.34,426.781,0.254,0.239
243,4,0,17.465,170.186,0.362,358,131.403,423.732,0.255,0.231
244,8,0,17.372,163.14,0.355,360,131.367,423.16,0.256,0.23
245,3,0,17.512,162.86,0.357,356,131.423,425.289,0.251,0.225
246,6,0,17.512,163.0,0.358,356,131.408,426.818,0.252,0.227
247,10,0,17.395,169.256,0.355,366,131.074,432.409,0.259,0.235
248,7,0,17.442,169.256,0.354,371,131.018,438.155,0.261,0.243
249,7,0,17.558,169.256,0.356,374,131.066,435.804,0.259,0.246
250,6,0,17.605,172.558,0.362,376,130.958,437.979,0.26,0.25
251,5,0,17.558,172.558,0.365,376,130.856,441.64,0.26,0.247
252,5,0,17.767,176.372,0.369,375,130.822,440.754,0.258,0.254
253,4,0,17.953,177.721,0.372,374,130.85,442.204,0.257,0.263
254,3,0,18.14,177.721,0.375,375,130.761,455.569,0.26,0.281
255,7,0,18.372,177.721,0.374,381,130.537,466.125,0.265,0.31
256,6,0,18.605,177.721,0.375,377,130.626,463.554,0.259,0.309
257,3,0,18.651,177.721,0.376,375,130.651,461.799,0.258,0.308
258,3,0,18.744,181.372,0.378,374,130.609,460.4,0.258,0.315
259,2,0,18.977,181.372,0.377,373,130.526,466.219,0.258,0.33
260,3,0,19.07,181.372,0.378,371,130.572,468.084,0.257,0.332
261,7,0,19.256,189.628,0.374,373,130.412,481.239,0.259,0.35
262,3,0,19.302,189.628,0.375,373,130.429,477.652,0.258,0.35
263,8,0,19.395,189.628,0.377,376,130.243,488.54,0.261,0.368
264,3,0,19.395,189.814,0.376,379,130.202,489.816,0.263,0.374
265,2,0,19.535,189.628,0.378,375,130.232,487.646,0.261,0.376
266,5,1,19.395,189.628,0.377,374,130.297,490.576,0.263,0.374
267,5,1,19.721,189.698,0.38,374,130.144,496.686,0.262,0.394
268,7,1,19.977,189.698,0.382,373,130.126,504.702,0.261,0.409
269,4,0,19.884,189.698,0.382,369,130.251,497.936,0.26,0.399
270,3,0,20.07,189.628,0.386,366,130.146,500.187,0.259,0.408
271,5,0,20.488,189.628,0.398,365,130.012,512.829,0.26,0.443
272,3,0,20.279,189.628,0.399,362,130.15,495.868,0.257,0.417
273,9,0,20.302,189.814,0.4,362,130.195,490.906,0.254,0.411
274,5,0,20.209,189.814,0.398,364,130.109,492.553,0.256,0.408
275,4,0,20.07,189.814,0.399,361,130.172,485.763,0.254,0.39
276,3,0,20.163,189.814,0.401,361,130.137,488.101,0.255,0.401
277,7,0,20.023,189.814,0.404,365,130.113,495.263,0.258,0.401
278,6,0,20.023,189.814,0.404,367,130.032,489.209,0.257,0.397
279,6,0,19.93,189.814,0.404,372,129.91,496.705,0.262,0.409
280,5,0,19.93,189.814,0.405,373,129.873,495.565,0.261,0.403
281,5,0,19.977,189.814,0.406,370,129.873,494.379,0.261,0.407
282,6,0,19.93,193.256,0.404,374,129.732,505.01,0.267,0.425
283,0,0,19.977,193.256,0.405,366,129.822,495.972,0.264,0.418
284,2,0,20.209,193.256,0.406,361,129.835,499.165,0.26,0.421
285,5,0,19.767,193.395,0.406,356,130.16,479.931,0.255,0.372
286,7,0,19.907,193.395,0.405,358,129.895,486.146,0.256,0.383
287,7,0,20.186,193.395,0.404,362,129.778,498.562,0.257,0.409
288,4,0,20.047,193.581,0.406,362,129.855,494.065,0.258,0.4
289,6,0,20.279,190.442,0.409,360,129.757,493.34,0.258,0.418
290,8,0,19.907,190.442,0.41,361,129.806,491.924,0.26,0.396
291,3,0,19.837,190.442,0.41,358,129.84,487.118,0.259,0.389
292,6,0,19.977,190.442,0.411,359,129.848,484.484,0.258,0.395
293,3,0,19.814,190.442,0.411,359,129.958,482.556,0.258,0.385
294,0,0,19.907,190.442,0.412,354,130.015,478.685,0.255,0.381
295,5,0,20.0,190.442,0.409,354,130.019,481.608,0.254,0.384
296,4,0,20.0,190.442,0.409,357,129.98,482.95,0.256,0.392
297,8,0,20.163,190.488,0.406,359,130.036,485.068,0.253,0.395
298,4,0,19.907,189.698,0.407,358,130.16,470.209,0.248,0.357
299,4,0,19.674,189.977,0.406,354,130.241,465.448,0.248,0.344
300,8,0,19.791,189.977,0.405,357,130.209,471.158,0.249,0.354
301,5,0,15.628,160.814,0.347,354,131.549,369.288,0.247,0.132
302,6,0,15.721,160.953,0.344,358,131.374,378.413,0.251,0.141
303,3,0,15.349,160.953,0.345,358,131.443,369.849,0.25,0.126
304,4,0,15.442,161.14,0.345,359,131.376,370.346,0.249,0.128
305,6,0,15.488,162.535,0.352,363,131.295,374.316,0.252,0.135
306,3,0,15.535,163.93,0.356,366,131.242,377.053,0.254,0.14
307,4,0,15.674,163.86,0.356,367,131.201,388.007,0.257,0.149
308,2,0,16.14,163.535,0.359,361,131.255,389.186,0.25,0.156
309,5,0,16.14,163.535,0.359,364,131.098,389.985,0.251,0.156
310,2,0,16.07,163.256,0.359,362,131.306,381.373,0.246,0.146
311,6,0,16.07,163.256,0.36,367,131.202,387.431,0.248,0.15
312,3,0,16.023,163.442,0.362,368,131.135,390.228,0.251,0.152
313,7,0,16.116,164.116,0.365,370,131.116,394.316,0.255,0.163
314,6,0,16.302,162.628,0.359,374,131.041,404.374,0.255,0.173
315,7,0,16.488,162.814,0.358,375,130.953,410.852,0.257,0.184
316,6,0,16.814,163.14,0.36,378,130.813,419.657,0.26,0.207
317,4,0,17.0,163.14,0.36,378,130.788,423.713,0.26,0.216
318,6,1,16.907,163.302,0.363,378,130.913,420.269,0.258,0.206
319,3,0,17.093,163.302,0.362,378,130.804,424.648,0.258,0.215
320,2,0,17.14,163.302,0.363,376,131.059,417.742,0.256,0.214
321,2,0,17.279,164.884,0.374,372,131.063,421.92,0.253,0.216
322,8,0,17.0,167.628,0.382,376,130.925,422.666,0.256,0.207
323,6,0,16.953,167.628,0.381,378,130.886,424.912,0.259,0.212
324,3,0,17.209,168.186,0.385,375,130.868,429.942,0.257,0.22
325,4,0,17.442,168.395,0.388,374,130.846,428.981,0.256,0.229
326,9,0,17.372,171.047,0.392,383,130.474,439.894,0.263,0.242
327,5,0,17.326,172.535,0.394,386,130.394,440.032,0.265,0.245
328,4,0,17.465,172.535,0.395,386,130.332,439.016,0.264,0.249
329,5,0,17.558,172.535,0.393,387,130.391,437.858,0.264,0.255
330,6,0,17.512,172.535,0.392,389,130.369,437.163,0.264,0.252
331,4,0,17.465,172.814,0.391,391,130.328,439.754,0.266,0.254
332,4,0,17.744,173.0,0.395,388,130.342,444.47,0.264,0.267
333,3,0,17.605,173.0,0.394,386,130.343,440.597,0.265,0.26
334,6,0,17.512,173.581,0.395,390,130.319,441.943,0.268,0.265
335,12,0,17.767,175.186,0.397,395,130.171,454.628,0.271,0.287
336,5,0,17.93,175.186,0.397,397,130.134,459.054,0.271,0.298
337,6,0,17.953,175.186,0.397,401,130.089,463.312,0.273,0.306
338,11,0,18.512,175.186,0.398,401,130.009,471.008,0.271,0.335
339,4,0,18.581,175.349,0.4,398,130.05,470.837,0.269,0.334
340,4,0,18.302,175.349,0.401,395,130.07,465.794,0.268,0.314
341,6,0,18.163,176.023,0.402,394,130.035,462.918,0.269,0.306
342,7,0,18.349,176.953,0.403,395,130.002,466.116,0.268,0.314
343,2,0,18.442,176.279,0.404,392,130.111,464.95,0.265,0.313
344,6,0,18.512,176.442,0.404,393,130.137,468.278,0.266,0.321
345,7,0,18.419,176.605,0.401,398,130.012,471.118,0.271,0.329
346,6,0,18.419,176.721,0.403,401,130.004,475.432,0.272,0.334
347,5,0,18.372,176.651,0.401,403,129.974,477.586,0.275,0.338
348,7,0,18.605,176.651,0.401,402,129.969,482.008,0.273,0.348
349,7,0,18.465,176.651,0.404,403,129.833,478.651,0.275,0.344
350,5,0,18.674,176.651,0.406,403,129.775,483.175,0.274,0.357
351,3,0,18.907,176.651,0.406,402,129.737,489.397,0.276,0.378
352,4,0,19.093,177.512,0.409,401,129.718,494.558,0.275,0.39
353,2,0,19.093,176.442,0.405,398,129.763,488.483,0.273,0.382
354,3,0,19.14,176.442,0.407,394,129.784,481.157,0.27,0.375
355,6,0,19.186,176.628,0.407,397,129.743,487.075,0.27,0.38
356,6,0,19.395,177.07,0.411,395,129.842,478.737,0.264,0.375
357,7,0,19.163,177.907,0.413,396,129.855,475.041,0.265,0.362
358,6,0,19.302,177.558,0.414,392,130.054,465.436,0.26,0.355
359,10,0,19.209,180.86,0.415,394,129.997,473.777,0.265,0.364
360,4,0,19.535,180.86,0.412,390,129.897,475.622,0.26,0.372
361,2,0,19.674,180.86,0.414,388,129.907,479.621,0.259,0.379
362,9,0,19.721,180.86,0.412,395,129.783,488.876,0.264,0.397
363,5,0,19.674,180.86,0.412,396,129.805,485.533,0.263,0.391
364,2,0,19.86,182.047,0.412,395,129.766,493.783,0.265,0.41
365,6,0,19.953,183.581,0.416,400,129.491,507.006,0.272,0.443
366,6,0,20.0,183.581,0.416,400,129.42,508.896,0.274,0.453
367,9,0,20.0,183.744,0.416,402,129.43,506.269,0.275,0.458
368,11,0,19.86,183.744,0.416,407,129.321,515.138,0.28,0.462
369,5,1,19.814,184.116,0.414,409,129.279,517.632,0.282,0.466
370,4,0,19.814,184.349,0.418,408,129.329,517.558,0.281,0.462
371,4,0,19.767,184.535,0.421,410,129.318,517.728,0.282,0.464
372,4,1,19.86,184.535,0.422,409,129.328,521.413,0.281,0.466
373,8,0,19.86,184.721,0.423,415,129.281,531.014,0.286,0.485
374,8,0,20.0,184.721,0.426,421,129.245,538.195,0.288,0.504
375,4,0,20.279,184.721,0.426,416,129.312,533.965,0.284,0.511
376,6,0,20.465,185.023,0.425,418,129.334,546.6,0.286,0.533
377,6,0,20.302,185.023,0.424,421,129.339,543.034,0.287,0.525
378,6,0,20.209,185.023,0.423,425,129.315,542.375,0.289,0.524
379,3,0,20.163,185.023,0.422,425,129.293,541.322,0.29,0.525
380,5,0,20.326,185.163,0.424,425,129.246,552.717,0.292,0.544
381,6,1,20.093,185.116,0.425,426,129.301,541.725,0.292,0.525
382,9,2,20.07,183.721,0.418,424,129.369,531.262,0.286,0.503
383,5,0,20.256,183.721,0.419,424,129.346,537.571,0.287,0.52
384,7,0,20.302,183.721,0.416,426,129.322,539.92,0.288,0.525
385,5,0,20.163,183.535,0.419,424,129.269,538.777,0.291,0.525
386,3,0,20.442,184.744,0.422,423,129.218,549.134,0.292,0.55
387,3,0,20.395,188.326,0.425,422,129.244,550.838,0.291,0.543
388,3,0,20.442,188.326,0.427,421,129.266,548.869,0.287,0.533
389,8,0,20.256,188.698,0.424,428,129.151,554.0,0.292,0.537
390,6,0,20.209,186.349,0.425,426,129.23,545.973,0.289,0.523
391,8,0,20.302,188.698,0.425,429,129.154,550.948,0.292,0.539
392,3,0,20.419,188.698,0.427,426,129.162,551.54,0.289,0.537
393,6,0,20.651,189.093,0.427,429,129.09,559.922,0.289,0.557
394,2,0,21.07,188.767,0.426,424,129.115,567.914,0.288,0.585
395,3,0,20.698,188.767,0.426,419,129.251,547.213,0.284,0.542
396,3,0,20.558,188.767,0.427,418,129.285,543.933,0.283,0.528
397,11,0,20.512,186.535,0.426,423,129.274,550.608,0.285,0.532
398,2,0,20.512,186.442,0.428,417,129.33,542.867,0.281,0.516
399,5,1,20.512,186.442,0.424,413,129.358,540.061,0.279,0.51
400,5,0,20.419,185.814,0.422,412,129.455,529.916,0.277,0.496
401,4,0,14.07,152.186,0.31,413,129.265,358.325,0.275,0.116
402,9,0,14.186,157.674,0.323,417,129.074,361.839,0.279,0.126
403,3,0,14.326,158.163,0.333,414,129.217,360.329,0.278,0.129
404,3,0,14.581,158.163,0.34,411,129.209,366.961,0.277,0.137
405,2,0,14.581,158.163,0.341,410,129.238,366.791,0.277,0.136
406,6,0,14.953,159.372,0.349,409,129.065,378.678,0.276,0.148
407,2,0,15.093,159.372,0.347,409,129.02,384.309,0.277,0.156
408,9,0,15.14,159.744,0.349,415,128.85,389.553,0.28,0.163
409,5,0,15.372,159.744,0.351,414,128.822,390.381,0.278,0.169
410,6,0,15.512,159.744,0.352,412,128.859,394.258,0.276,0.172
411,5,0,15.837,161.674,0.356,410,128.932,401.059,0.274,0.181
412,6,0,15.93,164.326,0.364,410,128.777,400.833,0.274,0.184
413,6,0,16.07,161.977,0.359,413,128.753,406.235,0.274,0.191
414,4,0,16.116,163.0,0.362,412,128.647,408.243,0.272,0.189
415,3,0,16.326,163.0,0.363,411,128.675,408.876,0.27,0.195
416,7,0,16.372,166.651,0.376,415,128.436,420.962,0.278,0.214
417,3,0,16.651,167.605,0.376,413,128.35,428.047,0.278,0.229
418,4,0,16.651,168.233,0.378,410,128.416,427.99,0.278,0.229
419,0,0,16.837,168.233,0.379,405,128.373,431.0,0.277,0.236
420,6,0,16.837,170.605,0.383,410,128.271,434.918,0.28,0.245
421,5,0,17.023,173.209,0.393,411,128.159,442.128,0.281,0.257
422,6,0,16.977,174.047,0.391,415,128.111,444.007,0.283,0.261
423,5,0,17.023,175.698,0.393,414,128.019,444.636,0.284,0.266
424,2,1,17.116,175.698,0.394,410,128.092,443.78,0.28,0.261
425,4,0,17.116,175.977,0.389,409,128.127,443.907,0.279,0.258
426,7,0,17.023,175.977,0.388,414,128.028,446.304,0.281,0.256
427,8,0,17.209,175.977,0.391,414,128.044,450.908,0.28,0.267
428,3,0,17.558,176.14,0.393,409,128.061,454.04,0.275,0.273
429,3,0,17.605,176.14,0.392,407,128.062,454.321,0.276,0.277
430,3,0,17.744,177.395,0.393,409,127.972,457.886,0.278,0.292
431,3,0,17.953,178.744,0.398,407,127.978,461.205,0.277,0.302
432,3,0,18.186,178.744,0.401,406,127.904,464.718,0.276,0.315
433,0,0,18.209,178.744,0.403,402,127.932,460.012,0.273,0.307
434,9,0,18.07,178.581,0.401,408,127.915,460.07,0.276,0.308
435,6,0,18.023,178.442,0.399,410,127.844,458.186,0.278,0.31
436,5,0,18.163,180.326,0.395,409,127.797,459.832,0.277,0.315
437,7,0,18.186,180.326,0.394,409,127.726,468.662,0.28,0.327
438,10,0,18.442,188.651,0.392,417,127.542,479.558,0.287,0.366
439,3,0,18.581,188.767,0.395,414,127.571,480.066,0.284,0.368
440,3,0,18.535,188.767,0.397,409,127.594,476.127,0.281,0.352
441,6,0,18.442,189.651,0.399,411,127.595,474.565,0.282,0.35
442,2,0,18.674,189.605,0.401,407,127.642,474.094,0.279,0.356
443,4,0,18.581,189.605,0.404,406,127.66,473.806,0.279,0.349
444,5,0,18.628,189.605,0.405,407,127.702,473.705,0.277,0.349
445,2,0,18.767,189.605,0.404,401,127.791,474.355,0.273,0.345
446,2,0,18.791,189.605,0.404,399,127.793,477.419,0.273,0.346
447,5,0,18.884,188.814,0.407,396,127.826,473.906,0.271,0.346
448,4,0,18.837,188.814,0.405,399,127.87,478.204,0.273,0.351
449,6,0,18.744,188.814,0.405,402,127.842,482.358,0.276,0.354
450,6,0,18.791,188.814,0.405,405,127.803,490.545,0.28,0.368
451,7,0,18.651,188.814,0.403,410,127.666,497.981,0.285,0.375
452,4,0,18.558,188.814,0.405,411,127.698,498.664,0.286,0.374
453,7,0,18.791,188.163,0.407,412,129.653,507.51,0.285,0.403
454,4,0,18.512,188.535,0.409,413,129.693,494.539,0.285,0.382
455,13,1,18.674,189.279,0.408,420,129.597,513.187,0.289,0.406
456,3,0,18.628,189.279,0.406,421,129.665,511.597,0.287,0.398
457,2,0,18.767,189.279,0.407,420,129.681,515.541,0.287,0.407
458,4,0,18.721,189.279,0.407,421,129.806,512.135,0.288,0.407
459,4,0,18.907,189.884,0.413,420,129.689,515.677,0.291,0.432
460,6,0,18.86,189.884,0.412,420,129.714,514.769,0.29,0.424
461,5,0,18.953,189.884,0.409,416,129.926,514.032,0.286,0.42
462,8,0,18.698,189.884,0.405,419,130.035,507.565,0.286,0.401
463,8,1,18.837,189.884,0.409,421,129.693,528.141,0.293,0.435
464,3,0,19.047,189.884,0.409,418,129.59,531.533,0.293,0.45
465,7,1,18.977,189.884,0.409,421,129.41,535.952,0.296,0.455
466,7,0,19.047,190.233,0.408,422,129.048,546.492,0.302,0.476
467,5,0,19.047,190.233,0.407,423,129.039,548.234,0.302,0.476
468,6,2,18.953,190.233,0.408,421,129.047,541.881,0.3,0.465
469,3,0,19.047,190.233,0.409,421,129.082,539.773,0.298,0.465
470,0,0,19.093,190.233,0.41,419,129.121,538.461,0.297,0.464
471,7,1,19.186,190.233,0.409,416,129.068,540.132,0.298,0.476
472,7,0,19.279,190.233,0.407,421,129.044,551.687,0.3,0.489
473,8,0,18.953,190.233,0.405,427,129.048,544.874,0.303,0.475
474,4,1,18.884,190.233,0.405,428,129.024,542.1,0.304,0.474
475,1,0,19.023,190.233,0.406,425,129.034,544.464,0.304,0.484
476,4,0,19.023,190.674,0.408,421,129.097,545.0,0.303,0.482
477,4,0,19.14,190.674,0.409,420,129.141,546.547,0.303,0.488
478,5,1,19.442,190.674,0.413,418,129.131,553.774,0.302,0.509
479,2,0,19.488,190.674,0.414,417,129.098,555.784,0.301,0.51
480,5,1,19.395,190.674,0.414,419,129.109,551.378,0.301,0.502
481,3,0,19.488,190.674,0.415,417,129.12,551.457,0.299,0.504
482,6,0,19.581,190.674,0.411,422,128.915,559.719,0.304,0.527
483,4,1,19.395,190.674,0.412,416,128.973,554.73,0.302,0.506
484,6,0,19.535,190.674,0.413,415,128.875,556.959,0.303,0.519
485,8,1,19.767,190.674,0.412,412,128.945,553.859,0.298,0.521
486,7,0,20.023,190.674,0.42,418,128.881,565.641,0.302,0.553
487,4,2,20.047,190.674,0.42,419,128.898,565.78,0.302,0.554
488,9,0,20.047,190.674,0.424,425,128.858,577.18,0.306,0.569
489,5,0,20.0,190.674,0.423,424,128.84,575.153,0.306,0.564
490,4,0,20.14,190.674,0.424,424,128.781,580.001,0.305,0.571
491,4,0,20.372,190.674,0.425,421,128.779,579.463,0.302,0.58
492,3,0,20.372,190.674,0.425,422,128.788,580.165,0.303,0.581
493,2,0,20.651,190.558,0.426,418,128.772,585.844,0.301,0.595
494,8,1,20.581,190.558,0.435,421,128.61,587.121,0.306,0.607
495,3,0,20.581,190.558,0.435,422,128.564,594.454,0.307,0.611
496,1,0,20.442,190.558,0.433,418,128.678,579.01,0.303,0.588
497,6,0,20.419,190.558,0.433,419,128.641,578.944,0.304,0.59
498,3,0,20.419,190.628,0.432,416,128.684,580.499,0.303,0.584
499,4,0,20.512,190.628,0.431,410,128.742,573.677,0.298,0.576
500,6,0,20.395,190.628,0.432,412,128.678,575.203,0.301,0.575
501,4,0,15.256,161.349,0.327,411,129.804,410.793,0.295,0.207
502,4,0,15.721,161.907,0.336,411,129.725,422.807,0.296,0.233
503,3,0,15.907,160.233,0.337,406,129.845,420.81,0.292,0.234
504,1,0,16.07,162.86,0.341,403,129.918,423.464,0.289,0.235
505,4,0,16.302,162.86,0.343,402,129.942,431.409,0.288,0.245
506,2,0,16.209,162.86,0.344,400,130.014,427.081,0.287,0.239
507,4,0,16.488,162.86,0.348,392,130.113,429.192,0.283,0.244
508,5,0,16.488,162.721,0.347,394,130.122,427.64,0.284,0.247
509,7,0,16.512,163.093,0.349,397,130.118,429.245,0.283,0.246
510,7,0,16.605,163.163,0.35,399,129.996,431.791,0.285,0.254
511,4,0,16.651,163.163,0.349,400,129.969,434.395,0.286,0.261
512,5,0,16.674,160.186,0.347,400,129.926,434.718,0.285,0.258
513,7,0,16.814,160.163,0.348,402,129.926,437.761,0.286,0.27
514,8,0,17.0,165.209,0.351,402,129.913,447.259,0.286,0.283
515,4,0,17.093,165.884,0.353,399,130.055,445.099,0.284,0.283
516,4,0,17.14,165.884,0.351,400,129.933,450.196,0.286,0.29
517,3,0,17.326,165.884,0.351,399,129.799,453.217,0.285,0.3
518,6,0,17.186,168.86,0.367,400,129.742,449.486,0.287,0.296
519,5,0,17.581,171.186,0.379,397,129.712,458.026,0.287,0.322
520,4,0,17.628,171.186,0.379,397,129.737,456.598,0.285,0.32
521,5,0,17.837,171.233,0.38,394,129.617,461.491,0.285,0.333
522,6,0,17.953,171.767,0.383,394,129.687,462.703,0.286,0.343
523,3,0,18.047,172.651,0.391,392,129.818,466.439,0.284,0.346
524,9,0,18.419,172.884,0.393,397,129.562,481.179,0.286,0.378
525,5,0,18.279,172.093,0.387,400,129.595,484.678,0.288,0.374
526,4,0,18.558,176.86,0.39,400,129.449,483.795,0.287,0.391
527,4,0,18.512,176.86,0.392,399,129.475,482.846,0.286,0.383
528,5,0,18.465,177.047,0.394,400,129.462,482.191,0.287,0.383
529,9,0,18.512,177.326,0.394,403,129.488,484.112,0.288,0.388
530,6,0,18.605,177.326,0.395,404,129.487,486.439,0.286,0.391
531,5,0,18.837,177.93,0.403,403,129.484,490.921,0.285,0.405
532,4,0,18.977,180.047,0.403,404,129.419,495.852,0.288,0.425
533,6,0,19.256,183.14,0.407,402,129.43,503.67,0.288,0.447
534,5,0,19.302,183.14,0.403,401,129.461,506.02,0.289,0.453
535,3,0,19.535,183.14,0.405,398,129.435,512.391,0.288,0.468
536,7,0,19.442,183.14,0.408,399,129.528,507.693,0.287,0.459
537,5,0,19.442,185.395,0.413,401,129.563,513.218,0.289,0.467
538,3,0,19.302,185.395,0.413,399,129.626,503.646,0.285,0.442
539,6,0,19.256,185.302,0.419,401,129.508,502.084,0.288,0.447
540,2,0,19.488,185.302,0.419,397,129.531,506.496,0.284,0.452
541,7,0,19.395,185.302,0.414,400,129.648,501.611,0.287,0.454
542,5,0,19.535,185.302,0.415,400,129.692,502.928,0.286,0.462
543,5,0,19.535,187.326,0.42,402,129.545,510.574,0.288,0.468
544,13,0,20.047,188.907,0.423,410,129.273,543.964,0.299,0.546
545,12,1,20.163,188.907,0.422,416,129.025,561.83,0.305,0.575
546,7,1,20.326,189.884,0.423,414,129.024,570.574,0.306,0.59
547,6,0,20.233,189.884,0.425,414,129.112,564.496,0.303,0.576
548,5,1,20.372,189.884,0.425,411,129.136,561.926,0.3,0.576
549,3,1,20.558,189.884,0.428,409,129.113,567.708,0.3,0.589
550,3,0,20.86,189.884,0.429,407,129.134,569.857,0.296,0.598
551,1,0,20.953,189.884,0.429,401,129.211,559.096,0.293,0.593
552,2,0,21.0,189.884,0.429,403,129.197,566.012,0.293,0.598
553,3,0,21.0,186.791,0.43,399,129.255,555.375,0.291,0.592
554,6,0,21.186,186.791,0.43,401,129.137,569.624,0.296,0.62
555,5,0,21.186,186.93,0.428,397,129.186,571.225,0.294,0.616
556,13,0,21.279,187.93,0.43,404,129.137,580.304,0.297,0.633
557,7,1,21.047,187.93,0.427,408,129.125,574.786,0.298,0.619
558,3,0,20.953,187.93,0.428,406,129.155,572.064,0.297,0.607
559,2,0,21.093,188.163,0.427,403,129.206,572.534,0.295,0.611
560,6,0,20.907,188.233,0.426,405,129.118,569.508,0.296,0.6
561,7,0,21.14,188.233,0.429,406,129.013,569.94,0.297,0.619
562,4,0,21.395,188.233,0.431,403,128.873,573.173,0.294,0.627
563,3,0,21.302,188.233,0.428,403,128.829,575.923,0.295,0.624
564,6,2,21.581,188.395,0.432,400,128.757,582.139,0.294,0.64
565,3,0,21.535,188.023,0.432,398,128.805,574.303,0.291,0.626
566,4,0,21.442,188.023,0.434,396,128.887,570.379,0.289,0.612
567,2,0,21.535,188.023,0.431,392,129.072,565.031,0.284,0.605
568,4,0,21.628,188.023,0.434,396,128.936,579.37,0.289,0.628
569,4,1,21.628,188.023,0.434,394,128.955,577.707,0.288,0.623
570,3,0,21.674,188.023,0.433,395,128.953,578.63,0.287,0.623
571,4,0,21.488,188.023,0.433,395,128.981,574.463,0.285,0.605
572,8,1,21.349,188.023,0.432,399,128.864,573.522,0.29,0.61
573,8,1,21.163,188.023,0.432,402,128.856,574.275,0.291,0.601
574,2,0,21.349,188.023,0.434,397,128.959,569.303,0.286,0.595
575,11,0,21.256,188.023,0.434,405,128.856,571.237,0.289,0.6
576,3,0,21.116,188.023,0.433,406,128.841,568.158,0.29,0.591
577,7,0,20.837,188.023,0.435,404,129.04,557.324,0.288,0.564
578,4,0,20.698,188.023,0.437,404,129.08,551.383,0.287,0.551
579,6,0,20.767,188.209,0.437,405,129.075,555.406,0.287,0.558
580,10,0,20.581,188.0,0.436,410,129.031,553.927,0.289,0.549
581,5,0,20.721,188.837,0.44,410,128.847,563.651,0.292,0.569
582,4,0,21.047,187.698,0.442,405,128.957,560.253,0.286,0.575
583,5,1,21.279,187.512,0.443,398,129.012,555.441,0.28,0.57
584,4,0,21.233,187.372,0.442,398,129.024,552.299,0.279,0.564
585,13,1,21.326,187.977,0.443,409,128.835,572.142,0.289,0.603
586,1,0,21.465,187.977,0.444,402,128.957,560.783,0.281,0.588
587,7,0,21.558,187.349,0.444,403,128.895,560.344,0.283,0.6
588,5,0,21.372,187.349,0.44,405,128.966,556.78,0.283,0.589
589,6,0,21.14,187.349,0.439,406,129.025,552.812,0.284,0.574
590,1,0,21.372,187.349,0.44,403,128.992,557.497,0.282,0.586
591,5,0,21.279,187.721,0.434,403,129.008,557.192,0.282,0.579
592,3,0,21.279,187.721,0.434,401,129.085,553.649,0.279,0.569
593,2,0,21.256,187.721,0.434,399,129.102,552.199,0.279,0.565
594,4,0,21.163,186.837,0.435,397,129.173,545.3,0.278,0.554
595,8,1,21.395,187.163,0.432,400,129.101,554.849,0.28,0.578
596,6,0,21.256,187.349,0.434,403,129.081,557.416,0.282,0.575
597,7,0,21.256,187.349,0.433,406,129.089,557.936,0.284,0.583
598,5,0,21.442,187.349,0.435,404,129.128,560.067,0.282,0.59
599,5,0,21.419,187.349,0.436,406,129.121,567.266,0.284,0.596
600,3,1,21.395,185.419,0.437,402,129.146,559.393,0.282,0.586
601,4,0,15.116,152.256,0.319,403,131.933,395.23,0.278,0.171
602,7,0,15.302,152.535,0.322,404,131.815,400.702,0.278,0.179
603,1,0,15.581,152.535,0.324,402,131.837,404.019,0.276,0.188
604,5,0,15.721,155.86,0.331,402,131.759,410.082,0.277,0.196
605,5,0,15.767,155.674,0.334,398,131.741,407.971,0.274,0.191
606,0,0,15.814,155.674,0.335,392,131.807,403.602,0.27,0.185
607,4,0,15.953,156.209,0.339,390,131.673,398.435,0.268,0.186
608,7,0,16.465,160.0,0.35,391,131.215,409.723,0.268,0.21
609,3,0,16.837,163.209,0.362,387,131.209,417.552,0.267,0.227
610,4,0,17.209,167.907,0.38,384,130.988,426.86,0.267,0.246
611,6,0,17.233,167.907,0.379,388,130.965,428.43,0.268,0.252
612,3,0,17.605,167.907,0.381,382,131.164,427.252,0.263,0.26
613,6,0,17.698,168.884,0.385,384,131.098,434.938,0.265,0.27
614,2,0,17.744,168.884,0.387,383,131.163,429.787,0.262,0.267
615,9,0,17.698,168.884,0.395,384,131.097,429.822,0.263,0.266
616,5,0,17.721,168.953,0.396,383,131.086,425.628,0.261,0.262
617,2,0,17.767,168.047,0.394,381,130.867,426.217,0.26,0.259
618,5,0,18.0,168.279,0.393,382,130.695,435.101,0.261,0.277
619,8,0,17.953,168.558,0.394,384,130.741,437.808,0.263,0.279
620,8,0,18.233,168.558,0.394,383,130.707,445.484,0.264,0.299
621,5,0,18.442,168.767,0.397,381,131.059,447.197,0.259,0.3
622,10,0,18.465,170.326,0.393,388,130.896,451.643,0.262,0.311
623,8,0,18.465,170.535,0.393,394,130.66,462.243,0.267,0.326
624,3,0,18.372,170.465,0.392,394,130.669,460.137,0.267,0.319
625,6,0,18.465,170.465,0.395,397,130.615,462.4,0.268,0.328
626,0,0,18.651,170.465,0.397,391,130.675,457.3,0.264,0.328
627,2,0,18.953,170.465,0.399,384,130.587,460.122,0.261,0.338
628,4,0,19.14,170.209,0.398,385,130.531,463.474,0.26,0.347
629,3,0,19.093,170.209,0.397,388,130.493,464.208,0.261,0.348
630,4,0,19.0,170.209,0.396,388,130.474,462.539,0.262,0.344
631,8,0,19.326,169.674,0.394,390,130.546,471.103,0.262,0.369
632,2,0,19.279,169.674,0.392,388,130.857,465.466,0.261,0.363
633,8,0,19.372,171.465,0.397,386,130.935,466.516,0.26,0.366
634,5,0,19.372,168.907,0.391,389,131.008,465.837,0.261,0.371
635,5,0,19.233,170.814,0.395,392,130.955,466.563,0.262,0.364
636,5,0,19.116,170.814,0.393,396,130.93,466.346,0.264,0.364
637,6,0,19.116,172.093,0.393,398,130.945,474.426,0.266,0.369
638,7,0,18.93,174.581,0.398,401,130.758,469.722,0.271,0.37
639,3,0,19.163,175.419,0.401,399,130.625,472.353,0.269,0.38
640,8,0,19.163,179.977,0.404,402,130.405,482.268,0.273,0.392
641,3,0,19.116,179.977,0.405,402,130.406,475.689,0.271,0.381
642,3,0,19.256,179.977,0.406,404,130.291,477.855,0.272,0.397
643,5,0,19.256,179.977,0.407,406,130.321,476.943,0.272,0.397
644,8,0,19.116,180.116,0.408,410,130.294,480.394,0.274,0.392
645,6,0,19.535,180.442,0.414,412,130.238,491.841,0.276,0.43
646,5,0,19.535,180.442,0.413,412,130.413,489.663,0.275,0.426
647,4,0,19.814,180.442,0.412,412,130.339,489.853,0.274,0.444
648,5,0,20.047,180.116,0.413,412,130.254,499.088,0.275,0.465
649,4,0,19.953,180.116,0.413,414,130.247,498.479,0.275,0.457
650,3,0,19.953,180.116,0.413,411,130.282,488.89,0.271,0.446
651,0,0,20.093,180.116,0.417,405,130.375,478.31,0.266,0.437
652,4,0,20.233,180.116,0.417,405,130.31,480.862,0.265,0.443
653,2,0,20.395,180.116,0.417,404,130.315,483.701,0.264,0.454
654,8,0,20.442,181.116,0.422,407,130.208,487.148,0.265,0.46
655,4,0,20.488,181.116,0.418,408,130.144,495.414,0.266,0.467
656,5,0,20.535,181.116,0.42,405,130.334,482.907,0.259,0.446
657,7,0,20.349,181.116,0.42,410,130.345,480.019,0.261,0.438
658,6,1,20.628,181.116,0.422,409,130.202,487.086,0.262,0.462
659,2,0,20.791,181.116,0.423,409,130.197,490.434,0.261,0.474
660,4,0,20.837,181.116,0.422,407,130.162,493.361,0.263,0.482
661,3,0,20.651,180.116,0.419,407,130.255,478.788,0.26,0.459
662,5,0,20.419,180.116,0.418,403,130.346,467.551,0.259,0.438
663,6,0,20.558,180.186,0.417,404,130.407,471.071,0.258,0.445
664,5,0,20.605,180.186,0.42,403,130.414,472.919,0.257,0.446
665,3,0,20.698,180.256,0.42,399,130.44,474.473,0.256,0.447
666,4,0,20.93,184.698,0.42,399,130.414,477.723,0.256,0.466
667,9,0,21.023,185.605,0.423,405,130.203,487.797,0.261,0.489
668,3,0,21.023,185.605,0.424,405,130.096,492.637,0.261,0.49
669,5,0,20.977,185.233,0.426,402,130.159,480.436,0.257,0.471
670,3,0,20.977,185.163,0.425,399,130.199,479.89,0.255,0.465
671,7,0,21.163,184.256,0.421,401,130.179,477.911,0.254,0.476
672,5,0,21.116,184.535,0.42,402,130.194,482.068,0.255,0.475
673,1,0,21.163,184.535,0.418,399,130.248,474.876,0.253,0.471
674,5,0,21.349,184.535,0.42,397,130.185,477.625,0.252,0.484
675,6,0,21.256,184.535,0.421,391,130.217,473.173,0.25,0.467
676,7,0,21.488,184.535,0.418,394,130.094,480.231,0.254,0.5
677,4,0,21.419,184.977,0.42,394,130.33,475.035,0.253,0.494
678,2,0,21.512,184.977,0.413,390,130.509,475.874,0.251,0.493
679,7,0,21.465,184.977,0.412,392,130.5,477.23,0.254,0.5
680,2,0,21.465,184.837,0.412,391,130.484,478.959,0.253,0.499
681,4,0,21.233,184.837,0.414,389,130.577,470.092,0.249,0.466
682,5,0,21.465,184.674,0.413,387,130.505,468.564,0.248,0.479
683,4,0,21.279,184.674,0.413,389,130.482,470.225,0.249,0.467
684,7,0,20.953,184.814,0.412,389,130.532,460.611,0.249,0.442
685,4,0,20.767,184.814,0.412,389,130.564,452.462,0.247,0.423
686,6,0,20.674,184.814,0.407,390,130.582,452.308,0.248,0.418
687,2,0,20.535,184.581,0.405,387,130.763,443.056,0.243,0.391
688,4,0,20.581,184.581,0.404,385,130.73,442.987,0.242,0.393
689,0,0,20.767,184.581,0.405,381,130.719,446.564,0.241,0.402
690,7,0,20.721,184.581,0.403,386,130.706,447.219,0.242,0.402
691,4,0,20.581,179.349,0.402,384,130.75,437.356,0.239,0.381
692,1,0,20.395,178.93,0.403,380,130.918,427.56,0.235,0.355
693,4,0,20.14,178.93,0.4,376,131.018,416.682,0.233,0.331
694,5,0,20.233,178.93,0.407,377,130.928,425.118,0.235,0.342
695,8,0,20.349,184.581,0.407,379,130.849,430.213,0.239,0.364
696,5,0,20.163,184.907,0.406,379,130.962,422.983,0.238,0.35
697,4,0,20.302,184.674,0.407,377,131.051,422.47,0.236,0.355
698,3,0,20.488,184.674,0.406,373,131.092,418.054,0.233,0.356
699,7,0,20.163,184.814,0.406,372,131.16,410.808,0.231,0.326
700,4,0,20.047,183.465,0.406,371,131.212,397.991,0.228,0.312
701,3,0,16.419,155.512,0.357,371,132.237,328.836,0.223,0.122
702,1,0,16.349,155.512,0.357,370,132.307,327.081,0.222,0.119
703,3,0,16.349,153.674,0.351,367,132.372,325.806,0.223,0.12
704,5,0,16.581,157.721,0.364,368,132.192,337.055,0.226,0.133
705,4,0,16.581,156.744,0.363,369,132.115,344.925,0.228,0.136
706,3,0,16.814,158.605,0.371,364,132.287,340.711,0.225,0.14
707,3,0,16.674,158.0,0.37,361,132.225,337.969,0.224,0.132
708,6,0,16.767,158.0,0.369,360,132.24,339.935,0.223,0.134
709,4,0,16.814,158.0,0.37,358,132.249,340.352,0.222,0.134
710,7,0,16.953,158.465,0.369,360,132.15,345.032,0.224,0.143
711,10,0,16.953,165.814,0.37,367,132.042,354.423,0.228,0.151
712,8,0,17.0,165.907,0.368,371,131.757,358.969,0.232,0.158
713,4,0,16.953,165.907,0.368,370,131.751,357.233,0.231,0.155
714,4,0,17.233,165.907,0.368,372,131.606,368.314,0.233,0.169
715,4,0,17.465,165.907,0.367,373,131.44,374.631,0.234,0.18
716,7,0,17.791,169.953,0.367,371,131.321,384.425,0.234,0.196
717,4,0,17.791,169.953,0.364,372,131.233,387.42,0.236,0.201
718,8,0,17.93,170.628,0.372,375,131.193,398.195,0.241,0.22
719,2,0,17.744,170.628,0.373,373,131.241,393.105,0.24,0.207
720,7,0,17.86,173.605,0.371,375,131.107,401.164,0.243,0.221
721,3,0,18.233,173.605,0.373,372,131.096,409.06,0.241,0.235
722,6,0,18.116,173.605,0.371,375,131.021,409.155,0.243,0.235
723,6,0,18.047,173.605,0.37,376,131.083,410.323,0.244,0.234
724,4,0,17.837,173.721,0.371,376,130.976,413.789,0.249,0.234
725,4,0,18.07,170.744,0.369,377,130.812,422.642,0.253,0.257
726,5,0,18.163,170.512,0.369,378,130.862,424.761,0.252,0.261
727,8,0,18.116,172.395,0.375,379,130.646,430.086,0.256,0.268
728,7,0,18.209,172.721,0.374,381,130.566,432.038,0.257,0.277
729,6,0,18.651,169.698,0.373,376,130.508,443.793,0.255,0.299
730,8,0,18.326,169.767,0.372,378,130.535,437.016,0.257,0.282
731,5,0,18.093,169.767,0.375,373,130.7,419.736,0.252,0.255
732,8,0,17.953,171.116,0.375,381,130.533,426.517,0.259,0.266
733,7,0,18.093,175.814,0.387,383,130.602,433.212,0.261,0.282
734,10,0,18.07,176.07,0.387,388,130.557,435.027,0.262,0.282
735,9,0,18.488,177.581,0.393,391,130.567,441.002,0.262,0.309
736,5,0,18.744,177.465,0.394,391,130.522,444.501,0.261,0.325
737,5,1,18.791,177.349,0.396,391,130.444,449.398,0.264,0.335
738,5,0,18.744,177.349,0.394,395,130.419,451.804,0.266,0.34
739,6,0,18.837,176.767,0.393,393,130.463,451.013,0.263,0.336
740,7,0,19.07,176.767,0.397,394,130.341,459.508,0.266,0.36
741,6,0,19.023,176.721,0.396,397,130.433,464.8,0.268,0.366
742,8,0,18.93,177.419,0.4,400,130.381,465.204,0.269,0.362
743,11,0,19.023,177.814,0.403,405,130.321,465.739,0.269,0.369
744,1,0,18.977,177.814,0.404,402,130.367,463.11,0.268,0.362
745,6,0,18.837,175.814,0.405,404,130.328,457.76,0.269,0.355
746,8,0,18.791,177.302,0.41,404,130.272,459.09,0.27,0.353
747,2,0,19.07,177.302,0.411,398,130.123,464.61,0.268,0.366
748,5,0,19.093,177.302,0.411,398,130.136,460.503,0.266,0.36
749,8,0,19.186,177.419,0.416,399,130.195,466.953,0.267,0.371
750,4,0,19.163,176.512,0.413,397,130.247,462.361,0.265,0.363
751,8,0,18.884,176.512,0.411,402,130.189,458.951,0.268,0.354
752,5,0,19.047,176.512,0.41,405,130.07,471.469,0.269,0.369
753,2,0,19.419,176.512,0.413,400,130.166,469.836,0.264,0.377
754,7,0,19.419,178.605,0.418,404,129.961,479.148,0.269,0.394
755,7,0,19.884,181.0,0.419,401,129.917,488.503,0.269,0.429
756,6,0,19.791,181.0,0.421,401,130.016,479.284,0.266,0.411
757,8,0,19.581,183.581,0.421,403,129.872,484.316,0.269,0.407
758,4,0,19.767,184.767,0.425,402,129.739,492.126,0.271,0.426
759,3,0,19.907,184.767,0.425,402,129.742,493.055,0.27,0.433
760,5,1,19.884,184.767,0.425,405,129.7,497.331,0.271,0.435
761,6,0,19.628,186.535,0.423,405,129.729,492.054,0.274,0.427
762,3,0,19.535,186.535,0.423,402,129.787,483.399,0.272,0.411
763,7,0,19.535,184.953,0.423,401,129.803,475.031,0.27,0.406
764,5,0,19.581,184.953,0.424,402,129.824,476.334,0.269,0.406
765,6,0,19.953,184.953,0.426,402,129.865,481.535,0.269,0.434
766,8,0,19.86,184.953,0.425,405,129.769,484.855,0.272,0.437
767,3,0,19.86,184.953,0.425,405,129.751,486.331,0.273,0.439
768,4,0,19.884,183.163,0.426,404,129.776,483.656,0.273,0.441
769,4,0,19.977,183.163,0.426,403,129.729,484.985,0.274,0.451
770,2,0,20.163,183.721,0.429,401,129.742,489.208,0.273,0.465
771,5,0,20.209,183.721,0.431,399,129.765,488.089,0.271,0.459
772,6,0,20.0,183.721,0.431,401,129.791,482.896,0.272,0.447
773,5,0,20.116,186.884,0.434,401,129.736,487.688,0.272,0.457
774,6,0,19.953,189.116,0.43,401,129.771,484.167,0.271,0.441
775,4,0,20.047,189.116,0.433,397,129.832,480.26,0.268,0.438
776,5,0,19.907,189.116,0.431,399,129.763,479.594,0.269,0.431
777,4,0,19.837,189.116,0.43,398,129.708,481.135,0.272,0.435
778,4,0,19.93,189.116,0.431,398,129.732,486.574,0.272,0.443
779,7,0,19.86,189.116,0.432,399,129.745,482.786,0.271,0.435
780,4,0,19.721,189.116,0.432,398,129.8,476.241,0.27,0.421
781,6,0,19.488,189.116,0.429,399,129.788,474.198,0.271,0.406
782,2,0,19.395,189.116,0.428,401,129.763,473.105,0.273,0.404
783,5,0,19.256,189.279,0.428,405,129.718,476.183,0.275,0.4
784,4,0,19.372,186.116,0.428,403,129.725,474.056,0.273,0.403
785,3,0,19.279,186.116,0.427,401,129.826,468.538,0.271,0.39
786,7,0,19.488,187.744,0.433,403,129.684,483.44,0.275,0.419
787,6,0,19.442,187.395,0.436,404,129.715,480.175,0.276,0.42
788,4,0,19.581,187.395,0.436,404,129.713,482.083,0.275,0.426
789,6,1,19.488,187.395,0.433,406,129.687,482.36,0.276,0.422
790,5,0,19.488,185.558,0.434,404,129.741,482.655,0.276,0.421
791,4,0,19.256,185.744,0.434,402,129.792,468.9,0.274,0.398
792,6,0,19.674,185.744,0.437,399,129.69,475.419,0.272,0.421
793,2,0,19.721,185.744,0.435,396,129.654,478.399,0.273,0.428
794,7,0,19.884,185.744,0.435,396,129.621,489.009,0.274,0.443
795,7,0,19.884,185.744,0.433,401,129.531,495.469,0.279,0.464
796,4,0,19.977,185.744,0.434,403,129.496,504.066,0.281,0.478
797,1,0,19.86,183.535,0.434,397,129.719,489.331,0.276,0.451
798,9,1,19.814,181.698,0.428,399,129.646,490.325,0.277,0.45
799,3,0,19.907,181.698,0.427,396,129.642,489.857,0.275,0.451
800,6,0,19.93,181.837,0.426,401,129.508,501.454,0.28,0.471
801,6,0,15.488,153.977,0.308,399,130.276,382.481,0.277,0.178
802,1,0,15.674,153.977,0.308,398,130.266,384.274,0.276,0.184
803,8,0,15.651,154.349,0.31,400,130.18,386.321,0.278,0.187
804,4,0,15.744,155.116,0.314,398,130.162,388.899,0.278,0.192
805,3,0,15.791,155.116,0.313,396,130.053,396.946,0.28,0.2
806,6,0,16.023,158.279,0.323,397,130.014,403.147,0.282,0.215
807,4,0,16.163,158.465,0.325,391,129.984,405.186,0.281,0.219
808,6,0,16.605,159.163,0.329,391,129.875,412.586,0.281,0.243
809,2,0,16.884,159.163,0.332,387,129.873,418.16,0.278,0.251
810,5,0,17.023,159.977,0.335,389,129.726,427.434,0.282,0.269
811,4,0,17.302,161.814,0.343,389,129.59,434.283,0.282,0.288
812,8,0,17.372,164.256,0.349,392,128.513,435.696,0.286,0.297
813,1,0,17.558,166.791,0.359,387,128.537,436.309,0.284,0.301
814,6,0,17.465,168.395,0.367,390,128.47,438.97,0.287,0.306
815,9,0,17.651,168.721,0.368,396,128.248,451.943,0.29,0.327
816,0,0,17.721,168.721,0.37,389,128.316,443.77,0.286,0.317
817,5,0,17.721,168.419,0.37,390,128.368,440.688,0.283,0.31
818,4,0,17.628,168.419,0.374,389,128.468,430.205,0.279,0.291
819,5,0,17.512,168.419,0.373,389,128.479,428.755,0.279,0.285
820,7,0,17.605,168.628,0.373,392,128.448,432.184,0.28,0.293
821,7,0,17.419,168.628,0.371,398,128.43,432.376,0.283,0.29
822,4,0,17.419,168.302,0.373,391,128.479,426.301,0.277,0.274
823,6,0,17.558,168.488,0.373,393,128.53,430.448,0.278,0.284
824,6,0,17.884,168.488,0.375,391,128.557,437.867,0.276,0.298
825,6,0,18.07,168.349,0.371,389,128.396,447.031,0.277,0.312
826,2,0,18.093,168.349,0.374,382,128.526,436.09,0.271,0.298
827,6,0,17.977,168.698,0.373,385,128.54,439.907,0.274,0.299
828,4,0,17.953,168.698,0.374,387,128.558,440.692,0.274,0.297
829,5,0,17.837,169.256,0.376,389,128.497,440.64,0.276,0.296
830,3,0,17.791,168.279,0.372,384,128.658,429.195,0.272,0.281
831,8,0,18.07,168.767,0.378,384,128.643,437.149,0.273,0.302
832,4,0,18.116,168.767,0.38,384,128.654,432.343,0.27,0.298
833,4,0,18.256,169.628,0.384,383,128.772,431.244,0.268,0.3
834,5,0,18.442,169.698,0.383,385,128.724,436.838,0.27,0.317
835,7,0,18.302,170.0,0.381,388,128.752,436.516,0.272,0.315
836,3,0,18.279,170.0,0.381,389,128.644,438.897,0.273,0.318
837,2,0,18.512,170.0,0.382,386,128.583,445.726,0.273,0.331
838,2,0,18.698,170.0,0.383,383,128.595,446.313,0.271,0.339
839,10,0,18.698,171.256,0.385,391,128.453,458.394,0.278,0.362
840,6,0,18.837,171.419,0.388,391,128.537,458.075,0.274,0.359
841,5,0,19.023,172.14,0.389,394,128.401,463.669,0.276,0.378
842,7,0,18.93,173.535,0.391,397,128.299,467.078,0.278,0.377
843,5,0,19.023,175.186,0.397,398,128.286,476.507,0.28,0.391
844,1,0,18.791,175.186,0.397,394,128.34,466.253,0.278,0.368
845,4,0,18.651,175.186,0.397,397,128.286,468.909,0.281,0.366
846,3,0,18.512,175.186,0.397,395,128.325,463.358,0.28,0.354
847,5,0,18.465,175.186,0.397,397,128.328,462.025,0.281,0.354
848,5,0,18.419,175.837,0.396,398,128.29,462.076,0.283,0.355
849,6,0,18.674,176.837,0.395,400,128.265,465.192,0.282,0.373
850,5,0,18.581,176.837,0.396,401,128.356,463.746,0.281,0.363
851,5,0,18.488,176.977,0.396,406,128.324,463.966,0.283,0.363
852,6,0,18.674,176.977,0.397,407,128.267,468.755,0.284,0.38
853,4,0,18.558,176.977,0.396,408,128.17,467.745,0.286,0.377
854,7,0,18.721,176.721,0.395,407,128.298,465.974,0.284,0.382
855,4,0,19.093,177.302,0.396,407,128.182,478.792,0.286,0.416
856,6,0,19.0,177.07,0.394,406,128.193,478.445,0.287,0.413
857,6,0,18.977,177.07,0.393,409,128.103,480.78,0.29,0.421
858,6,0,19.0,177.07,0.392,411,128.073,482.81,0.29,0.425
859,6,0,18.953,178.047,0.396,412,127.975,485.524,0.291,0.422
860,3,0,18.907,177.953,0.397,404,128.164,470.246,0.283,0.393
861,5,0,19.047,177.953,0.396,406,128.077,473.709,0.286,0.41
862,3,0,19.14,177.628,0.393,402,128.136,471.76,0.281,0.403
863,9,0,19.186,177.628,0.397,408,128.022,477.605,0.286,0.422
864,7,1,19.14,176.349,0.393,409,128.003,476.477,0.286,0.419
865,4,0,19.116,176.349,0.391,405,128.082,470.701,0.285,0.414
866,8,0,19.209,176.93,0.398,406,128.076,473.083,0.285,0.42
867,8,0,19.093,177.791,0.393,400,128.144,457.453,0.279,0.392
868,2,0,19.14,177.791,0.394,397,128.155,461.374,0.278,0.391
869,4,0,19.279,177.767,0.394,396,128.159,462.048,0.276,0.396
870,4,0,19.512,177.767,0.396,396,128.054,472.198,0.277,0.414
871,5,0,19.744,178.721,0.396,395,128.018,477.729,0.277,0.431
872,5,0,19.767,181.395,0.397,394,128.039,477.951,0.277,0.434
873,4,0,19.674,181.395,0.397,392,128.102,470.846,0.275,0.419
874,2,0,19.488,181.395,0.397,390,128.134,459.953,0.274,0.403
875,3,0,19.488,181.395,0.393,389,128.137,459.661,0.273,0.399
876,2,0,19.535,182.837,0.393,389,128.128,461.709,0.274,0.405
877,3,0,19.698,183.14,0.396,385,128.165,463.295,0.271,0.408
878,4,0,19.395,183.14,0.399,380,128.303,453.076,0.268,0.377
879,7,0,19.419,181.558,0.399,380,128.38,447.018,0.265,0.368
880,6,0,19.349,181.558,0.399,382,128.412,444.957,0.264,0.361
881,9,0,19.163,181.558,0.403,389,128.385,443.525,0.267,0.358
882,6,0,19.302,181.558,0.402,391,128.299,450.035,0.27,0.375
883,13,0,18.93,179.744,0.402,397,128.413,439.396,0.272,0.357
884,1,0,19.093,179.744,0.405,390,128.515,442.188,0.268,0.358
885,5,0,19.186,180.767,0.411,388,128.45,446.93,0.269,0.366
886,2,0,19.093,180.767,0.412,388,128.531,443.55,0.268,0.355
887,7,0,19.558,184.674,0.432,388,128.321,460.787,0.271,0.4
888,4,0,19.651,185.953,0.436,382,128.515,455.46,0.267,0.394
889,1,0,20.093,184.674,0.433,374,128.654,448.307,0.259,0.399
890,4,0,20.465,183.651,0.429,373,128.659,452.175,0.258,0.423
891,2,0,20.558,184.721,0.433,372,128.552,457.951,0.259,0.433
892,1,0,20.512,184.721,0.433,371,128.557,457.03,0.259,0.43
893,4,0,20.302,183.558,0.426,369,128.759,449.388,0.255,0.4
894,6,0,20.256,184.209,0.422,368,128.837,441.65,0.254,0.395
895,3,0,20.302,184.209,0.422,368,128.815,449.718,0.255,0.402
896,9,0,20.349,184.209,0.419,373,128.743,454.679,0.258,0.416
897,2,0,20.349,184.209,0.419,371,128.848,451.633,0.256,0.408
898,7,0,20.395,184.209,0.421,377,128.701,462.039,0.261,0.429
899,9,0,20.535,184.209,0.425,376,128.647,470.248,0.263,0.446
900,5,0,20.163,183.953,0.423,377,128.749,459.037,0.262,0.415
901,8,0,14.837,156.07,0.296,382,130.118,345.466,0.263,0.125
902,5,0,14.977,157.907,0.303,383,130.005,346.503,0.264,0.132
903,7,0,15.07,158.837,0.308,383,130.023,350.892,0.264,0.136
904,2,0,14.93,158.837,0.308,383,130.105,345.923,0.264,0.13
905,3,0,15.256,158.837,0.309,379,130.033,354.079,0.262,0.139
906,7,0,15.256,159.163,0.316,378,130.149,348.349,0.259,0.134
907,12,0,15.488,162.744,0.33,387,130.009,358.219,0.263,0.149
908,5,0,15.233,161.884,0.326,387,130.227,353.151,0.263,0.141
909,5,0,15.372,161.884,0.326,388,130.207,356.104,0.262,0.143
910,6,0,15.512,162.047,0.321,391,130.034,365.883,0.267,0.158
911,4,0,15.698,162.047,0.322,391,130.012,370.149,0.266,0.164
912,5,0,16.023,162.047,0.319,390,129.836,382.903,0.268,0.182
913,4,0,16.07,161.767,0.319,390,129.858,382.228,0.268,0.183
914,4,0,16.023,162.023,0.323,390,129.868,378.411,0.267,0.179
915,6,0,16.395,162.419,0.331,389,129.859,384.17,0.266,0.194
916,5,0,16.628,162.419,0.331,388,129.785,391.186,0.267,0.208
917,2,0,16.721,162.419,0.331,386,129.803,393.308,0.265,0.209
918,8,0,16.581,162.953,0.336,388,129.953,386.641,0.264,0.199
919,4,0,16.395,161.628,0.332,386,130.051,381.273,0.261,0.185
920,7,0,16.535,161.512,0.333,388,130.073,379.886,0.26,0.189
921,2,0,16.535,161.512,0.333,387,130.136,381.228,0.259,0.188
922,4,0,16.814,161.512,0.337,385,130.122,385.219,0.256,0.193
923,3,0,16.907,161.512,0.335,384,130.189,389.682,0.256,0.198
924,2,0,17.047,161.512,0.335,382,130.161,392.16,0.255,0.204
925,6,0,17.163,161.512,0.334,382,129.856,400.507,0.258,0.214
926,10,0,17.163,162.163,0.335,386,129.749,402.062,0.26,0.219
927,5,0,17.07,164.07,0.34,386,129.732,401.531,0.261,0.216
928,5,0,17.116,164.07,0.339,387,129.724,401.858,0.26,0.217
929,3,0,17.349,165.512,0.345,382,129.677,403.543,0.259,0.226
930,3,0,17.628,165.605,0.347,379,129.735,407.281,0.258,0.238
931,3,0,17.86,166.0,0.352,377,129.65,415.765,0.257,0.248
932,6,0,17.977,167.791,0.366,375,129.639,422.372,0.257,0.255
933,7,0,17.814,168.163,0.367,376,129.603,422.05,0.258,0.25
934,5,0,17.628,168.163,0.366,375,129.537,418.964,0.259,0.242
935,6,0,17.721,170.116,0.372,376,129.401,430.303,0.262,0.252
936,3,0,17.814,170.116,0.374,375,129.45,423.947,0.258,0.248
937,5,0,17.907,170.744,0.379,378,129.267,435.867,0.263,0.266
938,5,0,17.93,170.744,0.38,378,129.178,436.098,0.262,0.265
939,7,0,18.023,170.744,0.382,379,129.17,438.417,0.264,0.277
940,10,0,18.07,171.605,0.386,384,129.081,451.566,0.269,0.295
941,3,0,18.372,172.023,0.389,380,129.049,460.908,0.267,0.306
942,6,0,18.372,172.512,0.392,383,129.062,461.536,0.268,0.31
943,5,0,18.419,172.884,0.393,386,129.045,464.496,0.269,0.318
944,4,0,18.698,172.558,0.396,383,129.086,469.767,0.267,0.328
945,3,0,18.744,172.674,0.395,383,129.067,471.539,0.267,0.332
946,3,0,18.93,174.023,0.398,377,129.221,464.233,0.26,0.324
947,5,0,18.884,174.837,0.404,379,129.167,467.363,0.264,0.333
948,5,0,19.256,174.837,0.404,379,129.038,479.865,0.265,0.362
949,1,0,19.395,174.837,0.405,375,129.148,479.455,0.263,0.365
950,4,0,19.535,175.186,0.407,375,129.132,484.063,0.263,0.377
951,6,0,19.302,175.186,0.405,378,129.116,485.662,0.267,0.371
952,5,0,19.372,175.93,0.407,375,129.029,490.61,0.268,0.379
953,3,0,19.512,175.93,0.409,374,128.975,492.43,0.269,0.393
954,9,1,19.535,175.93,0.41,376,129.063,492.524,0.27,0.399
955,1,0,19.721,174.14,0.405,370,129.212,483.068,0.264,0.394
956,6,0,19.605,177.442,0.405,375,129.227,485.879,0.266,0.39
957,2,0,19.512,177.442,0.403,371,129.258,477.454,0.264,0.377
958,6,0,19.326,179.279,0.403,371,129.449,470.443,0.263,0.362
959,5,0,19.395,179.279,0.404,371,129.287,474.376,0.263,0.368
960,5,0,19.442,181.512,0.41,373,129.162,477.098,0.265,0.376
961,2,0,19.395,181.512,0.411,371,129.16,473.218,0.264,0.367
962,5,0,19.302,181.233,0.411,370,130.229,470.517,0.261,0.361
963,4,0,19.349,181.07,0.41,367,130.41,462.229,0.258,0.356
964,7,1,19.209,181.14,0.408,369,130.285,465.006,0.259,0.348
965,9,0,19.163,181.14,0.406,374,130.191,466.341,0.262,0.354
966,3,0,19.116,181.14,0.406,375,130.165,467.215,0.264,0.355
967,5,0,19.279,181.047,0.407,375,130.104,469.885,0.263,0.366
968,4,0,19.372,181.047,0.408,375,130.064,472.356,0.262,0.367
969,1,0,19.372,181.047,0.409,371,130.191,466.581,0.26,0.362
970,12,0,19.488,181.047,0.41,377,130.12,474.464,0.263,0.379
971,1,0,19.628,181.047,0.412,371,130.149,468.261,0.259,0.377
972,5,0,19.744,183.884,0.414,371,130.094,477.353,0.26,0.388
973,10,0,19.512,183.884,0.411,376,130.118,467.341,0.259,0.367
974,6,0,19.465,185.023,0.414,378,130.016,472.375,0.26,0.366
975,7,0,19.651,185.023,0.413,381,129.861,480.012,0.265,0.396
976,5,0,19.791,185.023,0.413,383,129.77,491.405,0.268,0.419
977,5,1,19.558,183.07,0.404,380,130.01,483.67,0.266,0.394
978,4,0,19.535,185.535,0.406,377,130.088,476.028,0.265,0.389
979,8,0,19.372,185.674,0.406,377,129.843,472.742,0.265,0.375
980,3,0,19.442,184.651,0.405,371,130.007,466.979,0.259,0.362
981,2,0,19.256,184.651,0.405,370,130.116,454.761,0.256,0.341
982,7,1,19.349,184.837,0.407,367,130.26,440.589,0.252,0.334
983,5,0,19.302,186.093,0.411,370,130.091,443.989,0.254,0.337
984,4,0,19.349,186.093,0.411,367,130.25,439.116,0.252,0.335
985,6,0,19.209,186.093,0.41,370,130.179,442.033,0.254,0.33
986,1,0,19.163,186.093,0.413,364,130.28,435.28,0.249,0.31
987,3,0,19.023,186.093,0.413,362,130.323,430.788,0.249,0.301
988,7,0,18.791,186.093,0.411,363,130.27,431.352,0.252,0.295
989,4,0,18.651,186.093,0.412,364,130.277,425.951,0.251,0.283
990,6,0,19.093,186.93,0.419,362,130.074,436.782,0.251,0.312
991,5,0,19.0,186.93,0.419,363,130.156,435.164,0.253,0.311
992,2,0,18.953,186.93,0.421,361,130.259,432.611,0.25,0.3
993,1,0,19.093,186.93,0.421,358,130.273,435.308,0.248,0.305
994,4,0,18.953,185.791,0.417,359,130.533,436.629,0.248,0.296
995,8,0,18.837,185.791,0.417,361,130.857,440.11,0.25,0.298
996,2,0,18.884,183.349,0.414,356,130.985,430.027,0.244,0.283
997,3,0,18.93,183.349,0.413,357,130.992,435.693,0.246,0.291
998,9,0,19.023,186.535,0.416,363,130.796,446.98,0.254,0.32
999,5,0,18.791,186.651,0.416,363,130.46,443.312,0.254,0.304
1000,0,0,18.837,186.651,0.418,357,130.584,434.711,0.249,0.292
