1,10,0,0.302,2.093,0.0,10,345.752,0.0,0.007,0.041
2,3,0,0.465,2.535,0.0,13,344.4,0.197,0.009,0.043
3,3,0,0.605,3.651,0.001,16,327.567,0.317,0.011,0.027
4,3,0,0.744,5.512,0.003,19,313.23,0.677,0.014,0.019
5,4,0,0.907,6.674,0.004,23,298.499,1.043,0.016,0.012
6,7,0,1.233,9.628,0.007,29,268.406,2.147,0.022,0.006
7,5,0,1.465,13.977,0.015,34,249.601,3.526,0.027,0.004
8,5,0,1.791,16.163,0.018,38,231.462,4.771,0.03,0.002
9,5,0,1.977,20.047,0.025,42,221.702,5.894,0.035,0.002
10,3,0,2.07,21.14,0.026,45,218.843,6.388,0.037,0.002
11,6,0,2.116,22.0,0.026,51,216.412,6.996,0.039,0.002
12,9,0,2.256,23.419,0.024,59,211.361,9.334,0.046,0.002
13,4,0,2.535,26.535,0.029,63,205.866,11.216,0.051,0.002
14,4,0,2.488,26.535,0.027,67,206.39,11.123,0.052,0.002
15,3,0,2.535,27.07,0.025,70,204.638,12.125,0.056,0.002
16,8,0,2.674,29.953,0.029,77,196.513,13.944,0.06,0.001
17,4,0,2.86,32.116,0.032,81,187.91,15.99,0.064,0.001
18,4,0,2.86,32.628,0.03,85,187.198,16.457,0.067,0.001
19,7,0,2.93,35.256,0.035,91,185.34,18.667,0.071,0.001
20,8,0,2.93,36.86,0.035,98,184.202,19.342,0.075,0.001
21,3,0,3.116,38.233,0.04,98,180.9,20.591,0.075,0.001
22,3,0,3.186,39.326,0.044,98,178.645,21.14,0.074,0.001
23,3,0,3.279,41.326,0.047,101,177.833,22.999,0.077,0.001
24,3,0,3.279,41.326,0.045,104,177.899,23.432,0.079,0.001
25,5,0,3.419,44.163,0.049,108,174.524,24.714,0.084,0.001
26,6,0,3.326,43.953,0.047,113,173.2,25.46,0.086,0.001
27,8,0,3.651,47.372,0.052,119,169.491,29.444,0.092,0.001
28,6,0,3.767,49.628,0.054,125,168.662,31.124,0.096,0.001
29,3,0,3.907,49.884,0.055,127,168.077,33.647,0.097,0.001
30,3,0,4.047,50.605,0.055,130,166.845,35.368,0.099,0.001
31,5,0,4.186,51.605,0.061,130,166.071,35.011,0.096,0.001
32,8,0,4.442,53.488,0.063,137,163.929,39.343,0.1,0.002
33,3,0,4.535,55.953,0.069,139,162.742,41.42,0.103,0.002
34,4,0,4.628,56.302,0.068,143,161.925,43.979,0.105,0.002
35,6,0,4.86,57.233,0.067,148,162.556,47.44,0.109,0.002
36,3,0,4.907,58.256,0.069,151,161.843,49.4,0.111,0.002
37,9,0,5.372,62.047,0.078,157,155.944,56.567,0.115,0.002
38,0,0,5.209,61.279,0.079,154,158.297,53.239,0.112,0.002
39,6,0,5.512,62.767,0.082,157,156.139,56.093,0.114,0.002
40,2,0,5.512,62.767,0.081,159,156.055,56.188,0.115,0.002
41,2,0,5.651,62.767,0.081,161,155.429,57.261,0.115,0.002
42,3,0,5.558,62.209,0.081,162,161.463,54.914,0.113,0.002
43,7,0,5.837,63.791,0.084,168,159.88,58.969,0.116,0.003
44,7,0,5.977,64.953,0.085,173,158.984,62.133,0.119,0.003
45,4,0,6.256,65.884,0.09,175,158.157,63.412,0.118,0.003
46,8,0,6.256,68.209,0.094,180,157.024,65.495,0.12,0.003
47,3,0,6.628,69.186,0.096,179,156.096,71.037,0.122,0.003
48,10,0,7.209,77.163,0.113,187,148.374,81.0,0.131,0.003
49,8,0,7.256,80.302,0.12,192,146.315,84.446,0.135,0.003
50,2,0,7.442,77.698,0.116,190,148.028,83.7,0.132,0.004
51,7,0,7.419,77.698,0.113,196,147.973,86.763,0.135,0.004
52,4,0,7.651,77.837,0.115,198,147.598,87.85,0.134,0.004
53,6,0,7.698,77.837,0.112,202,147.369,91.483,0.136,0.004
54,2,0,7.884,78.116,0.112,203,146.963,94.207,0.137,0.004
55,5,0,7.977,79.07,0.115,204,146.658,96.298,0.138,0.005
56,6,0,8.116,80.14,0.115,209,146.101,100.282,0.141,0.005
57,5,0,8.256,80.395,0.113,212,145.629,105.086,0.144,0.005
58,5,0,8.302,80.395,0.111,215,145.523,106.668,0.146,0.005
59,7,0,8.512,82.186,0.115,218,144.871,111.578,0.149,0.006
60,8,0,8.837,87.047,0.126,224,141.934,118.096,0.153,0.006
61,1,0,8.698,87.512,0.13,221,142.438,114.887,0.151,0.006
62,6,0,8.605,87.512,0.127,225,141.502,116.67,0.154,0.006
63,6,0,8.605,88.07,0.127,228,141.255,117.373,0.155,0.006
64,5,0,8.837,88.698,0.127,231,141.207,124.226,0.159,0.007
65,3,0,9.047,88.791,0.128,230,141.137,125.889,0.158,0.007
66,7,0,9.0,88.442,0.126,235,141.138,126.337,0.16,0.007
67,3,0,9.233,88.442,0.128,235,140.636,128.603,0.158,0.007
68,6,0,9.419,89.395,0.13,238,140.388,132.247,0.16,0.008
69,6,0,9.558,92.698,0.135,242,139.889,137.463,0.166,0.009
70,5,0,10.07,94.372,0.14,244,139.265,144.569,0.168,0.011
71,8,0,10.116,95.093,0.137,252,138.832,151.627,0.173,0.011
72,8,0,10.023,98.14,0.148,257,138.731,154.175,0.176,0.012
73,5,0,10.256,99.093,0.153,257,137.674,159.469,0.175,0.012
74,6,0,10.488,100.605,0.159,258,137.407,164.339,0.175,0.013
75,7,0,11.0,101.605,0.16,262,136.775,174.553,0.178,0.015
76,5,0,11.047,101.698,0.16,264,136.699,178.71,0.179,0.015
77,5,0,11.209,101.791,0.16,266,136.572,181.117,0.179,0.016
78,5,0,11.605,101.605,0.16,268,136.3,186.07,0.178,0.018
79,3,0,11.698,101.605,0.159,268,136.226,188.109,0.179,0.019
80,3,0,11.512,101.605,0.157,271,136.282,185.239,0.18,0.018
81,2,0,11.814,101.628,0.163,269,136.399,184.375,0.175,0.018
82,3,0,11.884,101.907,0.165,269,136.423,187.165,0.174,0.019
83,8,0,12.023,102.093,0.163,275,136.21,195.134,0.177,0.02
84,2,0,11.977,102.767,0.164,275,136.175,194.436,0.178,0.02
85,6,0,11.93,104.302,0.165,279,135.619,199.54,0.183,0.021
86,5,0,11.837,104.721,0.164,282,135.288,205.063,0.186,0.021
87,5,0,11.86,106.093,0.169,281,135.342,207.952,0.187,0.021
88,4,0,11.86,106.837,0.167,284,135.188,209.966,0.191,0.022
89,9,0,11.651,109.674,0.173,291,135.155,211.464,0.196,0.023
90,5,0,11.837,109.884,0.175,292,135.258,213.192,0.195,0.024
91,3,0,12.07,110.488,0.181,290,135.165,215.372,0.193,0.025
92,5,0,12.023,110.884,0.18,290,135.321,216.167,0.195,0.025
93,5,0,11.93,111.186,0.181,288,135.153,215.231,0.196,0.025
94,5,0,12.116,113.186,0.185,290,134.721,218.169,0.199,0.027
95,5,0,12.535,114.698,0.191,292,134.269,226.754,0.2,0.031
96,1,0,12.535,114.698,0.193,289,134.371,227.293,0.198,0.03
97,5,0,12.767,116.628,0.203,291,134.25,232.041,0.199,0.032
98,3,0,12.907,118.581,0.21,290,134.135,233.77,0.2,0.034
99,5,0,12.953,118.581,0.209,292,134.24,234.649,0.2,0.035
100,5,0,13.047,120.837,0.214,295,133.863,241.553,0.205,0.038
101,4,0,6.837,122.977,0.227,295,140.139,120.678,0.202,0.007
102,7,0,7.023,123.116,0.223,299,139.257,127.128,0.206,0.007
103,4,0,7.395,123.093,0.224,297,138.796,130.3,0.205,0.008
104,4,0,7.86,123.047,0.223,296,138.026,140.542,0.206,0.009
105,5,0,8.256,123.116,0.225,297,137.692,150.735,0.207,0.01
106,4,0,8.488,123.116,0.228,295,137.625,153.042,0.204,0.011
107,2,0,8.86,123.116,0.229,293,137.293,160.486,0.203,0.011
108,8,0,8.86,123.116,0.227,297,137.463,161.066,0.204,0.012
109,2,0,9.186,123.116,0.23,294,137.031,166.184,0.203,0.012
110,3,0,9.302,123.116,0.229,293,136.872,168.678,0.203,0.013
111,5,0,10.0,126.349,0.247,294,136.39,182.507,0.203,0.016
112,6,0,10.14,130.721,0.263,298,135.894,190.289,0.207,0.017
113,7,0,10.419,130.721,0.264,300,135.681,192.752,0.206,0.018
114,2,0,10.628,130.651,0.265,296,135.421,195.744,0.204,0.019
115,5,0,10.953,130.651,0.267,296,135.307,201.784,0.202,0.02
116,6,0,10.884,130.977,0.266,298,135.391,201.344,0.204,0.02
117,4,0,11.07,130.977,0.272,298,135.522,199.227,0.199,0.02
118,2,0,11.349,130.977,0.274,295,135.394,203.875,0.197,0.021
119,8,0,11.395,130.977,0.269,301,135.135,208.445,0.202,0.023
120,4,0,11.395,131.023,0.271,302,135.165,207.835,0.201,0.023
121,4,0,11.488,131.023,0.272,301,135.196,204.752,0.199,0.023
122,9,0,11.767,132.465,0.27,307,134.425,223.156,0.208,0.027
123,5,0,12.093,132.907,0.272,307,134.239,229.445,0.208,0.03
124,6,0,12.093,132.907,0.27,308,134.432,227.026,0.21,0.031
125,4,0,12.186,132.349,0.269,308,134.509,228.51,0.209,0.031
126,5,0,12.093,132.233,0.268,312,134.417,226.584,0.21,0.031
127,4,0,12.209,132.791,0.274,313,134.478,227.277,0.207,0.031
128,9,0,12.209,133.419,0.273,317,134.288,229.415,0.21,0.032
129,8,0,12.628,134.86,0.278,321,133.898,238.833,0.211,0.037
130,5,0,12.791,134.86,0.278,323,133.616,243.416,0.212,0.039
131,6,0,12.558,135.186,0.275,328,133.527,240.43,0.217,0.038
132,7,0,12.791,135.93,0.277,332,133.179,249.706,0.219,0.042
133,6,0,12.744,136.116,0.274,336,133.17,251.263,0.222,0.043
134,5,0,12.791,136.116,0.277,335,133.352,249.827,0.219,0.042
135,6,0,12.605,136.814,0.275,340,133.117,250.051,0.224,0.042
136,5,0,12.605,137.023,0.275,340,133.12,255.691,0.226,0.044
137,4,0,12.605,137.023,0.273,341,133.017,256.345,0.228,0.045
138,5,0,12.558,137.023,0.275,343,133.077,256.058,0.227,0.044
139,8,0,12.93,139.233,0.281,350,132.68,268.99,0.231,0.051
140,7,0,13.163,139.233,0.282,352,132.57,273.187,0.231,0.054
141,8,0,13.023,139.233,0.278,358,132.512,277.471,0.234,0.055
142,5,0,13.209,139.233,0.276,360,132.34,284.925,0.236,0.059
143,11,0,13.674,140.279,0.284,361,132.267,294.168,0.236,0.067
144,7,0,13.674,140.837,0.284,365,132.169,296.22,0.238,0.069
145,5,0,13.953,140.977,0.284,364,131.982,302.997,0.239,0.075
146,7,0,14.279,141.0,0.283,366,131.786,311.184,0.239,0.082
147,6,0,14.512,142.744,0.291,368,131.628,320.648,0.24,0.089
148,5,0,14.628,143.395,0.291,369,129.615,322.45,0.242,0.089
149,5,0,14.814,147.419,0.309,369,131.459,326.58,0.243,0.1
150,8,0,14.86,147.605,0.31,373,131.418,330.705,0.245,0.103
151,2,0,14.977,147.372,0.31,369,131.288,332.443,0.243,0.103
152,11,0,15.349,153.047,0.328,375,131.094,350.834,0.249,0.124
153,2,0,15.279,153.047,0.329,373,131.139,347.109,0.248,0.12
154,2,0,15.233,153.047,0.333,369,131.225,337.95,0.244,0.112
155,4,0,15.372,153.372,0.332,369,131.236,343.114,0.244,0.117
156,4,0,15.372,157.442,0.333,369,131.291,341.44,0.243,0.117
157,8,0,15.419,160.93,0.336,369,131.102,349.263,0.249,0.126
158,4,0,15.651,160.93,0.334,371,130.888,360.105,0.253,0.14
159,5,0,15.884,161.628,0.336,373,130.7,368.718,0.254,0.151
160,4,0,16.256,161.814,0.348,368,130.633,376.129,0.251,0.16
161,5,0,16.326,161.674,0.35,364,130.788,378.451,0.248,0.157
162,1,0,16.372,161.372,0.35,359,130.892,370.54,0.245,0.154
163,3,0,16.372,161.372,0.352,355,131.008,365.005,0.24,0.145
164,4,0,16.419,161.372,0.354,350,131.063,356.397,0.237,0.141
165,4,0,16.419,161.372,0.353,351,131.051,358.3,0.238,0.144
166,4,0,16.419,161.372,0.356,349,131.232,354.665,0.234,0.137
167,2,0,16.512,161.372,0.356,347,131.211,354.165,0.233,0.138
168,4,0,16.744,161.558,0.359,347,131.125,362.963,0.234,0.15
169,5,0,16.767,161.651,0.358,350,131.12,364.619,0.237,0.156
170,5,0,16.767,161.651,0.356,355,131.031,372.25,0.24,0.162
171,2,0,16.767,161.651,0.356,353,131.062,371.514,0.24,0.161
172,3,0,16.86,161.651,0.357,350,131.184,371.969,0.238,0.162
173,8,0,17.07,161.465,0.355,350,131.066,378.021,0.239,0.173
174,3,0,17.256,162.0,0.356,349,130.962,383.046,0.239,0.181
175,5,0,17.302,162.163,0.355,353,130.825,385.764,0.242,0.189
176,2,0,17.302,162.163,0.357,349,130.938,379.529,0.239,0.182
177,5,0,17.163,162.488,0.36,345,131.06,370.711,0.236,0.171
178,6,0,17.209,165.628,0.373,344,130.997,372.367,0.236,0.173
179,6,0,17.209,165.628,0.375,345,130.956,371.746,0.236,0.172
180,2,0,17.395,165.628,0.374,339,130.997,373.808,0.233,0.173
181,5,0,17.488,165.86,0.38,337,130.971,374.965,0.233,0.178
182,7,0,17.721,166.233,0.381,340,130.751,380.807,0.236,0.193
183,2,0,17.767,164.14,0.381,337,130.859,378.547,0.233,0.19
184,10,0,17.535,165.093,0.372,345,130.842,378.458,0.235,0.184
185,8,0,17.674,166.326,0.375,351,130.721,386.385,0.237,0.195
186,2,0,17.442,165.721,0.375,349,131.03,379.042,0.234,0.178
187,7,0,17.535,168.326,0.377,352,130.986,383.015,0.237,0.188
188,5,0,17.628,168.186,0.377,352,130.904,384.817,0.236,0.192
189,3,0,17.535,168.186,0.378,349,130.958,380.971,0.235,0.184
190,8,0,17.535,169.302,0.385,353,130.876,387.284,0.239,0.193
191,1,0,17.628,169.302,0.385,354,130.849,391.41,0.239,0.199
192,6,0,17.674,170.047,0.389,356,130.744,396.982,0.243,0.209
193,6,0,17.628,170.372,0.387,361,130.672,406.458,0.248,0.219
194,7,0,17.581,170.535,0.387,365,130.659,409.461,0.252,0.226
195,8,0,17.93,171.628,0.38,364,130.636,416.02,0.254,0.25
196,5,0,18.07,171.628,0.38,363,130.6,422.307,0.254,0.259
197,2,0,17.93,171.814,0.379,362,130.602,420.744,0.254,0.252
198,7,0,18.442,171.488,0.377,362,130.573,431.24,0.253,0.279
199,4,0,18.395,171.488,0.377,364,130.602,431.13,0.254,0.28
200,2,0,18.442,172.023,0.383,366,130.533,435.153,0.259,0.295
201,2,0,9.279,156.116,0.318,365,133.595,228.405,0.26,0.026
202,5,0,9.674,156.116,0.318,366,133.356,236.807,0.26,0.03
203,4,0,9.721,156.488,0.318,369,133.258,241.223,0.262,0.031
204,5,0,9.814,158.651,0.322,370,133.39,243.381,0.264,0.033
205,6,0,10.186,158.651,0.324,374,132.926,254.241,0.267,0.038
206,5,0,10.814,158.651,0.326,371,132.459,267.548,0.263,0.042
207,4,0,10.907,159.023,0.328,372,132.422,269.013,0.264,0.044
208,4,0,11.047,159.023,0.33,374,132.384,270.773,0.265,0.046
209,3,0,11.047,158.814,0.328,376,132.314,272.295,0.266,0.047
210,12,0,11.279,159.302,0.333,383,132.047,277.862,0.267,0.051
211,6,0,11.721,159.302,0.337,383,132.132,285.503,0.263,0.055
212,3,0,12.186,159.302,0.341,380,132.147,288.834,0.258,0.059
213,5,0,12.279,159.302,0.339,384,131.985,292.167,0.26,0.062
214,1,0,12.558,159.302,0.343,378,132.027,296.314,0.257,0.064
215,1,0,13.047,159.279,0.344,369,132.231,302.42,0.251,0.069
216,2,0,13.093,159.651,0.346,367,132.255,302.006,0.251,0.069
217,5,0,13.372,159.651,0.348,363,132.268,302.436,0.247,0.071
218,4,0,13.605,159.628,0.348,362,132.217,304.193,0.246,0.075
219,7,0,13.907,160.907,0.352,362,131.869,314.717,0.248,0.083
220,4,0,13.86,160.907,0.353,364,131.865,313.461,0.248,0.083
221,6,0,13.837,162.279,0.356,367,131.762,316.987,0.252,0.086
222,5,0,13.628,162.279,0.353,370,131.749,317.658,0.255,0.084
223,3,0,14.0,162.279,0.355,362,131.949,319.204,0.25,0.088
224,5,0,14.465,162.465,0.358,355,131.904,328.244,0.246,0.096
225,7,0,14.395,162.465,0.357,358,131.875,328.083,0.248,0.096
226,10,0,14.558,162.465,0.354,364,131.741,338.567,0.252,0.105
227,5,0,14.698,164.698,0.359,368,131.495,344.73,0.254,0.111
228,5,0,14.837,165.581,0.365,368,131.429,355.219,0.256,0.119
229,4,0,14.86,168.023,0.378,370,131.297,362.301,0.26,0.125
230,4,0,15.326,169.209,0.384,367,131.189,367.439,0.257,0.137
231,2,0,15.605,169.209,0.385,364,131.176,373.87,0.257,0.147
232,3,0,15.86,169.209,0.387,361,131.254,378.967,0.255,0.153
233,6,0,15.698,169.209,0.387,362,131.249,374.441,0.253,0.145
234,2,0,15.744,169.209,0.39,362,131.39,375.271,0.255,0.149
235,1,0,15.86,169.419,0.392,359,131.338,378.917,0.254,0.152
236,1,0,15.907,169.419,0.394,355,131.532,369.395,0.25,0.148
237,5,0,15.953,169.419,0.395,354,131.539,370.775,0.251,0.15
238,3,0,16.419,170.628,0.401,351,131.552,382.901,0.25,0.168
239,3,0,16.326,170.628,0.4,350,131.436,381.909,0.252,0.167
240,4,0,16.14,170.628,0.399,353,131.466,376.419,0.252,0.161
241,6,0,16.326,170.721,0.399,356,131.309,386.385,0.254,0.172
242,8,0,16.419,170.721,0.401,358,131.315,388.253,0.253,0.173
243,4,0,16.512,172.093,0.403,358,131.27,393.211,0.253,0.179
244,8,0,16.279,175.651,0.4,360,131.239,387.039,0.255,0.171
245,3,0,16.302,175.651,0.402,356,131.39,379.678,0.25,0.162
246,6,0,16.535,175.651,0.401,356,131.334,386.718,0.251,0.175
247,10,0,16.535,175.651,0.4,366,131.19,396.27,0.256,0.186
248,7,0,16.395,175.651,0.4,371,131.195,394.733,0.258,0.184
249,7,0,16.07,175.651,0.4,374,131.249,389.035,0.256,0.166
250,6,0,16.186,175.744,0.4,376,131.21,391.961,0.257,0.172
251,5,0,16.233,175.744,0.4,376,131.006,394.716,0.257,0.174
252,5,0,16.605,175.744,0.402,375,130.97,400.949,0.256,0.188
253,4,0,16.558,172.209,0.402,374,130.977,401.437,0.256,0.186
254,3,0,16.651,172.209,0.401,375,130.911,409.858,0.259,0.196
255,7,0,16.558,172.442,0.401,381,130.99,412.669,0.264,0.204
256,6,0,17.07,172.442,0.405,377,131.021,415.083,0.258,0.217
257,3,0,17.163,172.442,0.406,375,131.097,415.846,0.257,0.219
258,3,0,17.116,172.721,0.406,374,130.906,413.827,0.257,0.216
259,2,0,17.093,172.721,0.406,373,130.903,415.304,0.257,0.215
260,3,0,17.116,172.721,0.407,371,130.927,413.886,0.255,0.212
261,7,0,16.977,172.814,0.408,373,130.929,411.503,0.257,0.207
262,3,0,16.977,172.814,0.408,373,130.949,409.495,0.256,0.207
263,8,0,16.558,173.093,0.407,376,130.968,405.583,0.26,0.194
264,3,0,16.558,173.279,0.408,379,130.732,407.926,0.262,0.199
265,2,0,16.698,173.047,0.409,375,130.97,404.307,0.259,0.2
266,5,0,16.93,173.047,0.411,375,130.872,420.107,0.263,0.221
267,5,1,16.907,173.721,0.412,375,130.857,415.841,0.263,0.219
268,7,0,16.953,177.186,0.412,375,130.762,416.856,0.264,0.225
269,4,0,17.326,177.023,0.415,371,130.679,423.646,0.264,0.243
270,3,0,17.419,177.023,0.416,368,130.708,423.936,0.262,0.243
271,5,0,17.651,176.93,0.415,367,130.674,432.818,0.263,0.261
272,3,0,17.488,176.953,0.409,364,130.81,423.239,0.26,0.244
273,9,0,17.698,176.953,0.411,365,130.833,426.077,0.26,0.256
274,5,0,17.605,176.326,0.407,367,130.748,428.939,0.262,0.254
275,4,0,17.698,176.233,0.408,364,130.796,418.623,0.259,0.253
276,3,0,17.698,172.349,0.406,363,130.732,419.474,0.259,0.252
277,7,0,17.744,172.512,0.41,367,130.743,428.449,0.261,0.262
278,6,0,18.023,172.512,0.409,369,130.665,435.639,0.261,0.278
279,6,0,18.07,172.884,0.41,374,130.443,444.866,0.267,0.296
280,5,0,18.209,172.953,0.411,375,130.447,444.275,0.265,0.301
281,5,0,18.442,172.767,0.412,372,130.378,450.94,0.266,0.317
282,6,2,18.488,174.349,0.418,374,130.222,458.18,0.268,0.327
283,0,0,18.698,174.163,0.419,366,130.31,455.606,0.265,0.331
284,2,0,18.419,174.163,0.418,361,130.442,445.165,0.261,0.302
285,5,0,18.512,174.163,0.418,356,130.456,435.42,0.256,0.293
286,7,0,18.744,176.116,0.418,358,130.323,441.079,0.257,0.307
287,7,0,18.698,176.233,0.417,362,130.27,447.568,0.259,0.311
288,4,0,18.372,176.233,0.417,362,130.278,441.152,0.26,0.292
289,6,0,18.698,178.07,0.422,360,130.273,446.637,0.261,0.319
290,8,0,18.744,177.326,0.42,361,130.243,446.177,0.262,0.324
291,3,0,18.674,177.512,0.421,358,130.291,443.659,0.262,0.319
292,6,0,18.442,177.512,0.417,359,130.373,433.773,0.26,0.298
293,3,0,18.395,177.512,0.417,359,130.387,431.988,0.26,0.294
294,0,0,18.349,177.512,0.418,354,130.444,428.381,0.257,0.283
295,5,0,17.977,177.512,0.415,354,130.518,420.494,0.256,0.26
296,4,0,17.953,177.674,0.417,357,130.474,422.09,0.259,0.264
297,8,0,17.814,177.372,0.415,359,130.544,420.796,0.257,0.253
298,4,0,18.0,177.233,0.418,358,130.617,419.286,0.252,0.25
299,4,0,18.465,177.233,0.419,354,130.561,427.759,0.253,0.279
300,8,0,18.326,177.256,0.42,357,130.549,425.087,0.253,0.27
301,5,0,9.535,180.558,0.356,354,135.166,217.545,0.247,0.025
302,6,0,9.814,180.977,0.356,358,134.757,228.57,0.251,0.028
303,3,0,9.953,180.977,0.355,358,134.639,232.478,0.25,0.029
304,4,0,10.209,182.14,0.356,359,134.467,235.599,0.249,0.031
305,6,0,10.256,182.14,0.354,363,134.237,242.455,0.252,0.033
306,3,0,10.302,182.14,0.352,366,134.123,244.736,0.254,0.034
307,4,0,10.535,182.605,0.361,367,133.965,251.229,0.257,0.038
308,2,0,11.233,182.605,0.368,360,133.989,260.441,0.249,0.041
309,5,0,11.419,184.465,0.369,363,133.388,263.807,0.249,0.043
310,2,0,11.744,184.465,0.371,361,133.345,268.467,0.245,0.044
311,6,0,11.605,184.465,0.369,366,133.689,266.368,0.247,0.045
312,3,0,11.744,184.465,0.373,367,133.502,273.652,0.25,0.048
313,7,0,11.698,184.465,0.368,369,133.645,274.631,0.253,0.05
314,6,0,11.744,184.465,0.37,373,133.158,275.849,0.254,0.05
315,7,0,11.977,184.465,0.369,374,132.818,282.295,0.256,0.055
316,6,0,12.163,184.465,0.371,377,132.713,290.098,0.258,0.059
317,4,0,12.349,184.465,0.371,377,132.707,293.556,0.258,0.062
318,6,0,12.698,184.465,0.376,378,132.644,303.434,0.258,0.069
319,3,0,12.674,184.605,0.376,378,132.633,304.14,0.259,0.069
320,2,0,12.977,184.605,0.378,376,132.565,306.901,0.256,0.073
321,2,0,13.023,184.442,0.377,372,132.712,304.396,0.254,0.072
322,8,0,13.023,184.442,0.379,376,132.547,304.985,0.257,0.074
323,6,0,13.07,184.442,0.378,378,132.432,311.401,0.259,0.078
324,3,0,13.047,184.442,0.378,375,132.566,308.301,0.258,0.076
325,4,0,13.233,184.442,0.379,374,132.985,307.869,0.255,0.079
326,9,0,13.256,184.442,0.375,383,132.796,318.145,0.261,0.085
327,5,0,13.535,184.442,0.383,386,132.68,324.114,0.263,0.094
328,4,0,13.488,184.442,0.383,386,132.776,323.262,0.261,0.091
329,5,0,13.721,184.442,0.384,387,132.594,331.195,0.263,0.098
330,6,0,13.907,184.442,0.384,389,132.488,336.665,0.263,0.104
331,4,0,13.767,184.442,0.382,391,132.481,337.473,0.265,0.102
332,4,0,14.186,184.302,0.383,388,132.463,342.108,0.263,0.112
333,3,0,14.256,184.302,0.382,386,132.411,343.687,0.263,0.115
334,6,0,14.558,184.302,0.386,390,131.894,358.01,0.267,0.129
335,12,0,14.651,184.465,0.391,395,131.664,362.435,0.27,0.136
336,5,0,14.86,184.465,0.391,397,131.5,370.888,0.27,0.143
337,6,0,14.86,184.465,0.389,401,131.474,370.86,0.271,0.146
338,11,0,15.163,184.302,0.389,401,131.42,377.835,0.27,0.155
339,4,0,15.395,184.302,0.388,399,131.383,384.207,0.27,0.164
340,4,0,15.767,184.302,0.392,396,131.381,391.078,0.268,0.177
341,6,0,16.186,183.907,0.392,395,131.296,401.129,0.268,0.196
342,7,0,16.023,182.465,0.39,396,131.291,397.694,0.267,0.186
343,2,0,16.372,182.465,0.391,393,131.288,403.536,0.265,0.199
344,6,0,16.674,182.465,0.391,394,131.197,411.86,0.266,0.216
345,7,0,16.581,183.837,0.388,399,131.089,415.508,0.271,0.222
346,6,0,16.535,184.0,0.39,402,130.994,418.385,0.272,0.222
347,5,0,16.767,184.023,0.388,404,130.827,424.823,0.274,0.24
348,7,0,17.07,184.0,0.392,403,130.855,430.946,0.272,0.251
349,7,0,16.977,184.163,0.394,404,130.961,428.594,0.273,0.25
350,5,0,16.767,184.163,0.395,404,130.99,423.16,0.273,0.237
351,3,0,17.0,184.163,0.394,403,130.884,427.333,0.274,0.253
352,4,0,17.0,184.256,0.396,402,130.835,425.435,0.273,0.251
353,2,0,16.953,184.256,0.397,399,130.914,421.363,0.271,0.242
354,3,0,17.163,184.256,0.392,395,130.937,421.778,0.268,0.246
355,6,0,17.302,184.256,0.394,398,130.796,423.982,0.268,0.254
356,6,0,17.721,184.256,0.4,396,130.835,424.759,0.262,0.262
357,7,0,17.977,188.86,0.404,397,130.814,432.196,0.263,0.282
358,6,0,18.349,188.86,0.406,393,130.711,439.792,0.258,0.289
359,10,1,18.209,188.698,0.405,394,130.71,441.063,0.261,0.288
360,4,0,18.302,188.698,0.405,390,130.816,438.569,0.256,0.282
361,2,0,18.349,188.698,0.405,388,130.883,436.747,0.255,0.281
362,9,0,18.395,188.698,0.403,395,130.818,446.771,0.259,0.296
363,5,0,18.326,187.93,0.404,396,130.901,445.055,0.258,0.287
364,2,0,18.512,187.93,0.406,395,130.86,450.851,0.259,0.302
365,6,1,18.512,187.93,0.403,399,130.745,450.88,0.263,0.315
366,6,0,18.605,187.93,0.408,399,130.688,453.423,0.265,0.327
367,9,0,18.605,187.93,0.41,401,130.572,458.519,0.268,0.336
368,11,0,18.581,187.93,0.411,406,130.308,460.816,0.272,0.347
369,5,1,18.86,187.93,0.41,408,130.119,478.226,0.275,0.376
370,4,0,18.581,187.93,0.411,407,130.161,468.735,0.274,0.354
371,4,0,18.744,188.023,0.411,409,130.135,476.166,0.276,0.37
372,4,0,18.698,189.0,0.416,409,130.083,476.638,0.277,0.371
373,8,0,18.651,189.0,0.418,415,129.947,486.712,0.283,0.385
374,8,1,18.512,189.0,0.416,420,129.962,484.005,0.284,0.379
375,4,0,18.651,189.0,0.42,415,130.075,480.999,0.278,0.371
376,6,0,18.698,189.0,0.419,417,129.983,486.795,0.28,0.381
377,6,0,18.651,189.0,0.418,420,130.021,489.633,0.281,0.381
378,6,0,18.698,189.0,0.417,424,129.846,493.567,0.283,0.391
379,3,0,18.837,189.0,0.417,424,129.708,497.847,0.285,0.406
380,5,0,18.977,189.0,0.418,424,129.586,507.208,0.288,0.425
381,6,0,19.116,189.279,0.418,427,129.534,514.748,0.291,0.446
382,9,2,18.907,189.279,0.414,425,129.771,493.153,0.284,0.408
383,5,0,18.953,189.279,0.415,425,129.767,496.023,0.285,0.414
384,7,0,18.744,189.279,0.415,427,129.827,492.9,0.285,0.4
385,5,1,18.884,189.0,0.416,424,129.837,495.202,0.285,0.41
386,3,0,18.977,189.0,0.414,423,129.815,500.047,0.285,0.417
387,3,0,19.023,189.0,0.42,422,129.727,502.566,0.285,0.419
388,3,0,19.209,189.0,0.42,422,129.74,506.16,0.283,0.427
389,8,0,19.256,189.047,0.414,429,129.687,518.1,0.287,0.445
390,6,0,19.349,188.605,0.419,427,129.71,514.517,0.286,0.447
391,8,0,19.395,188.605,0.415,430,129.557,522.066,0.289,0.461
392,3,0,19.744,188.512,0.419,427,129.65,521.754,0.285,0.475
393,6,0,19.698,188.581,0.417,430,129.637,526.725,0.287,0.477
394,2,0,19.721,213.14,0.42,424,128.959,519.947,0.285,0.468
395,3,0,19.953,213.488,0.423,419,128.99,519.22,0.281,0.472
396,3,0,20.023,213.488,0.426,418,128.999,520.964,0.28,0.474
397,11,1,20.116,213.977,0.423,422,128.947,522.515,0.28,0.48
398,2,0,20.209,213.977,0.424,416,128.984,519.882,0.276,0.473
399,5,0,20.209,213.907,0.426,413,129.026,519.115,0.276,0.471
400,5,0,20.163,213.907,0.424,412,129.151,516.354,0.274,0.463
401,4,0,10.116,219.14,0.344,413,131.934,247.874,0.276,0.04
402,9,0,10.674,219.14,0.355,417,131.421,268.532,0.28,0.05
403,3,0,11.233,219.14,0.364,414,131.194,277.698,0.279,0.058
404,3,0,11.651,219.14,0.366,411,130.791,290.283,0.28,0.065
405,2,0,11.837,219.14,0.366,410,130.65,296.065,0.279,0.068
406,6,0,12.163,219.14,0.37,409,130.463,306.021,0.277,0.072
407,2,0,12.256,219.14,0.37,409,130.427,307.863,0.279,0.076
408,9,0,12.279,219.14,0.371,414,130.421,310.375,0.281,0.078
409,5,0,12.674,219.14,0.373,413,130.292,317.559,0.279,0.085
410,6,0,12.86,219.14,0.376,411,130.226,322.914,0.277,0.087
411,5,0,13.535,219.14,0.379,409,129.979,339.244,0.275,0.102
412,6,0,14.14,219.14,0.385,408,129.816,353.07,0.272,0.116
413,6,0,14.233,219.14,0.384,412,129.615,358.246,0.274,0.121
414,4,0,14.349,194.419,0.387,411,130.298,361.15,0.272,0.123
415,3,0,14.488,194.419,0.388,410,130.307,361.424,0.27,0.125
416,7,0,14.814,194.419,0.395,414,130.042,377.389,0.277,0.149
417,3,0,15.14,194.419,0.395,412,129.969,388.756,0.277,0.162
418,4,0,15.419,194.419,0.395,409,129.906,394.411,0.277,0.174
419,0,0,15.698,194.419,0.396,404,129.893,398.333,0.276,0.184
420,6,0,15.791,194.419,0.394,409,129.796,406.786,0.28,0.197
421,5,0,15.698,194.419,0.391,410,129.854,404.264,0.28,0.193
422,6,0,15.512,194.419,0.39,414,129.821,400.72,0.283,0.19
423,5,0,15.884,194.419,0.39,413,129.673,411.759,0.283,0.209
424,2,0,16.163,194.419,0.397,410,129.717,416.387,0.281,0.217
425,4,0,16.419,194.419,0.4,409,129.678,420.042,0.279,0.228
426,7,0,16.558,194.767,0.402,414,128.554,426.03,0.282,0.237
427,8,0,16.791,194.767,0.41,414,128.552,430.932,0.282,0.249
428,3,0,16.814,194.767,0.41,409,128.649,427.532,0.277,0.237
429,3,0,17.0,194.767,0.409,407,128.64,430.44,0.277,0.248
430,3,0,17.186,194.767,0.415,409,128.508,441.278,0.28,0.266
431,3,0,17.442,191.442,0.422,407,128.456,444.48,0.278,0.278
432,3,0,17.349,191.442,0.423,406,128.492,442.309,0.278,0.272
433,0,0,17.349,191.442,0.422,402,128.557,437.24,0.275,0.264
434,9,0,17.419,191.535,0.42,408,128.476,444.555,0.279,0.279
435,6,0,17.605,190.0,0.418,409,128.433,449.169,0.279,0.29
436,5,0,17.884,190.093,0.416,408,128.364,455.035,0.277,0.3
437,7,0,18.047,190.279,0.417,408,128.228,467.303,0.28,0.321
438,10,0,18.023,190.279,0.419,416,128.194,476.004,0.286,0.338
439,3,0,18.209,190.279,0.42,413,128.222,473.314,0.283,0.342
440,3,0,18.535,190.628,0.422,408,128.245,477.64,0.279,0.353
441,6,0,18.442,190.628,0.423,410,128.211,480.446,0.281,0.352
442,2,0,18.302,190.628,0.423,406,128.324,472.323,0.277,0.33
443,4,0,18.488,190.628,0.424,405,128.288,479.238,0.277,0.341
444,5,0,18.419,190.628,0.426,405,128.316,472.45,0.274,0.327
445,2,0,18.512,190.442,0.428,399,128.393,468.058,0.27,0.321
446,2,0,18.465,190.442,0.428,397,128.431,463.872,0.269,0.316
447,5,0,18.465,190.442,0.426,394,128.486,462.545,0.268,0.312
448,4,0,18.535,190.442,0.426,397,128.424,467.902,0.27,0.324
449,6,0,18.512,186.279,0.425,400,128.387,471.3,0.273,0.33
450,6,0,18.465,186.279,0.423,403,128.331,481.995,0.277,0.34
451,7,0,18.674,189.465,0.427,409,128.147,500.051,0.285,0.38
452,4,0,18.86,189.465,0.429,410,128.102,505.45,0.286,0.397
453,7,0,18.674,189.116,0.429,411,129.213,502.765,0.285,0.39
454,4,0,18.744,188.698,0.433,412,129.217,501.431,0.285,0.394
455,13,0,19.256,189.488,0.434,420,129.03,524.575,0.29,0.448
456,3,0,19.256,189.488,0.434,421,129.076,519.637,0.288,0.444
457,2,0,19.163,189.163,0.433,420,129.079,518.428,0.288,0.435
458,4,0,19.163,189.163,0.433,421,129.118,519.493,0.288,0.438
459,4,2,19.163,189.163,0.432,418,129.203,516.535,0.287,0.434
460,6,0,19.07,189.163,0.426,418,129.388,515.215,0.285,0.422
461,5,0,18.791,188.977,0.421,414,129.594,503.811,0.282,0.39
462,8,0,18.744,188.977,0.422,417,129.603,502.037,0.282,0.386
463,8,2,19.116,188.977,0.426,418,129.469,522.386,0.286,0.429
464,3,0,19.256,188.977,0.429,415,129.438,526.264,0.286,0.44
465,7,0,19.512,188.977,0.427,419,129.23,546.503,0.291,0.477
466,7,0,19.279,190.047,0.425,420,129.048,546.461,0.296,0.474
467,5,0,19.326,190.047,0.427,421,128.987,542.326,0.296,0.477
468,6,2,19.372,190.047,0.428,419,129.004,541.913,0.295,0.479
469,3,0,19.372,190.047,0.427,419,129.013,542.105,0.294,0.473
470,0,0,19.326,190.047,0.428,417,129.05,539.677,0.292,0.464
471,7,2,19.698,190.744,0.429,413,129.091,548.655,0.291,0.49
472,7,0,19.326,190.744,0.426,418,129.163,543.835,0.293,0.469
473,8,0,19.326,190.744,0.426,424,129.02,552.426,0.298,0.485
474,4,0,19.372,190.744,0.425,426,128.866,555.151,0.302,0.503
475,1,0,19.372,190.744,0.423,423,128.989,552.241,0.301,0.501
476,4,0,19.419,190.349,0.422,419,128.971,556.255,0.3,0.499
477,4,0,19.186,190.488,0.423,418,129.025,551.454,0.299,0.478
478,5,0,19.535,190.488,0.422,417,128.985,564.107,0.299,0.504
479,2,0,19.674,190.488,0.42,416,128.911,571.53,0.298,0.513
480,5,0,19.791,190.674,0.422,419,128.84,577.314,0.3,0.526
481,3,0,19.837,190.674,0.422,417,128.912,578.36,0.298,0.522
482,6,1,19.605,190.674,0.42,421,128.91,575.207,0.302,0.519
483,4,1,19.721,190.674,0.422,415,128.949,577.318,0.299,0.519
484,6,0,20.0,191.093,0.425,414,127.77,583.306,0.3,0.535
485,8,2,20.535,191.093,0.425,411,127.783,588.384,0.296,0.562
486,7,0,20.209,191.093,0.434,417,127.639,591.238,0.3,0.548
487,4,0,20.186,190.907,0.432,419,127.739,590.278,0.301,0.551
488,9,1,20.395,191.186,0.432,424,127.616,602.087,0.303,0.576
489,5,1,20.721,191.186,0.435,423,127.566,609.887,0.303,0.597
490,4,0,20.721,191.186,0.432,423,127.593,607.713,0.301,0.591
491,4,0,20.535,191.186,0.432,420,127.686,601.871,0.298,0.567
492,3,0,20.488,191.186,0.431,421,127.699,600.485,0.298,0.565
493,2,0,20.442,190.465,0.426,417,127.841,591.274,0.296,0.556
494,8,0,20.302,190.953,0.428,421,127.702,601.142,0.303,0.568
495,3,0,20.256,190.953,0.429,422,127.691,600.921,0.304,0.57
496,1,0,20.302,190.953,0.428,417,128.022,589.598,0.297,0.55
497,6,0,20.372,190.953,0.425,418,128.0,593.946,0.298,0.558
498,3,0,20.326,190.953,0.425,415,128.019,589.61,0.296,0.548
499,4,0,20.395,190.814,0.429,409,128.094,586.085,0.292,0.54
500,6,0,20.442,191.0,0.431,411,128.068,589.406,0.294,0.551
501,4,0,10.535,186.14,0.353,410,130.567,282.093,0.292,0.055
502,4,0,10.674,186.581,0.353,411,130.495,290.909,0.294,0.059
503,3,0,10.953,186.721,0.357,406,130.534,293.814,0.291,0.062
504,1,0,11.233,187.047,0.357,404,130.487,300.113,0.29,0.066
505,4,0,11.698,187.047,0.354,403,130.344,313.383,0.288,0.073
506,2,0,11.674,182.349,0.355,401,131.581,312.596,0.285,0.072
507,4,0,12.14,186.581,0.353,394,131.453,326.876,0.283,0.08
508,5,0,12.279,188.651,0.359,396,131.422,331.055,0.284,0.084
509,7,0,12.651,189.767,0.367,399,131.192,342.906,0.284,0.093
510,7,0,12.884,190.349,0.37,401,130.947,352.629,0.286,0.101
511,4,0,13.023,190.349,0.369,402,130.72,361.796,0.287,0.106
512,5,0,13.442,190.186,0.37,402,130.643,368.358,0.286,0.117
513,7,0,13.581,190.186,0.37,404,130.545,375.578,0.288,0.125
514,8,0,14.14,190.628,0.373,403,130.43,392.998,0.287,0.143
515,4,0,14.465,190.628,0.377,400,130.418,395.248,0.285,0.151
516,4,0,14.651,191.093,0.378,401,130.373,401.273,0.286,0.161
517,3,0,14.977,191.093,0.378,400,130.311,408.441,0.286,0.175
518,6,0,15.116,191.186,0.382,401,130.335,414.171,0.288,0.185
519,5,1,15.535,191.186,0.383,397,130.346,421.144,0.286,0.202
520,4,0,15.767,191.186,0.384,397,130.354,426.616,0.285,0.21
521,5,0,15.837,191.186,0.385,394,130.471,426.156,0.283,0.212
522,6,0,16.209,191.186,0.396,394,130.429,436.63,0.284,0.233
523,3,0,16.395,191.186,0.405,392,130.43,437.186,0.282,0.239
524,9,0,16.302,191.186,0.405,397,130.332,432.428,0.284,0.239
525,5,0,16.372,191.512,0.406,400,130.252,444.538,0.286,0.247
526,4,0,16.372,191.512,0.409,400,130.415,441.014,0.285,0.244
527,4,0,16.721,191.512,0.411,399,130.412,447.58,0.283,0.259
528,5,0,16.767,191.512,0.412,401,130.346,451.03,0.285,0.269
529,9,0,16.628,191.512,0.41,404,130.391,448.526,0.285,0.261
530,6,0,16.698,190.256,0.411,405,130.444,448.578,0.283,0.259
531,5,0,16.651,190.256,0.412,404,130.545,445.193,0.283,0.255
532,4,1,16.744,190.256,0.417,404,130.445,453.926,0.284,0.265
533,6,0,16.767,190.256,0.418,402,130.423,454.782,0.284,0.267
534,5,0,17.0,190.0,0.419,401,130.287,466.877,0.286,0.285
535,3,0,17.326,190.233,0.419,399,130.193,474.793,0.286,0.305
536,7,0,17.209,190.233,0.421,400,130.048,467.705,0.286,0.295
537,5,0,17.395,190.07,0.421,402,129.934,472.348,0.287,0.311
538,3,0,17.488,190.07,0.422,400,129.999,471.887,0.283,0.304
539,6,0,16.953,188.86,0.421,402,130.022,460.075,0.284,0.275
540,2,0,17.372,188.86,0.424,397,130.076,462.513,0.279,0.287
541,7,0,17.233,188.86,0.422,400,130.011,462.572,0.281,0.283
542,5,0,17.093,188.86,0.423,400,130.022,458.94,0.28,0.271
543,5,0,17.093,188.86,0.425,402,129.873,462.604,0.283,0.278
544,13,0,17.302,188.721,0.428,410,129.52,486.739,0.294,0.325
545,12,0,17.605,190.093,0.433,417,129.2,510.836,0.302,0.369
546,7,1,17.651,190.093,0.431,415,129.149,515.184,0.303,0.376
547,6,0,17.837,190.093,0.429,415,129.134,518.918,0.301,0.383
548,5,0,18.047,190.093,0.43,413,129.072,524.877,0.301,0.398
549,3,0,18.279,190.093,0.434,411,129.032,526.706,0.301,0.415
550,3,0,18.465,190.093,0.435,409,129.065,526.892,0.298,0.418
551,1,0,18.512,189.581,0.434,403,129.19,521.955,0.294,0.408
552,2,0,18.558,189.581,0.434,405,129.173,524.966,0.294,0.413
553,3,1,18.744,189.395,0.434,400,129.209,523.205,0.291,0.417
554,6,0,18.977,189.395,0.436,402,129.132,538.431,0.295,0.447
555,5,0,19.628,189.395,0.442,398,128.96,546.103,0.293,0.49
556,13,1,19.767,189.395,0.44,404,128.859,558.026,0.295,0.508
557,7,0,19.628,189.395,0.438,409,128.809,558.851,0.298,0.505
558,3,0,19.628,189.395,0.437,407,128.874,553.762,0.296,0.499
559,2,0,19.628,189.395,0.439,403,128.968,541.854,0.291,0.482
560,6,0,19.628,189.395,0.438,405,128.941,541.413,0.291,0.484
561,7,0,19.674,189.395,0.44,406,128.894,540.681,0.292,0.489
562,4,0,19.93,189.419,0.441,403,128.94,543.878,0.289,0.497
563,3,0,20.023,189.419,0.442,402,128.934,547.817,0.288,0.502
564,6,0,19.791,189.698,0.441,400,129.005,536.365,0.287,0.479
565,3,0,19.744,190.326,0.439,399,129.059,532.053,0.284,0.466
566,4,0,19.651,190.326,0.439,396,129.084,528.865,0.281,0.449
567,2,0,19.837,190.116,0.44,392,129.138,525.123,0.278,0.452
568,4,0,19.884,190.116,0.438,396,129.075,535.664,0.282,0.471
569,4,0,19.977,190.116,0.44,395,129.019,538.07,0.282,0.477
570,3,0,19.884,190.116,0.439,397,128.981,536.034,0.284,0.475
571,4,0,19.977,190.163,0.435,397,129.027,539.458,0.283,0.479
572,8,0,19.93,190.163,0.438,402,128.906,548.873,0.289,0.497
573,8,0,20.349,190.209,0.442,406,128.826,562.036,0.292,0.54
574,2,0,20.302,190.209,0.444,401,128.845,560.081,0.288,0.523
575,11,0,20.349,190.326,0.445,409,128.834,563.857,0.291,0.539
576,3,0,20.395,190.326,0.447,411,128.8,573.094,0.293,0.549
577,7,0,20.395,192.581,0.448,409,128.823,568.344,0.292,0.545
578,4,0,20.442,192.581,0.448,409,128.816,569.178,0.292,0.548
579,6,0,20.163,191.465,0.449,410,128.813,571.451,0.293,0.529
580,10,0,20.023,191.465,0.448,415,128.785,572.895,0.294,0.524
581,5,0,19.837,191.465,0.446,415,128.757,571.628,0.297,0.517
582,4,1,20.209,191.116,0.449,409,128.825,564.999,0.288,0.515
583,5,1,20.535,191.116,0.452,402,128.937,563.366,0.281,0.517
584,4,0,20.349,191.116,0.452,402,128.999,556.434,0.281,0.5
585,13,0,20.488,191.116,0.451,414,128.777,573.848,0.29,0.545
586,1,0,20.535,191.116,0.453,408,129.005,562.061,0.285,0.529
587,7,0,20.721,191.116,0.453,410,128.877,569.832,0.287,0.552
588,5,0,20.791,192.837,0.453,412,128.897,573.926,0.288,0.562
589,6,0,20.465,192.837,0.452,413,128.991,563.574,0.288,0.536
590,1,0,20.488,192.837,0.453,410,129.027,559.991,0.286,0.533
591,5,0,20.628,192.837,0.455,410,129.024,565.33,0.286,0.544
592,3,0,20.814,192.837,0.456,408,129.052,560.684,0.283,0.547
593,2,0,20.814,192.837,0.456,406,129.096,557.46,0.283,0.545
594,4,0,20.814,192.837,0.454,406,129.069,567.314,0.286,0.555
595,8,1,20.767,192.837,0.452,408,129.03,569.467,0.287,0.557
596,6,0,20.884,192.837,0.452,411,128.914,576.871,0.289,0.573
597,7,0,21.093,192.837,0.452,414,128.837,591.743,0.292,0.596
598,5,0,21.558,192.837,0.454,411,128.847,595.865,0.29,0.624
599,5,1,21.605,192.837,0.45,412,128.773,604.3,0.291,0.63
600,3,0,21.674,192.628,0.449,409,128.793,598.364,0.289,0.63
601,4,0,10.884,180.581,0.378,410,130.319,287.99,0.286,0.056
602,7,0,11.372,181.814,0.387,411,130.158,301.142,0.286,0.064
603,1,0,11.535,181.814,0.385,409,130.144,300.941,0.284,0.066
604,5,0,11.86,182.349,0.384,409,130.031,309.507,0.284,0.072
605,5,0,12.581,184.977,0.388,405,129.904,330.171,0.281,0.084
606,0,0,12.628,184.977,0.39,399,130.018,323.895,0.277,0.081
607,4,0,12.907,184.977,0.391,397,129.966,325.394,0.275,0.085
608,7,0,13.512,186.279,0.395,398,129.797,340.191,0.275,0.101
609,3,0,13.698,186.279,0.398,395,129.826,343.029,0.275,0.106
610,4,0,13.791,186.581,0.398,392,129.708,349.238,0.276,0.109
611,6,0,14.0,187.0,0.397,396,129.617,356.504,0.278,0.119
612,3,0,14.326,187.163,0.394,390,129.866,360.195,0.271,0.121
613,6,0,14.326,187.349,0.393,392,129.855,363.46,0.274,0.125
614,2,0,14.419,187.349,0.393,391,129.942,360.314,0.272,0.126
615,9,0,14.767,187.302,0.394,392,129.945,368.811,0.27,0.134
616,5,0,14.674,187.302,0.394,391,130.04,363.828,0.268,0.128
617,2,0,14.884,187.302,0.395,389,130.131,362.89,0.266,0.132
618,5,0,14.884,187.535,0.393,390,130.045,368.284,0.268,0.136
619,8,0,15.14,188.512,0.394,392,130.64,376.893,0.269,0.15
620,8,0,15.488,185.0,0.391,391,130.567,384.433,0.269,0.164
621,5,0,15.674,185.0,0.391,389,130.628,380.616,0.265,0.163
622,10,0,16.047,185.326,0.395,394,130.461,399.826,0.267,0.183
623,8,0,16.186,185.326,0.395,400,130.321,406.606,0.272,0.2
624,3,0,16.093,185.326,0.394,400,130.346,405.873,0.272,0.196
625,6,0,16.0,186.349,0.394,403,130.352,405.503,0.273,0.193
626,0,0,16.326,185.116,0.395,397,130.371,409.665,0.269,0.201
627,2,0,16.558,185.116,0.397,390,130.487,408.003,0.265,0.204
628,4,0,16.837,185.116,0.398,391,130.476,414.665,0.264,0.215
629,3,0,16.884,185.116,0.398,394,130.442,417.301,0.265,0.221
630,4,0,16.837,185.953,0.398,394,130.48,416.89,0.265,0.219
631,8,0,16.674,184.907,0.398,396,130.451,414.586,0.266,0.212
632,2,0,16.814,184.907,0.399,394,130.512,415.651,0.264,0.215
633,8,0,16.953,184.907,0.4,392,130.602,419.562,0.263,0.221
634,5,0,16.86,184.907,0.399,395,130.577,418.129,0.266,0.221
635,5,0,16.907,187.372,0.4,397,130.461,420.168,0.265,0.223
636,5,0,16.977,187.372,0.398,401,130.361,429.393,0.268,0.234
637,6,0,17.07,187.372,0.4,402,130.37,431.674,0.269,0.241
638,7,0,17.163,187.372,0.406,405,130.325,434.894,0.272,0.253
639,3,0,17.326,187.372,0.409,403,130.319,434.974,0.27,0.259
640,8,0,17.465,187.372,0.41,406,130.247,441.56,0.273,0.275
641,3,0,17.558,187.279,0.411,406,130.262,442.234,0.271,0.275
642,3,0,17.326,187.279,0.41,408,130.294,436.844,0.272,0.265
643,5,0,17.372,187.279,0.409,410,130.25,438.842,0.273,0.27
644,8,0,17.279,187.279,0.408,413,130.227,436.19,0.273,0.264
645,6,1,17.093,187.279,0.407,414,130.222,438.222,0.274,0.256
646,5,0,16.953,187.442,0.408,414,130.379,429.473,0.273,0.246
647,4,0,16.814,187.442,0.408,414,130.348,425.904,0.272,0.235
648,5,0,16.953,187.442,0.41,415,130.237,435.397,0.275,0.25
649,4,0,17.0,187.512,0.41,417,130.238,435.339,0.275,0.252
650,3,0,17.093,187.442,0.413,414,130.406,430.851,0.272,0.25
651,0,0,17.233,187.349,0.414,408,130.524,423.231,0.266,0.244
652,4,0,17.256,187.186,0.412,408,130.484,422.847,0.266,0.245
653,2,0,17.302,187.186,0.412,407,130.583,423.912,0.266,0.246
654,8,0,17.326,187.465,0.413,410,130.558,426.276,0.266,0.248
655,4,0,17.372,187.465,0.412,411,130.483,425.731,0.267,0.253
656,5,0,17.581,184.953,0.413,408,130.648,419.38,0.26,0.248
657,7,0,17.581,185.093,0.413,413,130.6,426.995,0.262,0.252
658,6,1,17.86,185.093,0.414,412,130.435,433.34,0.262,0.267
659,2,0,17.86,185.093,0.413,412,130.439,433.182,0.261,0.266
660,4,0,17.953,185.093,0.414,410,130.417,437.671,0.263,0.277
661,3,0,18.047,185.093,0.416,410,130.473,434.349,0.261,0.277
662,5,0,18.047,185.093,0.417,405,130.541,432.169,0.259,0.272
663,6,0,18.023,185.093,0.418,406,130.542,428.07,0.258,0.267
664,5,0,17.977,185.093,0.418,405,130.813,424.855,0.256,0.261
665,3,0,17.884,185.093,0.417,401,130.885,417.43,0.254,0.251
666,4,0,18.023,185.209,0.417,401,130.93,419.655,0.254,0.26
667,9,0,18.093,187.744,0.417,407,130.986,430.742,0.258,0.275
668,3,0,17.907,187.744,0.416,407,131.0,428.793,0.259,0.265
669,5,0,17.767,187.744,0.414,404,131.069,415.654,0.255,0.246
670,3,0,18.023,187.744,0.416,401,131.074,419.017,0.252,0.254
671,7,0,18.047,185.651,0.415,403,131.116,418.492,0.251,0.253
672,5,0,18.349,185.651,0.415,404,130.841,427.352,0.252,0.273
673,1,0,18.349,185.651,0.416,401,130.91,422.226,0.25,0.267
674,5,1,18.512,185.349,0.417,398,130.898,426.13,0.249,0.272
675,6,0,18.674,187.279,0.415,392,130.83,426.746,0.245,0.272
676,7,0,18.86,187.279,0.413,395,130.561,439.895,0.25,0.295
677,4,0,18.628,186.884,0.414,395,130.65,426.923,0.249,0.279
678,2,0,18.767,186.884,0.416,391,130.634,428.174,0.246,0.28
679,7,0,18.837,187.047,0.415,393,130.525,438.722,0.249,0.293
680,2,0,18.744,187.047,0.415,392,130.569,437.74,0.249,0.286
681,4,0,18.628,187.047,0.416,391,130.707,424.542,0.246,0.272
682,5,0,18.767,187.047,0.416,389,130.635,426.562,0.246,0.28
683,4,0,18.535,186.419,0.414,391,130.759,419.935,0.247,0.268
684,7,0,18.721,186.419,0.414,391,130.787,421.57,0.246,0.278
685,4,0,18.698,186.419,0.414,391,130.877,421.995,0.245,0.272
686,6,0,18.651,186.465,0.413,392,130.925,421.667,0.245,0.271
687,2,0,19.023,186.465,0.415,389,130.96,423.844,0.241,0.282
688,4,0,18.651,185.814,0.415,387,131.187,415.577,0.24,0.259
689,0,0,18.651,185.814,0.416,383,131.21,409.113,0.239,0.255
690,7,0,18.605,185.814,0.414,387,131.207,407.945,0.239,0.252
691,4,0,18.488,185.814,0.415,385,131.168,404.807,0.237,0.239
692,1,0,18.256,185.814,0.416,381,131.269,390.969,0.232,0.214
693,4,0,18.093,185.814,0.417,377,131.281,388.798,0.23,0.202
694,5,0,18.442,185.814,0.416,378,130.986,400.49,0.232,0.224
695,8,0,18.209,184.86,0.411,380,130.914,406.686,0.237,0.222
696,5,0,18.0,184.86,0.409,381,130.935,399.787,0.237,0.212
697,4,0,17.907,181.558,0.41,379,130.93,399.877,0.237,0.206
698,3,0,18.07,181.558,0.411,375,130.994,391.051,0.233,0.206
699,7,0,17.977,181.558,0.412,374,131.085,386.44,0.23,0.196
700,4,0,18.163,181.558,0.414,373,131.072,387.129,0.228,0.2
701,3,0,9.488,164.651,0.346,373,135.139,182.01,0.226,0.018
702,1,0,9.605,164.651,0.347,372,135.112,183.521,0.225,0.019
703,3,0,10.186,164.651,0.347,369,134.619,197.556,0.225,0.022
704,5,0,10.628,170.93,0.348,370,134.119,214.415,0.23,0.026
705,4,0,10.674,170.93,0.348,371,134.024,218.336,0.231,0.027
706,3,0,11.233,170.93,0.351,366,133.837,226.886,0.228,0.03
707,3,0,11.628,170.93,0.353,363,133.725,232.694,0.226,0.033
708,6,0,12.256,170.93,0.353,362,133.283,246.899,0.226,0.039
709,4,0,12.744,170.93,0.356,360,133.123,256.952,0.225,0.045
710,7,0,12.907,175.674,0.357,362,133.081,264.035,0.226,0.048
711,10,0,13.279,175.674,0.357,369,132.839,279.52,0.23,0.056
712,8,0,13.116,176.047,0.357,373,132.809,280.475,0.234,0.056
713,4,0,13.488,176.047,0.358,372,132.661,284.594,0.232,0.061
714,4,0,13.535,176.047,0.357,374,132.564,289.343,0.234,0.063
715,4,0,13.767,176.326,0.358,375,132.511,296.374,0.236,0.069
716,7,0,14.07,176.977,0.36,373,132.698,302.648,0.236,0.076
717,4,0,14.023,176.977,0.358,374,132.634,304.439,0.238,0.077
718,8,0,14.395,177.302,0.37,377,132.083,320.116,0.242,0.089
719,2,0,14.535,177.14,0.371,375,132.079,316.846,0.24,0.09
720,7,0,14.698,177.395,0.372,377,131.915,329.014,0.245,0.1
721,3,0,14.93,177.395,0.375,374,131.87,329.544,0.24,0.101
722,6,0,15.047,177.395,0.374,376,131.758,332.373,0.242,0.105
723,6,0,15.116,176.605,0.367,377,131.604,336.124,0.242,0.108
724,4,0,15.163,176.977,0.367,377,131.557,339.261,0.247,0.116
725,4,0,15.581,181.628,0.382,378,131.638,358.268,0.251,0.137
726,5,0,15.674,181.628,0.381,379,131.831,359.454,0.25,0.14
727,8,0,15.721,182.372,0.378,380,131.751,363.578,0.254,0.148
728,7,0,15.721,182.372,0.376,382,131.721,365.504,0.255,0.151
729,6,0,16.023,182.372,0.378,377,131.628,371.753,0.254,0.161
730,8,0,16.209,182.372,0.377,379,131.507,381.834,0.256,0.172
731,5,0,16.581,182.209,0.379,374,131.547,381.585,0.252,0.18
732,8,0,16.302,182.279,0.383,382,131.454,386.766,0.259,0.182
733,7,1,16.744,182.395,0.384,383,131.337,395.773,0.259,0.204
734,10,1,16.558,182.395,0.38,387,131.313,391.378,0.259,0.193
735,9,0,16.744,181.767,0.375,390,131.216,394.089,0.258,0.2
736,5,0,16.674,181.953,0.377,390,131.258,392.508,0.258,0.196
737,5,0,16.814,181.953,0.391,391,131.083,399.056,0.261,0.212
738,5,0,16.86,181.977,0.391,395,131.049,407.581,0.264,0.221
739,6,0,16.953,181.977,0.389,393,131.067,406.449,0.261,0.218
740,7,0,16.767,182.0,0.39,394,131.005,402.069,0.263,0.213
741,6,0,16.674,182.14,0.389,397,130.932,404.194,0.266,0.214
742,8,0,16.721,182.14,0.388,400,130.951,405.194,0.266,0.217
743,11,0,16.86,183.93,0.396,405,131.09,412.123,0.267,0.228
744,1,0,16.86,183.93,0.396,402,131.489,410.941,0.266,0.227
745,6,0,17.093,184.395,0.396,404,131.359,419.652,0.268,0.245
746,8,0,17.419,183.977,0.398,404,131.32,433.559,0.269,0.267
747,2,0,17.605,183.977,0.401,398,131.323,432.943,0.267,0.274
748,5,0,17.605,183.512,0.402,398,131.39,432.201,0.265,0.267
749,8,0,17.651,185.07,0.403,399,131.374,437.75,0.266,0.273
750,4,0,17.698,185.116,0.404,397,131.403,437.591,0.264,0.27
751,8,0,17.651,185.488,0.403,402,131.358,440.333,0.267,0.276
752,5,0,17.698,185.488,0.403,405,131.308,445.852,0.268,0.283
753,2,0,17.977,185.488,0.405,400,131.377,441.656,0.263,0.286
754,7,0,18.256,185.488,0.408,404,130.707,457.334,0.269,0.316
755,7,0,18.326,185.488,0.41,401,130.569,455.766,0.268,0.318
756,6,0,18.419,185.488,0.407,401,130.57,455.071,0.265,0.316
757,8,0,18.372,185.488,0.408,403,130.538,458.982,0.268,0.32
758,4,0,18.558,185.488,0.409,402,130.496,463.496,0.27,0.338
759,3,0,18.605,185.488,0.41,402,130.543,463.321,0.268,0.337
760,5,0,18.651,185.837,0.409,406,130.466,469.501,0.271,0.35
761,6,0,18.837,185.791,0.409,406,130.402,474.835,0.274,0.373
762,3,0,19.116,186.093,0.409,403,130.443,479.608,0.273,0.389
763,7,0,19.442,186.093,0.411,402,130.423,485.161,0.271,0.406
764,5,0,19.512,186.093,0.411,404,130.31,487.282,0.271,0.411
765,6,0,19.512,186.093,0.409,404,130.375,484.687,0.27,0.409
766,8,0,19.163,186.093,0.407,407,130.37,478.639,0.273,0.393
767,3,0,19.233,186.093,0.408,407,130.352,481.504,0.273,0.399
768,4,0,19.419,187.86,0.412,406,130.363,485.451,0.274,0.415
769,4,0,19.442,187.86,0.411,405,130.235,486.675,0.275,0.419
770,2,0,19.535,187.86,0.411,403,130.157,494.863,0.276,0.429
771,5,0,19.233,187.86,0.41,401,130.258,477.386,0.273,0.395
772,6,1,19.093,187.651,0.411,402,130.403,472.463,0.272,0.384
773,5,0,19.0,187.767,0.415,402,130.521,475.096,0.273,0.381
774,6,0,18.814,187.86,0.416,402,130.523,472.19,0.271,0.36
775,4,0,18.721,188.0,0.418,398,130.569,460.069,0.268,0.346
776,5,0,18.674,188.0,0.418,400,130.573,463.184,0.27,0.349
777,4,0,18.767,188.0,0.417,399,130.426,469.129,0.274,0.366
778,4,0,18.721,188.0,0.417,399,130.432,469.188,0.274,0.363
779,7,0,18.442,188.0,0.415,400,130.455,461.022,0.274,0.344
780,4,0,18.721,188.0,0.416,399,130.42,468.674,0.273,0.36
781,6,0,18.628,188.0,0.416,400,130.397,465.491,0.274,0.357
782,2,0,18.628,188.0,0.415,402,130.317,466.507,0.275,0.36
783,5,0,18.581,188.0,0.415,406,130.259,472.148,0.277,0.363
784,4,0,18.767,188.0,0.418,404,130.31,470.405,0.275,0.369
785,3,0,19.093,188.0,0.42,402,130.248,477.568,0.273,0.387
786,7,0,19.163,188.0,0.421,404,130.185,484.051,0.276,0.403
787,6,0,19.302,187.209,0.422,405,130.128,487.454,0.277,0.416
788,4,0,19.581,187.209,0.422,405,130.059,496.193,0.276,0.433
789,6,1,19.86,187.209,0.421,408,129.919,504.64,0.279,0.465
790,5,0,20.186,187.209,0.422,406,129.861,513.572,0.278,0.486
791,4,0,20.512,187.209,0.424,404,129.847,518.917,0.277,0.505
792,6,0,20.698,187.209,0.426,401,129.816,524.088,0.275,0.514
793,2,0,21.023,187.209,0.426,398,129.701,534.483,0.276,0.542
794,7,0,20.93,187.209,0.431,398,129.7,534.2,0.277,0.539
795,7,0,21.14,189.698,0.437,403,129.583,546.242,0.283,0.573
796,4,0,21.093,189.698,0.437,405,129.553,552.815,0.284,0.576
797,1,0,21.047,189.698,0.437,399,129.642,540.398,0.28,0.556
798,9,0,21.372,189.698,0.439,402,129.32,554.473,0.283,0.589
799,3,0,21.279,189.698,0.44,399,129.237,540.677,0.281,0.575
800,6,0,21.186,189.744,0.438,404,129.171,547.194,0.285,0.581
801,6,0,10.791,187.0,0.361,402,131.758,272.165,0.279,0.051
802,1,0,10.977,187.0,0.364,401,131.676,275.25,0.278,0.053
803,8,0,11.395,187.372,0.365,403,130.101,284.589,0.281,0.06
804,4,0,12.14,187.372,0.373,400,129.895,304.073,0.28,0.073
805,3,0,12.465,189.907,0.377,398,129.704,317.252,0.282,0.083
806,6,0,12.558,189.907,0.382,399,129.6,321.338,0.285,0.087
807,4,0,13.093,189.907,0.385,393,129.476,334.466,0.284,0.1
808,6,0,13.395,189.907,0.389,393,129.367,340.573,0.283,0.108
809,2,0,13.581,189.907,0.385,389,129.482,341.775,0.281,0.11
810,5,0,13.674,189.907,0.387,391,129.214,347.417,0.285,0.118
811,4,0,14.047,189.907,0.395,391,129.173,351.942,0.284,0.129
812,8,0,14.233,189.907,0.396,394,129.026,360.717,0.287,0.14
813,1,0,14.465,189.907,0.398,389,129.067,362.554,0.284,0.145
814,6,0,14.767,189.907,0.395,392,128.834,374.243,0.288,0.163
815,9,0,14.767,189.907,0.397,398,128.59,381.425,0.292,0.17
816,0,0,15.186,189.372,0.4,391,128.701,384.163,0.287,0.179
817,5,0,15.419,189.535,0.402,392,128.7,388.436,0.284,0.184
818,4,0,15.744,189.535,0.404,391,128.736,388.267,0.28,0.19
819,5,0,15.837,189.535,0.403,391,128.74,391.615,0.281,0.196
820,7,0,16.116,189.814,0.404,394,128.668,398.351,0.282,0.211
821,7,0,16.279,189.814,0.404,400,128.622,406.988,0.284,0.225
822,4,0,16.814,189.279,0.406,394,128.637,407.736,0.278,0.241
823,6,0,16.93,189.279,0.404,396,128.559,411.305,0.279,0.248
824,6,0,17.093,189.279,0.407,394,128.557,413.785,0.276,0.25
825,6,1,17.605,189.279,0.407,391,128.476,427.832,0.276,0.28
826,2,0,17.953,189.279,0.408,384,128.538,426.16,0.27,0.285
827,6,1,18.023,189.116,0.408,386,128.594,427.257,0.272,0.295
828,4,0,17.977,189.116,0.408,388,128.593,428.578,0.272,0.293
829,5,0,17.977,189.116,0.407,390,128.544,433.741,0.274,0.298
830,3,0,18.302,189.605,0.408,385,128.606,434.825,0.27,0.308
831,8,0,18.256,189.605,0.413,385,128.616,433.147,0.271,0.308
832,4,0,18.279,189.605,0.414,385,128.661,433.935,0.269,0.303
833,4,0,18.279,186.907,0.416,384,128.709,427.893,0.266,0.294
834,5,0,18.419,186.907,0.415,386,128.68,432.733,0.267,0.307
835,7,1,18.465,186.907,0.415,388,128.758,435.243,0.268,0.312
836,3,1,18.233,186.907,0.413,388,128.778,430.465,0.268,0.297
837,2,0,18.302,186.535,0.414,385,128.756,431.783,0.266,0.298
838,2,0,18.395,186.535,0.415,382,128.78,433.049,0.265,0.299
839,10,0,18.535,187.14,0.413,390,128.589,450.537,0.273,0.332
840,6,0,18.535,187.209,0.413,390,128.698,445.461,0.269,0.321
841,5,0,18.442,187.209,0.411,393,128.647,443.037,0.27,0.319
842,7,0,18.628,187.209,0.414,396,128.54,451.262,0.273,0.339
843,5,1,18.628,188.651,0.415,396,128.497,454.33,0.274,0.344
844,1,0,18.791,188.419,0.417,392,128.503,452.725,0.272,0.349
845,4,0,18.791,188.419,0.417,395,128.453,458.957,0.275,0.356
846,3,0,18.791,188.581,0.417,393,128.366,458.069,0.275,0.356
847,5,0,18.605,188.581,0.416,395,128.383,451.409,0.275,0.344
848,5,0,18.814,188.581,0.416,396,128.317,458.95,0.277,0.365
849,6,0,18.907,188.674,0.415,399,128.309,459.855,0.279,0.379
850,5,0,19.047,188.814,0.417,400,128.289,463.088,0.279,0.387
851,5,0,19.047,188.814,0.416,405,128.247,470.166,0.281,0.394
852,6,0,18.86,188.814,0.415,406,128.321,469.663,0.281,0.384
853,4,0,18.814,188.814,0.416,407,128.274,470.325,0.283,0.386
854,7,0,19.163,188.814,0.415,406,128.225,475.612,0.281,0.404
855,4,0,19.209,188.814,0.417,406,128.101,479.459,0.283,0.415
856,6,0,18.907,188.814,0.415,405,128.079,474.848,0.284,0.395
857,6,1,18.953,188.814,0.414,407,128.025,478.882,0.286,0.404
858,6,0,19.023,188.814,0.414,409,128.066,479.439,0.286,0.409
859,6,0,19.163,188.814,0.417,410,127.976,485.996,0.286,0.42
860,3,0,19.442,188.814,0.419,403,128.035,483.455,0.28,0.421
861,5,0,19.256,188.465,0.419,405,128.018,487.59,0.283,0.416
862,3,0,19.605,188.465,0.421,401,128.048,483.455,0.278,0.427
863,9,0,19.907,188.953,0.423,407,127.944,497.963,0.283,0.467
864,7,1,19.86,187.233,0.42,408,127.987,492.336,0.283,0.462
865,4,0,19.814,187.233,0.422,404,128.044,486.303,0.281,0.454
866,8,0,19.605,187.628,0.422,404,128.058,482.605,0.28,0.432
867,8,0,19.698,187.628,0.426,398,128.083,472.502,0.275,0.422
868,2,0,19.419,187.628,0.426,395,128.16,465.941,0.274,0.397
869,4,0,19.744,187.628,0.427,394,128.124,471.246,0.273,0.418
870,4,0,19.907,187.628,0.427,394,128.112,474.093,0.273,0.43
871,5,0,20.186,187.814,0.429,393,128.025,481.593,0.273,0.453
872,5,0,20.302,187.814,0.43,392,128.023,485.594,0.274,0.463
873,4,0,20.349,187.814,0.428,390,128.06,483.264,0.272,0.459
874,2,0,20.395,187.814,0.429,388,127.993,486.292,0.271,0.461
875,3,0,20.256,187.837,0.43,386,128.154,475.208,0.268,0.439
876,2,0,20.163,187.837,0.429,386,128.152,475.083,0.268,0.433
877,3,0,19.884,187.465,0.428,382,128.268,461.56,0.265,0.401
878,4,0,19.837,187.465,0.43,377,128.354,457.617,0.262,0.388
879,7,0,19.791,187.465,0.429,377,128.351,449.79,0.26,0.377
880,6,0,19.651,187.465,0.427,379,128.359,445.873,0.258,0.362
881,9,0,19.605,187.465,0.427,386,128.289,449.515,0.262,0.371
882,6,0,19.721,187.465,0.428,388,128.209,457.878,0.264,0.387
883,13,0,19.884,187.326,0.429,394,128.108,466.03,0.267,0.409
884,1,0,19.791,187.326,0.428,387,128.203,460.106,0.264,0.392
885,5,0,19.907,186.907,0.428,385,128.156,463.175,0.265,0.402
886,2,0,19.86,186.907,0.428,385,128.195,461.835,0.264,0.394
887,7,0,19.512,187.837,0.425,385,128.174,458.171,0.268,0.383
888,4,0,19.372,187.465,0.425,379,129.502,454.067,0.264,0.369
889,1,0,19.558,187.465,0.426,371,129.652,444.108,0.256,0.356
890,4,0,19.628,187.465,0.426,370,129.757,441.883,0.255,0.36
891,2,0,19.628,187.465,0.427,369,129.727,442.659,0.256,0.364
892,1,0,19.535,187.465,0.427,368,129.735,440.7,0.256,0.356
893,4,0,19.651,187.465,0.428,366,129.844,436.039,0.251,0.349
894,6,0,19.651,187.465,0.427,365,129.868,436.486,0.251,0.349
895,3,0,19.791,187.465,0.427,365,129.826,442.613,0.252,0.362
896,9,0,19.907,192.395,0.428,370,129.765,446.756,0.255,0.379
897,2,0,19.814,192.395,0.425,368,129.889,441.25,0.252,0.365
898,7,0,19.953,192.86,0.425,374,129.736,455.166,0.257,0.391
899,9,0,20.047,192.86,0.428,373,129.732,455.908,0.26,0.406
900,5,0,20.0,192.86,0.427,375,129.744,455.563,0.26,0.404
901,8,0,10.0,191.419,0.359,380,133.432,231.509,0.26,0.033
902,5,0,10.233,191.419,0.359,381,133.192,235.961,0.261,0.035
903,7,0,10.558,191.581,0.37,381,133.028,242.82,0.261,0.039
904,2,0,10.512,191.581,0.371,381,133.099,240.91,0.261,0.038
905,3,0,10.791,191.581,0.371,377,132.85,249.469,0.259,0.04
906,7,0,11.233,192.07,0.372,376,132.767,256.899,0.257,0.044
907,12,0,11.558,192.07,0.374,385,132.428,268.24,0.26,0.051
908,5,0,11.651,192.07,0.374,385,132.357,272.201,0.26,0.052
909,5,0,11.86,192.07,0.375,386,132.288,274.593,0.259,0.054
910,6,0,12.07,192.07,0.37,389,131.949,286.105,0.265,0.062
911,4,0,12.256,192.07,0.37,389,131.895,286.728,0.263,0.064
912,5,0,12.395,192.07,0.369,388,131.759,292.253,0.265,0.068
913,4,0,12.372,191.86,0.366,388,131.804,292.37,0.265,0.068
914,4,0,12.512,189.884,0.364,388,131.875,292.146,0.264,0.069
915,6,0,12.837,189.884,0.36,387,131.823,297.007,0.262,0.075
916,5,0,13.023,189.884,0.358,386,131.735,300.508,0.263,0.079
917,2,0,12.977,189.884,0.359,384,131.824,297.126,0.262,0.077
918,8,0,13.326,193.163,0.364,386,131.755,305.049,0.261,0.084
919,4,0,13.372,193.163,0.367,384,131.835,304.557,0.258,0.081
920,7,0,13.674,192.674,0.37,386,131.642,312.678,0.256,0.087
921,2,0,13.721,192.674,0.375,385,131.573,311.157,0.255,0.087
922,4,0,13.86,192.674,0.378,383,131.654,313.766,0.252,0.086
923,3,0,14.14,192.674,0.378,382,131.501,321.049,0.252,0.093
924,2,0,14.326,192.674,0.379,380,131.439,325.472,0.251,0.097
925,6,0,14.512,192.674,0.378,380,131.312,334.124,0.253,0.104
926,10,0,14.721,192.674,0.379,384,131.183,342.289,0.257,0.115
927,5,0,14.907,193.047,0.382,384,131.063,347.742,0.258,0.123
928,5,0,14.907,193.047,0.383,385,131.058,346.849,0.257,0.122
929,3,0,15.023,193.047,0.383,380,131.007,345.666,0.256,0.123
930,3,0,15.302,193.047,0.388,377,130.925,351.522,0.255,0.131
931,3,0,15.488,193.047,0.388,375,130.866,354.607,0.254,0.136
932,6,0,15.512,193.07,0.386,373,130.73,358.665,0.254,0.137
933,7,0,15.535,189.767,0.385,374,130.681,363.092,0.256,0.14
934,5,0,15.581,189.767,0.384,373,130.624,368.539,0.257,0.144
935,6,0,15.674,189.767,0.383,374,130.579,372.12,0.259,0.15
936,3,0,15.837,189.767,0.384,374,130.583,377.301,0.258,0.156
937,5,0,15.884,190.326,0.382,377,130.392,386.326,0.262,0.166
938,5,0,15.953,190.767,0.38,377,130.323,388.034,0.262,0.168
939,7,0,16.0,190.767,0.379,378,130.274,390.525,0.264,0.173
940,10,0,15.953,190.767,0.376,383,130.194,404.789,0.269,0.182
941,3,0,16.233,191.256,0.375,379,130.176,402.395,0.267,0.19
942,6,0,16.186,191.256,0.376,382,130.122,405.429,0.268,0.19
943,5,0,16.093,191.256,0.375,385,130.115,405.318,0.269,0.189
944,4,0,16.14,190.767,0.375,382,130.168,399.785,0.265,0.182
945,3,0,16.558,190.767,0.383,381,130.071,407.788,0.264,0.198
946,3,0,16.837,190.767,0.387,375,130.162,403.742,0.257,0.197
947,5,0,17.047,190.767,0.391,377,130.022,415.505,0.261,0.215
948,5,0,16.907,191.209,0.391,377,129.987,410.341,0.262,0.211
949,1,0,17.0,191.209,0.392,373,130.013,411.133,0.26,0.212
950,4,0,16.86,191.209,0.393,373,130.034,407.397,0.26,0.205
951,6,0,16.791,191.209,0.394,376,129.991,406.976,0.263,0.209
952,5,0,17.163,191.209,0.398,373,129.94,420.867,0.264,0.231
953,3,0,17.349,191.209,0.398,372,129.851,424.018,0.266,0.245
954,9,0,17.605,192.326,0.406,375,129.743,434.034,0.268,0.266
955,1,0,17.605,191.837,0.408,369,129.826,423.822,0.264,0.254
956,6,0,17.651,191.837,0.405,374,129.81,425.559,0.265,0.26
957,2,0,17.744,191.837,0.406,370,129.915,425.748,0.262,0.259
958,6,0,18.023,191.837,0.407,370,129.921,430.935,0.262,0.275
959,5,0,17.884,191.837,0.406,370,129.952,428.549,0.262,0.267
960,5,0,17.93,191.837,0.406,372,129.915,429.861,0.263,0.273
961,2,0,17.791,191.837,0.406,370,129.951,424.904,0.262,0.26
962,5,0,17.93,191.837,0.408,369,129.944,424.52,0.26,0.264
963,4,0,17.605,191.837,0.404,366,130.079,405.426,0.258,0.24
964,7,0,17.605,191.837,0.415,369,129.922,410.946,0.261,0.247
965,9,0,17.628,192.86,0.416,374,129.876,414.263,0.264,0.257
966,3,0,17.581,192.86,0.415,375,129.837,414.788,0.266,0.258
967,5,0,17.302,192.86,0.413,375,129.875,410.818,0.266,0.244
968,4,0,17.419,194.326,0.415,375,129.901,414.218,0.266,0.249
969,1,0,17.419,194.326,0.415,371,129.991,411.714,0.264,0.244
970,12,0,17.209,193.302,0.418,377,129.919,408.502,0.266,0.237
971,1,0,17.256,192.698,0.421,371,130.039,405.318,0.262,0.231
972,5,0,17.488,192.698,0.421,371,130.029,409.284,0.263,0.245
973,10,0,17.488,192.791,0.419,376,130.003,411.304,0.263,0.248
974,6,0,17.302,192.791,0.418,378,130.017,409.099,0.264,0.239
975,7,0,17.256,192.953,0.417,381,129.882,416.572,0.269,0.247
976,5,0,17.116,192.953,0.417,383,129.829,417.823,0.272,0.249
977,5,0,17.116,192.814,0.416,381,129.856,418.526,0.272,0.249
978,4,0,17.023,192.814,0.416,378,129.931,411.682,0.271,0.24
979,8,0,17.419,193.767,0.416,378,129.878,421.87,0.271,0.263
980,3,0,17.395,191.674,0.417,372,129.954,408.751,0.264,0.244
981,2,0,17.581,191.674,0.418,371,129.951,411.097,0.262,0.249
982,7,0,17.395,191.698,0.418,369,130.188,401.572,0.259,0.232
983,5,0,17.442,191.698,0.419,372,130.126,401.854,0.262,0.241
984,4,0,17.465,191.698,0.419,369,130.156,402.3,0.26,0.237
985,6,0,17.558,191.767,0.417,372,129.977,408.15,0.262,0.246
986,1,0,17.558,191.767,0.413,366,130.145,404.521,0.256,0.233
987,3,0,17.465,191.767,0.413,364,130.25,402.31,0.257,0.23
988,7,0,17.674,191.698,0.413,365,130.184,412.798,0.259,0.247
989,4,0,17.605,191.698,0.416,366,130.157,410.372,0.259,0.242
990,6,0,17.419,191.698,0.419,364,130.133,412.696,0.259,0.231
991,5,0,17.558,191.837,0.417,365,130.085,417.99,0.26,0.243
992,2,0,17.605,192.023,0.42,363,130.181,415.506,0.258,0.239
993,1,0,17.605,192.023,0.419,360,130.178,412.018,0.256,0.235
994,4,0,17.651,192.023,0.42,361,130.234,411.269,0.255,0.235
995,8,0,17.651,192.116,0.418,363,130.113,420.159,0.257,0.241
996,2,0,17.93,192.116,0.421,358,130.174,415.539,0.252,0.242
997,3,0,17.93,192.116,0.421,359,130.226,417.359,0.253,0.246
998,9,0,18.163,194.047,0.422,365,129.94,435.923,0.262,0.283
999,5,0,18.256,194.047,0.426,365,129.852,442.257,0.263,0.294
1000,0,0,18.302,194.047,0.428,359,129.96,433.372,0.258,0.282
