1,10,0,0.571,2.381,0.0,10,343.504,0.0,0.008,0.043
2,3,0,0.762,3.619,0.002,13,338.565,0.0,0.011,0.04
3,3,0,1.048,5.476,0.002,16,312.542,0.0,0.015,0.02
4,3,0,1.238,8.476,0.005,19,296.248,0.013,0.021,0.014
5,4,0,1.667,10.429,0.006,23,263.514,0.118,0.026,0.006
6,7,0,2.238,15.952,0.01,29,233.207,0.222,0.039,0.003
7,5,0,2.524,19.952,0.014,34,215.035,0.418,0.046,0.002
8,5,0,2.952,24.0,0.022,38,195.203,0.555,0.05,0.001
9,5,0,3.524,31.857,0.036,42,162.589,0.864,0.06,0.001
10,3,0,3.81,35.381,0.042,45,158.804,0.937,0.064,0.001
11,6,0,3.571,36.524,0.04,51,173.93,0.96,0.07,0.001
12,9,0,3.857,41.905,0.043,59,146.478,1.231,0.082,0.001
13,4,0,4.0,43.905,0.042,63,141.52,1.358,0.089,0.001
14,4,0,4.095,45.238,0.043,67,140.311,1.415,0.092,0.001
15,3,0,4.19,45.714,0.04,70,131.682,1.533,0.096,0.0
16,8,0,4.905,52.905,0.055,77,109.841,2.089,0.103,0.0
17,4,0,5.286,61.0,0.071,81,99.665,2.559,0.112,0.0
18,4,0,5.571,63.238,0.07,85,95.559,2.889,0.119,0.0
19,7,0,6.095,68.81,0.077,91,80.539,3.815,0.13,0.0
20,8,0,6.667,73.381,0.082,98,71.661,4.519,0.138,0.0
21,3,0,6.952,75.857,0.09,98,72.729,4.66,0.138,0.0
22,3,0,7.238,77.952,0.097,98,69.129,4.959,0.138,0.0
23,3,0,7.429,80.286,0.101,101,66.766,5.289,0.142,0.0
24,3,0,7.429,80.571,0.099,104,66.078,5.205,0.145,0.0
25,5,0,7.714,87.857,0.112,108,61.867,5.597,0.156,0.0
26,6,0,7.524,89.19,0.11,113,61.199,5.631,0.161,0.0
27,8,0,8.286,97.667,0.124,119,55.276,6.449,0.174,0.0
28,6,0,8.476,100.857,0.125,125,53.093,7.364,0.183,0.0
29,3,0,8.476,102.048,0.127,127,52.108,7.759,0.186,0.0
30,3,0,8.381,102.667,0.125,130,52.314,7.808,0.189,0.0
31,5,0,9.048,103.143,0.129,130,47.378,8.358,0.187,0.0
32,8,0,9.429,110.571,0.146,137,43.727,8.62,0.195,0.001
33,3,0,9.905,115.476,0.157,139,41.175,9.263,0.2,0.001
34,4,0,10.286,120.19,0.17,143,39.305,9.944,0.204,0.001
35,6,0,10.857,126.571,0.183,148,37.035,10.894,0.214,0.001
36,3,0,10.857,127.048,0.181,151,36.39,11.367,0.218,0.001
37,9,0,11.429,127.048,0.169,157,35.48,12.927,0.228,0.001
38,0,0,11.619,127.048,0.174,154,35.317,12.633,0.224,0.001
39,6,0,12.19,127.714,0.176,157,34.887,13.188,0.225,0.002
40,2,0,12.095,128.571,0.175,159,35.012,13.193,0.229,0.002
41,2,0,12.095,128.571,0.174,161,34.695,13.338,0.229,0.002
42,3,0,12.19,128.571,0.176,162,35.16,13.306,0.228,0.002
43,7,0,12.095,124.667,0.154,168,35.418,13.797,0.234,0.002
44,7,0,12.19,127.81,0.16,173,37.553,14.43,0.24,0.002
45,4,0,12.571,130.81,0.173,175,35.785,15.135,0.238,0.002
46,8,0,12.81,133.476,0.175,180,34.21,15.339,0.245,0.002
47,3,0,13.095,133.714,0.174,179,31.519,15.503,0.247,0.003
48,10,0,13.571,141.619,0.188,187,28.737,16.461,0.261,0.003
49,8,0,14.524,151.381,0.217,192,24.593,19.511,0.27,0.004
50,2,0,15.095,151.381,0.223,190,23.836,19.866,0.264,0.005
51,7,0,15.19,152.095,0.218,196,23.482,20.498,0.272,0.005
52,4,0,15.19,152.238,0.22,198,23.226,20.739,0.271,0.005
53,6,0,15.667,153.476,0.22,202,22.27,22.074,0.275,0.006
54,2,0,15.571,154.048,0.222,203,22.237,21.845,0.276,0.006
55,5,0,16.048,157.381,0.236,204,21.778,22.012,0.277,0.007
56,6,0,16.048,158.429,0.233,209,21.528,22.292,0.282,0.008
57,5,0,16.476,161.143,0.239,212,20.899,23.193,0.286,0.009
58,5,0,16.952,162.952,0.239,215,19.869,25.07,0.294,0.011
59,7,0,17.238,164.476,0.24,218,19.474,25.929,0.297,0.013
60,8,0,17.619,167.143,0.245,224,18.936,26.138,0.302,0.015
61,1,0,17.81,168.762,0.257,221,18.915,26.042,0.297,0.015
62,6,0,17.619,168.952,0.251,225,18.529,26.176,0.302,0.015
63,6,0,17.524,169.381,0.249,228,18.627,26.354,0.306,0.016
64,5,0,18.0,171.667,0.252,231,18.119,27.383,0.312,0.019
65,3,0,18.0,171.667,0.251,230,18.114,27.576,0.313,0.02
66,7,0,18.095,173.048,0.255,235,17.946,27.904,0.314,0.02
67,3,0,18.381,175.048,0.263,235,17.685,29.386,0.315,0.022
68,6,0,19.238,181.524,0.283,238,16.778,30.052,0.319,0.03
69,6,0,19.714,189.0,0.303,242,15.731,32.345,0.328,0.038
70,5,0,20.19,191.905,0.31,244,15.032,33.243,0.333,0.046
71,8,0,20.571,193.0,0.305,252,14.374,34.859,0.343,0.057
72,8,0,20.857,199.238,0.322,257,14.048,35.877,0.348,0.067
73,5,0,20.571,200.524,0.331,257,14.179,35.491,0.347,0.06
74,6,0,20.667,202.143,0.336,258,13.998,35.738,0.349,0.064
75,7,0,20.524,204.476,0.341,262,13.878,35.873,0.354,0.065
76,5,0,20.429,204.476,0.337,264,13.427,36.666,0.358,0.066
77,5,0,20.429,204.476,0.335,266,13.25,36.4,0.36,0.068
78,5,0,20.905,204.524,0.339,268,13.022,36.87,0.357,0.074
79,3,0,20.905,205.667,0.34,268,12.917,36.479,0.361,0.078
80,3,0,20.81,206.762,0.342,271,12.889,37.202,0.364,0.079
81,2,0,20.476,206.762,0.35,269,13.17,35.868,0.357,0.066
82,3,0,20.952,208.429,0.36,269,12.872,36.072,0.355,0.073
83,8,0,20.762,210.667,0.365,275,12.875,36.651,0.361,0.074
84,2,0,20.762,210.952,0.367,275,12.876,36.754,0.361,0.074
85,6,0,20.571,212.905,0.366,279,12.622,37.924,0.37,0.079
86,5,0,20.571,214.19,0.364,282,12.299,39.014,0.376,0.085
87,5,0,21.143,215.762,0.367,281,11.621,41.278,0.38,0.103
88,4,0,21.333,219.762,0.375,284,11.271,42.861,0.39,0.123
89,9,0,22.048,225.333,0.39,291,10.488,45.62,0.399,0.164
90,5,0,22.429,226.19,0.395,292,10.246,46.157,0.4,0.182
91,3,0,22.952,226.762,0.401,290,10.146,46.662,0.397,0.199
92,5,0,23.333,229.143,0.406,290,10.062,46.806,0.402,0.231
93,5,0,23.952,230.429,0.412,288,9.637,48.157,0.402,0.264
94,5,0,24.143,232.476,0.419,290,9.736,47.659,0.403,0.281
95,5,0,24.333,233.619,0.425,292,9.731,48.004,0.406,0.3
96,1,0,24.429,233.619,0.427,289,9.888,46.683,0.402,0.297
97,5,0,24.619,234.667,0.429,291,9.959,47.061,0.404,0.315
98,3,0,25.19,235.143,0.43,290,9.701,48.43,0.407,0.362
99,5,0,25.19,235.286,0.428,292,9.636,48.739,0.408,0.366
100,5,0,25.286,237.048,0.428,295,9.495,48.942,0.416,0.401
101,4,0,16.048,223.095,0.351,295,14.821,31.177,0.415,0.042
102,7,0,17.0,225.429,0.362,299,13.562,32.469,0.419,0.057
103,4,0,17.762,225.476,0.367,297,13.226,33.049,0.416,0.067
104,4,0,18.333,225.048,0.367,296,12.81,34.519,0.415,0.077
105,5,0,18.619,226.095,0.372,297,12.548,36.053,0.416,0.084
106,4,0,19.286,232.905,0.4,295,12.18,37.291,0.417,0.103
107,2,0,20.048,232.905,0.405,293,11.747,39.654,0.414,0.12
108,8,0,20.714,234.714,0.411,297,11.166,41.27,0.42,0.152
109,2,0,21.143,237.667,0.428,294,10.964,43.258,0.416,0.162
110,3,0,21.429,236.952,0.426,293,10.856,44.095,0.415,0.172
111,5,0,22.0,241.143,0.444,294,10.461,44.687,0.419,0.206
112,6,0,22.0,242.429,0.445,298,10.212,45.342,0.424,0.216
113,7,0,22.762,242.429,0.453,300,10.12,47.223,0.417,0.24
114,2,0,23.19,240.81,0.451,296,10.127,47.655,0.413,0.255
115,5,0,23.619,240.81,0.453,296,9.958,48.111,0.412,0.274
116,6,0,23.619,241.333,0.451,298,9.699,48.883,0.416,0.285
117,4,0,23.81,241.381,0.458,298,9.717,48.461,0.411,0.282
118,2,0,24.238,241.381,0.464,295,9.72,49.126,0.406,0.295
119,8,0,24.81,245.19,0.468,301,9.077,51.08,0.418,0.37
120,4,0,24.81,245.19,0.469,302,9.16,50.691,0.417,0.367
121,4,0,24.81,245.19,0.474,301,9.288,50.259,0.414,0.356
122,9,0,25.476,251.857,0.493,307,8.673,52.952,0.427,0.447
123,5,0,25.857,254.714,0.507,307,8.383,54.594,0.43,0.485
124,6,0,25.476,254.714,0.506,308,8.737,52.583,0.43,0.458
125,4,0,26.048,255.476,0.515,308,8.66,53.389,0.426,0.488
126,5,0,26.048,258.0,0.525,312,8.483,53.802,0.429,0.498
127,4,0,25.952,255.476,0.518,313,8.608,52.717,0.425,0.477
128,9,0,25.952,256.952,0.513,317,8.064,55.33,0.438,0.522
129,8,0,26.714,258.762,0.519,321,7.773,57.604,0.443,0.596
130,5,0,26.905,258.762,0.519,323,7.693,57.384,0.446,0.619
131,6,0,27.381,261.857,0.525,328,7.356,59.411,0.455,0.682
132,7,0,27.095,263.571,0.526,332,7.25,59.499,0.462,0.683
133,6,0,27.381,263.905,0.522,336,6.923,61.458,0.468,0.719
134,5,0,27.952,264.381,0.525,335,6.837,62.713,0.467,0.749
135,6,0,28.048,264.667,0.519,340,6.527,65.24,0.474,0.771
136,5,0,28.381,265.619,0.528,340,6.488,64.995,0.47,0.78
137,4,0,28.476,269.429,0.544,341,6.237,66.745,0.477,0.799
138,5,0,28.571,269.429,0.548,343,6.282,66.186,0.473,0.794
139,8,0,28.81,271.19,0.547,350,6.065,68.704,0.483,0.829
140,7,0,29.333,271.857,0.554,352,6.054,69.29,0.482,0.848
141,8,0,29.333,274.238,0.556,358,5.994,68.941,0.49,0.862
142,5,0,29.524,277.429,0.569,360,5.907,70.068,0.494,0.876
143,11,0,30.19,281.667,0.59,361,5.785,71.871,0.496,0.899
144,7,0,30.286,282.333,0.589,365,5.609,72.776,0.503,0.91
145,5,0,31.0,288.857,0.625,364,5.477,75.034,0.506,0.929
146,7,0,31.0,288.857,0.627,366,5.486,76.459,0.505,0.929
147,6,0,31.524,291.286,0.643,368,5.406,76.601,0.506,0.939
148,5,0,31.333,292.143,0.649,369,5.403,75.767,0.509,0.939
149,5,0,31.429,291.095,0.642,369,5.346,76.503,0.51,0.94
150,8,0,31.714,291.095,0.642,373,5.187,77.091,0.512,0.947
151,2,0,31.952,291.095,0.644,369,5.202,77.032,0.51,0.949
152,11,0,32.048,292.0,0.637,375,4.85,78.274,0.523,0.959
153,2,0,32.048,292.0,0.64,373,4.887,78.017,0.52,0.957
154,2,0,32.429,292.0,0.649,369,4.961,77.901,0.511,0.956
155,4,0,32.81,294.905,0.662,369,4.902,78.042,0.511,0.961
156,4,0,32.81,295.857,0.668,369,4.874,79.107,0.509,0.96
157,8,0,32.714,296.619,0.665,369,4.755,80.36,0.516,0.962
158,4,0,32.429,298.143,0.67,371,4.714,81.001,0.522,0.962
159,5,0,32.19,298.143,0.668,373,4.747,80.924,0.524,0.961
160,4,0,32.857,298.524,0.678,368,4.897,81.283,0.515,0.963
161,5,0,32.762,298.524,0.681,364,4.941,80.606,0.508,0.959
162,1,0,33.333,298.143,0.682,359,4.944,81.218,0.504,0.963
163,3,0,33.619,297.381,0.684,355,5.122,80.372,0.495,0.961
164,4,0,33.048,297.381,0.683,350,5.392,76.546,0.485,0.948
165,4,0,32.762,296.952,0.683,351,5.495,74.975,0.487,0.945
166,4,0,32.952,296.762,0.679,349,5.493,74.982,0.483,0.945
167,2,0,33.048,296.762,0.68,347,5.537,74.606,0.478,0.943
168,4,0,33.429,297.524,0.685,347,5.493,75.771,0.48,0.95
169,5,0,33.714,297.524,0.685,350,5.415,76.189,0.482,0.955
170,5,0,33.762,297.524,0.68,355,5.317,77.134,0.489,0.96
171,2,0,33.619,297.524,0.682,353,5.37,76.383,0.487,0.957
172,3,0,33.238,297.524,0.681,350,5.551,74.496,0.484,0.95
173,8,0,33.667,297.905,0.683,350,5.585,75.024,0.484,0.956
174,3,0,33.857,297.905,0.685,349,5.622,74.915,0.481,0.957
175,5,0,34.143,300.81,0.691,353,5.483,76.376,0.486,0.963
176,2,0,33.952,300.81,0.696,349,5.689,75.477,0.478,0.957
177,5,0,34.238,300.571,0.696,345,5.691,74.607,0.475,0.958
178,6,0,33.81,302.571,0.705,344,5.718,73.476,0.475,0.953
179,6,0,33.905,302.571,0.706,345,5.693,74.033,0.475,0.954
180,2,0,34.571,302.762,0.71,339,5.705,74.645,0.469,0.959
181,5,0,34.619,302.762,0.714,337,5.761,73.89,0.467,0.959
182,7,0,34.762,311.333,0.723,340,5.69,75.459,0.471,0.962
183,2,0,34.714,311.333,0.727,337,6.067,73.079,0.461,0.957
184,10,0,34.81,319.571,0.722,345,5.904,74.612,0.468,0.962
185,8,0,34.714,319.19,0.718,351,5.597,77.027,0.474,0.963
186,2,0,34.81,319.19,0.72,349,5.681,76.405,0.468,0.961
187,7,0,34.952,323.143,0.719,352,5.564,77.293,0.473,0.965
188,5,0,34.381,323.143,0.715,352,5.665,75.286,0.47,0.957
189,3,0,34.571,323.143,0.712,349,5.629,75.878,0.47,0.96
190,8,0,34.19,323.524,0.722,353,5.617,76.185,0.477,0.959
191,1,0,34.381,323.524,0.721,354,5.572,76.85,0.478,0.962
192,6,0,34.762,323.524,0.72,356,5.289,79.737,0.484,0.968
193,6,0,34.81,323.905,0.717,361,5.066,82.877,0.496,0.973
194,7,0,35.667,323.905,0.718,365,4.798,86.06,0.502,0.981
195,8,0,35.952,328.857,0.737,364,4.593,88.176,0.508,0.984
196,5,0,35.762,330.905,0.75,363,4.567,89.587,0.511,0.984
197,2,0,35.667,330.619,0.748,362,4.537,89.79,0.514,0.984
198,7,0,34.905,330.619,0.752,362,4.671,86.7,0.511,0.979
199,4,0,34.905,330.619,0.751,364,4.611,86.793,0.513,0.98
200,2,0,35.095,330.619,0.747,366,4.479,87.977,0.519,0.982
201,2,0,27.476,323.905,0.585,365,6.077,69.47,0.511,0.829
202,5,0,28.238,323.905,0.589,366,6.088,71.153,0.507,0.852
203,4,0,28.238,323.905,0.592,369,6.03,71.666,0.511,0.859
204,5,0,29.0,324.048,0.596,370,5.751,73.767,0.512,0.887
205,6,0,29.095,324.048,0.597,374,5.606,74.499,0.516,0.894
206,5,0,29.667,324.048,0.604,371,5.801,75.078,0.507,0.9
207,4,0,29.762,324.048,0.6,372,5.724,74.936,0.511,0.907
208,4,0,30.048,326.524,0.61,374,5.701,75.031,0.515,0.918
209,3,0,30.429,326.524,0.609,376,5.623,75.814,0.518,0.93
210,12,0,31.0,326.524,0.61,383,5.137,79.406,0.524,0.945
211,6,0,31.19,326.524,0.618,383,5.183,78.578,0.518,0.943
212,3,0,31.857,326.762,0.628,380,5.25,79.257,0.508,0.946
213,5,0,32.143,326.762,0.629,384,5.217,79.519,0.508,0.95
214,1,0,31.952,326.524,0.635,378,5.413,78.926,0.5,0.942
215,1,0,32.714,326.524,0.638,369,5.515,78.77,0.489,0.946
216,2,0,32.905,326.524,0.638,367,5.485,77.954,0.485,0.946
217,5,0,33.048,322.714,0.646,363,5.708,76.004,0.475,0.941
218,4,0,33.333,322.714,0.643,362,5.588,78.021,0.476,0.946
219,7,0,33.762,327.381,0.664,362,5.393,81.652,0.481,0.956
220,4,0,34.238,327.381,0.663,364,5.279,82.547,0.482,0.962
221,6,0,34.429,327.381,0.661,367,5.059,84.895,0.489,0.967
222,5,0,34.905,327.381,0.658,370,4.919,86.007,0.495,0.974
223,3,0,35.429,323.333,0.665,362,4.975,85.989,0.486,0.975
224,5,0,35.714,325.952,0.683,355,5.095,85.143,0.481,0.975
225,7,0,35.667,325.952,0.683,358,5.06,86.517,0.485,0.976
226,10,0,35.952,325.952,0.686,364,4.863,88.079,0.49,0.979
227,5,0,36.143,328.524,0.688,368,4.746,89.818,0.496,0.982
228,5,0,36.571,328.81,0.691,368,4.547,93.314,0.502,0.986
229,4,0,36.571,328.81,0.692,370,4.399,94.447,0.51,0.987
230,4,0,36.667,331.571,0.706,367,4.416,94.534,0.509,0.987
231,2,0,36.286,331.905,0.714,364,4.541,93.68,0.508,0.986
232,3,0,35.762,331.905,0.717,361,4.725,90.531,0.502,0.982
233,6,0,35.952,331.905,0.72,362,4.738,90.055,0.501,0.982
234,2,0,36.095,331.905,0.719,362,4.608,91.05,0.502,0.983
235,1,0,36.571,331.905,0.721,359,4.602,92.226,0.499,0.985
236,1,0,36.476,331.905,0.723,355,4.739,89.969,0.495,0.984
237,5,0,36.714,332.238,0.721,354,4.676,90.856,0.497,0.985
238,3,0,36.952,332.81,0.725,351,4.695,90.143,0.497,0.986
239,3,0,37.143,332.81,0.725,350,4.568,91.706,0.499,0.987
240,4,0,37.238,332.81,0.725,353,4.494,92.012,0.501,0.988
241,6,0,37.238,332.333,0.722,356,4.467,93.015,0.502,0.988
242,8,0,37.524,332.667,0.728,358,4.353,96.428,0.505,0.99
243,4,0,37.714,332.667,0.739,358,4.466,96.769,0.502,0.99
244,8,0,38.095,339.524,0.74,360,4.227,99.66,0.509,0.992
245,3,0,38.048,339.524,0.744,356,4.39,98.023,0.499,0.99
246,6,0,37.667,335.381,0.748,356,4.28,96.822,0.502,0.99
247,10,0,37.0,335.667,0.746,366,4.188,98.149,0.513,0.989
248,7,0,36.81,335.667,0.743,371,4.16,97.814,0.516,0.989
249,7,0,36.81,335.667,0.743,374,4.131,97.981,0.517,0.989
250,6,0,36.81,335.667,0.742,376,4.133,99.208,0.517,0.989
251,5,0,37.667,335.667,0.758,376,4.011,101.139,0.519,0.992
252,5,0,37.667,335.667,0.753,375,4.094,100.749,0.516,0.991
253,4,0,37.571,335.667,0.756,374,4.152,101.353,0.516,0.991
254,3,0,37.762,335.667,0.754,375,4.049,103.523,0.52,0.992
255,7,0,37.571,335.667,0.751,381,3.934,103.252,0.53,0.993
256,6,0,37.667,337.524,0.763,377,4.207,99.628,0.516,0.992
257,3,0,37.619,337.524,0.764,375,4.217,100.602,0.514,0.991
258,3,0,38.19,337.905,0.774,374,4.132,102.821,0.515,0.993
259,2,0,38.095,337.905,0.773,373,4.127,102.505,0.517,0.993
260,3,0,37.524,337.905,0.776,371,4.223,101.369,0.512,0.991
261,7,0,37.333,338.143,0.772,373,4.191,101.043,0.516,0.991
262,3,0,37.429,338.143,0.769,373,4.211,100.927,0.512,0.99
263,8,0,38.238,338.333,0.765,376,3.981,104.813,0.521,0.993
264,3,0,38.143,338.714,0.765,379,3.945,104.852,0.524,0.993
265,2,0,38.19,338.333,0.758,375,4.017,102.363,0.519,0.993
266,5,0,38.429,338.667,0.774,375,3.809,104.125,0.529,0.994
267,5,0,38.667,338.667,0.78,376,3.785,105.896,0.534,0.995
268,7,0,39.286,345.238,0.785,376,3.59,109.383,0.539,0.996
269,4,0,39.0,345.238,0.791,372,3.688,107.87,0.537,0.996
270,3,0,39.476,346.714,0.799,369,3.573,109.005,0.537,0.996
271,5,1,39.571,346.714,0.798,367,3.552,110.403,0.539,0.997
272,3,0,39.571,346.714,0.797,364,3.608,109.095,0.536,0.996
273,9,0,39.286,345.19,0.8,364,3.747,106.418,0.534,0.996
274,5,0,39.476,345.19,0.799,366,3.636,107.692,0.539,0.996
275,4,0,39.571,345.476,0.8,363,3.889,106.219,0.532,0.996
276,3,0,39.476,345.667,0.807,362,3.921,104.946,0.526,0.996
277,7,0,39.667,345.667,0.807,366,3.894,105.843,0.527,0.996
278,6,0,39.19,342.714,0.805,368,3.99,104.528,0.526,0.995
279,6,0,39.571,343.571,0.804,373,3.756,107.907,0.537,0.997
280,5,0,39.429,344.048,0.803,374,3.801,108.427,0.535,0.996
281,5,0,39.429,346.143,0.804,371,3.889,106.614,0.534,0.996
282,6,0,39.524,346.143,0.803,375,3.764,108.767,0.543,0.997
283,0,0,39.81,346.143,0.802,367,3.836,108.091,0.535,0.997
284,2,0,39.524,345.952,0.807,362,3.981,105.498,0.528,0.996
285,5,0,40.286,346.381,0.813,357,4.15,103.922,0.512,0.996
286,7,0,40.476,346.381,0.81,359,4.088,106.27,0.515,0.996
287,7,0,40.381,346.381,0.808,363,3.983,107.553,0.522,0.997
288,4,0,40.476,346.429,0.813,363,3.987,107.202,0.521,0.997
289,6,0,40.524,346.429,0.806,361,4.066,105.998,0.521,0.997
290,8,0,40.333,346.429,0.81,362,4.056,104.25,0.523,0.997
291,3,0,39.857,346.429,0.81,359,4.104,101.731,0.522,0.996
292,6,0,39.762,346.429,0.811,360,4.175,102.227,0.52,0.996
293,3,0,40.0,346.429,0.822,360,4.112,103.205,0.521,0.996
294,0,0,40.476,346.429,0.824,355,4.159,102.269,0.515,0.996
295,5,0,40.286,346.429,0.823,355,4.235,99.864,0.511,0.996
296,4,0,40.095,346.429,0.823,358,4.2,100.55,0.516,0.996
297,8,0,40.0,346.762,0.823,360,4.188,100.441,0.517,0.996
298,4,0,39.524,346.762,0.817,359,4.313,98.02,0.509,0.995
299,4,0,39.524,346.762,0.825,355,4.219,98.179,0.513,0.995
300,8,0,39.381,346.762,0.825,358,4.16,98.852,0.517,0.995
301,5,0,26.857,348.19,0.666,355,6.416,67.569,0.509,0.795
302,6,0,27.143,348.19,0.676,359,6.053,70.294,0.516,0.823
303,3,0,27.429,348.19,0.678,359,6.038,71.316,0.514,0.833
304,4,0,27.429,348.19,0.682,360,5.926,70.707,0.514,0.831
305,6,0,27.714,348.286,0.688,364,5.724,72.04,0.518,0.85
306,3,0,27.619,348.286,0.685,367,5.695,72.047,0.521,0.853
307,4,0,27.81,348.762,0.706,368,5.638,72.762,0.524,0.865
308,2,0,28.571,348.762,0.705,361,5.882,72.421,0.51,0.869
309,5,0,28.476,348.762,0.703,364,5.893,71.696,0.514,0.872
310,2,0,29.238,348.762,0.709,362,5.965,72.007,0.505,0.883
311,6,0,29.19,349.0,0.71,367,5.897,72.698,0.511,0.89
312,3,0,29.571,349.0,0.711,368,5.694,75.004,0.518,0.91
313,7,0,30.238,349.0,0.713,370,5.361,76.691,0.523,0.93
314,6,0,30.238,349.0,0.709,374,5.352,77.193,0.522,0.929
315,7,0,30.524,349.0,0.713,375,5.029,78.593,0.529,0.941
316,6,0,30.81,348.762,0.713,378,4.894,81.038,0.535,0.949
317,4,0,31.19,348.762,0.712,378,4.872,81.772,0.532,0.953
318,6,0,31.429,348.571,0.729,380,4.803,82.398,0.535,0.958
319,3,0,31.619,348.571,0.73,380,4.93,82.268,0.53,0.957
320,2,0,31.714,348.571,0.732,378,5.001,80.906,0.525,0.956
321,2,0,32.0,348.571,0.738,374,5.034,81.11,0.52,0.956
322,8,0,31.762,348.571,0.734,378,4.983,80.565,0.524,0.956
323,6,0,31.952,348.571,0.73,380,4.624,82.196,0.533,0.962
324,3,0,31.667,348.571,0.734,377,4.831,81.23,0.527,0.956
325,4,0,31.857,348.571,0.735,376,4.851,83.041,0.525,0.957
326,9,0,32.048,348.571,0.727,385,4.567,85.721,0.538,0.966
327,5,0,32.333,348.571,0.725,388,4.502,85.701,0.54,0.97
328,4,0,32.524,348.571,0.732,388,4.456,86.984,0.541,0.972
329,5,0,32.143,348.19,0.725,389,4.494,86.239,0.541,0.968
330,6,0,32.286,347.952,0.733,391,4.303,89.19,0.548,0.972
331,4,0,32.19,347.952,0.731,393,4.262,89.555,0.551,0.973
332,4,0,32.952,347.952,0.731,390,4.255,91.945,0.545,0.976
333,3,0,33.095,347.952,0.73,388,4.229,91.425,0.546,0.978
334,6,0,33.286,347.952,0.742,392,4.085,93.295,0.553,0.981
335,12,0,33.81,347.952,0.737,397,3.967,94.51,0.558,0.985
336,5,0,34.048,347.952,0.737,399,3.955,95.434,0.558,0.986
337,6,0,34.048,348.286,0.745,403,3.873,96.169,0.564,0.987
338,11,0,34.143,348.286,0.755,403,4.042,91.713,0.555,0.986
339,4,0,34.524,347.857,0.75,400,4.055,93.3,0.55,0.986
340,4,0,34.905,346.714,0.75,397,3.988,93.492,0.547,0.987
341,6,0,35.667,347.0,0.754,396,3.964,96.519,0.544,0.989
342,7,0,35.952,347.0,0.755,397,3.941,96.131,0.543,0.99
343,2,0,36.429,347.0,0.755,394,3.87,96.416,0.541,0.991
344,6,0,36.143,347.0,0.756,395,3.858,96.114,0.544,0.991
345,7,0,36.571,347.0,0.765,400,3.638,99.012,0.553,0.993
346,6,0,36.286,347.0,0.753,403,3.61,98.59,0.556,0.993
347,5,0,36.095,347.0,0.742,405,3.678,98.654,0.556,0.992
348,7,0,35.619,346.524,0.754,404,3.796,98.289,0.55,0.99
349,7,0,36.0,346.524,0.757,405,3.716,98.99,0.555,0.992
350,5,0,35.619,346.524,0.751,405,3.81,97.699,0.555,0.991
351,3,0,35.429,346.524,0.749,404,3.809,97.653,0.556,0.991
352,4,0,35.524,346.524,0.743,403,3.789,98.542,0.553,0.99
353,2,0,35.714,346.524,0.744,400,3.904,95.838,0.546,0.99
354,3,0,35.714,346.524,0.743,396,3.974,94.459,0.54,0.989
355,6,0,35.238,346.524,0.737,399,4.023,93.153,0.539,0.987
356,6,0,35.714,346.524,0.74,397,4.154,91.096,0.535,0.988
357,7,0,35.619,346.524,0.749,398,4.066,90.822,0.542,0.989
358,6,0,35.571,346.524,0.76,394,4.255,90.116,0.531,0.987
359,10,0,35.571,346.619,0.757,396,4.169,91.211,0.538,0.988
360,4,0,35.857,346.619,0.759,392,4.208,91.74,0.533,0.988
361,2,0,36.333,346.619,0.77,390,4.212,92.451,0.528,0.989
362,9,0,36.048,346.619,0.766,397,4.155,92.546,0.535,0.989
363,5,0,36.238,346.619,0.776,398,4.103,93.464,0.536,0.99
364,2,0,36.143,346.619,0.773,397,4.05,94.043,0.539,0.99
365,6,0,35.952,346.619,0.776,402,3.935,95.455,0.55,0.991
366,6,0,35.952,346.048,0.766,402,3.934,96.462,0.549,0.991
367,9,0,36.048,347.238,0.773,404,3.876,98.497,0.554,0.992
368,11,0,36.19,347.238,0.774,409,3.803,99.666,0.56,0.993
369,5,0,36.762,347.238,0.783,412,3.594,101.82,0.566,0.995
370,4,0,37.333,347.238,0.79,411,3.579,103.415,0.562,0.995
371,4,0,37.619,347.238,0.806,413,3.425,105.046,0.567,0.996
372,4,0,37.333,347.238,0.806,413,3.366,104.711,0.571,0.996
373,8,1,36.857,347.238,0.803,418,3.329,104.795,0.577,0.995
374,8,0,36.762,347.238,0.812,424,3.197,105.42,0.585,0.996
375,4,0,37.429,347.714,0.809,419,3.289,105.958,0.579,0.996
376,6,0,37.429,347.714,0.805,421,3.239,106.04,0.582,0.996
377,6,0,37.0,348.429,0.802,424,3.301,105.35,0.582,0.996
378,6,0,36.238,348.429,0.799,428,3.263,103.806,0.588,0.995
379,3,0,36.143,348.429,0.799,428,3.288,103.446,0.587,0.995
380,5,0,36.238,348.429,0.8,428,3.243,103.601,0.588,0.995
381,6,0,36.048,348.429,0.798,430,3.245,101.817,0.59,0.995
382,9,1,36.333,348.429,0.804,429,3.337,100.211,0.583,0.995
383,5,0,36.81,348.381,0.801,429,3.271,101.581,0.583,0.996
384,7,0,36.429,348.381,0.801,430,3.284,100.096,0.58,0.995
385,5,1,36.81,348.381,0.802,427,3.239,101.824,0.578,0.995
386,3,0,36.905,348.381,0.798,426,3.227,102.347,0.578,0.996
387,3,0,37.19,348.381,0.799,425,3.238,102.861,0.575,0.996
388,3,0,37.238,348.381,0.797,424,3.268,102.609,0.572,0.996
389,8,1,37.524,348.667,0.794,430,3.101,103.781,0.583,0.997
390,6,0,38.0,348.667,0.798,428,3.258,103.345,0.577,0.997
391,8,1,38.095,348.667,0.795,430,3.264,102.665,0.58,0.997
392,3,0,38.571,348.667,0.792,427,3.343,103.386,0.577,0.997
393,6,0,38.19,348.667,0.791,430,3.394,101.565,0.578,0.997
394,2,0,38.476,348.667,0.79,424,3.476,101.754,0.574,0.997
395,3,0,38.476,348.667,0.785,420,3.588,100.441,0.565,0.997
396,3,0,38.571,348.667,0.786,419,3.637,99.897,0.564,0.997
397,11,0,38.095,348.667,0.777,424,3.43,103.108,0.572,0.997
398,2,0,38.333,348.667,0.774,418,3.377,102.254,0.569,0.997
399,5,0,38.714,348.238,0.781,415,3.369,103.852,0.568,0.997
400,5,0,38.333,348.238,0.775,414,3.463,102.411,0.562,0.996
401,4,0,24.381,350.619,0.595,415,5.654,64.188,0.553,0.771
402,9,0,25.143,350.619,0.61,419,5.266,66.221,0.56,0.823
403,3,0,25.429,350.619,0.624,416,5.304,66.046,0.557,0.83
404,3,0,26.095,350.619,0.632,413,5.134,68.17,0.556,0.856
405,2,0,26.476,350.619,0.637,412,5.14,69.635,0.552,0.863
406,6,0,27.0,350.619,0.641,411,5.046,70.529,0.551,0.879
407,2,0,27.19,350.619,0.646,411,4.956,72.363,0.554,0.89
408,9,0,27.571,350.619,0.651,416,4.785,73.794,0.556,0.902
409,5,0,28.095,350.619,0.655,415,4.754,75.57,0.552,0.911
410,6,0,28.762,350.619,0.663,414,4.679,78.171,0.553,0.928
411,5,0,29.19,350.619,0.662,412,4.572,79.434,0.552,0.935
412,6,0,29.476,350.619,0.657,411,4.547,79.288,0.552,0.94
413,6,0,29.476,350.619,0.66,414,4.536,79.74,0.552,0.94
414,4,0,30.0,350.619,0.658,413,4.537,80.662,0.55,0.947
415,3,0,30.286,350.619,0.663,412,4.524,81.147,0.546,0.948
416,7,0,31.619,350.619,0.698,416,4.181,86.571,0.556,0.97
417,3,0,31.714,350.714,0.697,414,4.186,87.297,0.556,0.971
418,4,0,32.095,350.714,0.701,411,4.128,88.544,0.558,0.975
419,0,0,32.571,350.714,0.701,406,4.103,89.196,0.556,0.977
420,6,0,32.667,350.714,0.698,411,4.011,90.32,0.562,0.98
421,5,0,32.19,350.714,0.698,412,3.977,87.592,0.565,0.978
422,6,0,32.571,350.714,0.693,416,3.832,90.3,0.572,0.982
423,5,0,32.81,350.714,0.699,415,3.79,91.978,0.574,0.984
424,2,0,33.429,350.714,0.711,412,3.728,93.508,0.573,0.986
425,4,0,32.952,350.714,0.701,411,3.723,92.837,0.572,0.984
426,7,0,32.762,350.714,0.699,417,3.582,94.618,0.582,0.985
427,8,0,32.857,350.714,0.712,417,3.51,95.136,0.583,0.986
428,3,0,33.524,350.714,0.715,412,3.496,96.529,0.574,0.987
429,3,0,33.524,350.714,0.724,410,3.535,95.532,0.573,0.986
430,3,0,33.905,350.714,0.725,412,3.367,97.187,0.578,0.989
431,3,1,34.571,350.714,0.73,409,3.419,98.647,0.572,0.99
432,3,0,35.19,350.714,0.726,408,3.363,100.789,0.573,0.992
433,0,0,34.81,350.714,0.721,404,3.509,98.406,0.566,0.99
434,9,0,34.0,350.714,0.729,410,3.381,97.135,0.577,0.989
435,6,0,34.857,350.714,0.75,411,3.336,99.598,0.574,0.991
436,5,0,35.048,350.714,0.752,410,3.34,99.671,0.571,0.991
437,7,0,35.286,350.714,0.759,410,3.211,101.293,0.577,0.993
438,10,0,36.238,350.714,0.767,418,2.975,104.772,0.594,0.996
439,3,0,36.238,350.714,0.771,415,3.039,103.982,0.588,0.995
440,3,0,37.19,350.714,0.774,410,3.044,105.79,0.583,0.996
441,6,1,37.619,350.476,0.783,411,2.98,106.498,0.583,0.997
442,2,0,37.619,350.476,0.784,407,3.008,106.005,0.581,0.997
443,4,0,37.619,349.714,0.78,406,2.989,106.412,0.581,0.997
444,5,0,37.524,349.714,0.78,405,3.09,105.68,0.573,0.996
445,2,0,37.81,349.714,0.777,399,3.154,106.461,0.566,0.996
446,2,0,37.429,349.714,0.779,397,3.19,104.884,0.565,0.995
447,5,0,37.524,349.714,0.773,394,3.289,105.603,0.561,0.995
448,4,0,37.81,349.714,0.77,397,3.182,107.729,0.566,0.996
449,6,0,38.762,349.714,0.774,400,2.964,112.22,0.575,0.997
450,6,0,38.571,349.714,0.771,403,2.862,114.556,0.583,0.997
451,7,1,39.333,349.714,0.791,407,2.496,120.053,0.598,0.998
452,4,0,40.286,349.714,0.8,408,2.369,123.218,0.602,0.999
453,7,1,40.381,349.714,0.804,408,2.366,123.379,0.601,0.999
454,4,0,40.571,349.714,0.805,410,2.302,123.061,0.606,0.999
455,13,2,39.952,349.714,0.801,416,2.31,120.959,0.611,0.999
456,3,0,39.667,348.857,0.802,417,2.331,120.374,0.609,0.999
457,2,0,40.048,348.857,0.803,416,2.341,121.825,0.606,0.999
458,4,0,40.143,348.857,0.802,417,2.372,121.011,0.608,0.999
459,4,1,40.238,348.81,0.799,415,2.363,121.415,0.608,0.999
460,6,0,40.333,349.095,0.799,415,2.402,121.251,0.604,0.999
461,5,1,40.619,349.095,0.795,410,2.535,120.13,0.593,0.999
462,8,0,40.0,349.095,0.787,413,2.561,118.659,0.594,0.999
463,8,1,40.762,349.095,0.797,415,2.382,124.521,0.605,0.999
464,3,0,40.952,349.095,0.798,412,2.394,124.604,0.603,0.999
465,7,0,41.333,349.095,0.792,416,2.229,128.438,0.613,0.999
466,7,2,41.333,349.095,0.786,415,2.295,127.064,0.612,0.999
467,5,0,41.524,349.095,0.792,416,2.323,125.666,0.613,0.999
468,6,1,41.952,349.095,0.8,416,2.289,126.299,0.615,0.999
469,3,0,41.952,349.095,0.799,416,2.316,126.792,0.612,0.999
470,0,0,42.048,349.095,0.801,414,2.418,125.452,0.609,0.999
471,7,2,42.333,349.095,0.811,410,2.402,130.04,0.61,0.999
472,7,0,42.143,349.095,0.812,415,2.361,130.739,0.615,0.999
473,8,0,41.952,349.095,0.82,421,2.263,131.159,0.624,1.0
474,4,0,41.952,350.571,0.828,423,2.249,130.668,0.628,1.0
475,1,0,41.857,350.571,0.828,420,2.254,130.042,0.627,1.0
476,4,1,41.857,350.571,0.821,416,2.337,129.385,0.622,0.999
477,4,0,41.81,350.571,0.82,415,2.39,128.162,0.618,0.999
478,5,2,41.619,350.571,0.822,412,2.392,129.348,0.617,0.999
479,2,0,41.905,350.571,0.826,411,2.403,130.462,0.615,0.999
480,5,1,41.524,350.571,0.824,413,2.419,129.503,0.617,0.999
481,3,0,41.333,350.571,0.825,411,2.462,129.058,0.614,0.999
482,6,0,41.429,350.571,0.827,416,2.36,130.288,0.624,0.999
483,4,1,41.524,350.19,0.827,410,2.463,128.809,0.614,0.999
484,6,0,41.524,348.619,0.83,409,2.393,128.243,0.614,0.999
485,8,0,41.619,348.81,0.826,407,2.33,130.755,0.612,0.999
486,7,1,41.238,348.81,0.824,412,2.337,130.031,0.616,0.999
487,4,1,40.667,348.905,0.822,414,2.3,128.043,0.619,0.999
488,9,1,40.381,348.905,0.82,419,2.234,130.594,0.624,0.999
489,5,0,40.857,348.905,0.829,418,2.193,131.099,0.625,0.999
490,4,0,40.81,348.905,0.829,419,2.22,131.19,0.623,0.999
491,4,2,40.81,348.905,0.827,414,2.326,127.307,0.614,0.999
492,3,0,40.857,348.905,0.829,415,2.36,127.605,0.612,0.999
493,2,0,41.333,348.905,0.829,411,2.392,127.462,0.607,0.999
494,8,2,41.857,348.905,0.825,413,2.329,129.697,0.614,0.999
495,3,0,41.857,348.905,0.825,414,2.302,130.815,0.616,0.999
496,1,0,42.429,348.905,0.828,409,2.427,128.861,0.603,0.999
497,6,0,42.429,348.905,0.824,410,2.436,128.314,0.602,0.999
498,3,0,42.81,348.905,0.824,407,2.43,128.081,0.599,0.999
499,4,0,42.667,348.905,0.828,402,2.493,127.375,0.593,0.999
500,6,1,42.667,348.429,0.822,403,2.447,125.99,0.596,0.999
501,4,0,27.0,342.19,0.664,402,4.427,78.844,0.596,0.932
502,4,0,27.952,342.19,0.677,402,4.262,82.88,0.599,0.951
503,3,0,28.81,341.048,0.69,397,4.184,83.465,0.59,0.957
504,1,0,29.381,341.048,0.695,394,4.182,84.277,0.587,0.962
505,4,0,29.857,341.048,0.695,392,4.112,85.66,0.586,0.966
506,2,0,30.143,341.048,0.699,390,4.147,86.588,0.581,0.967
507,4,0,31.0,341.048,0.699,383,4.182,89.012,0.573,0.971
508,5,0,30.857,341.048,0.696,386,4.159,88.831,0.575,0.971
509,7,0,30.952,341.048,0.699,389,4.128,90.205,0.576,0.972
510,7,0,31.381,342.19,0.711,391,3.941,92.515,0.578,0.976
511,4,0,31.762,345.524,0.728,392,3.92,94.553,0.579,0.979
512,5,0,31.667,340.048,0.725,392,3.984,92.424,0.575,0.977
513,7,0,32.0,340.048,0.73,393,3.878,93.69,0.574,0.979
514,8,0,32.381,340.048,0.733,392,3.984,92.876,0.567,0.979
515,4,0,33.143,340.048,0.736,389,3.977,94.842,0.562,0.982
516,4,0,33.81,340.048,0.734,390,3.832,96.546,0.563,0.986
517,3,0,34.095,339.857,0.737,389,3.761,97.84,0.565,0.987
518,6,0,34.476,337.429,0.745,390,3.684,98.779,0.568,0.989
519,5,0,34.857,337.429,0.745,387,3.831,97.654,0.56,0.989
520,4,0,35.333,337.429,0.745,387,3.709,98.261,0.561,0.991
521,5,0,36.0,337.429,0.747,384,3.698,99.589,0.559,0.992
522,6,1,36.667,337.429,0.746,383,3.726,100.595,0.553,0.993
523,3,0,37.238,337.429,0.749,381,3.665,101.332,0.553,0.994
524,9,0,36.857,337.714,0.752,387,3.578,101.887,0.559,0.994
525,5,0,37.048,337.714,0.756,390,3.446,102.964,0.564,0.995
526,4,1,37.143,338.619,0.759,389,3.504,102.41,0.562,0.995
527,4,0,37.667,340.095,0.763,388,3.581,102.141,0.555,0.995
528,5,0,38.048,340.048,0.763,389,3.541,103.803,0.558,0.996
529,9,0,38.667,340.048,0.761,392,3.465,106.284,0.561,0.997
530,6,0,38.619,340.048,0.761,393,3.497,106.573,0.558,0.997
531,5,0,38.524,342.476,0.773,392,3.555,103.594,0.559,0.996
532,4,1,38.619,342.476,0.775,393,3.497,103.948,0.561,0.997
533,6,0,38.619,344.0,0.774,391,3.446,105.028,0.563,0.997
534,5,0,38.524,344.0,0.78,390,3.443,105.176,0.563,0.997
535,3,0,39.333,345.333,0.782,387,3.442,107.919,0.558,0.997
536,7,0,39.333,345.524,0.784,388,3.464,106.439,0.556,0.997
537,5,0,39.429,345.238,0.787,390,3.445,106.997,0.561,0.997
538,3,0,39.143,345.238,0.779,389,3.505,106.037,0.556,0.997
539,6,0,39.048,345.238,0.779,391,3.536,104.853,0.557,0.997
540,2,0,38.857,345.238,0.776,386,3.663,103.173,0.548,0.996
541,7,0,38.762,345.238,0.761,389,3.589,103.112,0.559,0.997
542,5,0,38.571,345.238,0.774,389,3.601,102.597,0.558,0.996
543,5,0,38.619,343.81,0.777,391,3.54,104.265,0.563,0.997
544,13,0,38.81,344.143,0.789,400,3.286,107.084,0.584,0.998
545,12,1,38.81,344.143,0.787,406,3.099,111.009,0.596,0.998
546,7,1,38.952,343.952,0.788,404,3.105,111.467,0.595,0.998
547,6,0,38.905,343.952,0.79,404,3.136,111.321,0.591,0.998
548,5,0,39.667,343.952,0.793,402,3.145,112.467,0.588,0.998
549,3,1,40.429,343.952,0.794,400,3.106,113.568,0.586,0.999
550,3,0,40.714,343.952,0.793,399,3.061,113.709,0.585,0.999
551,1,0,41.238,343.952,0.796,393,3.15,112.664,0.579,0.999
552,2,0,41.238,343.952,0.796,395,3.144,112.875,0.579,0.999
553,3,0,41.524,343.952,0.798,391,3.084,113.273,0.577,0.999
554,6,0,41.333,343.952,0.801,393,3.074,112.731,0.584,0.999
555,5,0,41.0,343.952,0.797,389,3.132,112.283,0.58,0.999
556,13,0,41.524,343.952,0.799,396,3.053,115.729,0.584,0.999
557,7,0,41.333,344.143,0.796,401,2.981,117.032,0.589,0.999
558,3,0,41.476,344.143,0.796,399,3.039,117.097,0.583,0.999
559,2,0,41.0,344.143,0.791,395,3.11,114.127,0.575,0.999
560,6,0,41.286,344.143,0.79,397,2.997,115.533,0.579,0.999
561,7,0,40.714,344.476,0.78,399,3.069,113.584,0.581,0.999
562,4,0,41.048,347.429,0.782,396,3.111,113.589,0.577,0.999
563,3,0,41.143,347.429,0.781,396,3.053,114.652,0.578,0.999
564,6,0,41.048,347.429,0.783,394,3.027,113.98,0.574,0.999
565,3,0,40.667,347.429,0.77,392,3.178,113.182,0.566,0.998
566,4,0,41.095,346.524,0.782,390,3.142,113.888,0.564,0.999
567,2,0,41.81,345.81,0.783,386,3.173,114.216,0.558,0.999
568,4,0,41.619,345.81,0.78,390,3.064,115.651,0.567,0.999
569,4,0,41.81,342.857,0.777,389,3.039,115.269,0.565,0.999
570,3,0,41.81,342.857,0.779,389,3.094,114.71,0.56,0.999
571,4,0,41.619,341.381,0.779,389,3.127,114.269,0.559,0.999
572,8,0,42.048,342.19,0.778,394,2.936,118.486,0.572,0.999
573,8,1,42.238,342.19,0.778,397,2.912,118.339,0.573,0.999
574,2,0,42.524,342.19,0.781,392,3.018,117.852,0.562,0.999
575,11,0,42.238,342.19,0.781,400,2.971,116.498,0.568,0.999
576,3,1,41.952,342.19,0.779,400,3.01,114.464,0.566,0.999
577,7,0,41.952,342.19,0.775,399,2.949,115.21,0.568,0.999
578,4,0,42.0,342.19,0.781,399,2.936,114.77,0.568,0.999
579,6,0,41.619,341.143,0.786,402,2.886,115.941,0.575,0.999
580,10,0,41.333,340.381,0.781,407,2.818,116.216,0.58,0.999
581,5,0,41.714,340.381,0.782,407,2.785,119.93,0.582,0.999
582,4,1,41.762,340.381,0.779,401,2.942,116.977,0.571,0.999
583,5,0,42.476,341.667,0.783,395,3.003,117.491,0.562,0.999
584,4,0,42.19,341.667,0.781,395,3.038,116.024,0.561,0.999
585,13,0,42.381,341.667,0.779,407,2.661,122.481,0.58,0.999
586,1,0,42.571,341.667,0.785,400,2.883,119.488,0.563,0.999
587,7,0,41.905,341.667,0.786,401,2.857,118.636,0.568,0.999
588,5,0,42.19,341.667,0.781,403,2.823,119.406,0.57,0.999
589,6,0,42.381,342.048,0.779,404,2.851,118.702,0.571,0.999
590,1,0,42.381,342.048,0.781,401,2.933,116.704,0.566,0.999
591,5,2,42.857,341.667,0.782,400,2.906,117.661,0.564,0.999
592,3,0,43.333,341.667,0.783,399,2.914,117.844,0.561,0.999
593,2,0,43.048,341.667,0.783,397,2.96,116.493,0.561,0.999
594,4,0,43.381,344.19,0.781,397,2.911,118.286,0.566,0.999
595,8,0,43.476,344.19,0.793,401,2.86,117.835,0.575,0.999
596,6,0,43.333,341.667,0.798,404,2.799,120.398,0.577,0.999
597,7,0,42.762,341.333,0.796,407,2.812,118.912,0.58,0.999
598,5,0,42.857,341.19,0.792,404,2.888,118.222,0.576,0.999
599,5,0,42.667,340.857,0.788,406,2.75,119.907,0.58,0.999
600,3,0,42.476,340.857,0.789,403,2.749,119.955,0.581,0.999
601,4,0,22.762,348.0,0.619,404,5.996,68.815,0.563,0.704
602,7,0,23.524,348.0,0.625,405,5.771,70.077,0.564,0.754
603,1,0,23.905,348.0,0.628,403,5.75,72.067,0.562,0.769
604,5,0,25.048,348.0,0.642,403,5.384,75.456,0.561,0.823
605,5,0,26.0,348.0,0.661,399,5.329,77.026,0.554,0.848
606,0,0,26.762,348.0,0.661,393,5.423,78.562,0.545,0.861
607,4,0,27.048,348.238,0.661,391,5.449,79.232,0.541,0.865
608,7,0,27.429,348.238,0.668,392,5.254,79.148,0.543,0.882
609,3,0,28.571,347.952,0.674,388,5.215,81.384,0.537,0.906
610,4,0,29.429,347.571,0.683,385,5.142,83.335,0.535,0.924
611,6,0,29.81,347.571,0.688,389,5.02,84.338,0.539,0.936
612,3,0,30.619,346.048,0.698,383,5.079,84.54,0.526,0.94
613,6,0,31.19,346.048,0.7,386,4.807,86.39,0.533,0.953
614,2,0,31.095,346.048,0.699,386,4.799,86.39,0.532,0.951
615,9,0,31.81,346.286,0.7,387,4.791,88.245,0.53,0.959
616,5,0,32.429,346.286,0.699,386,4.813,89.289,0.527,0.965
617,2,0,32.524,347.857,0.696,384,4.891,89.749,0.524,0.965
618,5,0,32.524,348.0,0.693,385,4.818,90.825,0.529,0.967
619,8,0,32.81,348.143,0.699,387,4.73,91.306,0.53,0.97
620,8,0,32.714,348.333,0.704,386,4.826,90.478,0.531,0.97
621,5,0,33.286,348.333,0.709,384,4.923,90.403,0.523,0.971
622,10,0,33.762,348.333,0.704,389,4.593,93.084,0.53,0.977
623,8,0,34.048,348.333,0.718,395,4.407,95.16,0.539,0.982
624,3,0,34.238,348.333,0.719,395,4.38,95.321,0.537,0.982
625,6,0,34.095,348.524,0.718,398,4.355,96.16,0.54,0.982
626,0,0,34.857,348.524,0.722,392,4.349,96.885,0.534,0.985
627,2,0,35.952,348.333,0.727,385,4.364,97.293,0.524,0.987
628,4,0,36.333,348.333,0.731,386,4.398,97.435,0.521,0.988
629,3,0,36.238,348.333,0.73,389,4.352,97.62,0.524,0.988
630,4,0,36.81,348.333,0.736,389,4.256,98.425,0.523,0.99
631,8,0,36.714,348.333,0.735,391,4.199,98.383,0.525,0.99
632,2,0,36.81,348.333,0.736,389,4.2,98.984,0.524,0.99
633,8,0,36.476,348.333,0.736,388,4.134,98.357,0.522,0.989
634,5,0,35.714,348.333,0.725,390,4.11,96.915,0.528,0.987
635,5,0,35.524,348.667,0.734,393,4.08,96.948,0.53,0.987
636,5,0,35.333,348.667,0.732,397,3.998,96.474,0.536,0.987
637,6,0,35.048,348.762,0.741,398,4.078,94.656,0.539,0.986
638,7,0,35.19,348.524,0.751,401,3.884,98.099,0.549,0.989
639,3,0,35.762,348.524,0.756,399,3.919,98.813,0.543,0.99
640,8,0,36.19,348.524,0.751,402,3.612,100.583,0.552,0.992
641,3,0,36.571,348.524,0.754,402,3.587,102.404,0.549,0.993
642,3,0,36.476,348.524,0.752,404,3.513,102.426,0.554,0.993
643,5,0,37.286,348.524,0.756,406,3.484,103.691,0.555,0.994
644,8,0,37.381,348.524,0.775,409,3.447,103.686,0.554,0.995
645,6,0,37.381,348.524,0.765,411,3.462,102.579,0.556,0.995
646,5,0,37.0,348.524,0.767,411,3.505,101.373,0.554,0.994
647,4,0,37.381,348.524,0.768,411,3.434,103.029,0.551,0.994
648,5,0,37.571,348.524,0.773,411,3.357,104.151,0.552,0.995
649,4,0,37.381,348.19,0.772,413,3.339,104.4,0.554,0.995
650,3,0,37.857,348.19,0.776,410,3.304,105.846,0.552,0.995
651,0,0,38.429,348.19,0.781,404,3.382,105.64,0.543,0.995
652,4,0,38.19,348.476,0.778,404,3.503,103.628,0.54,0.995
653,2,0,38.19,348.476,0.778,403,3.53,103.789,0.538,0.995
654,8,0,38.667,348.476,0.783,407,3.341,104.722,0.546,0.996
655,4,0,39.048,348.81,0.795,408,3.166,107.068,0.552,0.997
656,5,0,39.619,348.81,0.795,405,3.316,106.542,0.54,0.997
657,7,0,39.429,348.81,0.801,410,3.241,106.794,0.545,0.997
658,6,0,39.905,348.619,0.801,410,3.172,107.485,0.547,0.997
659,2,0,39.81,348.619,0.801,410,3.163,107.133,0.548,0.997
660,4,0,40.095,348.048,0.8,408,3.148,108.219,0.548,0.997
661,3,0,40.286,348.048,0.802,408,3.272,106.486,0.544,0.997
662,5,0,40.714,347.857,0.804,403,3.279,107.338,0.542,0.998
663,6,0,40.81,348.048,0.797,404,3.299,108.05,0.54,0.998
664,5,0,40.524,348.048,0.795,404,3.322,108.155,0.541,0.998
665,3,0,40.381,348.048,0.796,400,3.376,107.335,0.535,0.997
666,4,0,39.571,348.619,0.789,400,3.585,101.789,0.533,0.996
667,9,0,39.381,348.619,0.785,406,3.458,104.195,0.542,0.997
668,3,0,39.286,348.619,0.784,406,3.455,103.766,0.542,0.996
669,5,0,38.952,347.762,0.78,404,3.536,101.639,0.537,0.996
670,3,0,39.048,347.762,0.781,401,3.585,100.432,0.531,0.995
671,7,0,38.762,347.762,0.78,403,3.649,99.825,0.529,0.995
672,5,0,39.048,348.476,0.784,404,3.543,102.038,0.535,0.996
673,1,0,39.143,348.476,0.786,401,3.686,99.172,0.528,0.995
674,5,0,39.19,348.476,0.782,399,3.618,99.493,0.532,0.996
675,6,0,39.095,348.714,0.779,393,3.651,98.637,0.526,0.995
676,7,0,39.238,348.714,0.779,396,3.573,99.797,0.531,0.996
677,4,0,39.476,348.714,0.773,396,3.513,99.401,0.531,0.996
678,2,0,40.238,348.714,0.775,392,3.504,100.519,0.528,0.997
679,7,0,40.048,348.714,0.767,394,3.458,101.748,0.534,0.997
680,2,0,40.143,348.714,0.768,393,3.485,102.288,0.533,0.997
681,4,0,40.429,348.714,0.764,391,3.548,100.304,0.525,0.997
682,5,0,40.333,348.714,0.766,389,3.66,97.487,0.522,0.997
683,4,0,40.429,348.714,0.765,391,3.597,98.557,0.526,0.997
684,7,0,40.81,349.286,0.769,391,3.559,100.065,0.528,0.997
685,4,0,40.714,349.286,0.767,391,3.557,99.964,0.528,0.997
686,6,0,40.619,350.0,0.766,392,3.557,99.814,0.529,0.997
687,2,0,40.619,350.0,0.763,389,3.71,98.063,0.521,0.997
688,4,0,40.524,350.0,0.764,387,3.723,97.364,0.52,0.997
689,0,0,40.333,350.0,0.766,383,3.795,96.673,0.516,0.996
690,7,0,40.143,350.0,0.766,387,3.853,95.772,0.514,0.996
691,4,0,40.429,349.429,0.757,385,3.852,96.363,0.51,0.996
692,1,0,40.333,349.429,0.749,382,3.899,95.503,0.506,0.996
693,4,0,40.619,349.429,0.749,378,3.868,96.173,0.504,0.996
694,5,0,40.81,349.429,0.754,378,3.866,95.516,0.505,0.996
695,8,0,40.238,349.429,0.763,380,3.762,96.43,0.514,0.996
696,5,0,40.714,349.714,0.769,381,3.766,96.878,0.512,0.996
697,4,0,40.048,349.714,0.772,379,3.855,95.1,0.507,0.995
698,3,0,40.095,349.714,0.774,375,3.941,93.548,0.502,0.995
699,7,0,40.381,349.143,0.777,374,3.999,93.245,0.5,0.995
700,4,0,40.619,350.095,0.778,373,4.019,92.814,0.497,0.995
701,3,0,27.476,349.571,0.615,373,6.485,60.511,0.483,0.763
702,1,0,27.476,349.571,0.616,372,6.498,60.375,0.482,0.76
703,3,0,28.048,349.571,0.618,369,6.295,62.392,0.484,0.795
704,5,0,28.095,348.381,0.616,370,5.956,64.595,0.492,0.814
705,4,0,28.571,348.381,0.636,371,5.72,66.822,0.497,0.845
706,3,0,29.619,348.381,0.65,366,5.754,67.402,0.492,0.875
707,3,0,29.714,348.381,0.653,363,5.894,67.242,0.486,0.868
708,6,0,30.571,348.381,0.66,362,5.801,68.819,0.479,0.887
709,4,0,31.0,349.571,0.663,360,5.857,69.766,0.475,0.894
710,7,0,30.524,349.571,0.661,362,5.874,69.085,0.48,0.886
711,10,0,30.857,349.619,0.677,369,5.615,72.328,0.489,0.908
712,8,0,31.048,349.619,0.679,373,5.436,73.773,0.499,0.923
713,4,0,31.238,349.619,0.682,372,5.413,75.162,0.495,0.924
714,4,0,31.238,349.619,0.678,374,5.27,75.831,0.501,0.929
715,4,0,30.762,349.619,0.676,375,5.356,74.678,0.503,0.921
716,7,0,31.905,349.714,0.677,373,5.141,76.28,0.504,0.943
717,4,0,32.571,349.714,0.677,374,4.935,78.741,0.509,0.957
718,8,0,32.762,349.714,0.672,377,4.608,81.917,0.522,0.966
719,2,0,32.952,349.714,0.676,375,4.663,81.752,0.517,0.965
720,7,0,33.619,349.714,0.675,377,4.52,83.995,0.519,0.972
721,3,0,34.238,349.714,0.68,374,4.498,85.021,0.514,0.975
722,6,0,34.143,349.714,0.679,376,4.493,85.738,0.516,0.975
723,6,0,34.333,349.714,0.683,377,4.512,85.785,0.514,0.976
724,4,0,34.524,349.714,0.687,377,4.387,88.751,0.522,0.98
725,4,0,34.81,349.714,0.711,378,4.309,90.405,0.527,0.983
726,5,0,34.571,349.0,0.713,379,4.417,88.86,0.523,0.98
727,8,0,34.952,349.0,0.704,380,4.216,92.088,0.532,0.984
728,7,0,34.619,348.857,0.702,382,4.187,91.461,0.535,0.984
729,6,0,35.0,349.524,0.705,377,4.154,92.956,0.532,0.985
730,8,0,35.095,349.524,0.715,379,4.032,93.216,0.536,0.986
731,5,0,35.762,349.524,0.721,374,4.117,93.09,0.527,0.987
732,8,0,35.857,349.524,0.733,382,3.832,96.194,0.541,0.99
733,7,0,36.0,348.81,0.738,384,3.832,95.216,0.544,0.991
734,10,0,36.333,347.143,0.738,389,3.749,97.323,0.545,0.992
735,9,0,36.524,347.143,0.73,392,3.749,97.999,0.546,0.992
736,5,0,36.81,347.571,0.729,392,3.806,97.539,0.543,0.993
737,5,0,36.619,347.571,0.74,393,3.685,98.952,0.552,0.993
738,5,0,36.048,347.571,0.736,397,3.652,98.703,0.557,0.992
739,6,0,36.619,347.571,0.74,395,3.713,98.839,0.552,0.993
740,7,0,36.571,347.571,0.74,396,3.64,99.971,0.556,0.993
741,6,0,36.286,347.571,0.738,399,3.566,100.626,0.561,0.993
742,8,0,36.476,347.571,0.735,402,3.476,100.23,0.565,0.994
743,11,0,36.476,348.524,0.737,407,3.38,100.661,0.569,0.994
744,1,0,36.333,348.524,0.736,404,3.397,100.598,0.567,0.994
745,6,0,36.667,348.524,0.734,406,3.353,100.217,0.571,0.995
746,8,0,37.714,348.524,0.741,406,3.256,103.232,0.572,0.996
747,2,0,38.19,348.524,0.76,400,3.322,103.657,0.566,0.996
748,5,0,38.476,348.524,0.763,400,3.401,103.269,0.561,0.997
749,8,0,37.762,349.286,0.776,401,3.337,105.323,0.564,0.996
750,4,0,37.667,350.143,0.776,399,3.445,103.815,0.56,0.995
751,8,0,37.857,350.143,0.774,404,3.326,106.445,0.568,0.996
752,5,0,37.905,350.143,0.778,407,3.324,105.811,0.573,0.996
753,2,0,38.048,349.381,0.784,402,3.481,104.281,0.563,0.996
754,7,0,38.524,349.714,0.782,406,3.264,107.609,0.573,0.997
755,7,0,39.0,348.333,0.775,403,3.369,106.725,0.568,0.997
756,6,0,39.19,348.333,0.774,403,3.513,104.113,0.562,0.997
757,8,0,39.857,350.048,0.776,405,3.331,106.059,0.569,0.998
758,4,0,40.048,347.571,0.784,404,3.364,105.868,0.566,0.998
759,3,0,39.381,346.952,0.783,404,3.431,103.594,0.562,0.997
760,5,1,39.381,346.952,0.782,407,3.401,105.422,0.564,0.997
761,6,0,39.952,346.952,0.779,407,3.386,105.396,0.567,0.998
762,3,0,40.048,346.952,0.779,404,3.615,103.738,0.56,0.998
763,7,0,40.286,347.762,0.782,403,3.601,103.461,0.559,0.998
764,5,0,41.048,347.762,0.78,404,3.559,105.331,0.556,0.998
765,6,0,40.952,347.857,0.784,404,3.558,104.672,0.556,0.998
766,8,0,40.952,347.857,0.784,407,3.391,106.624,0.563,0.998
767,3,0,40.667,347.857,0.793,407,3.408,106.601,0.565,0.998
768,4,0,40.381,348.048,0.792,406,3.352,106.558,0.565,0.998
769,4,0,41.143,348.048,0.804,405,3.293,108.535,0.566,0.999
770,2,1,41.143,348.048,0.808,402,3.419,107.583,0.563,0.999
771,5,0,41.238,348.048,0.81,400,3.434,105.589,0.559,0.998
772,6,0,41.667,348.048,0.81,402,3.375,106.438,0.558,0.999
773,5,0,42.143,348.048,0.812,402,3.256,109.351,0.558,0.999
774,6,0,41.857,348.048,0.812,402,3.304,107.09,0.557,0.999
775,4,0,40.905,347.857,0.811,398,3.576,102.932,0.547,0.998
776,5,0,40.429,347.857,0.808,400,3.546,102.365,0.55,0.998
777,4,0,40.619,347.857,0.812,399,3.365,104.276,0.552,0.998
778,4,0,40.238,347.857,0.812,399,3.376,104.284,0.554,0.998
779,7,0,39.952,347.857,0.813,399,3.491,102.227,0.548,0.997
780,4,0,39.952,347.381,0.812,398,3.479,102.457,0.549,0.997
781,6,0,39.952,347.381,0.809,399,3.442,103.33,0.549,0.997
782,2,0,39.762,347.381,0.806,401,3.396,103.331,0.553,0.997
783,5,0,39.714,347.381,0.804,405,3.316,104.129,0.559,0.998
784,4,0,40.238,348.81,0.803,403,3.448,103.0,0.554,0.998
785,3,0,40.333,348.81,0.804,401,3.464,102.599,0.555,0.998
786,7,0,40.619,348.81,0.808,403,3.423,103.423,0.558,0.998
787,6,1,40.476,348.81,0.808,403,3.466,102.878,0.56,0.998
788,4,0,40.952,348.619,0.812,403,3.337,105.303,0.557,0.998
789,6,0,41.952,348.619,0.821,406,3.103,109.435,0.563,0.999
790,5,0,42.286,348.143,0.823,404,3.133,110.78,0.562,0.999
791,4,0,42.286,348.143,0.825,402,3.243,109.377,0.56,0.999
792,6,1,42.286,347.714,0.826,399,3.278,109.387,0.556,0.999
793,2,0,42.381,347.714,0.826,396,3.289,109.962,0.555,0.999
794,7,0,43.143,347.81,0.824,396,3.14,112.429,0.556,0.999
795,7,1,43.429,347.81,0.826,400,3.04,113.508,0.563,0.999
796,4,0,43.333,349.143,0.825,402,2.961,114.153,0.571,0.999
797,1,0,43.429,349.143,0.819,396,3.115,112.021,0.558,0.999
798,9,0,43.238,349.143,0.822,399,3.171,111.705,0.563,0.999
799,3,0,42.667,349.143,0.817,396,3.262,107.944,0.559,0.999
800,6,0,42.667,349.143,0.812,400,3.244,108.006,0.56,0.999
801,6,0,28.857,347.429,0.664,398,4.874,74.006,0.546,0.922
802,1,0,29.048,347.429,0.671,397,4.877,73.703,0.543,0.924
803,8,0,29.714,348.143,0.666,399,4.665,75.327,0.55,0.943
804,4,0,30.667,348.143,0.679,396,4.539,77.134,0.551,0.957
805,3,0,31.333,348.143,0.69,394,4.375,79.957,0.553,0.966
806,6,0,31.143,348.143,0.693,395,4.281,80.905,0.555,0.965
807,4,0,31.524,348.143,0.696,389,4.366,81.346,0.552,0.967
808,6,0,31.81,348.143,0.712,389,4.386,81.359,0.552,0.97
809,2,0,32.571,348.143,0.709,385,4.416,81.685,0.544,0.973
810,5,0,32.952,348.143,0.707,387,4.255,83.388,0.552,0.979
811,4,0,33.333,348.143,0.717,387,4.112,85.759,0.554,0.982
812,8,0,33.571,348.143,0.729,390,4.029,86.53,0.557,0.983
813,1,0,34.238,348.143,0.731,385,4.056,87.591,0.552,0.986
814,6,0,34.476,348.143,0.731,388,3.945,89.807,0.56,0.988
815,9,0,34.667,348.143,0.736,394,3.76,91.724,0.573,0.991
816,0,0,35.238,348.143,0.742,387,3.872,92.453,0.561,0.991
817,5,0,35.619,348.0,0.744,388,3.913,92.227,0.556,0.991
818,4,0,35.81,348.0,0.753,387,4.004,91.159,0.548,0.99
819,5,0,35.524,348.0,0.754,387,4.041,90.796,0.547,0.99
820,7,0,35.714,348.0,0.751,390,3.979,92.321,0.549,0.99
821,7,0,35.048,348.0,0.751,396,3.932,91.84,0.555,0.989
822,4,0,34.857,348.0,0.75,389,4.079,90.054,0.545,0.987
823,6,0,35.048,348.0,0.753,391,4.043,90.022,0.546,0.988
824,6,0,35.524,348.19,0.755,389,4.012,91.663,0.541,0.989
825,6,0,35.81,348.19,0.768,387,3.826,94.004,0.54,0.989
826,2,0,35.905,348.19,0.767,381,3.901,93.373,0.534,0.989
827,6,0,35.905,348.19,0.766,384,3.819,94.574,0.54,0.99
828,4,0,36.095,348.19,0.765,386,3.732,96.261,0.541,0.99
829,5,0,35.714,348.19,0.77,388,3.793,95.48,0.544,0.99
830,3,0,35.81,348.19,0.775,383,3.892,94.713,0.534,0.988
831,8,0,35.905,344.619,0.783,383,3.843,94.777,0.539,0.989
832,4,0,35.429,344.619,0.778,383,3.947,93.684,0.533,0.987
833,4,0,35.905,344.619,0.782,382,3.991,94.086,0.526,0.987
834,5,0,35.905,344.619,0.78,384,3.887,95.393,0.53,0.988
835,7,0,36.381,344.667,0.782,387,3.764,97.062,0.535,0.99
836,3,0,36.381,344.667,0.786,388,3.695,97.892,0.538,0.991
837,2,0,36.286,344.667,0.788,385,3.703,98.473,0.538,0.99
838,2,0,36.762,344.667,0.79,382,3.71,99.147,0.534,0.991
839,10,0,36.952,344.667,0.787,390,3.521,101.987,0.547,0.993
840,6,0,37.238,344.667,0.767,390,3.574,102.33,0.543,0.993
841,5,0,36.952,344.667,0.765,393,3.532,102.238,0.551,0.994
842,7,0,37.619,342.905,0.767,396,3.375,106.733,0.555,0.995
843,5,0,37.048,342.19,0.769,397,3.434,103.96,0.556,0.994
844,1,0,37.0,342.19,0.768,393,3.511,102.236,0.552,0.994
845,4,0,37.476,343.333,0.762,396,3.379,105.632,0.559,0.995
846,3,0,37.571,343.333,0.763,394,3.428,105.51,0.555,0.995
847,5,0,37.667,343.333,0.76,396,3.401,106.224,0.557,0.995
848,5,0,37.714,344.857,0.764,397,3.284,107.763,0.561,0.996
849,6,0,37.857,345.143,0.772,399,3.198,107.899,0.561,0.996
850,5,0,38.429,345.143,0.772,400,3.126,109.234,0.562,0.996
851,5,0,38.762,345.143,0.775,405,2.981,111.119,0.568,0.997
852,6,0,39.143,346.238,0.774,406,2.921,112.736,0.569,0.997
853,4,0,38.857,346.238,0.775,407,2.839,113.312,0.575,0.997
854,7,0,39.333,344.429,0.779,406,2.789,114.537,0.576,0.998
855,4,2,39.333,344.286,0.78,404,2.819,112.862,0.574,0.998
856,6,1,39.429,344.286,0.788,402,2.793,114.305,0.574,0.998
857,6,0,39.429,344.286,0.795,405,2.699,115.355,0.579,0.998
858,6,0,39.524,344.667,0.795,407,2.711,114.898,0.579,0.998
859,6,0,39.714,344.667,0.798,409,2.58,116.427,0.587,0.998
860,3,0,39.619,344.667,0.792,402,2.686,114.159,0.578,0.998
861,5,0,39.524,344.667,0.794,404,2.654,114.233,0.583,0.998
862,3,0,39.619,344.19,0.803,401,2.712,114.483,0.579,0.998
863,9,1,39.286,344.19,0.801,406,2.694,114.146,0.586,0.998
864,7,0,38.905,343.952,0.796,408,2.709,114.176,0.587,0.998
865,4,1,39.667,343.952,0.805,403,2.691,115.933,0.58,0.998
866,8,0,40.048,344.333,0.802,403,2.714,115.042,0.577,0.998
867,8,0,40.619,344.333,0.806,397,2.789,113.791,0.572,0.998
868,2,0,40.81,344.333,0.808,394,2.808,113.327,0.568,0.998
869,4,0,40.714,344.524,0.81,393,2.872,112.162,0.565,0.998
870,4,0,40.857,344.762,0.812,393,2.863,113.041,0.564,0.998
871,5,0,41.333,344.762,0.821,392,2.83,113.189,0.564,0.999
872,5,0,41.333,344.762,0.82,391,2.843,113.502,0.563,0.999
873,4,0,41.429,344.762,0.822,390,2.903,112.639,0.559,0.999
874,2,0,41.905,344.524,0.824,388,2.854,115.027,0.56,0.999
875,3,0,41.952,344.524,0.823,387,2.857,115.378,0.559,0.999
876,2,0,41.857,344.524,0.822,387,2.855,114.931,0.559,0.999
877,3,0,41.952,344.524,0.822,383,2.86,115.08,0.557,0.999
878,4,0,41.762,344.857,0.81,378,2.986,113.648,0.548,0.998
879,7,0,41.524,344.857,0.82,379,2.947,113.726,0.55,0.998
880,6,0,41.333,344.857,0.819,381,2.912,113.238,0.55,0.998
881,9,0,40.381,344.857,0.814,388,2.89,112.501,0.559,0.998
882,6,0,40.571,344.857,0.815,390,2.793,114.059,0.564,0.998
883,13,0,40.333,344.857,0.82,396,2.835,111.124,0.566,0.998
884,1,0,40.524,344.857,0.824,389,2.905,110.135,0.557,0.998
885,5,0,41.0,344.857,0.825,387,2.903,111.816,0.555,0.998
886,2,0,41.0,344.857,0.824,387,2.873,112.038,0.557,0.998
887,7,1,41.0,344.857,0.815,386,2.958,111.898,0.555,0.998
888,4,1,41.333,344.857,0.818,379,3.054,110.198,0.546,0.998
889,1,0,41.333,344.857,0.82,370,3.307,105.774,0.528,0.998
890,4,0,40.762,344.857,0.818,369,3.374,104.073,0.529,0.997
891,2,0,40.952,344.857,0.825,368,3.345,104.017,0.53,0.997
892,1,0,41.048,344.857,0.825,367,3.351,103.979,0.529,0.997
893,4,0,40.714,344.857,0.822,365,3.56,100.97,0.519,0.997
894,6,0,41.095,344.857,0.818,364,3.59,101.16,0.516,0.997
895,3,0,40.905,344.857,0.816,364,3.496,103.088,0.522,0.997
896,9,0,40.81,345.048,0.818,369,3.322,105.239,0.534,0.997
897,2,0,40.286,345.048,0.805,367,3.486,100.724,0.529,0.997
898,7,0,40.0,345.048,0.804,373,3.324,102.252,0.539,0.997
899,9,0,40.048,345.381,0.8,372,3.32,100.488,0.547,0.997
900,5,0,39.762,345.381,0.797,373,3.376,99.219,0.545,0.997
901,8,0,26.143,345.333,0.64,378,5.946,68.2,0.548,0.845
902,5,0,26.619,345.333,0.651,379,5.8,68.878,0.553,0.871
903,7,0,26.905,344.667,0.662,379,5.829,68.514,0.549,0.875
904,2,0,26.619,344.667,0.662,379,6.173,66.834,0.548,0.865
905,3,0,27.095,344.762,0.662,375,5.873,67.678,0.545,0.876
906,7,0,27.857,344.762,0.669,374,5.812,69.42,0.543,0.896
907,12,0,28.333,345.143,0.663,384,5.553,70.159,0.552,0.919
908,5,0,28.905,345.143,0.677,384,5.385,72.391,0.555,0.934
909,5,0,28.81,345.381,0.679,385,5.356,72.361,0.556,0.933
910,6,0,29.286,345.381,0.673,388,5.188,74.923,0.565,0.948
911,4,0,29.286,345.048,0.672,388,5.139,75.053,0.566,0.949
912,5,0,29.476,345.048,0.675,387,5.11,75.854,0.566,0.951
913,4,0,29.857,345.048,0.685,387,5.133,75.787,0.565,0.956
914,4,0,29.857,345.048,0.684,387,5.16,75.213,0.561,0.954
915,6,0,30.81,345.048,0.689,387,4.845,77.865,0.565,0.967
916,5,0,30.81,345.048,0.683,386,4.806,78.253,0.565,0.967
917,2,0,30.81,345.048,0.678,384,4.705,78.556,0.564,0.966
918,8,0,31.0,344.714,0.684,386,4.733,77.556,0.563,0.968
919,4,0,30.714,344.333,0.683,384,4.919,75.386,0.557,0.962
920,7,0,31.286,344.524,0.685,386,4.845,76.46,0.556,0.967
921,2,0,31.429,344.524,0.688,385,4.868,77.235,0.552,0.967
922,4,0,32.0,344.524,0.699,383,4.71,78.615,0.544,0.969
923,3,0,31.81,344.524,0.694,382,4.747,78.439,0.543,0.966
924,2,0,31.714,344.524,0.699,380,4.709,78.654,0.543,0.965
925,6,0,32.476,343.905,0.702,380,4.517,81.266,0.547,0.974
926,10,0,32.143,344.476,0.702,384,4.432,81.95,0.551,0.972
927,5,0,31.81,344.476,0.705,384,4.512,80.64,0.552,0.97
928,5,0,32.0,345.714,0.706,385,4.44,81.156,0.554,0.972
929,3,0,32.857,345.714,0.709,380,4.51,81.161,0.548,0.977
930,3,0,33.19,345.714,0.716,377,4.567,81.195,0.542,0.977
931,3,0,33.81,345.714,0.726,375,4.398,82.497,0.537,0.98
932,6,0,34.238,345.714,0.721,373,4.193,85.987,0.54,0.983
933,7,0,34.143,345.952,0.718,374,4.044,87.91,0.544,0.983
934,5,0,34.524,345.952,0.722,373,3.824,91.915,0.545,0.985
935,6,0,34.714,345.952,0.721,374,3.777,92.636,0.547,0.986
936,3,0,35.0,345.952,0.724,373,3.853,92.407,0.542,0.987
937,5,0,34.619,345.952,0.719,376,3.728,93.09,0.552,0.987
938,5,0,33.952,345.952,0.72,376,3.837,91.855,0.551,0.984
939,7,0,34.81,347.238,0.734,377,3.678,93.764,0.556,0.988
940,10,0,34.81,347.238,0.739,382,3.448,96.712,0.567,0.99
941,3,0,34.524,347.238,0.738,378,3.46,95.202,0.565,0.989
942,6,0,34.524,346.952,0.738,381,3.389,95.283,0.568,0.989
943,5,0,34.714,346.952,0.736,384,3.342,96.387,0.57,0.99
944,4,0,35.143,346.952,0.742,381,3.473,96.341,0.56,0.99
945,3,0,35.238,346.952,0.745,380,3.533,96.897,0.557,0.99
946,3,0,35.238,346.381,0.742,374,3.793,93.08,0.545,0.988
947,5,0,35.619,346.381,0.74,376,3.612,96.503,0.552,0.99
948,5,0,35.286,346.381,0.739,376,3.549,96.875,0.553,0.99
949,1,0,35.571,346.381,0.746,372,3.604,97.341,0.547,0.99
950,4,0,35.952,346.381,0.743,372,3.586,97.769,0.549,0.991
951,6,0,36.143,346.714,0.751,375,3.427,99.057,0.556,0.992
952,5,0,36.81,346.714,0.761,372,3.38,100.436,0.554,0.994
953,3,0,36.905,346.714,0.758,371,3.342,101.576,0.557,0.994
954,9,0,37.095,346.714,0.758,374,3.23,103.573,0.561,0.995
955,1,0,37.19,346.429,0.758,369,3.305,102.292,0.555,0.994
956,6,0,36.714,346.429,0.753,374,3.288,102.09,0.559,0.994
957,2,0,36.762,346.429,0.758,370,3.395,99.308,0.55,0.993
958,6,0,37.714,346.429,0.762,370,3.369,100.019,0.549,0.995
959,5,0,37.048,348.095,0.765,370,3.496,98.212,0.549,0.994
960,5,0,37.333,348.095,0.763,372,3.43,99.731,0.552,0.994
961,2,0,37.524,348.095,0.765,370,3.498,98.852,0.547,0.994
962,5,0,37.524,348.095,0.764,369,3.505,98.55,0.547,0.994
963,4,0,38.381,348.095,0.77,366,3.638,97.172,0.541,0.995
964,7,0,38.905,348.095,0.768,369,3.582,99.0,0.544,0.996
965,9,0,38.714,347.333,0.767,374,3.529,99.654,0.547,0.996
966,3,0,38.619,347.333,0.767,375,3.496,100.777,0.549,0.996
967,5,0,39.0,347.333,0.77,375,3.406,102.051,0.549,0.996
968,4,0,38.238,347.095,0.769,375,3.492,101.011,0.545,0.995
969,1,0,38.143,347.095,0.772,371,3.612,98.662,0.539,0.995
970,12,0,38.333,347.762,0.774,377,3.549,99.433,0.541,0.995
971,1,0,38.429,347.762,0.775,371,3.802,96.261,0.531,0.995
972,5,0,38.143,347.333,0.782,372,3.803,94.9,0.535,0.994
973,10,0,37.857,347.333,0.777,377,3.721,95.644,0.534,0.994
974,6,0,38.048,347.381,0.777,379,3.66,96.329,0.536,0.994
975,7,0,37.762,344.667,0.772,382,3.494,98.241,0.544,0.994
976,5,0,37.714,344.667,0.782,384,3.405,99.585,0.551,0.995
977,5,0,38.857,344.952,0.8,382,3.224,104.447,0.554,0.997
978,4,0,39.238,344.952,0.802,379,3.303,102.516,0.55,0.997
979,8,0,40.19,344.952,0.809,379,3.262,105.398,0.551,0.998
980,3,0,40.19,344.952,0.806,373,3.381,103.735,0.543,0.997
981,2,0,40.19,344.952,0.806,372,3.43,103.325,0.538,0.997
982,7,1,39.81,344.952,0.799,369,3.561,101.559,0.531,0.996
983,5,0,39.619,345.714,0.789,372,3.548,100.572,0.535,0.996
984,4,0,39.238,345.714,0.791,369,3.63,99.201,0.53,0.996
985,6,0,39.619,345.714,0.79,372,3.596,101.006,0.531,0.996
986,1,0,39.81,345.714,0.793,366,3.659,100.897,0.525,0.996
987,3,0,39.048,345.048,0.791,364,3.806,99.235,0.524,0.995
988,7,0,39.143,345.048,0.791,365,3.612,101.689,0.531,0.996
989,4,0,39.333,345.048,0.792,366,3.62,101.824,0.528,0.996
990,6,0,40.0,344.619,0.793,364,3.581,104.188,0.524,0.996
991,5,0,40.048,344.619,0.794,365,3.588,104.361,0.525,0.996
992,2,0,40.524,344.619,0.795,363,3.577,105.259,0.523,0.997
993,1,0,40.524,344.619,0.791,360,3.63,104.583,0.52,0.997
994,4,0,40.429,343.857,0.794,361,3.601,105.191,0.52,0.997
995,8,0,39.81,343.857,0.787,363,3.619,105.06,0.522,0.996
996,2,0,40.0,343.857,0.786,358,3.854,101.683,0.51,0.995
997,3,0,40.333,346.238,0.786,359,3.812,102.873,0.511,0.996
998,9,0,40.429,346.238,0.783,365,3.63,106.699,0.522,0.997
999,5,0,40.429,346.476,0.782,365,3.635,105.35,0.524,0.997
1000,0,0,40.143,345.0,0.784,359,3.814,102.243,0.515,0.996
