1,8,0,0.419,1.395,0.0,7,347.115,0.0,0.005,0.044
2,12,0,1.233,6.0,0.005,18,293.119,0.307,0.014,0.011
3,7,0,1.721,9.744,0.009,25,251.654,1.034,0.021,0.004
4,13,0,2.302,15.907,0.015,37,213.937,2.685,0.033,0.002
5,6,0,2.488,17.535,0.015,43,201.913,3.327,0.038,0.001
6,7,0,2.953,21.651,0.023,50,187.033,4.199,0.043,0.001
7,5,0,3.14,24.0,0.027,55,182.761,4.466,0.045,0.001
8,5,0,3.419,25.372,0.03,58,166.483,5.544,0.046,0.001
9,3,0,3.698,27.605,0.036,60,161.548,5.871,0.047,0.001
10,5,0,3.837,28.977,0.036,65,155.044,6.603,0.051,0.0
11,11,0,4.209,35.535,0.045,75,137.815,8.835,0.061,0.0
12,8,0,4.674,40.814,0.052,83,122.185,11.669,0.07,0.0
13,11,0,5.326,43.512,0.053,92,106.896,14.482,0.077,0.0
14,13,0,5.558,49.907,0.058,105,96.85,18.013,0.091,0.0
15,8,0,6.07,55.674,0.069,111,90.53,20.669,0.098,0.0
16,8,0,6.116,57.395,0.07,119,92.849,22.53,0.102,0.0
17,9,0,6.628,60.791,0.077,126,82.046,25.827,0.106,0.0
18,11,0,6.907,62.837,0.078,135,76.076,28.972,0.111,0.0
19,8,0,7.279,66.93,0.082,142,71.59,33.607,0.12,0.0
20,8,0,7.977,73.791,0.093,148,64.31,40.619,0.131,0.0
21,6,0,8.256,80.791,0.11,153,59.887,43.639,0.136,0.0
22,4,0,8.349,81.628,0.107,157,58.575,45.343,0.141,0.0
23,6,0,8.721,84.488,0.111,161,55.373,48.544,0.147,0.0
24,7,0,9.047,85.419,0.113,165,53.528,51.343,0.148,0.0
25,7,0,9.465,87.372,0.12,168,50.972,55.561,0.148,0.0
26,11,0,10.023,93.349,0.129,174,47.792,64.516,0.159,0.0
27,10,0,10.488,97.977,0.136,184,44.557,70.474,0.166,0.001
28,7,0,10.767,101.93,0.141,190,42.888,75.085,0.174,0.001
29,8,0,11.326,106.0,0.153,194,40.966,77.676,0.176,0.001
30,6,0,11.837,110.837,0.166,197,40.708,84.785,0.18,0.001
31,7,0,11.884,112.605,0.168,203,40.293,87.277,0.183,0.001
32,7,0,12.116,113.488,0.165,209,39.358,91.09,0.189,0.001
33,11,0,12.256,117.814,0.174,216,39.24,93.746,0.194,0.001
34,11,0,12.605,123.628,0.187,225,36.85,103.406,0.202,0.001
35,12,0,13.023,127.767,0.195,235,35.412,109.696,0.208,0.002
36,8,0,13.372,128.419,0.199,239,33.284,112.584,0.207,0.002
37,11,0,13.744,135.302,0.209,250,31.087,124.602,0.219,0.002
38,7,0,14.0,139.186,0.22,253,29.648,127.054,0.222,0.002
39,7,0,14.116,140.628,0.221,259,29.478,130.34,0.225,0.002
40,5,0,14.279,140.0,0.218,262,29.215,136.083,0.226,0.002
41,8,0,14.698,147.279,0.237,269,27.643,143.285,0.234,0.003
42,7,0,15.186,151.651,0.249,273,26.842,151.304,0.239,0.004
43,4,0,15.116,153.698,0.252,276,26.589,152.291,0.243,0.004
44,8,0,15.558,160.907,0.273,279,24.767,161.541,0.248,0.004
45,9,0,16.14,168.163,0.291,285,23.614,173.563,0.257,0.006
46,10,0,16.907,171.047,0.303,290,22.893,180.209,0.257,0.007
47,9,0,17.14,173.14,0.3,298,21.877,190.09,0.267,0.009
48,9,0,17.0,173.721,0.298,305,21.839,189.897,0.271,0.009
49,10,0,17.186,176.698,0.296,314,20.832,203.685,0.283,0.011
50,10,0,17.605,182.209,0.312,321,19.479,211.512,0.289,0.013
51,8,0,18.256,185.907,0.324,324,18.531,223.252,0.293,0.016
52,5,0,18.605,186.395,0.33,324,18.548,227.287,0.29,0.017
53,4,0,18.605,186.326,0.331,325,18.511,224.532,0.289,0.017
54,6,0,18.419,186.558,0.33,326,18.617,220.74,0.29,0.016
55,6,0,18.558,186.558,0.328,328,18.393,224.011,0.293,0.017
56,8,0,19.023,187.14,0.329,329,18.081,229.154,0.294,0.02
57,7,0,18.837,186.581,0.324,334,18.377,226.813,0.296,0.02
58,8,0,19.163,189.163,0.329,340,17.712,231.391,0.302,0.024
59,10,0,19.814,191.651,0.335,347,17.146,244.825,0.308,0.031
60,12,0,20.465,203.674,0.374,356,16.075,263.174,0.317,0.041
61,11,0,21.349,208.651,0.388,360,15.105,285.433,0.324,0.057
62,11,0,21.907,211.233,0.392,367,14.622,296.241,0.332,0.073
63,10,0,22.279,214.488,0.405,371,14.401,301.994,0.333,0.082
64,9,0,22.279,217.163,0.409,378,14.225,305.735,0.338,0.088
65,13,0,22.558,220.233,0.412,387,13.682,316.883,0.349,0.108
66,4,0,22.558,220.233,0.41,390,13.575,316.348,0.351,0.111
67,10,0,23.302,223.07,0.418,395,12.918,328.478,0.357,0.143
68,7,0,23.349,223.302,0.423,396,12.931,327.275,0.354,0.14
69,7,0,23.349,226.651,0.436,399,12.908,327.62,0.357,0.146
70,6,0,23.86,229.395,0.447,400,12.648,341.026,0.36,0.172
71,7,0,23.953,229.86,0.452,402,12.662,346.803,0.359,0.174
72,8,0,23.581,228.023,0.45,404,12.898,342.142,0.355,0.152
73,8,0,23.791,228.023,0.451,405,12.829,340.926,0.354,0.157
74,8,0,23.814,228.023,0.448,408,12.616,343.714,0.357,0.164
75,3,0,23.814,231.419,0.46,407,12.728,341.951,0.357,0.163
76,9,0,24.326,234.651,0.468,414,12.274,354.629,0.365,0.202
77,6,0,24.558,236.674,0.474,416,11.771,361.786,0.367,0.217
78,6,0,24.767,239.047,0.48,417,11.513,368.91,0.371,0.238
79,7,0,24.884,243.465,0.501,417,11.586,376.309,0.373,0.25
80,10,0,25.488,247.698,0.518,423,11.0,395.136,0.379,0.303
81,10,0,25.721,251.605,0.529,430,10.871,398.49,0.386,0.338
82,7,0,26.0,251.605,0.531,427,10.619,401.336,0.383,0.347
83,11,0,26.14,256.535,0.554,433,10.575,416.183,0.389,0.376
84,5,0,26.628,256.674,0.558,431,10.742,419.449,0.384,0.397
85,8,0,26.581,262.209,0.577,435,10.49,421.676,0.388,0.404
86,6,0,27.093,262.209,0.575,436,10.492,439.372,0.393,0.462
87,8,0,27.326,267.605,0.59,439,10.291,444.369,0.398,0.499
88,13,0,27.233,270.744,0.607,445,10.241,449.451,0.399,0.495
89,5,0,27.163,270.744,0.61,444,10.424,436.355,0.395,0.477
90,8,0,27.116,270.907,0.61,447,10.316,437.664,0.399,0.487
91,11,0,27.837,274.256,0.621,451,9.93,447.392,0.401,0.545
92,5,0,28.14,276.791,0.633,446,9.957,447.343,0.396,0.552
93,6,0,27.953,277.349,0.637,447,10.013,442.791,0.393,0.528
94,6,0,28.233,282.349,0.662,446,10.267,446.025,0.396,0.561
95,7,0,28.419,285.419,0.67,448,10.153,450.318,0.399,0.586
96,13,0,28.93,291.419,0.68,457,9.656,470.859,0.413,0.667
97,4,0,28.837,293.023,0.688,455,9.764,464.368,0.411,0.654
98,7,0,28.465,290.372,0.68,457,9.719,459.699,0.41,0.625
99,11,0,28.419,290.953,0.679,462,9.64,468.546,0.415,0.637
100,6,0,28.395,294.767,0.687,457,9.683,469.122,0.415,0.634
101,11,0,28.395,296.767,0.684,466,9.303,481.482,0.424,0.663
102,12,0,28.767,302.163,0.697,477,8.79,520.044,0.441,0.738
103,7,0,29.093,303.512,0.702,474,8.761,525.442,0.438,0.747
104,5,0,29.465,304.535,0.703,474,8.695,531.696,0.437,0.767
105,10,0,29.628,309.047,0.709,481,8.653,537.149,0.442,0.787
106,8,0,28.558,318.837,0.677,484,11.908,504.386,0.44,0.742
107,4,0,28.953,321.14,0.691,482,11.816,512.503,0.44,0.764
108,13,0,27.047,320.116,0.661,488,18.739,497.397,0.443,0.702
109,5,0,27.186,320.279,0.662,487,18.826,491.089,0.438,0.695
110,9,0,27.884,321.674,0.679,490,18.604,509.729,0.445,0.756
111,10,0,25.698,318.907,0.686,496,25.759,472.433,0.45,0.682
112,6,0,25.837,318.279,0.686,491,20.875,472.576,0.445,0.641
113,6,0,26.07,318.93,0.693,492,16.46,481.097,0.447,0.63
114,5,0,26.209,318.93,0.695,494,16.425,486.567,0.45,0.65
115,9,0,26.349,318.977,0.697,500,14.666,493.009,0.455,0.663
116,7,0,26.791,323.744,0.7,499,14.75,498.027,0.455,0.692
117,6,1,26.605,323.674,0.697,499,21.349,490.999,0.457,0.733
118,10,1,26.93,323.907,0.696,504,21.207,501.219,0.459,0.755
119,10,0,27.116,324.256,0.697,508,15.92,512.459,0.462,0.743
120,5,0,27.395,325.674,0.701,507,15.919,516.433,0.461,0.757
121,8,1,27.047,325.372,0.703,512,21.52,509.605,0.463,0.775
122,7,0,27.279,325.605,0.704,509,21.478,506.341,0.46,0.781
123,5,0,27.651,325.419,0.711,506,21.569,513.581,0.458,0.795
124,13,1,27.837,325.605,0.712,513,21.387,522.106,0.461,0.811
125,8,0,28.326,326.256,0.713,515,21.1,532.533,0.468,0.845
126,9,0,28.488,325.837,0.714,519,21.073,532.601,0.469,0.853
127,4,0,28.512,321.442,0.715,514,21.066,526.212,0.462,0.84
128,5,0,28.791,321.186,0.713,513,20.998,526.006,0.461,0.849
129,13,2,28.977,321.186,0.721,517,20.869,533.962,0.466,0.866
130,5,2,29.279,321.186,0.722,512,20.9,535.076,0.462,0.871
131,8,0,29.651,322.023,0.718,514,20.775,548.682,0.466,0.888
132,7,0,29.977,322.163,0.72,516,20.685,555.447,0.469,0.902
133,7,2,29.93,322.209,0.72,517,20.7,555.066,0.469,0.9
134,8,0,29.605,322.209,0.719,524,20.673,551.281,0.471,0.894
135,7,1,30.023,322.209,0.721,525,20.651,554.545,0.47,0.904
136,8,0,30.163,322.209,0.72,528,20.347,566.849,0.473,0.911
137,8,0,30.07,322.395,0.716,531,19.859,566.006,0.477,0.912
138,9,1,29.977,322.395,0.71,533,19.828,566.204,0.479,0.912
139,11,1,21.744,344.512,0.664,536,26.316,409.993,0.482,0.505
140,4,0,22.209,344.512,0.674,535,26.228,413.369,0.477,0.524
141,5,0,22.674,344.047,0.672,536,25.89,424.326,0.481,0.569
142,9,0,23.14,344.047,0.673,538,20.895,437.821,0.483,0.572
143,7,1,23.884,344.047,0.68,540,16.635,454.425,0.48,0.586
144,7,1,24.698,333.814,0.694,541,25.107,461.163,0.479,0.704
145,6,1,25.07,335.535,0.7,540,25.054,468.088,0.478,0.722
146,5,0,25.209,335.535,0.702,541,24.931,476.052,0.48,0.736
147,11,0,25.86,335.535,0.704,548,24.769,487.018,0.49,0.799
148,5,1,26.465,335.791,0.704,544,19.246,504.76,0.489,0.797
149,10,0,23.814,343.953,0.695,551,21.481,438.35,0.495,0.669
150,6,1,24.093,344.07,0.695,552,21.376,447.724,0.497,0.693
151,6,0,24.465,344.07,0.696,553,21.255,458.11,0.499,0.723
152,11,1,24.93,344.07,0.701,562,20.874,477.026,0.511,0.78
153,8,2,25.86,344.07,0.715,560,20.68,493.15,0.508,0.818
154,11,4,26.326,344.07,0.717,561,20.689,503.162,0.506,0.835
155,13,2,26.651,344.07,0.72,565,24.665,509.358,0.504,0.862
156,9,0,26.977,344.372,0.726,570,24.436,524.383,0.509,0.881
157,10,2,27.349,344.372,0.729,575,24.232,538.07,0.515,0.899
158,7,0,27.07,344.651,0.727,577,24.192,541.298,0.518,0.896
159,10,1,27.326,344.651,0.727,580,23.686,545.01,0.52,0.904
160,8,2,27.791,344.814,0.728,582,23.597,558.908,0.525,0.921
161,7,0,28.163,344.814,0.73,579,23.523,562.687,0.522,0.926
162,7,0,28.674,345.302,0.728,579,23.424,569.937,0.523,0.937
163,7,3,28.721,345.302,0.726,577,23.38,567.907,0.523,0.938
164,7,1,28.721,345.302,0.727,577,23.438,567.613,0.523,0.938
165,11,3,28.884,344.767,0.726,577,23.41,566.94,0.523,0.94
166,9,3,28.419,344.767,0.723,573,23.585,545.092,0.517,0.926
167,6,0,28.744,346.93,0.728,576,23.499,549.947,0.519,0.935
168,11,1,28.791,347.116,0.729,579,23.415,550.817,0.522,0.938
169,7,0,28.651,347.116,0.731,583,23.842,544.126,0.524,0.938
170,7,0,29.535,347.116,0.734,580,23.776,553.448,0.519,0.949
171,9,1,30.093,347.116,0.737,577,23.838,555.917,0.513,0.953
172,7,1,30.465,347.116,0.74,574,23.885,546.335,0.505,0.953
173,10,3,30.0,347.116,0.737,573,23.915,537.913,0.504,0.945
174,10,2,29.86,347.116,0.734,577,23.873,535.574,0.508,0.945
175,12,1,30.07,345.837,0.731,580,23.809,545.287,0.508,0.949
176,4,1,30.349,345.837,0.734,573,23.911,545.777,0.501,0.948
177,10,0,30.488,345.837,0.733,579,23.753,558.263,0.51,0.956
178,11,1,30.721,345.837,0.741,581,23.709,564.635,0.51,0.959
179,1,0,30.721,346.047,0.744,574,23.781,559.046,0.505,0.956
180,8,2,30.977,346.047,0.745,575,23.728,559.95,0.506,0.96
181,7,0,31.163,346.047,0.748,579,23.679,568.084,0.508,0.963
182,9,0,31.581,346.721,0.75,584,23.417,583.911,0.517,0.971
183,10,2,32.093,346.744,0.747,586,23.368,594.771,0.517,0.975
184,7,0,32.605,346.744,0.751,583,19.174,600.5,0.513,0.974
185,9,0,32.953,346.744,0.75,583,19.165,606.462,0.512,0.977
186,8,0,33.116,346.907,0.75,582,19.162,612.787,0.513,0.978
187,7,3,33.674,346.907,0.751,578,19.213,623.568,0.509,0.98
188,9,1,33.721,346.023,0.755,576,13.483,630.032,0.511,0.977
189,7,0,33.116,346.023,0.752,576,13.574,620.294,0.51,0.972
190,6,2,33.488,345.86,0.741,574,19.451,623.441,0.507,0.979
191,7,1,33.395,345.86,0.741,576,19.444,623.037,0.51,0.979
192,9,3,33.558,345.86,0.743,570,19.522,616.516,0.501,0.978
193,8,1,26.279,332.628,0.718,572,26.265,461.724,0.501,0.848
194,11,0,27.116,332.628,0.734,578,21.649,481.472,0.511,0.879
195,9,0,27.442,332.628,0.736,581,21.586,489.605,0.514,0.892
196,6,1,27.674,334.116,0.739,579,21.474,493.496,0.51,0.893
197,13,1,27.907,334.116,0.742,586,21.279,496.049,0.515,0.906
198,13,0,28.395,333.953,0.748,591,21.12,509.269,0.518,0.921
199,6,1,28.907,333.953,0.752,590,21.081,518.492,0.517,0.931
200,8,1,29.209,333.953,0.753,593,20.976,523.297,0.518,0.938
201,9,0,29.767,334.093,0.754,596,20.86,537.169,0.519,0.947
202,10,0,30.372,334.837,0.759,600,14.543,553.215,0.524,0.95
203,8,0,30.419,334.837,0.757,603,14.393,556.968,0.526,0.952
204,13,4,30.907,333.953,0.761,604,19.904,584.455,0.531,0.967
205,7,0,31.209,333.953,0.768,601,19.831,585.415,0.527,0.969
206,5,0,31.488,333.953,0.767,596,19.831,582.661,0.526,0.971
207,6,2,31.698,333.953,0.77,595,19.82,586.058,0.526,0.972
208,10,0,22.372,345.791,0.691,599,26.597,414.917,0.527,0.709
209,6,1,23.07,345.372,0.7,595,26.484,423.18,0.525,0.746
210,9,1,24.047,345.372,0.705,598,21.856,439.875,0.528,0.782
211,8,3,24.953,343.86,0.709,591,20.62,455.623,0.519,0.8
212,4,1,25.372,343.86,0.715,588,20.536,459.851,0.517,0.814
213,5,1,25.465,343.86,0.715,583,20.605,459.633,0.514,0.814
214,10,1,26.023,343.698,0.717,581,20.064,465.928,0.51,0.828
215,5,1,26.581,343.698,0.717,580,19.99,481.633,0.51,0.851
216,10,1,26.884,343.698,0.719,585,19.817,496.1,0.514,0.868
217,12,1,27.047,343.698,0.722,589,19.821,498.077,0.511,0.869
218,7,2,27.349,343.698,0.725,587,19.599,504.09,0.509,0.875
219,11,2,27.488,341.698,0.723,592,19.245,509.471,0.51,0.881
220,9,3,27.674,341.698,0.724,592,19.3,510.502,0.509,0.885
221,9,0,28.279,341.698,0.727,593,19.127,518.589,0.511,0.904
222,10,1,23.651,326.07,0.677,597,26.087,427.313,0.518,0.757
223,6,1,24.349,334.814,0.68,596,25.579,436.303,0.514,0.784
224,11,2,24.628,333.744,0.679,597,26.033,439.016,0.516,0.805
225,11,0,25.163,334.605,0.684,599,25.643,450.972,0.519,0.833
226,3,0,25.256,334.605,0.687,596,25.666,452.81,0.517,0.833
227,8,1,25.651,334.233,0.697,594,26.427,452.775,0.511,0.842
228,7,0,26.116,334.233,0.699,596,26.256,462.089,0.513,0.864
229,13,1,26.837,336.651,0.704,598,26.154,477.98,0.512,0.886
230,6,1,27.163,336.651,0.708,596,26.161,486.376,0.511,0.894
231,6,0,27.349,336.651,0.71,597,26.134,486.496,0.511,0.9
232,4,0,27.302,336.651,0.711,597,26.123,487.542,0.513,0.901
233,8,0,27.628,336.651,0.715,597,26.065,501.204,0.514,0.911
234,10,0,27.884,336.651,0.713,597,26.193,503.211,0.51,0.912
235,1,0,28.163,336.651,0.717,592,26.241,502.747,0.504,0.913
236,7,0,28.581,336.651,0.719,590,25.211,510.026,0.503,0.92
237,6,0,29.047,336.651,0.718,587,25.372,507.968,0.499,0.926
238,2,0,29.233,336.605,0.72,582,25.424,509.779,0.497,0.928
239,9,0,29.651,335.86,0.724,583,25.344,520.202,0.495,0.934
240,10,1,31.07,329.14,0.735,583,27.156,543.592,0.496,0.959
241,13,2,31.395,328.279,0.737,581,26.348,552.585,0.494,0.962
242,6,1,31.628,328.279,0.738,580,26.387,550.794,0.491,0.963
243,8,1,32.233,328.279,0.74,579,26.376,558.067,0.489,0.968
244,6,0,32.419,328.279,0.738,579,26.395,559.271,0.489,0.969
245,12,0,32.651,336.744,0.739,586,25.851,571.209,0.493,0.973
246,7,1,32.698,336.721,0.743,584,25.778,574.842,0.495,0.974
247,8,0,32.977,336.721,0.745,584,25.683,575.848,0.495,0.976
248,9,1,32.884,336.86,0.743,590,25.633,579.385,0.498,0.976
249,6,0,33.558,336.86,0.738,588,21.514,595.034,0.499,0.978
250,6,1,29.535,330.209,0.715,582,29.761,524.164,0.492,0.938
251,12,0,29.581,329.628,0.716,589,24.583,535.563,0.497,0.933
252,5,0,29.651,329.14,0.714,588,24.624,535.494,0.495,0.932
253,13,1,29.977,330.233,0.719,592,24.43,549.71,0.5,0.942
254,9,2,30.86,330.14,0.724,588,24.476,562.621,0.499,0.955
255,8,0,29.93,331.977,0.725,590,33.471,540.61,0.502,0.957
256,6,0,29.93,331.977,0.729,593,28.046,547.594,0.504,0.95
257,6,0,30.767,332.07,0.733,590,27.996,551.114,0.504,0.961
258,4,0,30.953,332.07,0.741,587,26.263,552.189,0.501,0.96
259,12,1,31.07,332.07,0.742,590,26.14,556.549,0.506,0.964
260,5,0,31.209,331.86,0.744,586,26.128,557.528,0.505,0.965
261,7,0,31.326,340.605,0.748,586,25.766,564.536,0.506,0.966
262,7,0,31.744,340.605,0.744,584,25.817,569.146,0.502,0.968
263,9,3,31.372,340.953,0.749,584,20.523,567.427,0.503,0.959
264,8,0,31.837,340.953,0.751,583,20.495,565.508,0.499,0.962
265,11,3,30.326,340.093,0.739,584,23.563,539.088,0.504,0.949
266,5,1,30.535,341.395,0.741,582,23.524,541.819,0.504,0.952
267,5,1,30.767,339.558,0.728,578,28.151,545.109,0.498,0.958
268,7,1,30.628,339.651,0.728,581,27.966,544.082,0.501,0.958
269,13,1,31.558,339.279,0.734,583,28.149,564.786,0.504,0.97
270,7,2,31.605,339.279,0.738,577,28.15,557.093,0.497,0.967
271,8,1,32.07,340.442,0.74,573,28.138,568.523,0.495,0.971
272,4,1,32.302,339.14,0.74,570,28.109,572.028,0.491,0.971
273,2,0,32.767,339.14,0.744,562,28.199,565.911,0.482,0.971
274,10,1,33.07,341.0,0.743,563,28.311,560.694,0.476,0.972
275,11,1,33.488,341.163,0.742,566,26.519,571.088,0.481,0.975
276,10,4,33.721,341.163,0.745,565,26.515,572.434,0.481,0.977
277,11,0,33.674,341.163,0.747,573,25.603,580.661,0.486,0.978
278,10,1,33.721,341.326,0.744,577,25.558,584.108,0.49,0.979
279,11,0,26.721,321.837,0.693,582,30.725,465.69,0.493,0.868
280,4,0,26.86,321.837,0.692,585,30.623,470.113,0.495,0.875
281,5,0,27.465,321.837,0.7,585,25.296,484.776,0.496,0.879
282,7,0,28.163,321.837,0.703,583,25.169,494.655,0.495,0.898
283,8,0,28.442,321.837,0.704,583,25.223,494.319,0.492,0.902
284,8,0,28.93,321.767,0.707,581,25.088,498.575,0.493,0.916
285,10,0,29.721,322.14,0.725,581,19.173,524.262,0.496,0.923
286,8,0,30.14,325.558,0.738,583,17.797,537.451,0.499,0.931
287,6,0,30.419,325.698,0.74,583,17.638,544.668,0.502,0.939
288,5,1,31.907,324.698,0.739,579,22.362,561.728,0.498,0.964
289,11,0,32.047,324.558,0.741,584,21.898,577.375,0.504,0.968
290,13,1,32.558,325.163,0.743,593,21.728,598.262,0.513,0.976
291,13,2,32.442,329.884,0.752,598,19.709,599.977,0.515,0.974
292,6,0,32.698,329.884,0.755,598,19.736,601.88,0.512,0.975
293,9,0,33.116,330.442,0.757,603,13.822,621.619,0.518,0.976
294,7,0,33.674,330.279,0.76,599,13.769,624.517,0.513,0.978
295,6,0,33.767,330.279,0.76,600,13.755,623.646,0.513,0.978
296,6,0,34.047,330.395,0.761,598,13.737,621.777,0.511,0.98
297,13,1,33.93,325.884,0.749,600,21.117,631.677,0.514,0.984
298,5,3,34.233,324.581,0.752,596,21.131,634.926,0.51,0.985
299,5,0,34.674,324.581,0.754,594,21.128,637.954,0.507,0.986
300,10,2,35.14,335.233,0.757,589,20.43,647.022,0.504,0.987
301,8,0,28.674,337.837,0.73,590,28.154,549.512,0.504,0.929
302,9,1,28.744,337.837,0.733,593,22.724,554.807,0.509,0.923
303,8,2,29.209,337.837,0.738,595,16.918,572.115,0.511,0.922
304,3,0,29.442,337.837,0.736,593,16.888,567.682,0.509,0.925
305,11,1,30.419,337.674,0.743,596,22.39,581.533,0.509,0.953
306,13,2,30.977,337.674,0.743,600,22.141,597.676,0.514,0.962
307,5,1,29.744,326.977,0.728,595,29.98,554.333,0.51,0.955
308,7,0,30.0,334.884,0.732,594,24.076,558.136,0.512,0.951
309,8,1,31.116,334.884,0.744,591,24.002,580.803,0.512,0.965
310,9,1,31.163,334.884,0.742,593,23.931,584.359,0.516,0.967
311,7,1,31.395,334.884,0.744,597,23.882,588.774,0.519,0.971
312,8,0,31.535,334.884,0.737,595,23.937,582.16,0.512,0.969
313,9,1,31.674,336.14,0.74,592,23.57,588.467,0.51,0.969
314,4,0,32.093,336.14,0.735,586,23.582,592.662,0.506,0.971
315,5,1,32.326,336.14,0.738,584,23.514,595.523,0.507,0.973
316,10,0,32.14,336.14,0.749,590,23.233,600.246,0.513,0.974
317,12,1,32.884,337.442,0.745,591,21.988,616.091,0.518,0.98
318,10,2,33.07,337.442,0.745,590,21.999,618.837,0.516,0.981
319,8,2,33.628,337.442,0.748,589,21.339,628.433,0.517,0.983
320,6,0,33.953,337.442,0.749,587,21.487,630.251,0.512,0.984
321,6,0,30.767,338.535,0.732,588,26.523,572.589,0.513,0.964
322,5,1,30.953,338.535,0.732,590,26.381,577.92,0.514,0.967
323,11,0,31.233,338.535,0.734,594,26.388,580.541,0.516,0.97
324,6,0,32.07,338.535,0.748,595,20.682,605.972,0.516,0.972
325,7,1,32.581,338.535,0.746,592,20.589,607.073,0.514,0.976
326,6,0,33.326,338.535,0.75,590,20.587,615.689,0.509,0.979
327,5,0,33.302,338.535,0.751,589,20.615,607.22,0.507,0.978
328,13,0,33.628,339.14,0.755,598,18.554,622.482,0.514,0.981
329,6,1,33.326,337.558,0.76,599,20.43,622.84,0.513,0.98
330,6,0,33.419,337.558,0.762,601,18.452,624.75,0.513,0.979
331,13,2,33.372,337.558,0.765,609,17.395,633.334,0.519,0.98
332,10,0,33.86,337.558,0.769,609,11.637,643.802,0.52,0.98
333,12,0,34.465,337.907,0.775,615,11.082,668.455,0.522,0.983
334,7,1,34.884,337.767,0.779,612,16.651,678.983,0.519,0.987
335,8,1,34.744,337.767,0.781,615,16.645,674.272,0.52,0.987
336,9,1,35.186,337.791,0.777,611,16.63,679.438,0.513,0.987
337,7,2,35.419,337.791,0.779,607,16.771,670.384,0.504,0.987
338,13,2,35.465,337.791,0.773,608,16.509,681.931,0.502,0.986
339,8,2,22.442,320.953,0.662,609,22.216,400.277,0.492,0.564
340,8,0,23.0,317.977,0.659,611,22.054,408.979,0.493,0.608
341,6,0,23.651,318.674,0.664,612,21.916,430.797,0.495,0.661
342,8,0,24.023,319.209,0.663,618,21.456,449.956,0.503,0.709
343,4,0,24.512,319.209,0.665,615,21.451,452.619,0.5,0.73
344,8,1,25.488,319.116,0.668,611,21.201,466.061,0.496,0.773
345,13,2,26.163,321.442,0.674,618,20.83,489.448,0.506,0.829
346,7,0,26.581,320.302,0.68,614,14.049,495.631,0.506,0.816
347,8,0,27.14,320.186,0.684,617,13.908,503.45,0.509,0.845
348,11,0,28.302,319.698,0.69,616,13.583,526.171,0.513,0.891
349,8,1,28.302,321.907,0.698,611,19.54,528.522,0.507,0.902
350,4,0,28.442,321.907,0.698,608,19.468,526.971,0.506,0.904
351,11,1,28.907,322.465,0.709,611,19.242,536.292,0.509,0.919
352,8,2,28.953,322.465,0.712,608,19.174,535.037,0.509,0.92
353,7,1,29.279,322.465,0.713,607,19.243,546.883,0.508,0.925
354,10,1,29.86,322.465,0.717,606,19.06,561.114,0.505,0.935
355,6,0,30.512,322.465,0.72,606,18.974,577.402,0.505,0.945
356,8,0,30.791,322.465,0.721,607,18.861,590.246,0.507,0.951
357,11,1,31.302,322.465,0.726,610,18.807,600.107,0.507,0.958
358,10,3,31.721,322.465,0.725,609,18.782,611.196,0.508,0.963
359,11,2,31.814,322.535,0.72,611,18.622,613.363,0.513,0.967
360,1,0,32.0,322.465,0.721,606,18.659,613.686,0.51,0.967
361,10,0,32.163,322.651,0.727,610,18.461,625.359,0.514,0.97
362,11,3,32.488,326.163,0.736,610,17.677,632.285,0.517,0.973
363,9,1,21.535,320.581,0.622,610,20.7,421.073,0.514,0.563
364,9,0,22.14,320.581,0.631,614,19.529,434.225,0.517,0.607
365,11,0,22.791,321.442,0.631,616,19.346,450.525,0.52,0.663
366,9,0,23.209,319.721,0.642,616,18.933,465.507,0.522,0.697
367,12,0,23.302,319.721,0.64,623,18.643,472.932,0.527,0.717
368,13,1,24.14,323.721,0.64,625,18.274,488.531,0.531,0.773
369,9,0,25.233,324.837,0.64,621,17.709,508.689,0.53,0.822
370,10,1,25.837,326.651,0.667,624,17.518,524.044,0.532,0.852
371,4,0,26.0,328.163,0.667,625,17.446,527.414,0.535,0.864
372,7,0,26.326,328.163,0.676,626,17.365,533.217,0.536,0.876
373,8,1,27.07,328.163,0.689,625,17.323,546.727,0.534,0.897
374,9,1,27.395,328.163,0.687,628,17.779,550.641,0.536,0.909
375,7,1,28.093,329.209,0.695,626,17.611,570.254,0.534,0.923
376,8,1,28.326,329.209,0.695,628,17.492,578.841,0.537,0.931
377,5,1,28.512,329.209,0.695,627,17.439,583.647,0.538,0.936
378,5,1,28.605,329.209,0.698,625,17.493,585.722,0.534,0.934
379,10,2,29.395,329.581,0.703,627,17.294,604.422,0.536,0.949
380,8,0,29.721,330.163,0.7,627,17.163,606.817,0.538,0.955
381,6,1,30.186,330.163,0.706,618,17.275,598.895,0.527,0.953
382,9,1,30.093,330.163,0.71,615,17.34,595.104,0.524,0.95
383,8,0,21.698,328.395,0.676,613,22.889,423.875,0.52,0.613
384,9,0,22.512,335.233,0.692,613,19.717,438.003,0.521,0.652
385,7,0,23.256,335.395,0.697,614,18.598,453.559,0.519,0.689
386,9,0,23.767,335.698,0.701,618,17.598,471.056,0.522,0.723
387,13,0,24.07,335.698,0.702,626,17.422,478.731,0.529,0.76
388,10,0,24.651,342.512,0.71,628,17.525,494.906,0.534,0.803
389,10,0,24.558,342.674,0.711,633,17.493,493.336,0.536,0.804
390,12,0,25.326,342.302,0.715,637,17.406,507.066,0.535,0.836
391,5,0,22.116,349.116,0.686,633,24.304,419.859,0.525,0.669
392,6,0,22.698,348.535,0.689,634,24.237,428.817,0.523,0.702
393,10,2,23.442,348.86,0.691,635,24.062,439.801,0.523,0.749
394,5,0,23.907,348.86,0.692,634,23.888,451.423,0.523,0.774
395,9,1,24.535,349.047,0.698,633,19.705,465.078,0.518,0.769
396,13,3,25.326,349.326,0.701,632,19.633,477.313,0.517,0.807
397,7,2,26.07,349.326,0.722,629,18.356,497.906,0.516,0.833
398,12,1,26.442,349.744,0.722,633,18.107,507.17,0.518,0.852
399,9,0,22.791,349.86,0.656,634,24.529,433.462,0.517,0.691
400,8,0,23.442,349.465,0.662,635,24.153,452.949,0.521,0.741
401,10,1,23.674,349.465,0.667,638,23.848,465.356,0.526,0.768
402,7,0,24.442,349.465,0.689,635,20.291,477.929,0.525,0.787
403,7,1,25.442,349.628,0.692,628,20.19,494.714,0.515,0.813
404,5,0,25.86,349.628,0.696,628,20.138,503.677,0.516,0.834
405,13,3,26.86,348.86,0.709,625,19.985,520.643,0.511,0.862
406,13,3,27.0,348.86,0.71,631,19.912,525.934,0.511,0.867
407,7,1,27.442,347.814,0.711,627,18.851,535.352,0.507,0.873
408,5,0,28.326,348.023,0.713,620,18.758,549.912,0.503,0.894
409,11,0,28.488,348.07,0.717,623,12.981,548.423,0.502,0.879
410,9,0,29.558,348.256,0.717,623,12.847,569.46,0.505,0.914
411,2,0,29.814,348.256,0.717,618,12.922,569.188,0.501,0.915
412,5,0,30.186,348.256,0.718,612,12.986,567.939,0.493,0.915
413,6,0,30.791,348.256,0.721,609,13.066,574.358,0.489,0.925
414,6,0,30.837,348.395,0.721,607,13.123,576.708,0.491,0.928
415,4,1,31.326,348.395,0.714,596,19.083,571.287,0.48,0.939
416,10,0,31.07,338.953,0.717,598,18.519,569.931,0.48,0.934
417,12,0,22.93,341.628,0.637,605,24.748,424.461,0.483,0.588
418,8,0,23.349,345.023,0.653,606,24.658,435.168,0.487,0.631
419,6,0,23.581,345.023,0.656,610,24.508,444.254,0.49,0.657
420,11,0,24.442,345.023,0.658,611,24.202,463.056,0.488,0.708
421,5,0,24.721,345.651,0.657,611,24.098,471.445,0.491,0.734
422,12,0,26.186,345.651,0.673,613,18.106,506.165,0.499,0.8
423,9,2,26.372,345.651,0.687,611,17.77,509.871,0.5,0.811
424,7,0,26.488,345.791,0.687,611,17.836,507.972,0.497,0.809
425,10,0,26.767,345.767,0.684,611,17.774,513.321,0.498,0.824
426,8,0,26.814,345.767,0.688,617,17.625,518.815,0.504,0.837
427,8,0,26.953,348.279,0.691,616,17.684,520.645,0.501,0.837
428,6,0,27.047,348.279,0.688,618,14.481,521.212,0.499,0.822
429,8,1,28.023,348.279,0.691,620,19.329,540.297,0.502,0.886
430,7,0,28.488,348.279,0.693,625,19.199,553.194,0.504,0.902
431,10,1,29.093,348.279,0.703,623,19.03,562.801,0.506,0.919
432,7,1,29.0,348.279,0.703,625,19.04,560.283,0.507,0.918
433,8,1,29.419,347.953,0.709,619,19.065,567.674,0.502,0.922
434,8,1,29.605,347.953,0.714,623,19.006,573.144,0.503,0.927
435,5,1,29.977,347.953,0.715,623,18.899,577.827,0.504,0.936
436,5,0,30.256,347.953,0.718,621,18.905,583.499,0.5,0.937
437,13,4,30.07,345.721,0.717,626,18.891,581.041,0.504,0.937
438,10,1,30.628,346.209,0.718,629,18.75,592.271,0.507,0.949
439,9,2,30.628,346.209,0.718,631,18.726,596.922,0.509,0.95
440,5,1,30.628,346.209,0.719,626,18.808,595.811,0.507,0.948
441,13,3,30.814,346.209,0.722,627,18.8,594.352,0.505,0.95
442,6,0,31.442,346.302,0.726,621,18.742,609.769,0.503,0.957
443,7,1,31.814,345.837,0.733,617,18.798,615.224,0.502,0.961
444,8,2,32.116,348.209,0.733,617,18.572,627.438,0.506,0.966
445,7,1,32.163,348.209,0.741,616,18.495,625.998,0.506,0.967
446,9,2,32.07,348.07,0.742,618,18.489,624.589,0.507,0.967
447,6,0,32.209,350.093,0.741,620,18.47,624.024,0.508,0.968
448,7,0,32.163,350.093,0.739,622,18.326,630.769,0.512,0.969
449,8,1,32.558,350.093,0.741,622,18.23,645.379,0.511,0.972
450,5,2,32.581,349.837,0.741,618,18.245,641.616,0.509,0.972
451,11,0,32.581,349.837,0.744,624,18.045,652.269,0.516,0.974
452,10,4,32.86,349.837,0.737,624,18.135,651.033,0.51,0.974
453,11,1,33.395,349.698,0.742,629,17.727,666.012,0.516,0.98
454,11,4,33.651,350.116,0.743,629,17.714,676.532,0.516,0.981
455,8,2,34.349,350.116,0.745,627,17.627,690.223,0.516,0.985
456,9,1,34.558,350.116,0.75,631,17.621,694.929,0.517,0.986
457,10,3,34.791,350.116,0.756,629,17.63,694.653,0.516,0.987
458,10,1,34.721,350.116,0.756,634,17.612,699.622,0.518,0.987
459,6,3,34.767,350.116,0.757,627,17.701,691.815,0.511,0.986
460,10,1,33.605,349.605,0.753,634,16.724,666.903,0.516,0.98
461,8,0,22.837,337.093,0.651,631,23.323,479.86,0.506,0.651
462,7,0,23.884,336.884,0.668,630,23.152,505.751,0.505,0.716
463,6,0,24.116,336.907,0.668,632,23.019,506.651,0.506,0.733
464,7,0,24.884,337.302,0.671,631,19.551,532.103,0.508,0.762
465,8,0,25.442,337.395,0.667,629,19.457,547.672,0.507,0.79
466,7,1,25.535,337.256,0.67,631,19.42,552.412,0.509,0.799
467,2,0,25.93,337.256,0.671,626,19.388,557.382,0.507,0.813
468,9,1,26.814,337.349,0.682,626,19.198,565.985,0.504,0.845
469,5,0,27.047,337.349,0.683,625,19.268,570.199,0.504,0.854
470,3,0,27.233,337.349,0.684,619,19.361,570.902,0.5,0.855
471,7,0,27.605,343.186,0.685,620,18.173,581.515,0.504,0.872
472,9,0,27.698,343.07,0.686,618,18.177,583.235,0.504,0.874
473,9,0,28.07,343.07,0.682,616,18.204,585.926,0.5,0.881
474,8,1,28.884,343.07,0.69,612,18.056,597.828,0.494,0.897
475,8,2,29.163,343.07,0.702,614,17.365,607.893,0.499,0.909
476,5,1,29.814,343.256,0.707,608,16.928,620.492,0.496,0.92
477,10,1,30.605,343.442,0.711,607,16.27,637.167,0.497,0.935
478,6,0,31.116,342.209,0.717,604,16.141,649.973,0.499,0.946
479,8,1,31.326,342.023,0.719,602,16.354,643.742,0.492,0.945
480,8,0,31.744,342.0,0.72,605,16.254,656.368,0.494,0.952
481,10,1,32.395,342.698,0.72,607,15.743,670.992,0.496,0.961
482,13,1,21.116,330.233,0.665,614,20.179,407.942,0.512,0.517
483,1,0,21.674,330.233,0.67,609,20.207,413.386,0.507,0.541
484,5,0,22.512,330.233,0.678,606,20.201,424.234,0.499,0.578
485,11,0,22.767,330.233,0.684,615,19.79,440.651,0.506,0.618
486,5,0,22.814,332.465,0.685,615,19.721,442.267,0.506,0.621
487,7,0,23.512,332.349,0.691,614,18.911,452.855,0.505,0.662
488,6,1,24.535,332.349,0.696,606,18.871,460.63,0.498,0.707
489,10,0,24.767,331.884,0.703,605,18.761,462.89,0.499,0.725
490,8,0,25.093,331.884,0.703,606,18.661,472.788,0.499,0.745
491,8,0,25.744,333.186,0.711,607,18.172,485.025,0.503,0.787
492,13,0,25.791,333.186,0.709,616,17.988,498.936,0.511,0.809
493,13,2,26.558,337.488,0.735,622,11.871,526.459,0.521,0.835
494,9,4,27.256,333.721,0.729,623,17.636,540.266,0.518,0.88
495,11,0,27.767,334.581,0.735,621,17.516,538.608,0.513,0.888
496,6,1,28.372,334.302,0.734,615,17.622,540.837,0.503,0.892
497,12,3,28.767,334.302,0.738,619,17.316,548.626,0.505,0.905
498,11,0,29.047,337.326,0.745,622,16.739,557.521,0.508,0.915
499,13,2,29.767,337.326,0.749,624,11.37,568.734,0.511,0.922
500,9,1,30.047,335.116,0.743,627,16.847,584.027,0.513,0.94
501,8,0,30.744,335.512,0.744,627,16.685,598.846,0.516,0.953
502,5,1,30.512,334.093,0.743,624,16.886,585.311,0.513,0.948
503,11,2,30.651,334.093,0.74,628,16.841,590.571,0.515,0.951
504,9,0,30.488,334.14,0.74,628,16.796,587.048,0.512,0.947
505,5,0,31.233,334.372,0.746,624,11.049,603.452,0.509,0.947
506,6,0,31.605,335.302,0.751,624,10.909,609.632,0.508,0.952
507,6,0,32.349,335.302,0.752,619,10.855,623.552,0.506,0.96
508,6,0,32.512,335.674,0.753,616,10.706,625.797,0.503,0.96
509,4,0,32.884,335.674,0.752,610,10.712,632.79,0.501,0.963
510,9,0,33.07,336.14,0.758,615,10.583,643.958,0.508,0.968
511,13,1,33.233,335.814,0.76,614,16.244,640.605,0.504,0.974
512,8,2,33.488,334.721,0.757,616,16.285,645.914,0.505,0.976
513,9,0,34.0,334.721,0.755,613,16.23,656.456,0.501,0.978
514,4,1,34.233,334.721,0.757,612,16.252,659.393,0.498,0.979
515,3,0,34.233,334.349,0.758,609,16.262,655.512,0.497,0.978
516,9,1,34.651,334.442,0.76,609,16.234,659.012,0.495,0.98
517,2,0,34.721,334.442,0.76,602,16.321,656.907,0.488,0.979
518,5,0,34.488,334.442,0.756,596,16.518,646.164,0.479,0.974
519,8,0,25.0,330.093,0.674,598,23.212,446.431,0.481,0.714
520,7,0,25.349,330.023,0.681,597,23.473,454.083,0.477,0.728
521,8,1,25.977,330.326,0.684,598,22.947,475.415,0.479,0.767
522,7,0,26.721,332.628,0.69,590,20.101,479.195,0.471,0.771
523,9,0,27.326,332.628,0.692,595,19.809,499.518,0.478,0.815
524,9,0,27.535,332.279,0.695,599,18.808,505.884,0.481,0.826
525,13,0,28.349,332.279,0.703,604,18.566,517.584,0.483,0.863
526,6,0,28.814,334.372,0.714,604,12.49,531.872,0.485,0.861
527,4,0,29.279,335.488,0.722,601,12.034,535.873,0.484,0.873
528,11,2,29.767,332.977,0.717,606,17.385,548.047,0.488,0.91
529,7,0,29.814,332.977,0.715,609,17.359,555.462,0.49,0.914
530,4,0,30.07,333.093,0.715,608,17.328,562.764,0.489,0.919
531,5,0,30.535,345.814,0.72,607,17.047,572.574,0.489,0.929
532,10,1,30.535,345.814,0.721,610,16.957,575.337,0.492,0.932
533,9,0,27.116,344.163,0.706,614,22.685,528.141,0.497,0.858
534,10,0,27.721,344.163,0.714,622,19.708,553.372,0.506,0.883
535,7,0,28.163,344.163,0.719,623,19.624,560.796,0.507,0.898
536,7,3,28.767,344.163,0.722,616,19.611,568.769,0.502,0.908
537,2,0,29.0,344.163,0.726,612,19.585,568.771,0.499,0.91
538,8,2,30.0,345.791,0.731,606,19.501,579.214,0.494,0.927
539,5,1,30.465,345.791,0.737,605,19.444,592.014,0.495,0.937
540,9,0,30.744,345.93,0.74,606,19.088,601.296,0.499,0.945
541,8,0,30.814,345.93,0.739,604,19.036,598.374,0.496,0.944
542,3,2,31.326,345.86,0.741,594,19.097,603.645,0.492,0.949
543,9,0,31.465,345.86,0.738,593,19.464,603.604,0.493,0.952
544,2,0,31.791,345.721,0.74,582,19.553,606.532,0.489,0.954
545,8,1,32.419,345.721,0.741,577,18.684,611.878,0.486,0.959
546,11,1,32.884,345.721,0.743,577,18.564,628.498,0.489,0.966
547,8,0,32.953,345.721,0.745,576,18.61,625.439,0.485,0.965
548,8,0,30.07,340.512,0.743,574,25.455,534.479,0.48,0.928
549,8,0,30.256,341.953,0.747,576,25.231,542.845,0.482,0.933
550,10,0,30.86,341.953,0.748,581,25.124,558.335,0.485,0.946
551,6,1,31.279,341.953,0.754,577,24.781,573.674,0.481,0.95
552,4,0,31.581,341.767,0.756,570,24.934,574.657,0.473,0.949
553,3,0,32.419,341.767,0.757,564,24.866,585.166,0.468,0.957
554,6,0,32.698,341.814,0.76,558,24.874,585.457,0.462,0.957
555,6,0,32.837,341.814,0.762,559,24.764,592.954,0.464,0.959
556,10,2,32.837,341.814,0.761,563,24.73,592.064,0.465,0.96
557,11,0,32.791,341.814,0.758,566,24.575,598.605,0.468,0.961
558,4,0,32.884,341.814,0.759,565,24.566,603.388,0.469,0.962
559,9,0,33.116,342.0,0.759,572,24.467,610.461,0.474,0.967
560,9,0,33.465,342.186,0.76,573,24.042,619.973,0.476,0.971
561,5,1,33.419,333.791,0.758,572,23.984,618.679,0.477,0.971
562,8,0,33.674,333.791,0.763,572,23.796,630.567,0.478,0.974
563,13,1,33.721,333.791,0.762,577,23.673,638.507,0.485,0.976
564,9,0,33.674,333.791,0.763,579,23.594,639.404,0.487,0.977
565,2,0,33.884,334.349,0.762,574,23.606,641.291,0.485,0.977
566,3,1,33.93,333.884,0.762,572,23.635,642.217,0.483,0.977
567,7,2,34.209,333.465,0.762,571,23.596,652.645,0.484,0.979
568,12,1,34.326,334.302,0.762,580,23.375,662.31,0.488,0.981
569,7,0,34.186,334.302,0.764,585,23.314,658.974,0.493,0.981
570,7,1,34.558,333.86,0.763,586,23.248,665.576,0.494,0.984
571,5,1,34.814,333.86,0.762,583,23.324,660.723,0.489,0.984
572,5,1,34.744,333.86,0.757,579,23.394,652.513,0.485,0.982
573,3,1,35.093,333.186,0.762,571,23.507,649.131,0.476,0.982
574,9,1,34.837,332.791,0.762,568,23.62,635.135,0.47,0.979
575,11,0,35.372,332.791,0.76,569,23.627,649.26,0.469,0.982
576,8,0,35.326,332.791,0.761,573,23.635,653.724,0.471,0.982
577,5,1,35.488,332.791,0.76,572,23.574,654.132,0.471,0.983
578,6,1,35.791,332.767,0.76,573,23.605,659.919,0.471,0.985
579,12,0,35.651,332.767,0.756,581,23.482,659.092,0.478,0.985
580,3,0,35.326,332.953,0.753,576,23.688,649.827,0.471,0.982
581,6,0,35.86,332.953,0.753,574,23.692,657.99,0.469,0.984
582,7,0,35.93,331.767,0.759,573,23.566,651.133,0.468,0.985
583,9,0,36.093,332.977,0.76,580,19.38,670.441,0.474,0.985
584,5,1,36.326,332.977,0.757,577,19.439,678.034,0.471,0.985
585,8,0,36.372,332.977,0.762,578,19.352,684.377,0.471,0.985
586,10,1,36.465,332.907,0.76,581,19.418,682.897,0.47,0.985
587,4,0,36.349,332.907,0.757,575,19.523,671.596,0.462,0.983
588,10,0,35.884,332.907,0.75,576,19.561,661.898,0.461,0.98
589,11,1,35.651,332.047,0.748,578,23.466,646.672,0.46,0.981
590,5,0,35.884,332.047,0.749,573,23.505,645.465,0.456,0.981
591,7,0,35.86,331.814,0.75,570,23.554,642.068,0.454,0.981
592,5,0,36.093,331.814,0.752,566,23.573,645.201,0.454,0.982
593,11,1,36.14,332.07,0.746,570,23.1,658.317,0.459,0.983
594,10,0,36.326,334.419,0.75,574,17.128,668.801,0.461,0.981
595,10,0,36.651,333.419,0.753,576,16.967,668.945,0.461,0.983
596,5,0,37.023,333.419,0.754,571,16.897,672.294,0.459,0.984
597,5,0,37.07,333.419,0.76,571,16.779,680.216,0.462,0.985
598,4,1,36.767,331.047,0.748,565,22.874,664.916,0.455,0.985
599,4,0,36.814,331.047,0.75,559,22.998,656.723,0.448,0.984
600,13,1,37.14,332.93,0.748,562,22.949,668.802,0.455,0.987
601,11,1,36.674,330.163,0.752,566,22.905,664.837,0.455,0.985
602,10,1,37.023,330.163,0.756,570,22.791,675.372,0.458,0.987
603,7,2,37.0,330.163,0.757,565,22.86,671.669,0.455,0.986
604,4,0,37.116,330.163,0.757,564,22.829,670.847,0.454,0.987
605,8,1,37.326,337.605,0.758,567,19.287,674.937,0.455,0.986
606,13,0,27.907,331.814,0.721,572,26.086,493.1,0.456,0.825
607,10,1,27.953,329.837,0.724,572,26.065,491.965,0.453,0.821
608,5,0,28.186,329.837,0.727,573,26.017,497.214,0.454,0.834
609,7,1,28.791,329.837,0.727,569,25.984,506.531,0.451,0.852
610,5,1,29.349,329.837,0.73,566,25.922,512.361,0.449,0.869
611,8,0,29.581,329.837,0.727,568,25.886,519.613,0.45,0.879
612,7,1,29.907,330.163,0.73,571,19.919,532.179,0.453,0.873
613,13,1,30.698,344.442,0.739,574,15.68,547.333,0.454,0.886
614,9,2,30.744,344.442,0.727,573,21.769,551.669,0.456,0.909
615,7,1,31.326,344.279,0.734,566,21.853,556.751,0.452,0.918
616,7,1,31.233,344.279,0.732,565,21.948,553.73,0.451,0.915
617,9,0,31.326,344.279,0.731,571,21.852,558.957,0.454,0.921
618,10,1,31.605,344.116,0.732,574,21.844,566.894,0.455,0.928
619,6,0,32.163,344.116,0.733,570,21.729,575.315,0.455,0.939
620,9,2,32.907,344.116,0.735,566,21.572,580.912,0.456,0.951
621,9,0,32.953,344.465,0.746,570,14.431,592.451,0.46,0.942
622,8,0,33.116,344.674,0.746,574,13.643,600.878,0.464,0.947
623,9,1,32.93,344.674,0.733,577,19.703,602.147,0.473,0.959
624,8,0,23.372,336.0,0.663,580,26.471,406.35,0.476,0.61
625,6,0,24.07,336.0,0.673,578,26.445,418.974,0.472,0.647
626,6,0,24.442,336.0,0.67,576,26.319,420.308,0.471,0.67
627,12,0,24.93,336.023,0.67,583,26.014,437.677,0.479,0.724
628,9,0,25.953,336.023,0.678,583,25.931,451.818,0.473,0.767
629,5,0,26.326,336.023,0.682,581,25.79,456.877,0.472,0.783
630,9,0,26.488,336.023,0.694,585,19.939,466.547,0.48,0.779
631,9,1,27.0,336.023,0.698,588,19.613,476.54,0.481,0.807
632,6,0,27.372,336.023,0.702,583,19.508,488.354,0.483,0.827
633,11,1,28.0,336.209,0.704,584,19.094,507.85,0.486,0.858
634,11,1,28.372,343.279,0.713,587,14.902,518.612,0.491,0.864
635,5,0,28.791,343.419,0.717,589,14.534,538.36,0.496,0.885
636,11,0,28.884,343.419,0.719,594,14.426,548.642,0.502,0.896
637,5,2,29.116,343.419,0.716,588,19.901,545.85,0.499,0.914
638,8,0,29.837,343.419,0.716,589,19.806,559.451,0.499,0.93
639,11,2,30.326,343.465,0.716,593,19.791,567.124,0.497,0.938
640,5,0,30.651,343.465,0.719,591,19.985,564.578,0.492,0.939
641,7,0,30.977,343.465,0.72,593,19.739,577.311,0.495,0.946
642,6,3,31.163,343.465,0.72,590,19.765,582.493,0.494,0.949
643,6,0,31.279,343.535,0.72,594,19.686,585.324,0.497,0.952
644,11,0,31.349,343.07,0.728,598,19.578,588.571,0.501,0.956
645,6,1,31.628,343.116,0.73,594,19.586,590.271,0.497,0.957
646,10,2,32.116,343.116,0.731,598,19.202,608.374,0.501,0.965
647,5,1,32.256,342.744,0.73,595,19.211,619.962,0.503,0.967
648,6,1,32.977,342.744,0.732,592,19.25,631.329,0.499,0.972
649,4,0,33.023,342.744,0.733,589,19.29,632.086,0.497,0.971
650,6,1,24.209,333.558,0.684,584,25.971,473.86,0.491,0.713
651,3,0,24.581,333.674,0.689,578,25.652,475.469,0.488,0.726
652,9,0,24.814,333.674,0.689,584,25.409,484.71,0.489,0.743
653,5,0,25.14,333.674,0.694,584,25.148,494.468,0.491,0.765
654,8,1,25.558,333.674,0.698,582,25.071,502.815,0.492,0.788
655,12,1,26.256,334.279,0.708,591,24.34,526.434,0.499,0.834
656,7,0,27.186,334.14,0.715,588,24.156,542.459,0.495,0.863
657,8,1,27.349,338.349,0.724,589,20.19,540.781,0.497,0.857
658,5,1,27.698,339.093,0.725,586,20.161,552.311,0.496,0.867
659,9,0,28.256,338.581,0.73,586,20.037,565.31,0.497,0.888
660,9,3,28.209,338.907,0.728,588,19.995,563.916,0.499,0.889
661,10,2,28.558,339.07,0.731,587,19.872,570.686,0.494,0.892
662,9,2,28.605,339.07,0.726,585,19.914,571.403,0.491,0.89
663,10,2,29.07,339.744,0.731,589,19.534,583.039,0.495,0.907
664,11,0,29.674,340.791,0.733,593,19.372,587.809,0.496,0.922
665,8,0,30.395,340.791,0.736,595,14.186,602.562,0.499,0.929
666,13,1,30.93,341.884,0.743,601,19.376,615.416,0.502,0.951
667,13,1,31.535,341.884,0.747,610,19.106,634.277,0.511,0.963
668,8,3,31.581,341.884,0.748,611,19.055,635.815,0.511,0.964
669,6,2,32.14,341.721,0.752,609,18.975,642.289,0.506,0.967
670,4,0,32.605,341.558,0.751,606,19.023,649.861,0.503,0.97
671,7,0,32.581,341.465,0.75,607,19.012,649.475,0.503,0.97
672,5,0,32.674,341.465,0.75,607,18.988,654.378,0.501,0.97
673,3,0,32.767,341.465,0.752,603,19.034,651.858,0.499,0.97
674,8,0,33.233,341.047,0.754,604,18.921,657.446,0.499,0.974
675,9,0,33.767,341.047,0.754,606,18.711,675.566,0.505,0.979
676,10,2,33.628,341.047,0.755,607,18.753,672.013,0.504,0.978
677,7,3,34.0,341.047,0.757,604,18.832,676.236,0.5,0.979
678,4,1,34.047,341.233,0.759,599,18.859,671.691,0.498,0.979
679,12,1,34.023,341.233,0.758,607,18.715,688.195,0.504,0.981
680,10,1,33.977,341.256,0.759,610,18.713,686.602,0.505,0.981
681,7,1,34.14,341.256,0.76,612,18.7,689.84,0.507,0.982
682,6,1,34.326,341.256,0.761,613,18.761,686.774,0.507,0.983
683,12,1,34.488,341.605,0.763,616,18.638,687.589,0.511,0.985
684,10,3,34.372,341.605,0.763,611,18.837,685.229,0.509,0.984
685,5,1,34.558,341.605,0.763,608,18.773,689.281,0.508,0.985
686,8,1,34.488,341.372,0.762,611,18.775,691.472,0.51,0.985
687,12,2,34.837,341.744,0.768,612,11.974,696.049,0.51,0.983
688,9,2,35.14,341.628,0.768,608,17.264,700.189,0.508,0.987
689,5,0,33.488,327.349,0.746,607,23.391,660.86,0.505,0.981
690,10,3,33.767,327.349,0.747,608,23.415,664.572,0.504,0.982
691,8,0,34.116,327.279,0.747,606,23.469,655.672,0.502,0.983
692,4,0,34.535,327.279,0.752,603,23.519,651.169,0.499,0.985
693,13,2,34.698,327.279,0.752,608,23.474,655.202,0.501,0.986
694,5,0,34.837,327.279,0.755,603,23.445,656.676,0.494,0.985
695,7,1,35.093,326.953,0.762,602,22.945,658.264,0.491,0.985
696,10,1,34.953,326.953,0.759,605,17.986,662.454,0.493,0.983
697,8,0,27.605,327.884,0.705,607,24.68,498.842,0.492,0.876
698,3,0,27.721,327.884,0.703,605,24.798,500.268,0.491,0.878
699,8,1,28.186,327.884,0.702,607,24.69,510.375,0.492,0.894
700,9,0,28.674,328.279,0.705,611,24.56,517.624,0.495,0.91
701,6,0,28.86,328.837,0.703,615,24.503,522.415,0.499,0.919
702,9,0,29.186,329.14,0.703,620,24.23,537.852,0.503,0.93
703,9,0,29.977,329.047,0.714,623,23.993,566.067,0.51,0.95
704,8,2,30.256,329.047,0.716,624,23.892,567.386,0.508,0.952
705,4,2,30.349,328.953,0.718,615,24.114,560.503,0.498,0.947
706,9,3,30.767,329.233,0.72,613,19.566,576.209,0.5,0.947
707,7,2,31.14,329.233,0.723,606,19.493,575.435,0.497,0.951
708,8,1,31.419,329.233,0.729,608,19.317,577.308,0.497,0.954
709,13,0,32.163,329.233,0.732,613,19.179,592.468,0.502,0.965
710,4,0,32.651,329.233,0.727,606,19.259,591.44,0.492,0.966
711,11,0,32.605,329.512,0.728,611,13.882,592.359,0.494,0.96
712,7,1,32.977,329.233,0.73,608,19.207,592.514,0.49,0.968
713,7,0,33.023,328.674,0.732,611,19.145,601.339,0.491,0.969
714,11,1,33.395,329.0,0.732,617,18.969,615.155,0.499,0.975
715,10,2,33.581,329.116,0.733,622,18.833,625.511,0.503,0.978
716,13,2,33.581,329.163,0.733,628,18.795,623.685,0.505,0.978
717,7,2,33.953,329.163,0.734,626,18.738,626.149,0.505,0.981
718,8,1,34.047,329.163,0.742,624,18.693,632.055,0.504,0.981
719,9,1,33.93,329.163,0.744,628,18.664,632.112,0.507,0.981
720,5,0,33.907,328.767,0.745,623,18.672,632.337,0.503,0.98
721,10,0,34.442,329.953,0.756,629,17.365,642.218,0.507,0.983
722,6,0,34.628,329.953,0.757,629,17.362,645.737,0.506,0.984
723,10,1,34.512,329.837,0.753,633,17.295,651.332,0.51,0.984
724,9,1,28.651,332.512,0.708,632,23.411,529.376,0.511,0.925
725,8,1,28.884,332.605,0.707,636,23.164,537.664,0.514,0.932
726,11,1,29.256,332.605,0.709,639,23.072,548.958,0.515,0.94
727,10,0,30.047,332.605,0.714,639,22.877,566.029,0.514,0.952
728,6,2,30.512,332.605,0.718,630,22.978,561.443,0.505,0.952
729,2,0,30.767,332.651,0.719,626,22.891,565.488,0.503,0.954
730,9,1,30.86,332.651,0.715,631,22.782,568.377,0.508,0.958
731,7,0,31.326,332.814,0.72,628,22.355,582.631,0.507,0.962
732,11,1,31.977,332.814,0.729,633,22.219,593.354,0.511,0.971
733,9,1,32.0,332.814,0.728,633,22.25,589.533,0.508,0.97
734,6,1,32.186,332.884,0.737,633,22.268,591.243,0.511,0.973
735,9,0,32.512,332.884,0.741,637,21.981,603.282,0.516,0.977
736,8,0,32.465,334.07,0.743,642,16.378,615.084,0.52,0.973
737,4,0,32.558,334.07,0.745,636,16.734,601.068,0.512,0.971
738,12,1,32.093,330.86,0.745,636,17.373,601.983,0.511,0.967
739,13,0,32.651,330.907,0.75,638,17.214,612.757,0.51,0.972
740,8,0,32.837,330.907,0.749,639,17.116,617.78,0.509,0.973
741,9,2,33.163,330.907,0.755,637,16.991,629.999,0.509,0.975
742,6,2,33.116,330.814,0.755,636,17.041,626.966,0.507,0.974
743,7,1,32.791,330.814,0.749,636,17.085,620.969,0.505,0.971
744,9,0,32.605,330.814,0.747,639,16.985,619.409,0.508,0.97
745,8,2,33.023,333.233,0.76,635,13.272,628.392,0.503,0.969
746,11,0,32.953,340.977,0.758,639,11.249,632.321,0.508,0.968
747,12,2,34.023,333.186,0.75,640,16.64,652.122,0.513,0.982
748,9,1,34.163,329.605,0.756,643,22.46,655.7,0.516,0.986
749,7,2,34.116,330.279,0.755,643,22.433,656.337,0.518,0.986
750,8,3,34.674,330.279,0.759,639,22.451,667.34,0.516,0.988
751,10,2,35.302,336.86,0.764,641,16.509,681.33,0.52,0.989
752,8,2,35.209,330.256,0.758,642,22.201,683.856,0.521,0.991
753,8,1,35.279,330.349,0.759,644,21.953,683.897,0.519,0.991
754,10,0,35.512,330.279,0.76,645,21.841,689.009,0.519,0.991
755,12,1,35.674,330.279,0.763,652,21.749,694.229,0.524,0.992
756,8,2,36.116,330.279,0.769,649,21.889,695.398,0.519,0.993
757,8,1,36.302,330.581,0.768,651,21.267,708.752,0.522,0.993
758,9,1,36.535,330.581,0.766,649,17.89,704.544,0.519,0.993
759,4,4,36.674,330.581,0.767,644,17.941,699.483,0.514,0.992
760,9,0,36.977,330.744,0.77,647,17.822,711.423,0.517,0.993
761,4,0,36.907,330.744,0.766,645,17.794,710.65,0.516,0.993
762,12,4,37.209,330.744,0.768,646,17.756,718.667,0.517,0.994
763,7,1,36.884,330.628,0.769,644,17.643,711.924,0.514,0.993
764,13,1,37.163,330.628,0.775,651,16.474,708.093,0.52,0.994
765,6,1,37.581,330.698,0.778,648,16.415,714.649,0.516,0.994
766,8,0,27.186,334.047,0.727,649,22.329,511.417,0.526,0.904
767,8,0,27.605,334.047,0.73,651,19.035,517.858,0.525,0.905
768,9,0,27.651,334.023,0.725,657,18.864,534.671,0.534,0.916
769,10,0,28.837,334.093,0.728,658,13.91,563.606,0.533,0.93
770,4,1,29.86,338.326,0.735,656,19.04,574.845,0.533,0.955
771,6,2,30.674,338.326,0.739,647,19.066,581.742,0.525,0.961
772,8,1,31.047,330.116,0.738,646,22.902,593.56,0.524,0.969
773,8,0,30.884,338.326,0.738,642,22.897,581.835,0.516,0.963
774,8,3,31.163,338.326,0.741,638,22.907,589.802,0.514,0.965
775,6,0,31.86,338.326,0.747,632,22.89,594.791,0.508,0.969
776,10,0,32.558,338.326,0.751,633,22.763,593.771,0.503,0.973
777,7,0,33.116,338.326,0.753,632,17.569,604.516,0.5,0.972
778,8,0,31.349,339.349,0.727,635,23.615,559.784,0.499,0.96
779,10,1,31.302,339.488,0.721,640,23.579,560.062,0.5,0.96
780,10,0,31.256,339.163,0.719,645,23.413,557.076,0.508,0.964
781,7,1,31.814,339.163,0.724,646,17.757,567.434,0.506,0.962
782,5,0,31.953,343.093,0.736,648,14.063,570.393,0.507,0.96
783,9,0,32.0,343.093,0.746,651,13.988,572.926,0.514,0.964
784,11,0,32.372,343.186,0.747,652,14.14,584.516,0.514,0.968
785,7,1,32.837,343.186,0.743,654,19.742,597.921,0.516,0.977
786,12,1,33.07,343.186,0.742,659,18.164,616.213,0.519,0.979
787,8,3,33.442,343.186,0.742,654,18.073,622.907,0.521,0.982
788,4,1,33.628,342.465,0.743,648,18.172,615.63,0.513,0.981
789,9,1,34.209,342.465,0.744,649,17.161,637.821,0.52,0.985
790,12,1,34.628,342.465,0.751,656,16.986,650.188,0.526,0.988
791,8,2,35.14,342.605,0.755,653,16.988,656.922,0.524,0.989
792,6,1,35.93,342.605,0.759,649,17.012,664.65,0.519,0.991
793,4,0,36.302,342.605,0.751,645,16.999,666.922,0.518,0.992
794,9,0,36.395,342.605,0.749,644,16.966,671.918,0.518,0.992
795,6,0,31.721,338.558,0.719,643,23.083,567.031,0.524,0.975
796,8,0,32.14,340.488,0.723,648,17.705,584.841,0.529,0.975
797,10,0,32.651,340.488,0.735,653,17.592,601.201,0.532,0.98
798,13,2,33.349,340.837,0.737,657,17.387,616.738,0.536,0.985
799,10,2,33.721,342.814,0.735,660,17.159,634.876,0.542,0.987
800,13,3,33.581,342.814,0.742,667,17.074,630.351,0.546,0.987
801,6,1,34.163,342.814,0.744,661,17.089,631.359,0.539,0.988
802,5,0,27.465,337.279,0.692,663,23.01,516.088,0.541,0.929
803,6,0,28.07,337.279,0.695,663,22.926,533.631,0.542,0.941
804,4,1,28.814,339.86,0.701,655,22.941,544.867,0.536,0.949
805,10,2,29.093,339.86,0.701,654,17.903,547.51,0.535,0.944
806,5,1,29.558,339.86,0.699,652,17.875,555.478,0.534,0.95
807,8,0,30.302,340.209,0.702,649,17.664,573.667,0.535,0.96
808,11,0,30.581,340.442,0.705,652,17.475,591.086,0.54,0.966
809,7,1,31.07,340.581,0.705,647,17.519,594.023,0.536,0.969
810,7,1,31.163,340.581,0.706,650,17.421,596.449,0.538,0.971
811,6,0,31.302,340.581,0.707,650,17.421,595.365,0.536,0.971
812,5,0,31.302,340.581,0.708,650,17.44,593.913,0.535,0.97
813,5,0,31.558,342.558,0.718,649,13.455,600.197,0.533,0.968
814,13,0,31.93,342.558,0.726,655,12.079,610.107,0.536,0.972
815,4,2,32.581,342.326,0.726,651,17.378,616.623,0.535,0.98
816,9,3,32.628,342.326,0.726,653,17.345,618.347,0.536,0.981
817,6,0,33.093,342.558,0.726,652,17.321,626.527,0.535,0.983
818,13,0,27.372,339.837,0.739,660,19.253,518.952,0.543,0.92
819,9,1,28.116,339.837,0.741,655,19.304,533.445,0.541,0.934
820,8,0,28.302,339.837,0.74,657,19.227,537.456,0.542,0.939
821,12,1,29.372,341.163,0.75,660,19.084,554.689,0.544,0.956
822,8,0,29.605,341.163,0.75,661,19.008,559.156,0.545,0.96
823,9,0,29.791,342.628,0.753,663,19.054,556.093,0.545,0.962
824,2,0,29.884,342.628,0.752,658,19.1,557.666,0.542,0.961
825,13,3,30.209,342.628,0.755,661,19.026,563.732,0.545,0.966
826,11,1,31.023,342.628,0.758,663,18.717,581.364,0.545,0.973
827,9,1,32.116,342.628,0.761,661,18.659,602.051,0.538,0.979
828,4,2,32.163,342.628,0.756,653,13.319,600.828,0.536,0.975
829,6,1,32.535,339.535,0.757,652,18.483,620.591,0.535,0.98
830,8,1,33.093,339.535,0.758,648,13.156,632.899,0.534,0.98
831,8,2,33.279,339.535,0.759,646,18.382,632.071,0.535,0.984
832,13,0,33.14,339.535,0.757,654,18.349,635.516,0.537,0.984
833,7,0,33.395,339.628,0.761,653,18.381,633.81,0.534,0.985
834,6,1,33.395,339.628,0.761,655,18.344,636.724,0.535,0.985
835,5,0,33.767,339.628,0.763,652,17.032,640.802,0.532,0.985
836,9,0,34.349,339.558,0.765,649,17.012,649.834,0.532,0.988
837,6,0,31.419,347.14,0.733,645,23.198,605.876,0.522,0.972
838,9,3,31.744,346.256,0.737,649,23.09,613.983,0.526,0.976
839,8,1,31.744,346.256,0.736,652,23.057,623.143,0.53,0.977
840,6,2,32.07,346.256,0.737,651,19.037,628.81,0.529,0.976
841,5,0,32.302,345.86,0.744,647,19.063,633.779,0.528,0.977
842,4,0,32.674,345.86,0.751,641,19.085,634.098,0.525,0.979
843,10,1,32.791,345.86,0.75,642,19.0,644.627,0.531,0.981
844,8,1,33.023,345.86,0.749,645,18.902,654.069,0.531,0.982
845,8,1,33.186,344.0,0.748,639,17.775,648.631,0.525,0.981
846,7,1,28.907,346.326,0.696,634,24.287,524.118,0.512,0.933
847,8,2,29.233,346.326,0.702,634,24.246,533.546,0.512,0.939
848,8,0,29.698,346.326,0.705,634,24.133,538.626,0.511,0.946
849,8,0,30.674,346.326,0.722,636,23.828,570.513,0.515,0.961
850,10,0,30.907,346.326,0.72,634,18.489,569.318,0.514,0.957
851,7,0,31.837,346.512,0.729,634,18.262,577.144,0.514,0.967
852,9,0,31.791,346.512,0.724,640,18.185,582.059,0.52,0.969
853,5,1,29.442,348.953,0.731,638,24.695,527.431,0.515,0.946
854,13,2,29.442,349.0,0.731,644,24.63,531.807,0.518,0.948
855,11,2,29.442,348.791,0.731,644,24.265,525.346,0.514,0.944
856,5,0,29.628,348.791,0.729,648,24.052,538.201,0.517,0.949
857,11,0,30.302,348.791,0.728,652,24.01,547.589,0.519,0.959
858,7,1,30.674,348.791,0.732,648,24.014,555.673,0.516,0.962
859,11,2,31.256,345.767,0.738,644,23.956,563.931,0.511,0.966
860,8,1,31.302,345.767,0.739,645,23.933,568.409,0.514,0.968
861,9,1,31.209,345.419,0.739,647,24.013,569.889,0.514,0.967
862,7,0,32.0,345.419,0.743,646,23.984,579.34,0.51,0.972
863,12,2,32.326,348.14,0.743,650,23.898,584.094,0.514,0.976
864,5,0,32.93,348.256,0.748,645,23.906,589.099,0.508,0.978
865,9,2,33.209,348.256,0.752,647,23.82,597.336,0.509,0.981
866,4,0,33.581,348.256,0.756,645,18.221,604.982,0.507,0.978
867,11,1,31.163,338.767,0.73,644,24.551,569.247,0.506,0.963
868,6,0,31.744,338.767,0.732,643,24.362,586.745,0.506,0.969
869,7,0,31.93,338.767,0.741,641,20.088,589.59,0.503,0.964
870,9,1,32.395,338.767,0.751,638,20.008,596.615,0.5,0.968
871,8,1,32.721,338.349,0.75,637,19.93,607.744,0.5,0.971
872,11,2,33.07,338.023,0.748,636,19.971,618.664,0.498,0.973
873,13,4,33.07,338.023,0.751,639,19.944,617.175,0.499,0.973
874,6,3,33.186,337.047,0.751,634,19.943,616.938,0.497,0.974
875,11,0,33.233,337.047,0.748,639,19.878,616.684,0.499,0.975
876,7,0,33.488,337.047,0.753,636,19.94,618.424,0.495,0.975
877,9,2,33.628,337.047,0.754,636,19.995,618.197,0.493,0.976
878,3,1,33.767,337.047,0.758,635,19.961,620.893,0.493,0.976
879,6,1,33.93,337.047,0.758,631,20.012,617.731,0.489,0.976
880,10,2,34.116,344.628,0.758,633,14.266,623.912,0.489,0.973
881,8,0,34.535,343.721,0.759,630,14.346,619.392,0.484,0.975
882,10,0,34.953,344.488,0.764,631,14.244,630.414,0.487,0.978
883,2,0,35.233,344.488,0.765,625,14.219,631.253,0.482,0.979
884,8,0,35.558,344.698,0.765,626,14.065,635.981,0.486,0.982
885,7,0,35.744,337.302,0.768,622,19.813,627.469,0.478,0.984
886,6,2,35.744,337.302,0.766,621,19.77,632.001,0.481,0.985
887,10,0,36.209,337.302,0.766,627,19.662,640.083,0.487,0.988
888,6,0,36.814,337.302,0.765,627,19.647,641.91,0.485,0.99
889,11,1,37.233,337.302,0.772,628,18.211,651.977,0.486,0.99
890,13,2,34.419,337.721,0.742,629,24.457,598.416,0.489,0.982
891,10,1,34.977,337.721,0.756,629,18.449,615.331,0.493,0.983
892,8,1,32.558,335.558,0.727,631,24.997,565.239,0.492,0.971
893,6,1,33.023,335.558,0.728,630,25.293,563.127,0.49,0.974
894,11,0,33.767,335.558,0.731,632,25.138,577.468,0.491,0.98
895,9,2,33.837,335.558,0.748,633,20.879,586.444,0.493,0.978
896,7,0,34.07,335.558,0.752,635,20.373,601.829,0.497,0.98
897,10,3,34.395,335.558,0.756,635,20.009,613.448,0.5,0.982
898,11,0,34.721,335.395,0.762,639,19.892,624.36,0.504,0.985
899,8,3,34.953,333.302,0.764,632,20.053,617.286,0.498,0.985
900,7,1,34.86,333.302,0.762,631,20.074,619.073,0.497,0.984
901,10,0,34.767,333.302,0.762,635,19.982,621.087,0.503,0.985
902,8,0,34.767,332.977,0.764,635,19.992,622.802,0.502,0.985
903,6,1,35.326,332.977,0.764,635,19.886,635.221,0.506,0.988
904,8,2,35.605,332.977,0.765,630,19.756,637.85,0.502,0.988
905,9,1,35.558,332.977,0.765,631,19.865,625.287,0.499,0.988
906,7,0,35.419,332.977,0.764,633,19.858,626.855,0.502,0.988
907,12,1,35.349,332.535,0.766,633,19.958,614.429,0.503,0.987
908,9,1,35.628,332.535,0.771,637,19.87,623.483,0.508,0.989
909,9,2,35.349,332.535,0.772,632,19.922,621.094,0.504,0.988
910,9,2,35.674,333.884,0.773,634,19.883,626.314,0.505,0.989
911,5,0,35.767,333.884,0.774,633,19.884,627.505,0.506,0.989
912,12,0,32.837,330.488,0.73,639,25.234,577.811,0.51,0.979
913,5,0,33.047,330.535,0.733,633,25.538,569.947,0.502,0.978
914,2,0,33.395,330.442,0.735,627,21.486,571.135,0.496,0.976
915,8,1,33.628,330.442,0.738,625,21.543,572.149,0.493,0.977
916,10,0,33.674,330.442,0.742,629,21.529,573.947,0.493,0.977
917,13,2,33.791,330.442,0.747,633,19.84,582.647,0.495,0.977
918,7,0,25.651,319.535,0.72,631,27.147,417.921,0.486,0.791
919,5,0,26.186,317.116,0.724,619,27.249,417.693,0.474,0.79
920,8,1,26.419,317.558,0.723,619,27.118,422.251,0.473,0.798
921,13,0,26.651,318.488,0.725,624,26.997,432.012,0.478,0.82
922,7,0,27.163,318.651,0.724,623,27.334,446.1,0.48,0.848
923,9,1,27.581,321.233,0.725,628,27.146,456.42,0.486,0.874
924,5,0,28.279,321.233,0.732,621,27.219,463.032,0.478,0.884
925,7,0,28.326,321.233,0.736,619,27.291,459.431,0.473,0.878
926,11,0,28.837,321.233,0.734,617,27.436,458.869,0.466,0.885
927,8,1,29.023,320.86,0.731,615,27.491,458.637,0.464,0.888
928,13,0,29.512,320.163,0.734,620,27.262,470.581,0.468,0.907
929,9,0,29.93,320.163,0.735,624,27.114,479.119,0.474,0.924
930,4,1,30.186,319.233,0.738,621,27.128,479.113,0.47,0.924
931,9,1,30.605,320.186,0.737,622,26.914,488.497,0.473,0.935
932,9,2,31.233,320.698,0.738,620,26.834,496.099,0.47,0.944
933,3,0,31.419,319.977,0.738,614,27.358,490.246,0.464,0.943
934,13,1,31.744,321.442,0.741,617,26.508,494.804,0.466,0.949
935,7,0,32.302,321.953,0.746,615,26.491,504.554,0.464,0.955
936,6,0,32.535,321.953,0.75,613,26.167,510.029,0.463,0.957
937,5,0,32.721,321.419,0.751,613,26.134,516.069,0.465,0.961
938,10,1,33.186,322.0,0.753,619,25.917,532.021,0.473,0.969
939,9,1,33.698,321.488,0.755,616,25.804,537.616,0.47,0.972
940,5,0,33.93,321.581,0.756,617,25.703,545.999,0.471,0.974
941,7,0,33.837,321.581,0.757,617,25.754,539.411,0.47,0.973
942,7,0,33.884,321.233,0.754,615,25.758,543.701,0.469,0.973
943,6,0,33.651,323.209,0.756,614,25.71,544.615,0.469,0.971
944,6,0,34.116,323.209,0.758,614,25.618,553.897,0.47,0.976
945,8,0,34.302,323.395,0.76,614,25.576,554.066,0.471,0.977
946,13,1,34.163,323.605,0.758,617,21.434,549.872,0.47,0.972
947,10,1,34.581,323.605,0.756,618,21.403,558.614,0.473,0.977
948,9,0,34.581,323.419,0.758,622,20.907,559.669,0.477,0.978
949,6,0,35.233,323.419,0.763,619,20.834,566.582,0.474,0.981
950,9,1,35.558,323.395,0.762,622,24.122,581.23,0.477,0.985
951,5,0,35.744,323.233,0.759,621,24.013,587.615,0.479,0.986
952,9,0,36.209,323.209,0.761,619,23.876,593.521,0.476,0.987
953,4,1,36.209,322.837,0.76,618,23.966,586.981,0.472,0.987
954,8,1,36.488,322.837,0.76,617,23.787,587.99,0.473,0.988
955,9,1,36.674,322.837,0.76,616,23.8,587.699,0.474,0.989
956,13,2,36.953,326.558,0.777,622,18.414,604.714,0.481,0.989
957,8,1,34.465,326.605,0.754,626,24.822,587.355,0.488,0.983
958,13,1,34.326,326.605,0.755,631,24.965,582.798,0.49,0.982
959,7,1,33.953,326.605,0.756,627,24.668,570.919,0.488,0.979
960,13,0,33.907,326.605,0.756,631,24.607,572.773,0.489,0.98
961,6,1,34.326,326.605,0.757,631,24.394,586.083,0.49,0.982
962,10,3,34.581,326.605,0.755,629,20.354,594.862,0.493,0.982
963,4,0,34.651,326.605,0.761,622,20.225,583.097,0.489,0.981
964,9,0,34.953,326.605,0.76,629,20.085,590.865,0.494,0.984
965,7,0,35.326,326.605,0.763,630,19.991,605.371,0.497,0.986
966,7,1,35.512,326.605,0.763,625,20.084,604.171,0.494,0.986
967,6,0,35.465,326.605,0.762,628,19.989,602.111,0.497,0.987
968,8,1,35.744,326.605,0.762,625,19.955,602.685,0.496,0.988
969,8,0,35.721,326.605,0.762,627,19.932,603.616,0.499,0.988
970,7,2,36.0,325.186,0.762,618,20.076,594.942,0.491,0.988
971,9,1,36.186,325.186,0.769,622,19.767,603.585,0.496,0.989
972,6,0,36.233,325.093,0.769,623,19.798,603.088,0.495,0.989
973,10,1,36.465,324.977,0.77,624,19.749,614.07,0.497,0.99
974,8,1,36.581,324.977,0.767,625,19.629,619.884,0.5,0.991
975,7,0,36.419,324.977,0.768,620,19.655,614.667,0.493,0.989
976,11,0,25.047,327.023,0.705,625,26.529,400.01,0.492,0.77
977,9,0,25.372,326.86,0.706,629,26.564,404.683,0.492,0.787
978,7,1,26.372,334.07,0.721,627,20.671,422.531,0.49,0.803
979,4,0,27.209,334.186,0.726,617,20.688,431.712,0.484,0.828
980,7,0,27.581,334.07,0.727,618,19.978,447.293,0.489,0.851
981,10,1,28.023,334.07,0.729,618,19.896,453.948,0.486,0.861
982,9,0,28.674,334.07,0.735,621,19.658,465.442,0.489,0.887
983,9,0,29.651,334.07,0.737,620,19.497,486.145,0.487,0.912
984,7,0,30.395,334.07,0.739,620,13.899,500.476,0.487,0.916
985,7,1,30.814,326.116,0.732,615,19.496,514.292,0.481,0.931
986,6,2,30.86,326.116,0.733,614,19.476,518.265,0.482,0.933
987,9,0,31.279,326.116,0.735,614,19.385,524.897,0.482,0.941
988,12,0,31.233,326.186,0.728,620,19.241,528.399,0.486,0.943
989,12,2,31.465,326.116,0.73,621,19.577,536.027,0.488,0.949
990,8,0,32.116,326.116,0.732,621,19.566,548.381,0.489,0.959
991,6,0,28.581,321.186,0.705,617,27.682,476.657,0.485,0.904
992,8,0,28.814,321.186,0.712,620,27.13,486.888,0.49,0.914
993,8,0,29.535,321.302,0.714,619,27.043,497.165,0.492,0.932
994,6,0,29.814,321.209,0.717,621,26.989,504.776,0.493,0.938
995,6,0,30.116,321.209,0.721,618,26.533,518.507,0.494,0.944
996,13,0,30.535,321.349,0.722,628,26.242,534.76,0.5,0.954
997,7,1,30.721,321.349,0.724,631,26.025,545.123,0.503,0.958
998,1,0,30.837,321.349,0.725,627,26.069,543.41,0.5,0.958
999,12,0,31.674,331.93,0.728,635,21.119,568.748,0.509,0.966
1000,0,0,32.372,331.93,0.731,627,21.295,572.279,0.5,0.969
