1,8,0,0.419,1.395,0.0,7,347.115,0.0,0.005,0.044
2,12,0,1.233,6.0,0.005,18,293.119,0.307,0.014,0.011
3,7,0,1.721,9.744,0.009,25,251.654,1.034,0.021,0.004
4,13,0,2.302,15.907,0.015,37,213.937,2.685,0.033,0.002
5,6,0,2.488,17.535,0.015,43,201.913,3.327,0.038,0.001
6,7,0,2.953,21.651,0.023,50,187.033,4.199,0.043,0.001
7,5,0,3.14,24.0,0.027,55,182.761,4.466,0.045,0.001
8,5,0,3.419,25.372,0.03,58,166.483,5.544,0.046,0.001
9,3,0,3.698,27.605,0.036,60,161.548,5.871,0.047,0.001
10,5,0,3.837,28.977,0.036,65,155.044,6.603,0.051,0.0
11,11,0,4.209,35.535,0.045,75,137.815,8.835,0.061,0.0
12,8,0,4.674,40.814,0.052,83,122.185,11.669,0.07,0.0
13,11,0,5.326,43.512,0.053,92,106.896,14.482,0.077,0.0
14,13,0,5.558,49.907,0.058,105,96.85,18.013,0.091,0.0
15,8,0,6.07,55.674,0.069,111,90.53,20.669,0.098,0.0
16,8,0,6.116,57.395,0.07,119,92.849,22.53,0.102,0.0
17,9,0,6.628,60.791,0.077,126,82.046,25.827,0.106,0.0
18,11,0,6.907,62.837,0.078,135,76.076,28.972,0.111,0.0
19,8,0,7.279,66.93,0.082,142,71.59,33.607,0.12,0.0
20,8,0,7.977,73.791,0.093,148,64.31,40.619,0.131,0.0
21,6,0,8.256,80.791,0.11,153,59.887,43.639,0.136,0.0
22,4,0,8.349,81.628,0.107,157,58.575,45.343,0.141,0.0
23,6,0,8.721,84.488,0.111,161,55.373,48.544,0.147,0.0
24,7,0,9.047,85.419,0.113,165,53.528,51.343,0.148,0.0
25,7,0,9.465,87.372,0.12,168,50.972,55.561,0.148,0.0
26,11,0,10.023,93.349,0.129,174,47.792,64.516,0.159,0.0
27,10,0,10.488,97.977,0.136,184,44.557,70.474,0.166,0.001
28,7,0,10.767,101.93,0.141,190,42.888,75.085,0.174,0.001
29,8,0,11.326,106.0,0.153,194,40.966,77.676,0.176,0.001
30,6,0,11.837,110.837,0.166,197,40.708,84.785,0.18,0.001
31,7,0,11.884,112.605,0.168,203,40.293,87.277,0.183,0.001
32,7,0,12.116,113.488,0.165,209,39.358,91.09,0.189,0.001
33,11,0,12.256,117.814,0.174,216,39.24,93.746,0.194,0.001
34,11,0,12.605,123.628,0.187,225,36.85,103.406,0.202,0.001
35,12,0,13.023,127.767,0.195,235,35.412,109.696,0.208,0.002
36,8,0,13.372,128.419,0.199,239,33.284,112.584,0.207,0.002
37,11,0,13.744,135.302,0.209,250,31.087,124.602,0.219,0.002
38,7,0,14.0,139.186,0.22,253,29.648,127.054,0.222,0.002
39,7,0,14.116,140.628,0.221,259,29.478,130.34,0.225,0.002
40,5,0,14.279,140.0,0.218,262,29.215,136.083,0.226,0.002
41,8,0,14.698,147.279,0.237,269,27.643,143.285,0.234,0.003
42,7,0,15.186,151.651,0.249,273,26.842,151.304,0.239,0.004
43,4,0,15.116,153.698,0.252,276,26.589,152.291,0.243,0.004
44,8,0,15.558,160.907,0.273,279,24.767,161.541,0.248,0.004
45,9,0,16.14,168.163,0.291,285,23.614,173.563,0.257,0.006
46,10,0,16.907,171.047,0.303,290,22.893,180.209,0.257,0.007
47,9,0,17.14,173.14,0.3,298,21.877,190.09,0.267,0.009
48,9,0,17.0,173.721,0.298,305,21.839,189.897,0.271,0.009
49,10,0,17.186,176.698,0.296,314,20.832,203.685,0.283,0.011
50,10,0,17.605,182.209,0.312,321,19.479,211.512,0.289,0.013
51,8,0,18.256,185.907,0.324,324,18.531,223.252,0.293,0.016
52,5,0,18.605,186.395,0.33,324,18.548,227.287,0.29,0.017
53,4,0,18.605,186.326,0.331,325,18.511,224.532,0.289,0.017
54,6,0,18.419,186.558,0.33,326,18.617,220.74,0.29,0.016
55,6,0,18.558,186.558,0.328,328,18.393,224.011,0.293,0.017
56,8,0,19.023,187.14,0.329,329,18.081,229.154,0.294,0.02
57,7,0,18.837,186.581,0.324,334,18.377,226.813,0.296,0.02
58,8,0,19.163,189.163,0.329,340,17.712,231.391,0.302,0.024
59,10,0,19.814,191.651,0.335,347,17.146,244.825,0.308,0.031
60,12,0,20.465,203.674,0.374,356,16.075,263.174,0.317,0.041
61,11,0,21.349,208.651,0.388,360,15.105,285.433,0.324,0.057
62,11,0,21.907,211.233,0.392,367,14.622,296.241,0.332,0.073
63,10,0,22.279,214.488,0.405,371,14.401,301.994,0.333,0.082
64,9,0,22.279,217.163,0.409,378,14.225,305.735,0.338,0.088
65,13,0,22.558,220.233,0.412,387,13.682,316.883,0.349,0.108
66,4,0,22.558,220.233,0.41,390,13.575,316.348,0.351,0.111
67,10,0,23.302,223.07,0.418,395,12.918,328.478,0.357,0.143
68,7,0,23.349,223.302,0.423,396,12.931,327.275,0.354,0.14
69,7,0,23.349,226.651,0.436,399,12.908,327.62,0.357,0.146
70,6,0,23.86,229.395,0.447,400,12.648,341.026,0.36,0.172
71,7,0,23.953,229.86,0.452,402,12.662,346.803,0.359,0.174
72,8,0,23.581,228.023,0.45,404,12.898,342.142,0.355,0.152
73,8,0,23.791,228.023,0.451,405,12.829,340.926,0.354,0.157
74,8,0,23.814,228.023,0.448,408,12.616,343.714,0.357,0.164
75,3,0,23.814,231.419,0.46,407,12.728,341.951,0.357,0.163
76,9,0,24.326,234.651,0.468,414,12.274,354.629,0.365,0.202
77,6,0,24.558,236.674,0.474,416,11.771,361.786,0.367,0.217
78,6,0,24.767,239.047,0.48,417,11.513,368.91,0.371,0.238
79,7,0,24.884,243.465,0.501,417,11.586,376.309,0.373,0.25
80,10,0,25.488,247.698,0.518,423,11.0,395.136,0.379,0.303
81,10,0,25.721,251.605,0.529,430,10.871,398.49,0.386,0.338
82,7,0,26.0,251.605,0.531,427,10.619,401.336,0.383,0.347
83,11,0,26.14,256.535,0.554,433,10.575,416.183,0.389,0.376
84,5,0,26.628,256.674,0.558,431,10.742,419.449,0.384,0.397
85,8,0,26.581,262.209,0.577,435,10.49,421.676,0.388,0.404
86,6,0,27.093,262.209,0.575,436,10.492,439.372,0.393,0.462
87,8,0,27.326,267.605,0.59,439,10.291,444.369,0.398,0.499
88,13,0,27.233,270.744,0.607,445,10.241,449.451,0.399,0.495
89,5,0,27.163,270.744,0.61,444,10.424,436.355,0.395,0.477
90,8,0,27.116,270.907,0.61,447,10.316,437.664,0.399,0.487
91,11,0,27.837,274.256,0.621,451,9.93,447.392,0.401,0.545
92,5,0,28.14,276.791,0.633,446,9.957,447.343,0.396,0.552
93,6,0,27.953,277.349,0.637,447,10.013,442.791,0.393,0.528
94,6,0,28.233,282.349,0.662,446,10.267,446.025,0.396,0.561
95,7,0,28.419,285.419,0.67,448,10.153,450.318,0.399,0.586
96,13,0,28.93,291.419,0.68,457,9.656,470.859,0.413,0.667
97,4,0,28.837,293.023,0.688,455,9.764,464.368,0.411,0.654
98,7,0,28.465,290.372,0.68,457,9.719,459.699,0.41,0.625
99,11,0,28.419,290.953,0.679,462,9.64,468.546,0.415,0.637
100,6,0,28.395,294.767,0.687,457,9.683,469.122,0.415,0.634
101,11,0,28.395,296.767,0.684,466,9.303,481.482,0.424,0.663
102,12,0,28.767,302.163,0.697,477,8.79,520.044,0.441,0.738
103,7,0,29.093,303.512,0.702,474,8.761,525.442,0.438,0.747
104,5,0,29.465,304.535,0.703,474,8.695,531.696,0.437,0.767
105,10,0,29.628,309.047,0.709,481,8.653,537.149,0.442,0.787
106,8,0,27.023,317.721,0.693,484,11.944,484.704,0.438,0.632
107,4,0,27.372,317.721,0.697,482,11.857,493.429,0.437,0.654
108,13,1,27.233,312.442,0.684,487,14.808,488.708,0.436,0.663
109,5,0,26.791,312.442,0.685,486,14.992,472.103,0.432,0.618
110,9,0,26.721,312.302,0.685,489,19.853,484.52,0.439,0.676
111,10,1,26.814,312.302,0.682,494,19.707,494.319,0.446,0.701
112,6,0,26.86,312.302,0.681,489,19.749,489.835,0.442,0.694
113,6,0,27.0,312.419,0.68,490,19.38,493.375,0.444,0.706
114,5,0,27.14,316.256,0.681,492,19.132,499.225,0.448,0.723
115,9,0,27.326,316.256,0.681,498,18.965,504.82,0.451,0.744
116,7,0,27.744,317.419,0.697,497,18.907,513.308,0.451,0.767
117,6,1,27.977,320.442,0.705,497,18.744,521.007,0.454,0.786
118,10,0,20.698,310.465,0.655,503,28.334,381.561,0.452,0.336
119,10,0,21.302,310.674,0.658,507,28.133,395.69,0.457,0.394
120,5,0,21.791,311.349,0.659,506,28.089,407.25,0.455,0.427
121,8,0,22.302,311.349,0.662,512,27.681,423.778,0.461,0.485
122,7,0,23.465,312.488,0.681,509,27.156,440.946,0.459,0.561
123,5,0,23.884,312.605,0.688,506,27.031,446.16,0.456,0.583
124,13,0,24.535,314.163,0.697,514,26.709,466.915,0.462,0.65
125,8,2,24.674,314.791,0.701,514,26.595,466.728,0.465,0.667
126,9,0,24.953,318.744,0.703,518,26.417,464.207,0.466,0.689
127,4,0,25.372,318.047,0.706,513,26.517,466.128,0.459,0.696
128,5,0,25.419,319.698,0.709,513,26.557,469.872,0.461,0.703
129,13,3,25.651,319.698,0.706,516,26.342,480.457,0.464,0.727
130,5,1,25.674,318.395,0.709,512,26.357,478.921,0.462,0.723
131,8,1,25.907,317.209,0.705,513,26.281,485.559,0.464,0.741
132,7,0,26.233,319.07,0.707,515,26.125,491.37,0.467,0.767
133,7,0,26.163,319.07,0.71,518,26.074,498.68,0.469,0.769
134,8,0,26.116,319.07,0.709,525,25.983,500.165,0.472,0.773
135,7,1,26.605,319.07,0.712,526,25.89,504.863,0.468,0.79
136,8,0,27.233,322.372,0.709,529,25.743,518.374,0.471,0.826
137,8,0,27.651,322.558,0.715,532,25.057,527.201,0.475,0.848
138,9,0,28.279,323.86,0.73,535,24.925,549.131,0.48,0.88
139,11,2,28.233,323.86,0.725,537,24.911,546.87,0.482,0.881
140,4,0,28.233,322.977,0.723,537,24.943,543.492,0.48,0.877
141,5,0,28.326,323.884,0.731,538,24.899,544.304,0.482,0.884
142,9,1,28.256,323.837,0.732,538,25.462,533.478,0.481,0.881
143,7,1,28.977,323.837,0.735,540,25.412,544.793,0.478,0.9
144,7,1,29.581,325.605,0.739,542,25.176,553.217,0.479,0.916
145,6,0,29.721,325.233,0.739,542,24.981,556.372,0.481,0.921
146,5,0,30.0,325.233,0.741,543,24.889,564.346,0.483,0.929
147,11,1,30.419,334.209,0.745,549,24.42,573.946,0.492,0.943
148,5,1,30.977,334.209,0.746,544,24.421,584.46,0.489,0.95
149,10,1,31.186,334.256,0.745,550,24.343,593.527,0.496,0.957
150,6,0,31.512,334.744,0.749,552,19.987,603.917,0.498,0.957
151,6,0,31.488,334.744,0.752,553,19.995,603.185,0.501,0.958
152,11,4,31.349,334.744,0.75,559,19.84,608.857,0.506,0.96
153,8,2,31.744,333.395,0.75,556,19.867,605.364,0.501,0.961
154,11,2,31.558,333.558,0.755,559,19.928,605.958,0.501,0.959
155,13,2,31.977,335.395,0.754,563,19.908,611.268,0.499,0.963
156,9,0,32.023,335.163,0.751,568,19.829,618.46,0.503,0.966
157,10,3,31.977,335.953,0.752,572,19.796,624.59,0.506,0.966
158,7,0,32.093,335.953,0.749,574,19.621,629.89,0.509,0.969
159,10,2,32.186,336.116,0.75,576,19.251,631.213,0.509,0.969
160,8,1,32.605,336.116,0.749,579,19.099,653.7,0.514,0.975
161,7,0,32.837,335.93,0.751,576,19.089,657.097,0.511,0.975
162,7,0,32.977,336.0,0.748,576,19.085,657.039,0.511,0.976
163,7,3,32.977,336.14,0.749,574,19.037,652.612,0.51,0.976
164,7,1,33.093,336.186,0.75,574,19.033,657.094,0.511,0.977
165,11,2,32.535,336.256,0.744,575,18.955,645.018,0.513,0.973
166,9,2,32.86,336.302,0.742,572,18.897,639.688,0.509,0.975
167,6,0,32.93,336.302,0.741,575,18.853,640.978,0.512,0.976
168,11,2,33.326,336.93,0.743,577,18.742,646.143,0.513,0.979
169,7,1,33.326,337.047,0.746,580,13.54,647.529,0.514,0.976
170,7,0,33.884,337.209,0.747,577,13.509,653.445,0.508,0.978
171,9,1,33.907,337.86,0.746,574,19.432,644.506,0.503,0.98
172,7,0,34.047,337.86,0.749,571,19.56,633.143,0.496,0.979
173,10,2,25.581,335.698,0.707,571,27.192,425.111,0.497,0.813
174,10,0,25.581,335.744,0.709,576,27.058,437.154,0.503,0.825
175,12,1,26.07,335.744,0.716,579,26.881,449.736,0.503,0.847
176,4,0,26.674,335.744,0.716,574,26.847,463.351,0.5,0.863
177,10,0,27.279,335.744,0.718,580,26.653,480.591,0.508,0.895
178,11,1,27.837,335.86,0.72,582,26.609,487.389,0.508,0.91
179,1,0,28.116,335.86,0.721,575,26.643,489.3,0.503,0.911
180,8,1,28.349,336.744,0.719,577,21.535,501.713,0.508,0.909
181,7,0,28.581,336.884,0.721,579,21.38,504.521,0.505,0.912
182,9,1,29.07,336.884,0.727,583,21.31,514.871,0.51,0.928
183,10,2,29.116,336.884,0.728,586,21.267,515.394,0.512,0.931
184,7,0,29.488,337.233,0.726,583,21.051,521.213,0.508,0.934
185,9,1,29.581,337.233,0.722,581,21.111,520.636,0.504,0.932
186,8,0,29.535,341.628,0.731,580,15.285,520.455,0.505,0.919
187,7,0,30.419,341.628,0.739,579,15.151,543.357,0.506,0.938
188,9,1,30.86,337.233,0.736,577,20.885,554.276,0.507,0.955
189,7,0,31.163,336.558,0.736,577,20.871,559.131,0.506,0.959
190,6,2,31.442,336.651,0.741,576,20.845,564.91,0.506,0.962
191,7,1,31.419,339.233,0.742,578,20.873,563.645,0.508,0.963
192,9,1,31.419,339.512,0.749,574,20.963,553.126,0.504,0.96
193,8,3,31.837,339.512,0.759,574,20.905,556.789,0.502,0.964
194,11,1,32.023,339.512,0.762,579,20.761,563.414,0.509,0.969
195,9,0,31.302,333.767,0.728,582,28.165,537.238,0.511,0.971
196,6,0,31.488,333.767,0.725,581,28.139,545.524,0.509,0.972
197,13,1,31.628,333.767,0.722,589,26.452,556.055,0.516,0.974
198,13,1,31.488,333.814,0.738,592,22.227,554.906,0.515,0.968
199,6,1,31.93,333.814,0.753,592,22.146,562.556,0.516,0.973
200,8,1,32.302,333.814,0.755,595,22.061,574.533,0.518,0.976
201,9,0,32.651,333.767,0.756,598,21.949,578.932,0.519,0.979
202,10,1,32.93,333.86,0.751,601,21.825,589.13,0.521,0.981
203,8,1,33.023,333.953,0.752,603,21.573,593.64,0.521,0.981
204,13,2,33.209,333.86,0.745,606,21.488,601.107,0.529,0.984
205,7,0,33.465,337.233,0.756,603,20.695,603.803,0.526,0.984
206,5,0,33.977,337.233,0.76,597,20.698,606.081,0.524,0.986
207,6,2,33.977,337.233,0.76,596,20.687,604.539,0.524,0.986
208,10,2,34.093,337.419,0.757,596,20.729,601.003,0.521,0.986
209,6,1,34.93,337.419,0.767,593,20.694,613.502,0.52,0.989
210,9,2,35.349,337.326,0.769,595,20.668,619.657,0.519,0.99
211,8,2,35.442,336.721,0.773,590,20.222,625.291,0.514,0.99
212,4,1,35.488,337.116,0.77,587,20.257,623.383,0.512,0.99
213,5,0,27.186,329.953,0.719,583,27.878,476.695,0.511,0.901
214,10,0,28.116,330.302,0.727,582,26.026,491.436,0.509,0.917
215,5,0,29.093,336.047,0.737,580,21.945,514.92,0.511,0.931
216,10,2,29.488,336.372,0.738,584,21.865,524.32,0.513,0.94
217,12,0,29.953,337.605,0.742,591,20.396,540.85,0.515,0.947
218,7,1,29.558,345.698,0.726,591,32.326,516.224,0.521,0.962
219,11,2,30.047,346.465,0.731,596,23.049,532.847,0.522,0.957
220,9,3,30.349,337.093,0.734,596,23.416,532.184,0.521,0.96
221,9,0,30.907,337.233,0.738,596,23.387,536.721,0.52,0.966
222,10,3,31.256,331.209,0.734,598,32.943,547.518,0.524,0.979
223,6,0,31.279,334.86,0.744,598,27.651,550.286,0.523,0.975
224,11,3,31.837,334.86,0.745,598,26.017,556.299,0.523,0.977
225,11,0,32.488,338.326,0.75,600,24.867,576.169,0.524,0.981
226,3,0,32.814,338.558,0.75,595,24.909,579.771,0.519,0.982
227,8,1,32.93,338.581,0.753,595,24.902,580.584,0.518,0.982
228,7,0,33.349,338.581,0.756,597,24.84,585.361,0.52,0.985
229,13,1,33.744,338.488,0.757,599,24.94,594.735,0.518,0.986
230,6,1,33.372,338.488,0.759,597,25.012,586.202,0.517,0.984
231,6,0,33.86,338.488,0.763,597,24.985,593.62,0.515,0.986
232,4,0,34.047,338.488,0.762,597,24.925,595.755,0.517,0.987
233,8,3,33.814,338.488,0.759,594,24.995,591.759,0.512,0.985
234,10,0,34.512,338.837,0.762,593,25.007,587.501,0.504,0.986
235,1,0,34.326,338.837,0.761,588,25.111,574.049,0.499,0.985
236,7,0,34.558,338.837,0.763,586,25.178,571.343,0.497,0.985
237,6,0,34.744,339.163,0.759,583,25.197,563.175,0.493,0.985
238,2,0,34.512,339.163,0.759,577,25.259,559.768,0.49,0.983
239,9,0,34.512,339.163,0.758,580,25.23,562.792,0.49,0.984
240,10,0,34.419,339.233,0.764,580,19.617,574.41,0.491,0.98
241,13,1,32.977,334.558,0.754,580,27.425,554.031,0.494,0.977
242,6,0,33.349,334.558,0.757,579,26.011,559.241,0.493,0.978
243,8,0,33.814,334.558,0.755,581,25.897,574.551,0.497,0.982
244,6,0,33.86,334.674,0.754,582,25.827,579.112,0.5,0.983
245,12,0,33.953,334.721,0.756,588,25.845,583.203,0.501,0.984
246,7,0,33.884,334.674,0.753,588,25.704,590.674,0.504,0.984
247,8,0,34.163,334.674,0.759,588,25.673,592.794,0.503,0.985
248,9,0,34.233,334.674,0.757,595,25.613,602.381,0.508,0.986
249,6,1,34.047,334.674,0.753,593,23.534,590.987,0.509,0.985
250,6,1,30.767,324.837,0.738,586,33.958,534.956,0.505,0.968
251,12,0,31.07,324.837,0.738,593,28.267,546.443,0.511,0.968
252,5,0,31.442,324.837,0.742,590,28.337,547.77,0.503,0.969
253,13,1,31.907,324.744,0.745,593,34.082,559.054,0.507,0.978
254,9,2,32.326,324.744,0.747,589,34.065,568.361,0.505,0.981
255,8,0,32.628,325.093,0.746,592,28.558,579.516,0.508,0.98
256,6,0,32.442,325.093,0.746,595,28.548,578.297,0.51,0.979
257,6,1,32.674,325.349,0.746,591,28.543,580.045,0.509,0.98
258,4,0,33.0,325.349,0.747,588,28.537,580.095,0.506,0.981
259,12,1,33.047,325.349,0.743,591,28.464,582.68,0.511,0.983
260,5,0,33.279,325.442,0.744,587,28.456,582.879,0.511,0.984
261,7,1,33.186,334.372,0.744,585,28.405,581.342,0.507,0.983
262,7,0,33.837,334.372,0.743,584,28.369,586.563,0.507,0.986
263,9,3,33.698,334.512,0.743,584,28.095,590.058,0.507,0.985
264,8,0,33.907,334.535,0.745,583,28.108,584.034,0.503,0.985
265,11,1,34.209,334.14,0.744,586,27.939,603.252,0.509,0.987
266,5,2,34.698,334.14,0.745,583,27.912,609.862,0.507,0.989
267,5,1,34.884,334.14,0.743,579,27.936,605.124,0.504,0.989
268,7,1,34.651,334.14,0.744,582,27.977,605.976,0.506,0.989
269,13,2,35.209,333.791,0.75,584,27.365,624.56,0.511,0.991
270,7,2,35.279,334.233,0.751,580,27.411,619.603,0.508,0.991
271,8,1,35.605,334.233,0.755,575,27.464,623.206,0.506,0.991
272,4,0,35.744,334.14,0.754,574,27.492,627.592,0.505,0.992
273,2,0,35.953,325.372,0.756,567,27.699,621.628,0.498,0.991
274,10,0,35.442,325.372,0.758,570,27.801,606.079,0.494,0.989
275,11,2,35.651,324.581,0.76,572,27.681,615.365,0.499,0.991
276,10,4,35.837,323.767,0.764,571,27.69,617.763,0.498,0.991
277,11,0,35.837,327.395,0.772,579,21.912,626.071,0.503,0.99
278,10,0,29.256,329.977,0.732,584,29.334,505.095,0.509,0.946
279,11,1,30.0,330.279,0.733,586,23.671,523.487,0.507,0.947
280,4,0,30.0,330.279,0.732,589,23.631,524.296,0.508,0.948
281,5,0,30.465,330.279,0.731,589,21.919,535.299,0.51,0.953
282,7,0,30.837,330.279,0.743,587,21.951,537.619,0.508,0.957
283,8,0,31.047,329.349,0.745,587,21.954,540.764,0.505,0.958
284,8,0,31.233,329.535,0.745,585,21.95,540.947,0.506,0.961
285,10,2,31.977,329.674,0.746,583,21.864,561.981,0.504,0.968
286,8,1,31.698,323.837,0.737,584,25.637,557.199,0.502,0.968
287,6,0,31.884,324.093,0.738,585,25.546,567.773,0.507,0.971
288,5,1,32.419,332.302,0.736,581,24.68,575.804,0.502,0.973
289,11,2,32.791,332.395,0.737,583,20.942,583.429,0.503,0.973
290,13,4,32.884,332.395,0.739,589,20.82,587.886,0.508,0.976
291,13,0,33.442,332.395,0.741,597,20.597,615.036,0.517,0.982
292,6,0,33.814,332.395,0.744,596,20.633,616.877,0.512,0.983
293,9,0,32.419,322.791,0.729,601,29.055,593.89,0.516,0.981
294,7,1,32.326,322.791,0.729,599,29.163,589.782,0.513,0.98
295,6,0,32.558,323.744,0.732,600,27.89,592.861,0.513,0.98
296,6,0,33.209,323.837,0.737,597,27.889,601.005,0.51,0.983
297,13,1,33.116,338.326,0.733,599,27.802,598.929,0.511,0.983
298,5,3,33.023,336.791,0.731,594,27.827,593.718,0.506,0.981
299,5,0,32.744,336.977,0.73,592,27.96,588.836,0.503,0.979
300,10,3,33.163,337.349,0.736,585,27.514,594.556,0.496,0.979
301,8,1,33.558,338.163,0.737,585,27.553,600.582,0.493,0.981
302,9,1,33.907,338.163,0.741,587,27.531,614.641,0.496,0.983
303,8,4,34.093,336.628,0.746,587,21.989,612.849,0.493,0.98
304,3,1,34.372,336.628,0.744,584,22.012,618.012,0.49,0.981
305,11,2,34.442,337.372,0.744,586,19.559,618.078,0.489,0.979
306,13,0,35.14,336.651,0.732,592,21.12,643.695,0.5,0.987
307,5,1,35.488,336.651,0.733,587,21.045,649.295,0.5,0.988
308,7,0,33.744,324.581,0.739,587,22.992,598.816,0.502,0.981
309,8,1,33.791,324.581,0.742,584,23.02,600.006,0.502,0.981
310,9,1,33.93,324.581,0.739,585,22.974,600.795,0.502,0.982
311,7,0,32.023,321.953,0.714,590,31.556,582.708,0.508,0.978
312,8,0,32.209,322.0,0.711,589,31.634,578.518,0.504,0.978
313,9,0,33.14,322.0,0.716,587,28.363,597.725,0.503,0.981
314,4,1,33.512,321.977,0.717,580,28.265,594.343,0.498,0.982
315,5,1,33.558,322.233,0.719,577,31.099,593.281,0.497,0.984
316,10,0,33.953,332.721,0.725,582,30.534,602.357,0.502,0.986
317,12,2,34.279,332.488,0.729,582,27.264,612.84,0.504,0.987
318,10,1,34.814,340.767,0.737,583,26.985,632.997,0.508,0.989
319,8,2,34.86,340.767,0.74,582,27.007,631.819,0.507,0.989
320,6,0,35.0,340.698,0.739,580,27.059,629.137,0.502,0.989
321,6,1,35.279,340.535,0.747,580,26.936,630.966,0.502,0.99
322,5,0,35.465,340.535,0.752,583,21.619,642.998,0.505,0.989
323,11,0,34.721,340.605,0.744,588,30.437,624.015,0.506,0.99
324,6,1,34.814,340.605,0.745,588,30.473,627.398,0.503,0.99
325,7,0,35.395,340.953,0.748,586,30.431,631.37,0.503,0.991
326,6,0,35.628,340.558,0.746,584,30.488,624.302,0.498,0.991
327,5,0,35.721,340.558,0.749,583,30.532,622.934,0.497,0.991
328,13,0,35.977,335.209,0.756,592,25.486,634.047,0.505,0.992
329,6,1,36.14,335.07,0.755,593,25.465,632.77,0.505,0.992
330,6,0,36.186,335.419,0.752,594,25.328,634.834,0.504,0.992
331,13,2,36.256,335.419,0.755,602,25.234,642.844,0.51,0.993
332,10,1,36.488,335.907,0.755,601,25.192,643.558,0.508,0.993
333,12,1,36.488,336.093,0.755,606,24.777,653.137,0.509,0.993
334,7,0,36.395,336.093,0.759,604,24.819,655.922,0.507,0.993
335,8,0,36.581,335.953,0.761,607,24.839,654.557,0.507,0.993
336,9,1,37.023,335.581,0.765,602,24.854,653.429,0.5,0.993
337,7,1,37.349,335.186,0.767,601,23.343,655.139,0.496,0.993
338,13,1,37.581,335.186,0.771,604,23.283,664.953,0.498,0.994
339,8,1,37.884,335.814,0.774,606,23.278,676.397,0.498,0.995
340,8,1,38.14,335.814,0.773,607,23.277,675.394,0.497,0.995
341,6,1,37.907,335.814,0.764,606,23.342,663.357,0.496,0.994
342,8,1,38.163,335.814,0.762,611,23.234,672.681,0.501,0.995
343,4,0,38.163,335.814,0.761,608,23.437,665.327,0.497,0.995
344,8,0,37.744,339.535,0.76,605,22.616,666.501,0.494,0.994
345,13,1,37.93,339.535,0.763,613,22.406,683.448,0.505,0.995
346,7,0,38.395,339.535,0.761,609,17.515,692.686,0.505,0.995
347,8,0,38.488,339.535,0.757,612,17.487,694.835,0.507,0.995
348,11,0,39.023,337.953,0.757,611,16.924,719.238,0.511,0.996
349,8,2,38.605,329.535,0.766,606,22.853,702.734,0.503,0.996
350,4,0,38.512,329.535,0.768,603,22.839,702.535,0.502,0.996
351,11,2,38.349,329.581,0.774,600,22.952,698.005,0.494,0.995
352,8,1,38.814,329.581,0.776,598,22.876,701.225,0.497,0.996
353,7,1,38.907,332.279,0.779,598,19.285,706.084,0.497,0.995
354,10,2,38.767,332.279,0.779,596,19.349,697.173,0.493,0.995
355,6,0,21.814,326.442,0.609,596,27.232,402.129,0.484,0.525
356,8,1,22.326,326.767,0.612,596,26.941,413.185,0.485,0.566
357,11,0,23.535,331.116,0.626,600,23.183,429.535,0.485,0.627
358,10,2,24.488,331.256,0.634,599,22.896,453.228,0.486,0.696
359,11,2,24.86,331.256,0.649,601,22.729,462.262,0.492,0.735
360,1,0,24.93,328.674,0.651,596,22.806,464.604,0.489,0.733
361,10,1,25.093,329.116,0.652,599,22.407,472.276,0.491,0.746
362,11,1,25.233,331.884,0.66,601,21.129,478.815,0.496,0.758
363,9,0,26.023,332.791,0.661,602,20.131,499.163,0.5,0.804
364,9,0,26.163,332.116,0.661,606,19.513,501.612,0.502,0.813
365,11,0,27.047,332.186,0.668,607,19.405,522.609,0.502,0.852
366,9,1,27.721,332.372,0.669,605,19.826,535.71,0.5,0.875
367,12,1,27.953,334.814,0.669,611,19.314,545.831,0.504,0.887
368,13,0,28.465,334.488,0.674,614,19.065,561.498,0.511,0.91
369,9,1,28.651,334.488,0.685,609,18.546,562.477,0.507,0.908
370,10,0,24.093,324.372,0.67,613,24.434,467.636,0.507,0.743
371,4,0,24.465,324.372,0.672,614,24.225,476.908,0.51,0.772
372,7,0,25.116,323.14,0.674,615,24.09,492.065,0.511,0.807
373,8,0,26.14,323.93,0.679,614,23.518,515.729,0.509,0.847
374,9,0,26.465,323.93,0.682,618,23.388,522.755,0.512,0.863
375,7,0,26.907,324.605,0.687,617,23.119,535.177,0.512,0.879
376,8,0,27.465,328.209,0.704,618,22.836,556.885,0.517,0.902
377,5,0,27.744,328.209,0.708,617,22.809,567.985,0.519,0.911
378,5,1,28.302,328.209,0.711,615,22.825,573.793,0.515,0.92
379,10,2,29.047,328.209,0.711,617,22.638,592.149,0.516,0.936
380,8,0,29.326,328.209,0.708,617,22.557,597.494,0.518,0.942
381,6,1,30.163,328.209,0.716,608,22.669,600.138,0.504,0.946
382,9,0,30.767,328.209,0.717,606,22.6,614.949,0.504,0.955
383,8,1,30.698,328.209,0.716,604,22.504,609.252,0.504,0.953
384,9,1,31.093,328.209,0.717,603,22.462,613.429,0.503,0.958
385,7,1,31.372,332.512,0.717,604,22.432,618.951,0.503,0.961
386,9,1,31.419,332.628,0.716,607,19.538,618.095,0.503,0.958
387,13,0,31.628,332.116,0.722,614,19.369,629.38,0.508,0.963
388,10,1,32.047,332.116,0.719,615,19.136,640.436,0.51,0.968
389,10,0,32.047,332.302,0.725,619,19.037,645.788,0.511,0.969
390,12,1,32.233,332.302,0.723,621,19.079,653.006,0.508,0.969
391,5,1,32.302,332.302,0.723,617,19.184,645.249,0.502,0.967
392,6,0,32.442,332.442,0.725,618,19.107,645.418,0.499,0.967
393,10,2,32.395,332.279,0.729,617,19.079,635.985,0.496,0.965
394,5,1,32.674,332.279,0.731,615,19.092,636.129,0.493,0.966
395,9,0,33.163,332.279,0.734,616,18.142,651.084,0.49,0.969
396,13,1,33.116,327.721,0.734,617,18.134,655.594,0.492,0.969
397,7,0,25.047,323.14,0.678,616,23.913,477.44,0.496,0.766
398,12,0,25.442,324.163,0.682,621,20.431,483.861,0.499,0.776
399,9,0,26.047,324.419,0.684,622,19.05,499.203,0.5,0.801
400,8,0,26.674,324.442,0.691,623,18.735,518.198,0.504,0.837
401,10,1,27.07,324.442,0.692,626,18.554,535.212,0.51,0.864
402,7,1,27.535,324.512,0.697,622,18.452,538.475,0.507,0.875
403,7,0,28.233,324.512,0.705,617,18.424,549.502,0.502,0.889
404,5,1,28.977,324.884,0.712,615,18.401,556.448,0.497,0.904
405,13,1,26.86,329.14,0.71,612,24.893,531.99,0.488,0.841
406,13,0,27.233,329.326,0.712,622,24.579,554.093,0.498,0.872
