1,10,0,0.571,2.381,0.0,10,343.504,0.0,0.008,0.043
2,3,0,0.762,3.619,0.002,13,338.565,0.0,0.011,0.04
3,3,0,1.048,5.476,0.002,16,312.542,0.0,0.015,0.02
4,3,0,1.238,8.476,0.005,19,296.248,0.013,0.021,0.014
5,4,0,1.667,10.429,0.006,23,263.514,0.118,0.026,0.006
6,7,0,2.238,15.952,0.01,29,233.207,0.222,0.039,0.003
7,5,0,2.524,19.952,0.014,34,215.035,0.418,0.046,0.002
8,5,0,2.952,24.0,0.022,38,195.203,0.555,0.05,0.001
9,5,0,3.524,31.857,0.036,42,162.589,0.864,0.06,0.001
10,3,0,3.81,35.381,0.042,45,158.804,0.937,0.064,0.001
11,6,0,3.571,36.524,0.04,51,173.93,0.96,0.07,0.001
12,9,0,3.857,41.905,0.043,59,146.478,1.231,0.082,0.001
13,4,0,4.0,43.905,0.042,63,141.52,1.358,0.089,0.001
14,4,0,4.095,45.238,0.043,67,140.311,1.415,0.092,0.001
15,3,0,4.19,45.714,0.04,70,131.682,1.533,0.096,0.0
16,8,0,4.905,52.905,0.055,77,109.841,2.089,0.103,0.0
17,4,0,5.286,61.0,0.071,81,99.665,2.559,0.112,0.0
18,4,0,5.571,63.238,0.07,85,95.559,2.889,0.119,0.0
19,7,0,6.095,68.81,0.077,91,80.539,3.815,0.13,0.0
20,8,0,6.667,73.381,0.082,98,71.661,4.519,0.138,0.0
21,3,0,6.952,75.857,0.09,98,72.729,4.66,0.138,0.0
22,3,0,7.238,77.952,0.097,98,69.129,4.959,0.138,0.0
23,3,0,7.429,80.286,0.101,101,66.766,5.289,0.142,0.0
24,3,0,7.429,80.571,0.099,104,66.078,5.205,0.145,0.0
25,5,0,7.714,87.857,0.112,108,61.867,5.597,0.156,0.0
26,6,0,7.524,89.19,0.11,113,61.199,5.631,0.161,0.0
27,8,0,8.286,97.667,0.124,119,55.276,6.449,0.174,0.0
28,6,0,8.476,100.857,0.125,125,53.093,7.364,0.183,0.0
29,3,0,8.476,102.048,0.127,127,52.108,7.759,0.186,0.0
30,3,0,8.381,102.667,0.125,130,52.314,7.808,0.189,0.0
31,5,0,9.048,103.143,0.129,130,47.378,8.358,0.187,0.0
32,8,0,9.429,110.571,0.146,137,43.727,8.62,0.195,0.001
33,3,0,9.905,115.476,0.157,139,41.175,9.263,0.2,0.001
34,4,0,10.286,120.19,0.17,143,39.305,9.944,0.204,0.001
35,6,0,10.857,126.571,0.183,148,37.035,10.894,0.214,0.001
36,3,0,10.857,127.048,0.181,151,36.39,11.367,0.218,0.001
37,9,0,11.429,127.048,0.169,157,35.48,12.927,0.228,0.001
38,0,0,11.619,127.048,0.174,154,35.317,12.633,0.224,0.001
39,6,0,12.19,127.714,0.176,157,34.887,13.188,0.225,0.002
40,2,0,12.095,128.571,0.175,159,35.012,13.193,0.229,0.002
41,2,0,12.095,128.571,0.174,161,34.695,13.338,0.229,0.002
42,3,0,12.19,128.571,0.176,162,35.16,13.306,0.228,0.002
43,7,0,12.095,124.667,0.154,168,35.418,13.797,0.234,0.002
44,7,0,12.19,127.81,0.16,173,37.553,14.43,0.24,0.002
45,4,0,12.571,130.81,0.173,175,35.785,15.135,0.238,0.002
46,8,0,12.81,133.476,0.175,180,34.21,15.339,0.245,0.002
47,3,0,13.095,133.714,0.174,179,31.519,15.503,0.247,0.003
48,10,0,13.571,141.619,0.188,187,28.737,16.461,0.261,0.003
49,8,0,14.524,151.381,0.217,192,24.593,19.511,0.27,0.004
50,2,0,15.095,151.381,0.223,190,23.836,19.866,0.264,0.005
51,7,0,15.19,152.095,0.218,196,23.482,20.498,0.272,0.005
52,4,0,15.19,152.238,0.22,198,23.226,20.739,0.271,0.005
53,6,0,15.667,153.476,0.22,202,22.27,22.074,0.275,0.006
54,2,0,15.571,154.048,0.222,203,22.237,21.845,0.276,0.006
55,5,0,16.048,157.381,0.236,204,21.778,22.012,0.277,0.007
56,6,0,16.048,158.429,0.233,209,21.528,22.292,0.282,0.008
57,5,0,16.476,161.143,0.239,212,20.899,23.193,0.286,0.009
58,5,0,16.952,162.952,0.239,215,19.869,25.07,0.294,0.011
59,7,0,17.238,164.476,0.24,218,19.474,25.929,0.297,0.013
60,8,0,17.619,167.143,0.245,224,18.936,26.138,0.302,0.015
61,1,0,17.81,168.762,0.257,221,18.915,26.042,0.297,0.015
62,6,0,17.619,168.952,0.251,225,18.529,26.176,0.302,0.015
63,6,0,17.524,169.381,0.249,228,18.627,26.354,0.306,0.016
64,5,0,18.0,171.667,0.252,231,18.119,27.383,0.312,0.019
65,3,0,18.0,171.667,0.251,230,18.114,27.576,0.313,0.02
66,7,0,18.095,173.048,0.255,235,17.946,27.904,0.314,0.02
67,3,0,18.381,175.048,0.263,235,17.685,29.386,0.315,0.022
68,6,0,19.238,181.524,0.283,238,16.778,30.052,0.319,0.03
69,6,0,19.714,189.0,0.303,242,15.731,32.345,0.328,0.038
70,5,0,20.19,191.905,0.31,244,15.032,33.243,0.333,0.046
71,8,0,20.571,193.0,0.305,252,14.374,34.859,0.343,0.057
72,8,0,20.857,199.238,0.322,257,14.048,35.877,0.348,0.067
73,5,0,20.571,200.524,0.331,257,14.179,35.491,0.347,0.06
74,6,0,20.667,202.143,0.336,258,13.998,35.738,0.349,0.064
75,7,0,20.524,204.476,0.341,262,13.878,35.873,0.354,0.065
76,5,0,20.429,204.476,0.337,264,13.427,36.666,0.358,0.066
77,5,0,20.429,204.476,0.335,266,13.25,36.4,0.36,0.068
78,5,0,20.905,204.524,0.339,268,13.022,36.87,0.357,0.074
79,3,0,20.905,205.667,0.34,268,12.917,36.479,0.361,0.078
80,3,0,20.81,206.762,0.342,271,12.889,37.202,0.364,0.079
81,2,0,20.476,206.762,0.35,269,13.17,35.868,0.357,0.066
82,3,0,20.952,208.429,0.36,269,12.872,36.072,0.355,0.073
83,8,0,20.762,210.667,0.365,275,12.875,36.651,0.361,0.074
84,2,0,20.762,210.952,0.367,275,12.876,36.754,0.361,0.074
85,6,0,20.571,212.905,0.366,279,12.622,37.924,0.37,0.079
86,5,0,20.571,214.19,0.364,282,12.299,39.014,0.376,0.085
87,5,0,21.143,215.762,0.367,281,11.621,41.278,0.38,0.103
88,4,0,21.333,219.762,0.375,284,11.271,42.861,0.39,0.123
89,9,0,22.048,225.333,0.39,291,10.488,45.62,0.399,0.164
90,5,0,22.429,226.19,0.395,292,10.246,46.157,0.4,0.182
91,3,0,22.952,226.762,0.401,290,10.146,46.662,0.397,0.199
92,5,0,23.333,229.143,0.406,290,10.062,46.806,0.402,0.231
93,5,0,23.952,230.429,0.412,288,9.637,48.157,0.402,0.264
94,5,0,24.143,232.476,0.419,290,9.736,47.659,0.403,0.281
95,5,0,24.333,233.619,0.425,292,9.731,48.004,0.406,0.3
96,1,0,24.429,233.619,0.427,289,9.888,46.683,0.402,0.297
97,5,0,24.619,234.667,0.429,291,9.959,47.061,0.404,0.315
98,3,0,25.19,235.143,0.43,290,9.701,48.43,0.407,0.362
99,5,0,25.19,235.286,0.428,292,9.636,48.739,0.408,0.366
100,5,0,25.286,237.048,0.428,295,9.495,48.942,0.416,0.401
101,4,0,22.762,240.19,0.445,295,9.976,45.051,0.419,0.245
102,7,0,23.238,240.905,0.446,299,9.595,46.113,0.424,0.284
103,4,0,23.095,240.905,0.449,297,9.907,45.076,0.422,0.271
104,4,0,23.571,242.952,0.461,296,9.779,46.07,0.42,0.296
105,5,0,24.048,242.667,0.455,297,9.624,47.653,0.424,0.34
106,4,0,24.476,245.238,0.467,295,9.241,50.536,0.426,0.373
107,2,0,25.429,245.143,0.471,293,8.986,52.889,0.422,0.43
108,8,0,25.429,245.333,0.469,297,8.819,53.312,0.427,0.447
109,2,0,25.714,249.714,0.49,294,8.581,55.136,0.425,0.459
110,3,0,25.762,249.714,0.491,293,8.556,55.137,0.424,0.459
111,5,0,26.524,250.857,0.496,294,8.147,57.535,0.427,0.523
112,6,0,26.619,251.238,0.492,298,7.885,59.432,0.432,0.549
113,7,0,26.095,251.238,0.5,300,8.39,55.925,0.426,0.489
114,2,0,26.381,251.238,0.504,296,8.378,56.927,0.422,0.497
115,5,0,25.619,251.238,0.504,296,8.73,55.688,0.421,0.436
116,6,0,25.429,251.238,0.499,298,8.659,55.482,0.425,0.436
117,4,0,25.333,251.238,0.505,298,8.804,54.951,0.418,0.407
118,2,0,25.81,251.238,0.51,295,8.934,54.585,0.413,0.426
119,8,0,26.0,254.476,0.513,301,8.517,56.543,0.425,0.481
120,4,0,26.048,254.286,0.513,302,8.576,56.279,0.424,0.481
121,4,0,26.238,256.238,0.526,301,8.49,56.228,0.42,0.48
122,9,0,25.762,259.333,0.523,307,8.166,58.172,0.434,0.492
123,5,0,26.0,259.333,0.523,307,7.936,59.231,0.436,0.516
124,6,0,26.571,259.333,0.523,308,7.821,59.72,0.437,0.562
125,4,0,26.667,259.333,0.525,308,7.987,60.049,0.433,0.557
126,5,0,26.571,260.19,0.527,312,7.918,61.05,0.435,0.557
127,4,0,27.0,259.333,0.527,313,7.878,61.12,0.431,0.575
128,9,0,27.143,259.333,0.516,317,7.373,63.684,0.443,0.623
129,8,0,27.905,263.952,0.537,321,7.164,65.105,0.449,0.695
130,5,0,28.19,263.952,0.537,323,7.056,66.028,0.451,0.72
131,6,0,28.381,267.238,0.544,328,6.797,67.004,0.462,0.759
132,7,0,28.476,269.048,0.55,332,6.49,70.517,0.47,0.784
133,6,0,28.857,269.619,0.547,336,6.319,71.882,0.476,0.817
134,5,0,29.0,269.619,0.548,335,6.205,72.63,0.476,0.822
135,6,0,28.714,271.238,0.549,340,6.034,73.829,0.483,0.825
136,5,0,29.19,271.238,0.553,340,6.025,74.205,0.479,0.836
137,4,0,29.381,272.714,0.557,341,5.847,75.165,0.485,0.855
138,5,0,29.476,272.714,0.561,343,5.877,75.363,0.481,0.851
139,8,0,29.19,275.19,0.566,350,5.73,76.291,0.491,0.857
140,7,0,29.762,276.952,0.581,352,5.741,77.457,0.489,0.874
141,8,0,29.952,280.571,0.587,358,5.664,77.899,0.496,0.892
142,5,0,29.667,286.048,0.596,360,5.667,77.012,0.501,0.89
143,11,0,30.333,286.524,0.605,361,5.447,78.219,0.503,0.91
144,7,0,30.524,286.524,0.599,365,5.235,80.024,0.509,0.922
145,5,0,30.714,289.429,0.615,364,5.262,80.278,0.513,0.93
146,7,0,30.667,289.429,0.615,366,5.284,81.115,0.513,0.929
147,6,0,30.857,293.952,0.639,368,5.319,79.834,0.512,0.932
148,5,0,31.048,294.143,0.638,369,5.242,80.558,0.513,0.937
149,5,0,31.143,294.143,0.645,369,5.213,80.511,0.513,0.938
150,8,0,31.333,294.143,0.645,373,5.028,82.22,0.517,0.944
151,2,0,32.095,294.143,0.647,369,4.944,83.433,0.515,0.954
152,11,0,32.286,298.238,0.654,375,4.55,85.508,0.527,0.963
153,2,0,32.619,298.571,0.656,373,4.542,85.408,0.525,0.966
154,2,0,33.0,298.571,0.667,369,4.741,84.382,0.514,0.964
155,4,0,32.81,299.952,0.666,369,4.748,83.575,0.513,0.961
156,4,0,32.81,300.952,0.668,369,4.82,83.173,0.509,0.96
157,8,0,33.095,301.714,0.672,369,4.65,85.531,0.515,0.966
158,4,0,33.0,302.524,0.675,371,4.487,86.691,0.523,0.968
159,5,0,32.524,307.286,0.686,373,4.479,85.61,0.524,0.964
160,4,0,32.619,307.952,0.699,368,4.649,84.129,0.515,0.96
161,5,0,33.667,307.952,0.702,364,4.592,85.807,0.507,0.968
162,1,0,33.952,306.762,0.701,359,4.762,84.543,0.501,0.968
163,3,0,34.238,306.762,0.706,355,4.936,83.475,0.491,0.966
164,4,0,34.905,307.524,0.714,350,5.027,83.223,0.48,0.968
165,4,0,34.81,307.524,0.714,351,5.048,82.719,0.481,0.967
166,4,0,35.048,307.524,0.716,349,5.05,82.687,0.477,0.968
167,2,0,34.952,307.524,0.717,347,5.144,81.308,0.473,0.965
168,4,0,34.286,307.524,0.718,347,5.146,81.384,0.475,0.958
169,5,0,34.381,307.714,0.715,350,5.084,81.908,0.477,0.961
170,5,0,34.381,307.714,0.711,355,4.966,82.836,0.484,0.964
171,2,0,34.286,307.714,0.712,353,4.997,82.089,0.482,0.962
172,3,0,34.476,307.714,0.713,350,5.018,82.227,0.48,0.963
173,8,0,35.0,310.524,0.718,350,4.979,83.088,0.479,0.968
174,3,0,35.381,310.524,0.72,349,4.963,83.999,0.476,0.97
175,5,0,35.095,310.857,0.721,353,4.9,84.215,0.482,0.97
176,2,0,34.619,310.619,0.725,349,5.142,82.587,0.475,0.962
177,5,0,34.048,310.238,0.721,345,5.259,80.499,0.471,0.953
178,6,0,34.429,310.238,0.72,344,5.204,80.663,0.47,0.957
179,6,0,34.238,310.238,0.724,345,5.249,81.186,0.469,0.954
180,2,0,34.143,310.238,0.728,339,5.383,80.396,0.463,0.949
181,5,0,34.333,310.238,0.732,337,5.469,80.447,0.46,0.95
182,7,0,34.333,311.429,0.736,340,5.474,81.202,0.465,0.953
183,2,0,34.333,305.952,0.731,337,5.635,79.868,0.458,0.948
184,10,0,34.81,305.952,0.726,345,5.416,83.005,0.463,0.958
185,8,0,35.19,303.476,0.716,351,5.16,86.468,0.468,0.965
186,2,0,35.095,303.476,0.716,349,5.272,85.343,0.463,0.961
187,7,0,35.048,305.286,0.716,352,5.055,88.184,0.469,0.964
188,5,0,35.048,305.286,0.707,352,5.112,85.559,0.465,0.962
189,3,0,34.857,305.286,0.707,349,5.22,84.961,0.464,0.959
190,8,0,34.762,304.81,0.718,353,5.118,85.294,0.472,0.962
191,1,0,34.476,304.81,0.718,354,5.164,84.613,0.473,0.959
192,6,0,34.952,306.333,0.726,356,5.007,86.462,0.478,0.967
193,6,0,35.048,307.333,0.728,361,4.827,87.738,0.487,0.972
194,7,0,35.143,307.333,0.724,365,4.6,89.42,0.495,0.975
195,8,0,35.619,305.952,0.719,364,4.396,90.954,0.501,0.98
196,5,0,35.429,308.095,0.731,363,4.434,91.363,0.504,0.98
197,2,0,35.476,309.048,0.735,362,4.383,91.953,0.507,0.981
198,7,0,35.286,308.048,0.735,362,4.506,90.914,0.504,0.979
199,4,0,35.429,308.333,0.735,364,4.447,91.871,0.506,0.981
200,2,0,35.238,309.095,0.732,366,4.401,92.271,0.512,0.981
201,2,0,28.381,317.857,0.669,365,5.83,82.489,0.518,0.876
202,5,0,28.571,317.857,0.666,366,5.853,82.163,0.514,0.876
203,4,0,28.762,317.857,0.667,369,5.764,84.41,0.519,0.889
204,5,0,29.619,317.857,0.668,370,5.366,85.982,0.52,0.913
205,6,0,30.095,317.857,0.669,374,5.211,87.764,0.524,0.928
206,5,0,30.81,328.952,0.68,371,5.252,89.17,0.518,0.936
207,4,0,30.905,329.333,0.689,372,5.135,90.388,0.523,0.942
208,4,0,30.905,329.333,0.688,374,5.053,90.42,0.526,0.944
209,3,0,31.0,329.333,0.687,376,4.883,91.085,0.528,0.947
210,12,0,31.286,330.619,0.681,383,4.791,91.82,0.534,0.955
211,6,0,31.905,325.19,0.683,383,4.747,93.816,0.528,0.959
212,3,0,31.905,325.19,0.679,380,4.857,92.144,0.518,0.953
213,5,0,31.714,325.19,0.678,384,4.848,91.979,0.52,0.952
214,1,0,31.571,334.238,0.684,378,5.035,90.662,0.514,0.946
215,1,0,32.714,334.238,0.69,369,5.029,92.493,0.502,0.954
216,2,0,33.19,334.238,0.692,367,5.05,93.652,0.498,0.958
217,5,0,34.143,334.238,0.704,363,5.145,93.209,0.484,0.961
218,4,0,34.0,334.238,0.704,362,5.147,93.072,0.483,0.96
219,7,0,33.714,334.0,0.7,362,5.056,93.085,0.489,0.959
220,4,0,33.762,334.0,0.7,364,5.024,93.518,0.49,0.96
221,6,0,33.952,335.429,0.71,367,4.833,95.719,0.498,0.966
222,5,0,34.238,335.429,0.707,370,4.774,96.503,0.503,0.971
223,3,0,35.095,335.429,0.711,362,4.759,97.141,0.493,0.974
224,5,0,34.238,337.286,0.703,355,4.939,93.072,0.488,0.965
225,7,0,34.19,337.286,0.701,358,4.957,93.712,0.492,0.966
226,10,0,33.905,337.286,0.715,364,4.84,94.46,0.498,0.966
227,5,0,33.524,337.286,0.711,368,4.802,93.811,0.504,0.965
228,5,0,33.857,337.286,0.709,368,4.608,95.713,0.509,0.97
229,4,0,33.857,337.286,0.707,370,4.442,96.993,0.516,0.973
230,4,0,34.619,338.762,0.716,367,4.361,97.228,0.514,0.978
231,2,0,35.095,337.381,0.718,364,4.278,98.22,0.513,0.98
232,3,0,35.381,337.381,0.722,361,4.384,97.956,0.506,0.98
233,6,0,35.286,337.381,0.724,362,4.479,97.285,0.504,0.979
234,2,0,35.571,337.381,0.725,362,4.452,98.568,0.504,0.981
235,1,0,35.381,337.381,0.726,359,4.525,96.534,0.502,0.979
236,1,0,35.667,337.381,0.727,355,4.551,95.415,0.498,0.98
237,5,0,36.048,337.381,0.728,354,4.471,97.403,0.5,0.983
238,3,0,35.857,337.381,0.732,351,4.508,98.176,0.498,0.981
239,3,0,36.143,337.381,0.736,350,4.435,99.879,0.5,0.983
240,4,0,36.048,337.381,0.737,353,4.42,99.608,0.501,0.983
241,6,0,36.143,337.381,0.734,356,4.328,101.24,0.503,0.984
242,8,0,36.619,337.381,0.733,358,4.262,102.379,0.505,0.986
243,4,0,36.238,337.381,0.736,358,4.352,100.24,0.502,0.984
244,8,0,35.952,335.048,0.733,360,4.206,100.755,0.505,0.983
245,3,0,35.333,335.048,0.734,356,4.467,96.674,0.496,0.977
246,6,0,35.571,335.714,0.736,356,4.416,98.214,0.497,0.979
247,10,0,35.857,335.714,0.735,366,4.172,100.25,0.508,0.983
248,7,0,35.19,335.714,0.733,371,4.144,98.872,0.513,0.981
249,7,0,34.619,335.905,0.733,374,4.165,96.888,0.514,0.978
250,6,0,34.81,335.905,0.73,376,4.11,97.721,0.515,0.979
251,5,0,35.381,335.905,0.741,376,4.001,99.835,0.518,0.983
252,5,0,35.0,335.238,0.742,375,4.083,97.14,0.516,0.981
253,4,0,34.714,335.238,0.742,374,4.076,96.86,0.519,0.98
254,3,0,34.81,335.81,0.74,375,3.993,98.506,0.523,0.981
255,7,0,34.81,335.81,0.742,381,3.846,100.364,0.533,0.984
256,6,0,35.095,335.81,0.745,377,4.065,99.823,0.521,0.983
257,3,0,35.381,335.81,0.746,375,4.073,100.695,0.519,0.984
258,3,0,35.524,335.81,0.743,374,4.035,100.155,0.518,0.984
259,2,0,35.524,335.81,0.742,373,4.047,99.597,0.519,0.984
260,3,0,35.429,335.81,0.745,371,4.118,99.305,0.514,0.982
261,7,0,35.714,336.048,0.747,373,3.973,100.186,0.518,0.985
262,3,0,34.952,331.048,0.747,373,4.118,98.095,0.513,0.98
263,8,0,35.429,331.714,0.744,376,3.91,101.464,0.522,0.984
264,3,0,35.524,331.714,0.742,379,3.851,101.87,0.525,0.985
265,2,0,35.905,331.429,0.757,375,3.844,102.027,0.523,0.987
266,5,0,36.286,331.429,0.754,375,3.724,103.629,0.532,0.99
267,5,0,36.381,331.905,0.752,376,3.677,102.902,0.535,0.99
268,7,0,36.476,334.0,0.755,376,3.667,104.818,0.539,0.991
269,4,0,36.476,333.524,0.752,372,3.764,102.709,0.536,0.991
270,3,0,36.762,333.524,0.756,369,3.739,104.118,0.533,0.991
271,5,0,36.857,334.095,0.759,368,3.657,107.051,0.539,0.992
272,3,0,36.571,334.238,0.76,365,3.688,106.012,0.536,0.991
273,9,0,36.286,333.429,0.751,365,3.753,103.202,0.536,0.99
274,5,0,36.095,333.429,0.748,367,3.701,104.959,0.541,0.99
275,4,0,36.476,333.429,0.759,364,3.712,103.733,0.536,0.991
276,3,0,36.952,332.905,0.766,363,3.675,103.991,0.531,0.991
277,7,0,36.857,332.905,0.768,367,3.747,103.311,0.532,0.991
278,6,0,37.048,334.429,0.782,369,3.746,103.612,0.531,0.992
279,6,0,37.333,336.952,0.781,374,3.522,108.053,0.543,0.994
280,5,0,37.714,336.952,0.781,375,3.601,108.569,0.539,0.994
281,5,0,38.048,337.524,0.785,372,3.564,107.272,0.536,0.994
282,6,0,38.619,337.524,0.783,376,3.401,109.709,0.544,0.996
283,0,0,38.81,337.524,0.785,368,3.47,108.86,0.536,0.995
284,2,0,39.286,337.524,0.789,363,3.524,109.13,0.53,0.996
285,5,0,40.238,337.524,0.79,358,3.652,107.977,0.513,0.996
286,7,0,40.762,337.524,0.788,360,3.599,109.348,0.513,0.997
287,7,0,40.333,337.524,0.781,364,3.529,110.234,0.521,0.996
288,4,0,40.143,337.524,0.786,364,3.605,107.374,0.519,0.996
289,6,0,40.19,339.238,0.786,362,3.601,107.305,0.519,0.996
290,8,0,40.714,338.238,0.785,363,3.586,108.01,0.521,0.997
291,3,0,40.238,338.238,0.786,360,3.604,107.193,0.52,0.996
292,6,0,40.238,338.238,0.787,361,3.629,106.361,0.516,0.996
293,3,0,40.333,339.81,0.792,361,3.66,105.844,0.516,0.996
294,0,0,40.429,339.81,0.789,356,3.749,104.502,0.511,0.996
295,5,0,40.524,339.476,0.786,356,3.781,104.184,0.508,0.996
296,4,0,40.429,339.476,0.785,359,3.732,104.999,0.511,0.996
297,8,0,40.333,339.476,0.785,361,3.769,104.196,0.512,0.996
298,4,0,39.952,339.476,0.786,360,3.967,102.296,0.503,0.995
299,4,0,40.143,339.476,0.784,356,3.878,103.295,0.505,0.995
300,8,0,39.952,339.476,0.782,359,3.788,103.503,0.509,0.995
301,5,0,28.381,334.619,0.708,356,6.168,76.748,0.508,0.859
302,6,0,28.571,334.619,0.708,360,5.903,78.279,0.514,0.876
303,3,0,28.952,334.619,0.708,360,5.842,78.166,0.514,0.887
304,4,0,29.143,334.619,0.717,361,5.823,77.464,0.512,0.89
305,6,0,29.238,337.333,0.714,365,5.805,77.637,0.518,0.902
306,3,0,29.429,337.333,0.712,368,5.702,78.812,0.522,0.911
307,4,0,30.19,338.619,0.727,369,5.477,83.082,0.527,0.933
308,2,0,30.762,338.619,0.729,362,5.47,82.468,0.514,0.933
309,5,0,30.952,338.857,0.73,365,5.368,82.949,0.519,0.94
310,2,0,31.238,338.857,0.732,363,5.555,82.161,0.51,0.938
311,6,0,31.143,338.857,0.74,368,5.421,83.318,0.516,0.941
312,3,0,31.238,338.857,0.74,369,5.311,85.85,0.522,0.947
313,7,0,31.857,338.571,0.743,371,5.067,87.108,0.527,0.958
314,6,0,31.952,338.571,0.745,375,5.11,85.924,0.526,0.959
315,7,0,32.429,339.524,0.746,376,4.56,89.437,0.532,0.967
316,6,0,32.048,339.524,0.743,379,4.483,89.62,0.537,0.965
317,4,0,32.095,339.524,0.744,379,4.53,90.231,0.535,0.965
318,6,0,32.952,339.619,0.752,380,4.377,92.592,0.536,0.973
319,3,0,32.905,336.571,0.756,380,4.479,92.168,0.531,0.971
320,2,0,32.667,336.857,0.751,378,4.605,89.388,0.528,0.967
321,2,0,32.667,336.857,0.752,374,4.706,88.108,0.522,0.965
322,8,0,32.286,336.524,0.748,378,4.738,87.461,0.523,0.961
323,6,0,32.714,336.524,0.751,380,4.498,91.068,0.53,0.969
324,3,0,32.714,336.714,0.749,377,4.565,90.993,0.526,0.967
325,4,0,32.143,336.714,0.748,376,4.658,88.651,0.523,0.959
326,9,0,32.238,342.857,0.746,385,4.282,92.216,0.538,0.968
327,5,0,32.048,342.952,0.746,388,4.291,91.567,0.54,0.967
328,4,0,31.762,347.524,0.748,388,4.301,90.694,0.542,0.964
329,5,0,32.429,347.524,0.751,389,4.166,94.132,0.543,0.972
330,6,0,32.619,347.524,0.751,391,4.035,96.192,0.548,0.975
331,4,0,32.81,347.524,0.748,393,3.925,97.357,0.551,0.977
332,4,0,33.381,347.524,0.751,390,3.943,98.816,0.545,0.979
333,3,0,33.476,347.524,0.75,388,3.917,99.087,0.545,0.98
334,6,0,33.381,347.524,0.75,392,3.77,100.279,0.552,0.981
335,12,0,33.429,347.143,0.742,397,3.714,102.32,0.559,0.983
336,5,0,33.286,347.19,0.743,399,3.772,101.982,0.558,0.982
337,6,0,33.095,347.571,0.742,403,3.76,101.684,0.564,0.983
338,11,0,33.571,347.476,0.749,403,3.894,101.907,0.557,0.983
339,4,0,33.762,347.714,0.75,400,3.92,99.912,0.552,0.983
340,4,0,34.429,347.714,0.753,397,3.851,101.389,0.549,0.986
341,6,0,35.286,347.714,0.735,396,3.865,102.913,0.545,0.988
342,7,0,35.524,347.429,0.736,397,3.803,103.525,0.544,0.989
343,2,0,35.714,347.429,0.739,394,3.881,102.869,0.54,0.989
344,6,0,35.286,347.429,0.737,395,3.846,102.149,0.543,0.988
345,7,0,35.286,347.429,0.736,400,3.615,105.181,0.554,0.99
346,6,0,35.286,347.429,0.734,403,3.637,104.387,0.556,0.99
347,5,0,35.476,347.429,0.73,405,3.608,105.074,0.557,0.991
348,7,0,35.381,347.429,0.736,404,3.596,103.404,0.552,0.99
349,7,0,36.238,347.762,0.753,405,3.492,105.442,0.557,0.993
350,5,0,36.429,347.762,0.754,405,3.484,103.561,0.556,0.993
351,3,0,36.429,347.762,0.753,404,3.455,104.019,0.557,0.993
352,4,0,36.429,347.762,0.753,403,3.498,101.81,0.554,0.993
353,2,0,36.429,347.762,0.752,400,3.547,101.346,0.549,0.992
354,3,0,37.048,347.762,0.754,396,3.537,101.479,0.545,0.993
355,6,0,37.429,347.762,0.758,399,3.539,101.546,0.544,0.994
356,6,0,37.81,347.762,0.756,397,3.648,100.593,0.539,0.994
357,7,0,38.286,347.762,0.767,398,3.509,102.368,0.544,0.995
358,6,0,38.952,347.429,0.773,394,3.574,104.279,0.534,0.996
359,10,0,37.619,347.429,0.771,396,3.584,102.406,0.54,0.994
360,4,0,37.714,347.429,0.76,392,3.681,101.412,0.535,0.994
361,2,0,37.524,347.429,0.756,390,3.728,101.281,0.531,0.993
362,9,0,37.619,347.429,0.756,397,3.63,101.493,0.537,0.994
363,5,0,37.238,347.429,0.761,398,3.622,99.664,0.539,0.993
364,2,0,37.048,347.429,0.76,397,3.62,100.106,0.541,0.993
365,6,0,37.429,347.81,0.753,402,3.5,100.836,0.553,0.995
366,6,0,37.524,347.81,0.748,402,3.514,101.595,0.552,0.995
367,9,0,37.857,347.81,0.744,404,3.367,105.662,0.558,0.996
368,11,0,38.333,347.81,0.755,409,3.261,108.419,0.565,0.997
369,5,0,39.0,347.81,0.755,412,3.052,111.714,0.571,0.997
370,4,0,39.619,347.81,0.777,411,3.091,111.542,0.568,0.998
371,4,0,40.0,347.81,0.776,413,3.019,112.906,0.571,0.998
372,4,0,41.429,347.81,0.796,413,2.829,117.837,0.579,0.999
373,8,1,41.19,347.81,0.793,418,2.75,118.878,0.586,0.999
374,8,0,41.286,347.81,0.806,424,2.636,119.696,0.593,0.999
375,4,0,41.476,347.81,0.802,419,2.72,119.203,0.588,0.999
376,6,1,41.762,347.81,0.802,420,2.683,119.955,0.588,0.999
377,6,0,41.476,347.81,0.803,423,2.65,119.747,0.59,0.999
378,6,0,41.476,347.81,0.81,427,2.559,120.298,0.595,0.999
379,3,0,41.857,347.81,0.811,427,2.539,121.052,0.595,0.999
380,5,1,42.238,347.81,0.812,426,2.567,122.163,0.592,0.999
381,6,0,42.429,347.81,0.804,428,2.527,123.199,0.595,0.999
382,9,1,42.714,347.952,0.806,427,2.627,122.101,0.59,0.999
383,5,0,42.429,347.952,0.786,427,2.58,124.198,0.591,0.999
384,7,0,42.333,347.952,0.787,428,2.57,123.223,0.589,0.999
385,5,0,42.143,348.714,0.789,426,2.528,123.972,0.595,0.999
386,3,1,42.333,348.714,0.79,424,2.532,123.995,0.591,0.999
387,3,0,42.429,348.714,0.795,423,2.558,122.707,0.59,0.999
388,3,0,42.857,348.714,0.798,422,2.545,123.031,0.586,0.999
389,8,0,42.857,348.714,0.795,429,2.293,126.099,0.599,0.999
390,6,0,42.952,348.714,0.794,427,2.375,123.446,0.593,0.999
391,8,0,43.238,348.714,0.797,430,2.254,124.289,0.601,1.0
392,3,0,43.714,348.714,0.798,427,2.236,126.378,0.601,1.0
393,6,0,44.0,348.714,0.793,430,2.206,128.115,0.601,1.0
394,2,1,44.19,348.714,0.796,423,2.263,128.749,0.595,1.0
395,3,0,43.905,348.714,0.797,418,2.437,124.863,0.581,1.0
396,3,0,43.714,348.714,0.799,417,2.462,124.255,0.577,0.999
397,11,0,44.095,348.714,0.8,423,2.28,131.09,0.586,1.0
398,2,1,44.952,348.714,0.805,416,2.343,131.19,0.577,1.0
399,5,0,45.143,347.095,0.809,413,2.353,131.571,0.573,1.0
400,5,0,45.714,347.095,0.816,412,2.366,132.508,0.568,1.0
401,4,0,34.619,348.0,0.754,413,3.411,101.335,0.572,0.99
402,9,0,34.381,349.048,0.754,417,3.314,100.761,0.579,0.99
403,3,0,35.286,347.619,0.77,414,3.21,104.086,0.579,0.993
404,3,1,35.857,347.619,0.772,410,3.192,104.047,0.576,0.994
405,2,0,36.048,347.619,0.774,409,3.202,103.148,0.573,0.994
406,6,0,36.857,347.619,0.781,408,3.071,104.412,0.572,0.995
407,2,0,37.238,347.619,0.785,408,2.999,106.006,0.576,0.996
408,9,1,37.286,347.619,0.793,412,2.96,106.433,0.575,0.996
409,5,0,37.857,348.19,0.793,411,2.943,108.491,0.571,0.996
410,6,0,38.19,348.19,0.788,409,2.956,110.386,0.566,0.996
411,5,0,38.905,348.19,0.789,408,2.867,112.587,0.565,0.997
412,6,0,39.095,348.19,0.787,407,2.836,114.056,0.566,0.997
413,6,0,39.571,348.905,0.784,410,2.81,115.162,0.566,0.998
414,4,0,39.762,348.905,0.785,409,2.856,115.723,0.563,0.998
415,3,0,39.762,348.905,0.789,408,2.91,113.81,0.557,0.997
416,7,0,39.476,347.714,0.786,412,2.851,113.314,0.566,0.998
417,3,0,39.286,347.714,0.789,410,2.852,112.97,0.566,0.997
418,4,0,39.286,347.714,0.787,407,2.811,113.77,0.57,0.998
419,0,0,39.238,347.714,0.788,402,2.867,112.847,0.567,0.997
420,6,0,39.238,347.714,0.79,407,2.835,112.225,0.572,0.998
421,5,0,39.048,347.714,0.789,408,2.831,111.493,0.575,0.998
422,6,0,38.952,347.714,0.79,412,2.759,111.969,0.581,0.998
423,5,1,38.762,347.619,0.791,410,2.827,112.032,0.579,0.998
424,2,0,39.048,347.619,0.793,407,2.84,111.468,0.577,0.998
425,4,0,38.857,347.619,0.795,406,2.853,110.85,0.576,0.997
426,7,0,39.286,348.762,0.792,411,2.733,113.516,0.583,0.998
427,8,0,40.048,348.762,0.79,411,2.661,115.178,0.586,0.998
428,3,0,40.714,348.286,0.801,406,2.697,115.725,0.575,0.999
429,3,0,40.81,348.286,0.803,404,2.753,114.269,0.573,0.999
430,3,0,41.19,348.286,0.805,406,2.644,115.357,0.578,0.999
431,3,0,41.0,348.286,0.808,404,2.731,113.75,0.575,0.999
432,3,0,41.095,348.286,0.809,403,2.719,113.769,0.576,0.999
433,0,0,41.0,348.286,0.812,399,2.846,110.644,0.569,0.999
434,9,0,40.333,349.381,0.801,405,2.782,109.453,0.579,0.998
435,6,0,40.048,349.381,0.799,407,2.815,109.267,0.577,0.998
436,5,0,39.952,349.381,0.8,406,2.811,109.514,0.576,0.998
437,7,1,39.762,349.714,0.798,405,2.821,108.867,0.575,0.998
438,10,0,39.952,349.714,0.8,413,2.632,111.09,0.59,0.999
439,3,0,40.048,349.714,0.804,410,2.693,110.401,0.583,0.998
440,3,0,40.048,348.381,0.806,405,2.719,110.602,0.578,0.998
441,6,0,40.048,347.762,0.813,407,2.645,111.908,0.582,0.998
442,2,1,39.762,347.762,0.814,402,2.741,110.035,0.575,0.998
443,4,0,39.857,347.762,0.818,402,2.683,112.303,0.576,0.998
444,5,0,39.571,347.762,0.819,401,2.776,110.408,0.569,0.998
445,2,0,40.143,347.762,0.822,395,2.852,110.688,0.561,0.998
446,2,0,39.905,347.762,0.824,393,2.896,109.668,0.561,0.998
447,5,0,40.381,347.762,0.819,390,2.995,109.305,0.554,0.998
448,4,0,39.905,347.762,0.817,393,3.003,108.045,0.557,0.998
449,6,1,39.81,347.762,0.819,395,2.927,107.944,0.564,0.998
450,6,0,40.143,347.762,0.822,398,2.838,111.412,0.572,0.998
451,7,2,40.667,348.81,0.816,401,2.616,115.565,0.583,0.999
452,4,0,40.952,348.476,0.819,402,2.538,116.662,0.588,0.999
453,7,0,40.571,347.333,0.815,403,2.572,114.364,0.59,0.999
454,4,0,40.0,347.333,0.81,405,2.587,112.401,0.594,0.999
455,13,0,40.476,347.333,0.81,413,2.36,115.592,0.607,0.999
456,3,0,40.286,347.333,0.811,414,2.38,115.234,0.606,0.999
457,2,0,40.571,347.333,0.815,413,2.37,115.976,0.603,0.999
458,4,0,41.333,347.333,0.814,414,2.298,117.466,0.605,0.999
459,4,2,41.429,347.333,0.815,411,2.31,117.52,0.604,0.999
460,6,0,41.333,347.333,0.819,412,2.259,119.064,0.604,0.999
461,5,0,42.286,347.333,0.821,408,2.311,119.963,0.597,0.999
462,8,0,41.905,346.143,0.819,411,2.316,119.763,0.598,0.999
463,8,2,42.667,346.143,0.832,412,2.212,121.535,0.603,0.999
464,3,0,42.571,345.667,0.833,409,2.232,120.584,0.6,0.999
465,7,3,42.19,346.381,0.83,410,2.263,120.711,0.601,0.999
466,7,2,41.905,346.381,0.836,409,2.313,120.387,0.6,0.999
467,5,0,41.952,349.0,0.832,410,2.314,119.906,0.602,0.999
468,6,1,41.857,349.0,0.823,409,2.328,120.684,0.603,0.999
469,3,0,41.952,349.0,0.825,409,2.375,119.515,0.599,0.999
470,0,0,42.143,349.0,0.826,407,2.415,119.095,0.596,0.999
471,7,1,43.095,349.0,0.818,405,2.26,123.995,0.604,1.0
472,7,0,43.381,349.0,0.816,410,2.188,125.667,0.609,1.0
473,8,0,43.381,349.0,0.813,416,2.09,128.167,0.617,1.0
474,4,0,43.857,349.0,0.818,418,2.03,129.023,0.62,1.0
475,1,0,43.857,349.0,0.819,415,2.034,128.881,0.62,1.0
476,4,1,43.952,349.0,0.821,410,2.118,127.058,0.611,1.0
477,4,0,43.81,346.714,0.823,409,2.164,125.628,0.604,1.0
478,5,0,44.238,346.714,0.821,408,2.128,126.588,0.606,1.0
479,2,0,44.238,346.714,0.824,407,2.139,126.577,0.604,1.0
480,5,0,44.714,346.714,0.829,410,2.09,128.409,0.607,1.0
481,3,0,44.619,346.714,0.831,408,2.172,126.539,0.603,1.0
482,6,0,44.238,346.714,0.831,413,2.072,127.94,0.612,1.0
483,4,2,43.857,346.714,0.829,406,2.218,124.55,0.602,1.0
484,6,0,43.857,347.857,0.833,405,2.183,126.165,0.604,1.0
485,8,0,42.762,349.476,0.827,404,2.271,122.969,0.602,0.999
486,7,1,42.857,349.476,0.827,409,2.247,122.775,0.605,1.0
487,4,1,41.905,349.476,0.826,410,2.321,117.713,0.604,0.999
488,9,1,42.0,349.476,0.826,415,2.261,119.525,0.61,0.999
489,5,0,42.286,349.476,0.824,414,2.185,121.903,0.613,0.999
490,4,0,42.095,349.476,0.827,414,2.21,121.679,0.606,0.999
491,4,0,42.333,347.619,0.83,412,2.198,123.625,0.607,0.999
492,3,0,42.238,347.619,0.83,413,2.234,123.537,0.606,0.999
493,2,0,41.381,347.619,0.827,409,2.386,119.228,0.6,0.999
494,8,0,42.19,347.619,0.831,413,2.199,125.33,0.613,0.999
495,3,0,41.905,347.619,0.831,414,2.194,125.555,0.615,0.999
496,1,0,41.81,347.286,0.832,409,2.313,123.919,0.603,0.999
497,6,0,41.905,347.286,0.831,410,2.33,124.439,0.602,0.999
498,3,0,42.381,347.286,0.834,407,2.332,125.841,0.598,0.999
499,4,0,42.619,347.286,0.833,401,2.39,124.318,0.588,0.999
500,6,1,42.714,346.952,0.829,402,2.335,125.037,0.591,0.999
501,4,0,33.857,345.381,0.776,401,3.346,111.069,0.589,0.99
502,4,0,34.333,345.381,0.778,401,3.283,113.007,0.591,0.992
503,3,0,35.19,349.81,0.784,397,3.238,114.816,0.588,0.993
504,1,0,35.381,349.81,0.783,394,3.251,114.881,0.586,0.994
505,4,0,35.19,349.81,0.781,392,3.16,113.857,0.587,0.993
506,2,0,35.429,347.143,0.779,390,3.169,114.443,0.58,0.993
507,4,0,35.619,344.857,0.781,383,3.403,112.904,0.57,0.993
508,5,0,35.714,345.952,0.786,385,3.371,112.152,0.569,0.993
509,7,1,35.905,345.952,0.785,387,3.336,110.807,0.568,0.993
510,7,0,36.381,346.238,0.785,389,3.256,112.197,0.569,0.994
511,4,0,36.571,346.238,0.787,390,3.217,113.075,0.571,0.995
512,5,0,36.095,346.238,0.79,390,3.372,109.814,0.566,0.993
513,7,0,37.048,346.238,0.789,391,3.332,112.71,0.565,0.995
514,8,0,36.619,346.381,0.792,391,3.427,109.497,0.562,0.994
515,4,0,36.524,346.381,0.792,389,3.537,105.968,0.558,0.993
516,4,0,36.048,346.381,0.79,390,3.438,104.344,0.562,0.993
517,3,0,36.143,346.381,0.791,389,3.45,103.996,0.563,0.993
518,6,0,35.667,346.381,0.783,390,3.505,103.123,0.564,0.992
519,5,1,35.857,346.19,0.783,386,3.606,102.601,0.554,0.991
520,4,0,35.571,346.19,0.786,386,3.653,101.426,0.554,0.991
521,5,0,35.857,346.524,0.805,383,3.632,101.479,0.552,0.991
522,6,1,36.714,346.524,0.808,383,3.588,103.189,0.549,0.993
523,3,0,36.429,346.429,0.805,381,3.648,101.201,0.547,0.992
524,9,0,36.333,346.524,0.796,386,3.483,102.71,0.55,0.992
525,5,0,36.333,346.524,0.799,389,3.447,104.248,0.555,0.993
526,4,0,37.095,346.524,0.802,389,3.321,105.416,0.559,0.994
527,4,0,37.286,346.524,0.801,388,3.453,102.827,0.551,0.994
528,5,0,37.667,346.524,0.797,390,3.345,103.809,0.555,0.995
529,9,0,37.286,345.667,0.796,394,3.344,104.837,0.558,0.995
530,6,0,37.0,345.667,0.796,395,3.465,105.296,0.555,0.994
531,5,1,37.381,344.333,0.8,393,3.481,102.958,0.55,0.994
532,4,1,37.905,344.333,0.805,393,3.448,104.728,0.548,0.995
533,6,0,38.571,344.81,0.803,391,3.303,106.954,0.549,0.996
534,5,0,39.048,344.81,0.801,390,3.235,107.79,0.55,0.997
535,3,0,38.952,344.81,0.801,387,3.304,107.305,0.547,0.996
536,7,0,39.0,345.19,0.802,388,3.326,107.855,0.543,0.996
537,5,0,39.381,345.19,0.805,390,3.262,110.05,0.549,0.997
538,3,0,39.095,345.19,0.804,388,3.379,107.895,0.542,0.996
539,6,0,38.429,345.19,0.801,390,3.404,106.705,0.546,0.996
540,2,0,38.238,345.048,0.801,386,3.478,105.966,0.541,0.995
541,7,0,38.429,345.048,0.798,389,3.227,108.395,0.553,0.996
542,5,0,39.0,345.048,0.799,389,3.189,110.547,0.553,0.997
543,5,1,39.286,345.048,0.807,390,3.129,111.644,0.553,0.997
544,13,0,40.143,345.714,0.815,399,2.874,116.836,0.573,0.998
545,12,2,39.857,345.714,0.811,404,2.809,118.876,0.581,0.998
546,7,1,39.667,344.095,0.81,402,2.775,118.49,0.579,0.998
547,6,0,39.667,344.095,0.81,402,2.826,117.617,0.575,0.998
548,5,0,40.381,344.143,0.819,400,2.715,118.664,0.574,0.998
549,3,0,40.381,344.143,0.822,399,2.687,118.473,0.575,0.998
550,3,0,40.143,344.143,0.815,398,2.682,119.313,0.573,0.998
551,1,0,40.333,344.143,0.817,392,2.798,117.46,0.565,0.998
552,2,0,40.238,344.143,0.816,394,2.793,117.286,0.566,0.998
553,3,1,40.429,344.143,0.811,389,2.846,116.821,0.561,0.998
554,6,1,40.143,344.143,0.809,390,2.791,117.757,0.565,0.998
555,5,0,39.905,344.143,0.809,386,2.938,117.547,0.56,0.998
556,13,0,39.238,344.143,0.817,393,2.913,117.291,0.566,0.997
557,7,0,38.857,344.333,0.817,398,2.798,119.694,0.573,0.997
558,3,0,39.333,344.286,0.821,396,2.895,119.622,0.566,0.997
559,2,0,40.0,343.381,0.82,393,2.883,121.007,0.56,0.998
560,6,0,40.286,343.381,0.823,395,2.834,121.665,0.563,0.998
561,7,0,40.476,343.381,0.826,397,2.774,121.404,0.567,0.998
562,4,1,40.667,343.381,0.827,393,2.83,121.279,0.562,0.998
563,3,0,40.619,343.381,0.826,392,2.862,119.786,0.559,0.998
564,6,0,39.952,340.905,0.816,390,3.022,115.251,0.556,0.998
565,3,0,39.381,340.905,0.809,388,3.17,113.169,0.55,0.997
566,4,1,39.286,340.905,0.811,384,3.214,111.281,0.544,0.997
567,2,0,39.19,341.143,0.808,380,3.348,111.298,0.539,0.996
568,4,0,39.238,342.857,0.805,384,3.316,112.31,0.546,0.997
569,4,0,40.286,342.857,0.805,383,3.284,113.861,0.544,0.997
570,3,0,40.19,342.857,0.808,383,3.325,113.0,0.541,0.997
571,4,0,40.0,343.333,0.809,383,3.35,113.127,0.539,0.997
572,8,0,39.952,343.333,0.803,388,3.117,116.06,0.553,0.997
573,8,1,39.286,343.333,0.799,391,3.167,112.686,0.555,0.997
574,2,0,39.857,343.333,0.803,387,3.224,113.347,0.547,0.997
575,11,0,40.048,343.333,0.802,396,3.075,115.368,0.557,0.998
576,3,0,39.81,343.333,0.802,397,3.091,115.298,0.558,0.998
577,7,0,39.714,343.333,0.794,396,3.049,115.544,0.56,0.998
578,4,0,39.81,342.952,0.794,396,3.085,115.451,0.56,0.998
579,6,0,39.81,342.952,0.798,398,3.011,116.817,0.564,0.998
580,10,0,40.0,343.81,0.801,403,2.955,119.863,0.569,0.998
581,5,1,40.0,343.81,0.799,402,2.911,120.908,0.57,0.998
582,4,0,40.667,344.19,0.805,397,3.021,120.307,0.56,0.998
583,5,0,40.333,344.19,0.8,392,3.225,120.241,0.553,0.998
584,4,0,40.429,344.19,0.799,392,3.247,120.507,0.552,0.998
585,13,0,40.714,344.19,0.801,404,2.99,125.713,0.568,0.998
586,1,0,40.333,344.19,0.804,399,3.099,121.919,0.561,0.998
587,7,0,40.714,344.19,0.805,400,3.016,125.392,0.566,0.998
588,5,1,41.143,344.19,0.814,401,3.014,126.165,0.565,0.999
589,6,0,41.048,344.667,0.813,403,3.013,125.332,0.569,0.999
590,1,0,41.143,343.81,0.811,400,3.059,123.659,0.564,0.999
591,5,2,41.429,343.81,0.809,398,3.048,123.508,0.561,0.999
592,3,0,41.524,343.81,0.816,396,3.113,121.557,0.558,0.999
593,2,0,41.857,343.81,0.819,394,3.095,122.267,0.558,0.999
594,4,0,41.714,343.81,0.818,393,3.096,120.83,0.559,0.999
595,8,0,41.905,343.81,0.823,396,2.95,120.833,0.568,0.999
596,6,0,41.619,343.81,0.819,399,2.915,123.489,0.572,0.999
597,7,0,41.619,344.905,0.817,402,2.859,123.671,0.575,0.999
598,5,0,42.286,344.905,0.816,399,2.879,124.23,0.571,0.999
599,5,0,42.19,345.095,0.816,401,2.816,125.134,0.575,0.999
600,3,0,42.095,344.524,0.828,398,2.829,123.644,0.572,0.999
601,4,0,32.905,344.857,0.772,400,3.993,88.932,0.563,0.981
602,7,0,32.905,344.857,0.769,401,3.955,88.688,0.564,0.982
603,1,0,32.619,344.857,0.771,399,4.023,87.16,0.562,0.979
604,5,0,32.905,344.238,0.774,399,4.012,87.595,0.562,0.981
605,5,0,33.667,344.238,0.773,396,4.003,88.399,0.558,0.984
606,0,0,34.048,344.238,0.777,390,4.127,87.383,0.549,0.984
607,4,0,34.143,340.857,0.78,388,4.191,86.102,0.544,0.983
608,7,0,34.429,340.857,0.771,389,3.94,88.843,0.546,0.985
609,3,0,34.81,340.143,0.776,385,3.93,90.273,0.542,0.986
610,4,0,34.714,340.143,0.781,382,3.995,89.715,0.538,0.985
611,6,0,35.0,340.143,0.782,386,3.844,90.709,0.544,0.987
612,3,0,34.81,340.143,0.784,381,4.002,89.349,0.537,0.985
613,6,0,35.381,343.476,0.789,384,3.872,92.65,0.544,0.989
614,2,0,35.571,343.476,0.789,384,3.836,94.019,0.543,0.989
615,9,0,35.381,343.714,0.788,385,3.838,93.717,0.543,0.988
616,5,0,35.476,343.714,0.789,384,3.954,90.863,0.539,0.988
617,2,0,35.667,343.714,0.784,382,4.007,91.267,0.536,0.988
618,5,0,35.762,343.714,0.785,383,3.951,91.369,0.54,0.989
619,8,0,35.952,344.095,0.784,385,3.892,92.129,0.542,0.99
620,8,0,36.476,340.905,0.786,386,3.705,94.852,0.55,0.992
621,5,0,36.667,340.905,0.79,384,3.792,95.101,0.542,0.992
622,10,0,36.476,341.857,0.8,389,3.693,95.451,0.549,0.992
623,8,0,36.286,341.857,0.796,395,3.558,96.327,0.558,0.993
624,3,0,36.857,341.857,0.799,395,3.532,97.121,0.556,0.994
625,6,0,36.762,341.667,0.797,398,3.482,98.196,0.559,0.994
626,0,0,37.333,341.667,0.8,392,3.588,97.767,0.553,0.994
627,2,0,37.524,341.667,0.805,385,3.715,98.204,0.542,0.994
628,4,0,37.619,342.714,0.805,386,3.692,98.046,0.542,0.994
629,3,0,37.429,342.714,0.804,389,3.668,98.031,0.545,0.994
630,4,0,37.381,342.714,0.804,389,3.681,97.184,0.544,0.994
631,8,0,37.667,342.619,0.808,391,3.554,98.996,0.547,0.995
632,2,0,37.667,342.619,0.809,389,3.603,97.726,0.546,0.994
633,8,0,38.048,342.619,0.814,387,3.723,96.742,0.537,0.994
634,5,0,38.238,342.619,0.81,389,3.633,98.767,0.539,0.995
635,5,0,37.762,342.095,0.807,392,3.704,98.527,0.542,0.994
636,5,0,37.857,342.095,0.807,396,3.606,99.314,0.548,0.995
637,6,0,38.238,340.19,0.808,397,3.546,100.27,0.553,0.996
638,7,0,38.143,340.19,0.805,400,3.427,101.181,0.56,0.996
639,3,0,38.714,340.476,0.81,398,3.394,102.528,0.554,0.996
640,8,0,38.429,340.476,0.803,401,3.279,104.065,0.562,0.996
641,3,0,38.381,340.476,0.801,401,3.373,104.027,0.559,0.996
642,3,1,38.286,340.476,0.799,402,3.368,103.884,0.561,0.996
643,5,0,38.571,340.476,0.804,404,3.265,105.557,0.562,0.997
644,8,0,38.81,341.19,0.805,407,3.276,106.974,0.561,0.997
645,6,1,38.476,341.19,0.805,408,3.294,105.298,0.561,0.996
646,5,0,38.571,341.19,0.802,408,3.289,105.442,0.56,0.997
647,4,0,38.381,341.19,0.802,408,3.347,105.344,0.557,0.996
648,5,0,38.857,341.857,0.81,409,3.225,106.943,0.559,0.997
649,4,0,38.857,341.857,0.812,411,3.171,107.924,0.562,0.997
650,3,0,39.143,341.857,0.818,408,3.232,107.028,0.557,0.997
651,0,0,39.333,341.857,0.82,403,3.297,106.632,0.55,0.997
652,4,0,39.524,341.857,0.821,403,3.324,106.685,0.548,0.997
653,2,0,39.429,341.857,0.822,402,3.354,105.978,0.546,0.997
654,8,0,39.905,343.952,0.822,406,3.208,109.874,0.552,0.997
655,4,0,40.095,343.952,0.82,407,3.229,109.015,0.551,0.998
656,5,0,39.238,343.952,0.815,404,3.401,103.688,0.542,0.996
657,7,0,39.238,343.952,0.816,409,3.353,103.503,0.547,0.997
658,6,0,39.619,343.476,0.819,409,3.282,104.128,0.548,0.997
659,2,0,39.762,343.476,0.819,409,3.258,104.944,0.549,0.997
660,4,0,39.667,343.476,0.819,407,3.277,104.686,0.547,0.997
661,3,0,39.381,343.476,0.817,407,3.334,103.218,0.544,0.997
662,5,0,40.048,342.905,0.818,402,3.364,104.779,0.539,0.997
663,6,0,40.143,342.905,0.821,403,3.387,104.712,0.537,0.997
664,5,0,39.905,343.0,0.82,402,3.416,105.417,0.534,0.997
665,3,0,40.048,343.0,0.812,398,3.46,105.685,0.527,0.996
666,4,0,39.762,343.0,0.811,398,3.475,105.841,0.529,0.996
667,9,0,39.667,343.0,0.818,404,3.332,107.788,0.536,0.996
668,3,0,39.952,343.0,0.818,404,3.302,108.794,0.536,0.997
669,5,0,39.952,343.0,0.819,402,3.422,107.745,0.53,0.997
670,3,0,40.143,343.0,0.822,399,3.547,106.722,0.523,0.996
671,7,0,40.238,342.714,0.818,401,3.518,107.141,0.522,0.996
672,5,0,39.857,342.714,0.815,402,3.443,106.819,0.528,0.996
673,1,0,39.571,342.714,0.815,400,3.637,103.285,0.523,0.996
674,5,0,39.571,342.714,0.82,398,3.625,102.919,0.527,0.996
675,6,0,39.714,342.714,0.823,392,3.644,103.707,0.52,0.996
676,7,0,40.19,342.714,0.821,395,3.536,105.898,0.525,0.997
677,4,0,40.095,341.81,0.823,395,3.522,105.052,0.526,0.996
678,2,0,40.571,341.81,0.824,391,3.543,105.232,0.523,0.997
679,7,0,40.905,343.571,0.823,393,3.458,108.153,0.528,0.997
680,2,0,41.095,343.571,0.823,392,3.446,109.186,0.528,0.997
681,4,0,41.19,343.571,0.824,390,3.545,106.715,0.519,0.997
682,5,0,41.571,343.571,0.827,388,3.636,104.147,0.514,0.997
683,4,0,42.238,343.571,0.827,390,3.545,105.348,0.517,0.998
684,7,0,42.524,343.333,0.827,390,3.519,105.926,0.519,0.998
685,4,0,42.381,343.333,0.824,390,3.529,105.799,0.518,0.998
686,6,0,41.81,343.333,0.825,391,3.56,103.324,0.52,0.998
687,2,0,41.905,343.333,0.827,388,3.659,102.531,0.511,0.998
688,4,0,41.381,343.667,0.824,386,3.758,101.667,0.508,0.997
689,0,0,41.286,343.667,0.826,382,3.838,100.133,0.504,0.997
690,7,0,40.333,343.667,0.826,386,3.975,97.893,0.502,0.995
691,4,0,40.714,343.667,0.826,384,4.052,98.219,0.496,0.996
692,1,0,40.619,343.667,0.828,380,4.347,94.392,0.487,0.995
693,4,0,40.333,343.667,0.826,376,4.374,93.606,0.486,0.994
694,5,0,40.619,346.0,0.826,376,4.388,93.829,0.485,0.995
695,8,0,40.333,347.286,0.822,378,4.292,94.48,0.495,0.995
696,5,0,40.714,347.095,0.821,379,4.259,94.833,0.494,0.995
697,4,0,39.571,347.19,0.821,377,4.479,92.259,0.488,0.993
698,3,0,39.095,347.19,0.817,373,4.644,88.78,0.482,0.991
699,7,0,39.571,348.952,0.82,372,4.695,89.623,0.481,0.992
700,4,0,39.286,347.238,0.813,371,4.855,88.07,0.477,0.991
701,3,0,31.238,344.81,0.787,371,5.748,70.269,0.482,0.909
702,1,0,31.238,344.81,0.788,370,5.752,70.395,0.481,0.908
703,3,0,31.524,344.81,0.789,367,5.697,70.627,0.483,0.917
704,5,0,31.81,347.143,0.791,368,5.453,73.548,0.487,0.927
705,4,0,32.238,347.143,0.793,369,5.231,75.418,0.492,0.94
706,3,0,32.81,347.143,0.796,364,5.273,76.471,0.485,0.944
707,3,0,32.905,347.524,0.796,361,5.444,75.84,0.478,0.941
708,6,0,32.81,347.571,0.79,360,5.616,75.759,0.472,0.934
709,4,0,33.0,347.571,0.792,358,5.8,73.506,0.467,0.933
710,7,0,33.143,347.857,0.792,360,5.697,74.947,0.471,0.939
711,10,0,33.381,347.857,0.8,367,5.401,77.261,0.483,0.952
712,8,0,33.381,347.857,0.801,371,5.199,78.551,0.494,0.958
713,4,0,33.762,347.857,0.802,370,5.22,79.51,0.491,0.961
714,4,0,33.952,347.857,0.805,372,5.075,80.494,0.497,0.966
715,4,0,34.048,347.857,0.803,373,5.054,81.505,0.5,0.969
716,7,0,34.714,347.952,0.803,371,4.964,82.783,0.5,0.974
717,4,0,35.19,347.952,0.801,372,4.815,84.901,0.504,0.979
718,8,0,34.905,347.952,0.801,375,4.738,84.522,0.515,0.98
719,2,0,34.905,348.048,0.802,373,4.82,82.839,0.511,0.979
720,7,0,34.905,348.048,0.804,375,4.816,83.66,0.513,0.98
721,3,0,35.238,347.19,0.805,372,4.787,83.768,0.509,0.98
722,6,0,35.238,347.952,0.802,375,4.612,86.521,0.514,0.982
723,6,0,35.476,347.952,0.806,376,4.586,86.54,0.512,0.983
724,4,0,35.762,347.952,0.813,376,4.401,88.625,0.52,0.986
725,4,0,36.143,347.952,0.817,377,4.277,90.349,0.526,0.988
726,5,0,35.762,347.952,0.814,378,4.367,88.08,0.523,0.986
727,8,0,36.143,347.952,0.81,379,4.178,90.871,0.532,0.989
728,7,0,35.667,347.952,0.807,381,4.196,90.76,0.534,0.988
729,6,0,34.952,347.952,0.807,376,4.296,88.343,0.53,0.984
730,8,0,34.476,347.952,0.801,378,4.361,87.033,0.535,0.983
731,5,0,34.571,347.952,0.8,373,4.401,86.635,0.527,0.981
732,8,0,34.571,348.095,0.794,381,4.058,90.346,0.541,0.985
733,7,0,34.524,348.095,0.796,383,4.068,89.733,0.543,0.985
734,10,0,34.476,348.095,0.793,388,4.079,89.063,0.542,0.985
735,9,0,34.762,347.81,0.79,391,3.975,89.203,0.545,0.986
736,5,0,35.048,348.81,0.789,391,4.024,89.718,0.543,0.987
737,5,0,35.81,348.81,0.791,392,3.743,95.298,0.553,0.991
738,5,0,35.619,348.81,0.788,396,3.697,95.155,0.56,0.991
739,6,0,35.667,350.048,0.788,394,3.776,93.191,0.554,0.991
740,7,1,35.905,350.048,0.787,394,3.71,94.244,0.556,0.992
741,6,0,35.81,350.048,0.784,397,3.655,95.904,0.561,0.992
742,8,0,36.333,350.048,0.785,401,3.49,97.184,0.568,0.994
743,11,0,36.286,349.857,0.798,406,3.476,97.582,0.567,0.994
744,1,0,36.476,350.095,0.798,403,3.489,97.689,0.566,0.994
745,6,0,36.476,350.095,0.798,405,3.499,97.356,0.57,0.994
746,8,0,36.952,350.095,0.8,405,3.55,99.081,0.571,0.995
747,2,0,37.333,350.095,0.811,399,3.594,98.783,0.566,0.995
748,5,0,37.333,349.238,0.808,399,3.643,98.853,0.56,0.995
749,8,0,37.619,349.286,0.806,400,3.499,101.866,0.563,0.996
750,4,0,37.905,349.286,0.811,398,3.537,101.897,0.559,0.996
751,8,0,37.143,349.286,0.808,403,3.449,102.647,0.567,0.995
752,5,0,37.524,349.286,0.808,406,3.387,104.22,0.571,0.996
753,2,0,37.048,349.286,0.812,401,3.744,99.4,0.557,0.994
754,7,0,36.667,349.286,0.807,405,3.666,100.133,0.564,0.994
755,7,0,37.286,348.81,0.808,402,3.663,100.513,0.561,0.995
756,6,0,38.238,348.81,0.809,402,3.598,102.732,0.557,0.996
757,8,0,38.143,348.81,0.81,404,3.573,102.988,0.562,0.996
758,4,0,38.333,348.81,0.81,403,3.567,103.36,0.563,0.996
759,3,0,38.429,348.81,0.811,403,3.601,103.241,0.559,0.996
760,5,0,37.952,348.81,0.81,407,3.532,103.537,0.565,0.996
761,6,0,38.619,348.667,0.808,407,3.479,106.543,0.568,0.997
762,3,0,38.619,348.667,0.81,404,3.588,105.044,0.564,0.997
763,7,0,38.048,348.81,0.813,403,3.758,103.211,0.561,0.996
764,5,0,38.429,348.81,0.815,404,3.756,103.782,0.557,0.996
765,6,0,38.905,348.81,0.816,404,3.729,103.727,0.557,0.997
766,8,0,38.714,348.81,0.813,407,3.644,104.95,0.562,0.997
767,3,0,38.905,348.81,0.81,407,3.595,105.382,0.564,0.997
768,4,0,38.714,348.81,0.809,406,3.598,104.884,0.563,0.997
769,4,0,39.143,348.667,0.809,405,3.559,106.549,0.565,0.997
770,2,0,39.476,347.81,0.81,403,3.573,106.671,0.565,0.998
771,5,0,39.524,348.095,0.811,401,3.634,105.43,0.56,0.997
772,6,0,38.857,348.095,0.807,403,3.677,103.906,0.561,0.997
773,5,0,39.143,348.095,0.806,403,3.608,104.451,0.563,0.997
774,6,0,38.762,348.095,0.805,403,3.677,103.77,0.561,0.997
775,4,0,39.143,348.095,0.809,399,3.747,102.701,0.553,0.997
776,5,0,39.429,348.095,0.807,401,3.612,103.227,0.556,0.997
777,4,0,39.0,348.095,0.806,400,3.479,103.565,0.558,0.997
778,4,0,39.095,348.095,0.805,400,3.372,105.015,0.56,0.997
779,7,0,39.81,347.238,0.808,400,3.384,105.539,0.555,0.997
780,4,0,40.095,347.238,0.808,399,3.377,105.917,0.555,0.998
781,6,0,39.619,347.238,0.806,401,3.395,104.952,0.557,0.997
782,2,0,39.619,347.667,0.806,403,3.357,105.562,0.56,0.998
783,5,0,39.524,347.667,0.805,407,3.249,106.798,0.566,0.998
784,4,0,39.524,347.667,0.809,405,3.347,105.746,0.56,0.997
785,3,0,39.619,347.667,0.813,403,3.629,103.543,0.56,0.998
786,7,0,38.667,347.667,0.815,405,3.806,100.075,0.563,0.997
787,6,0,39.143,347.667,0.818,406,3.596,102.958,0.572,0.998
788,4,0,39.238,347.667,0.817,406,3.625,102.819,0.567,0.997
789,6,0,38.952,347.667,0.817,409,3.57,103.485,0.573,0.997
790,5,0,39.286,348.333,0.817,407,3.602,103.811,0.571,0.998
791,4,0,39.095,348.333,0.816,405,3.684,102.449,0.57,0.997
792,6,0,39.0,348.952,0.823,402,3.795,102.442,0.564,0.997
793,2,0,39.19,348.952,0.826,399,3.793,102.903,0.564,0.997
794,7,0,39.381,348.952,0.825,399,3.768,102.997,0.565,0.998
795,7,0,39.381,348.952,0.826,404,3.651,104.202,0.574,0.998
796,4,0,39.571,348.952,0.825,406,3.537,105.063,0.582,0.998
797,1,0,39.762,348.952,0.82,400,3.763,101.569,0.571,0.998
798,9,1,39.857,349.714,0.818,402,3.892,101.842,0.573,0.998
799,3,0,39.286,349.714,0.821,399,3.987,100.286,0.569,0.998
800,6,0,39.286,349.714,0.821,403,3.883,100.482,0.571,0.998
801,6,0,32.762,349.667,0.774,401,4.578,82.716,0.567,0.982
802,1,0,33.048,349.667,0.78,400,4.582,82.339,0.564,0.983
803,8,0,33.905,349.667,0.782,402,4.407,85.52,0.571,0.988
804,4,0,34.762,349.667,0.783,399,4.346,86.663,0.569,0.991
805,3,0,35.238,349.286,0.781,397,4.236,87.467,0.571,0.992
806,6,0,35.429,349.286,0.781,398,4.208,88.941,0.572,0.993
807,4,0,35.762,349.286,0.78,392,4.169,88.462,0.57,0.993
808,6,0,36.143,349.286,0.781,392,4.024,90.19,0.569,0.994
809,2,0,36.19,349.286,0.786,388,4.113,90.118,0.561,0.993
810,5,0,36.286,349.286,0.793,390,4.031,91.023,0.568,0.994
811,4,0,36.429,349.286,0.789,390,3.831,92.017,0.57,0.994
812,8,0,36.476,349.762,0.79,393,3.781,93.556,0.574,0.995
813,1,0,36.667,349.19,0.793,388,3.863,92.801,0.569,0.995
814,6,0,36.952,349.19,0.801,391,3.675,95.071,0.578,0.996
815,9,0,36.857,349.19,0.797,397,3.518,96.941,0.591,0.996
816,0,0,36.476,349.19,0.801,390,3.743,92.469,0.579,0.995
817,5,0,36.0,349.19,0.802,391,3.858,91.008,0.575,0.994
818,4,0,36.286,349.19,0.804,390,4.028,89.926,0.565,0.994
819,5,0,36.286,348.857,0.807,390,3.963,91.095,0.564,0.994
820,7,0,36.381,348.857,0.806,393,3.9,91.822,0.567,0.994
821,7,0,36.095,348.857,0.801,399,3.932,91.227,0.57,0.994
822,4,0,36.429,348.286,0.808,392,4.043,90.248,0.56,0.993
823,6,0,36.905,348.286,0.811,394,3.938,91.16,0.562,0.994
824,6,0,37.0,348.429,0.807,392,3.97,90.777,0.557,0.994
825,6,0,36.238,348.429,0.802,390,4.033,89.542,0.556,0.993
826,2,0,35.952,347.571,0.802,383,4.189,87.828,0.548,0.991
827,6,0,36.238,347.571,0.802,386,4.099,88.651,0.555,0.993
828,4,0,36.667,348.952,0.802,388,4.019,90.256,0.557,0.994
829,5,0,36.476,348.952,0.802,390,4.044,89.828,0.56,0.994
830,3,0,36.476,348.619,0.806,385,4.003,90.621,0.55,0.993
831,8,0,36.381,348.619,0.801,385,4.12,89.854,0.555,0.993
832,4,0,36.381,348.619,0.801,385,4.227,89.266,0.549,0.992
833,4,0,36.667,348.619,0.811,384,4.347,86.265,0.542,0.992
834,5,0,36.857,348.619,0.809,386,4.28,87.414,0.546,0.993
835,7,0,36.571,348.619,0.808,389,4.193,87.141,0.553,0.993
836,3,0,36.476,348.619,0.806,390,4.168,87.774,0.556,0.993
837,2,0,36.667,348.619,0.808,387,4.137,88.562,0.557,0.994
838,2,0,36.524,348.619,0.809,384,4.249,87.339,0.553,0.993
839,10,1,36.619,349.476,0.806,391,4.041,89.59,0.565,0.994
840,6,0,36.714,349.476,0.802,391,4.022,89.731,0.561,0.994
841,5,0,36.429,347.81,0.8,394,3.957,88.989,0.569,0.994
842,7,0,36.238,347.81,0.802,397,3.889,90.661,0.574,0.994
843,5,0,36.524,347.81,0.801,398,3.866,91.4,0.575,0.995
844,1,0,36.476,347.81,0.8,394,3.938,90.643,0.571,0.995
845,4,0,36.381,347.81,0.797,397,3.796,92.436,0.579,0.995
846,3,0,36.667,347.81,0.799,395,3.735,93.702,0.576,0.995
847,5,0,37.048,347.81,0.797,397,3.691,93.785,0.579,0.996
848,5,0,37.524,348.476,0.79,398,3.627,95.637,0.582,0.997
849,6,0,38.19,348.476,0.796,400,3.42,98.542,0.584,0.997
850,5,0,38.286,348.476,0.8,401,3.462,98.247,0.585,0.997
851,5,0,38.333,348.476,0.801,406,3.395,98.558,0.59,0.998
852,6,0,38.429,348.476,0.796,407,3.357,98.731,0.592,0.998
853,4,0,38.714,348.238,0.801,408,3.14,101.86,0.596,0.998
854,7,0,40.286,348.238,0.806,407,3.095,104.918,0.595,0.999
855,4,2,40.857,348.238,0.807,405,3.031,106.816,0.592,0.999
856,6,1,41.333,348.238,0.808,403,2.975,108.056,0.592,0.999
857,6,1,41.524,348.238,0.809,405,2.921,109.326,0.595,0.999
858,6,0,42.381,348.238,0.811,407,2.84,111.573,0.592,0.999
859,6,0,42.19,348.238,0.818,409,2.736,111.585,0.6,0.999
860,3,1,42.857,348.238,0.818,400,2.871,111.052,0.583,0.999
861,5,0,42.381,348.238,0.815,402,2.819,112.231,0.588,0.999
862,3,0,42.571,348.238,0.817,399,2.87,111.844,0.585,0.999
863,9,2,42.238,348.238,0.817,403,2.856,112.278,0.59,0.999
864,7,0,41.952,348.238,0.814,405,2.793,112.597,0.594,0.999
865,4,1,41.952,348.238,0.812,400,2.843,111.929,0.588,0.999
866,8,0,41.952,348.619,0.818,401,2.854,111.669,0.588,0.999
867,8,0,41.952,348.619,0.815,395,3.017,107.887,0.583,0.999
868,2,0,42.143,348.619,0.816,392,3.001,108.148,0.58,0.999
869,4,0,41.857,348.619,0.815,391,3.116,106.079,0.576,0.999
870,4,0,42.571,348.619,0.817,391,3.104,107.06,0.573,0.999
871,5,0,42.381,346.857,0.817,390,3.141,105.816,0.572,0.999
872,5,0,42.0,346.857,0.812,389,3.181,105.831,0.571,0.999
873,4,0,42.19,347.143,0.815,388,3.214,105.914,0.57,0.999
874,2,0,42.381,347.143,0.821,386,3.187,106.824,0.57,0.999
875,3,0,43.095,347.143,0.823,384,3.174,108.059,0.566,0.999
876,2,0,43.571,347.143,0.826,384,3.186,108.205,0.566,0.999
877,3,0,43.286,347.143,0.824,380,3.203,107.041,0.564,0.999
878,4,0,42.81,346.0,0.83,375,3.408,103.425,0.555,0.999
879,7,0,42.619,346.0,0.827,375,3.541,102.199,0.554,0.999
880,6,0,42.143,346.0,0.817,377,3.504,100.762,0.555,0.999
881,9,0,41.857,346.0,0.809,384,3.464,100.87,0.563,0.999
882,6,0,41.714,346.0,0.817,386,3.435,101.719,0.566,0.999
883,13,0,42.381,346.143,0.828,392,3.268,104.691,0.57,0.999
884,1,0,41.619,343.905,0.824,385,3.384,101.433,0.562,0.999
885,5,0,42.381,344.286,0.831,383,3.396,102.992,0.559,0.999
886,2,0,42.667,344.286,0.838,383,3.356,104.515,0.561,0.999
887,7,1,43.048,344.286,0.843,382,3.28,107.393,0.563,0.999
888,4,0,43.095,344.286,0.84,376,3.362,106.954,0.557,0.999
889,1,0,43.286,344.286,0.832,368,3.645,103.272,0.54,0.999
890,4,0,43.19,343.905,0.832,367,3.672,103.089,0.54,0.999
891,2,0,43.143,343.905,0.833,366,3.592,103.995,0.541,0.999
892,1,0,43.143,343.905,0.834,365,3.596,103.995,0.54,0.999
893,4,0,43.095,343.905,0.826,363,3.766,102.836,0.53,0.999
894,6,0,43.381,344.19,0.824,362,3.881,101.869,0.527,0.999
895,3,0,43.286,344.19,0.825,362,3.763,104.173,0.53,0.999
896,9,0,43.762,344.762,0.819,367,3.541,105.792,0.543,0.999
897,2,0,43.381,344.762,0.818,365,3.776,102.699,0.537,0.999
898,7,0,43.476,344.762,0.816,371,3.611,106.407,0.547,0.999
899,9,0,44.143,344.762,0.822,370,3.674,105.886,0.556,0.999
900,5,0,44.048,344.762,0.821,371,3.693,105.353,0.553,0.999
901,8,0,33.952,349.524,0.774,376,4.505,83.911,0.555,0.985
902,5,0,34.19,345.762,0.774,377,4.433,85.473,0.557,0.986
903,7,0,34.381,345.762,0.784,377,4.448,84.359,0.552,0.986
904,2,0,34.333,345.762,0.784,377,4.376,83.541,0.551,0.986
905,3,0,34.143,345.762,0.786,373,4.525,81.971,0.548,0.984
906,7,0,34.857,347.476,0.788,372,4.546,83.941,0.545,0.987
907,12,0,35.0,347.476,0.787,381,4.287,86.041,0.552,0.989
908,5,0,35.286,347.619,0.789,381,4.248,86.482,0.555,0.99
909,5,0,35.81,347.619,0.788,382,4.151,88.941,0.556,0.992
910,6,0,36.476,347.619,0.786,385,3.972,91.559,0.564,0.994
911,4,0,36.571,347.619,0.785,385,3.936,91.405,0.564,0.994
912,5,0,36.857,347.286,0.785,384,3.736,94.821,0.566,0.995
913,4,0,37.048,347.286,0.784,384,3.766,92.971,0.563,0.995
914,4,0,37.143,347.286,0.785,384,3.789,93.092,0.56,0.995
915,6,0,37.286,342.667,0.789,383,3.873,92.002,0.559,0.995
916,5,0,37.952,344.286,0.788,382,3.765,93.996,0.561,0.996
917,2,0,38.238,344.286,0.792,380,3.763,94.601,0.56,0.996
918,8,0,37.952,344.286,0.782,382,3.845,93.297,0.555,0.996
919,4,0,37.762,344.286,0.785,380,3.996,91.217,0.549,0.995
920,7,0,37.571,343.476,0.789,382,4.166,90.35,0.543,0.994
921,2,0,37.381,343.476,0.787,382,4.166,90.023,0.544,0.994
922,4,0,37.19,343.476,0.789,380,4.246,89.171,0.536,0.993
923,3,0,37.667,346.143,0.789,379,4.257,90.148,0.534,0.994
924,2,0,37.762,346.143,0.787,377,4.226,89.776,0.535,0.994
925,6,0,38.619,346.143,0.792,377,3.98,94.97,0.538,0.995
926,10,0,38.667,346.143,0.792,381,3.894,95.443,0.541,0.996
927,5,0,38.571,346.143,0.791,381,3.861,94.383,0.543,0.996
928,5,0,38.667,346.143,0.79,382,3.749,95.865,0.544,0.996
929,3,0,38.667,346.143,0.789,377,3.939,92.931,0.538,0.995
930,3,0,38.857,346.143,0.79,374,4.019,93.203,0.532,0.995
931,3,0,38.952,346.143,0.789,372,3.986,93.575,0.527,0.995
932,6,0,39.048,346.143,0.796,370,3.958,94.049,0.528,0.995
933,7,0,39.286,346.429,0.794,371,3.878,95.655,0.533,0.996
934,5,0,38.429,346.429,0.792,370,3.898,94.565,0.535,0.995
935,6,0,39.095,346.429,0.792,371,3.841,96.354,0.538,0.996
936,3,0,38.905,346.429,0.788,370,4.114,93.966,0.532,0.995
937,5,0,38.429,346.429,0.784,373,3.927,95.904,0.54,0.995
938,5,0,38.524,346.429,0.783,374,3.868,96.439,0.543,0.996
939,7,0,38.905,346.429,0.783,375,3.795,98.287,0.549,0.996
940,10,0,39.19,347.333,0.794,380,3.48,102.833,0.561,0.997
941,3,0,38.619,347.333,0.789,376,3.594,100.27,0.559,0.997
942,6,0,38.476,348.143,0.79,379,3.511,100.602,0.561,0.997
943,5,0,38.333,348.524,0.788,382,3.59,100.347,0.564,0.997
944,4,0,38.81,348.524,0.797,379,3.674,100.017,0.553,0.996
945,3,0,39.095,348.524,0.796,378,3.696,99.904,0.55,0.997
946,3,0,39.19,348.524,0.797,372,3.807,98.164,0.538,0.996
947,5,0,38.524,348.524,0.791,374,3.736,97.725,0.544,0.996
948,5,0,38.476,348.524,0.79,374,3.644,98.73,0.546,0.996
949,1,0,38.571,348.524,0.793,371,3.729,98.289,0.545,0.996
950,4,0,37.905,348.524,0.786,371,3.807,95.984,0.546,0.995
951,6,0,37.905,348.524,0.787,374,3.821,96.283,0.552,0.995
952,5,0,38.286,348.524,0.786,371,3.797,96.511,0.549,0.996
953,3,0,38.286,348.524,0.789,370,3.813,96.45,0.55,0.996
954,9,0,39.048,348.524,0.797,373,3.593,100.107,0.552,0.997
955,1,0,39.429,348.524,0.8,367,3.723,98.175,0.542,0.997
956,6,0,39.143,348.524,0.8,372,3.722,98.17,0.545,0.996
957,2,0,38.952,348.524,0.8,368,3.837,96.261,0.536,0.996
958,6,0,38.571,348.524,0.797,368,3.897,94.43,0.538,0.995
959,5,0,38.19,348.524,0.793,368,3.83,95.146,0.539,0.995
960,5,0,38.429,348.524,0.788,370,3.779,95.832,0.542,0.995
961,2,0,38.238,348.524,0.789,368,3.851,94.762,0.539,0.995
962,5,0,38.048,348.905,0.791,367,3.948,93.183,0.536,0.994
963,4,0,38.619,348.905,0.798,364,4.017,93.108,0.531,0.995
964,7,0,38.143,348.905,0.796,367,4.002,92.868,0.534,0.994
965,9,0,38.524,348.905,0.801,372,3.826,95.292,0.538,0.995
966,3,0,38.333,348.905,0.8,373,3.789,95.91,0.54,0.995
967,5,0,38.143,348.905,0.797,373,3.868,95.162,0.539,0.995
968,4,0,38.143,348.905,0.79,373,3.947,95.743,0.535,0.994
969,1,0,38.429,348.905,0.788,369,4.01,94.796,0.529,0.994
970,12,0,38.571,348.905,0.784,375,3.841,96.056,0.533,0.995
971,1,0,38.381,348.905,0.777,369,4.141,92.194,0.522,0.994
972,5,0,38.571,348.905,0.777,370,4.064,92.619,0.528,0.995
973,10,0,38.571,348.905,0.78,375,4.046,92.397,0.53,0.995
974,6,0,38.143,347.0,0.779,377,4.041,92.234,0.532,0.994
975,7,0,37.571,347.0,0.775,380,3.939,91.581,0.54,0.994
976,5,0,37.762,347.0,0.783,382,3.811,94.385,0.547,0.995
977,5,0,38.238,347.0,0.787,380,3.619,96.968,0.548,0.995
978,4,0,38.81,347.0,0.782,377,3.721,96.216,0.544,0.996
979,8,0,38.714,347.0,0.781,377,3.765,96.546,0.544,0.996
980,3,0,39.0,346.619,0.789,371,3.821,96.525,0.534,0.996
981,2,0,39.19,346.619,0.791,370,3.86,96.254,0.529,0.996
982,7,0,39.667,346.619,0.796,368,3.891,97.591,0.527,0.996
983,5,0,39.0,346.619,0.791,371,4.009,95.953,0.529,0.995
984,4,0,39.048,346.238,0.794,368,4.067,94.95,0.525,0.995
985,6,0,39.143,346.238,0.794,371,4.039,95.401,0.526,0.995
986,1,0,39.238,346.238,0.796,365,4.133,95.073,0.519,0.995
987,3,0,39.143,346.238,0.795,363,4.163,94.854,0.519,0.995
988,7,0,39.524,346.238,0.792,364,4.079,96.202,0.524,0.996
989,4,0,39.429,346.238,0.791,365,4.077,96.336,0.522,0.995
990,6,0,40.286,346.238,0.796,363,4.013,98.325,0.517,0.996
991,5,0,40.0,346.238,0.796,364,4.087,97.603,0.517,0.996
992,2,0,40.095,346.238,0.794,362,4.095,97.626,0.515,0.996
993,1,0,40.286,346.238,0.795,359,4.115,97.952,0.513,0.996
994,4,0,40.095,346.238,0.783,360,4.08,99.576,0.512,0.996
995,8,0,39.429,347.286,0.773,362,4.061,99.305,0.514,0.995
996,2,0,39.238,347.286,0.769,357,4.27,96.378,0.5,0.993
997,3,0,39.333,347.905,0.77,358,4.289,95.662,0.501,0.994
998,9,0,40.095,347.905,0.786,364,4.044,99.315,0.512,0.996
999,5,1,39.714,341.857,0.783,363,4.178,95.231,0.507,0.995
1000,0,0,39.524,341.857,0.777,357,4.339,93.473,0.499,0.994
