1,10,0,0.302,2.093,0.0,10,345.752,0.0,0.007,0.041
2,3,0,0.465,2.535,0.0,13,344.4,0.197,0.009,0.043
3,3,0,0.605,3.651,0.001,16,327.567,0.317,0.011,0.027
4,3,0,0.744,5.512,0.003,19,313.23,0.677,0.014,0.019
5,4,0,0.907,6.674,0.004,23,298.499,1.043,0.016,0.012
6,7,0,1.233,9.628,0.007,29,268.406,2.147,0.022,0.006
7,5,0,1.465,13.977,0.015,34,249.601,3.526,0.027,0.004
8,5,0,1.791,16.163,0.018,38,231.462,4.771,0.03,0.002
9,5,0,1.977,20.047,0.025,42,221.702,5.894,0.035,0.002
10,3,0,2.07,21.14,0.026,45,218.843,6.388,0.037,0.002
11,6,0,2.116,22.0,0.026,51,216.412,6.996,0.039,0.002
12,9,0,2.256,23.419,0.024,59,211.361,9.334,0.046,0.002
13,4,0,2.535,26.535,0.029,63,205.866,11.216,0.051,0.002
14,4,0,2.488,26.535,0.027,67,206.39,11.123,0.052,0.002
15,3,0,2.535,27.07,0.025,70,204.638,12.125,0.056,0.002
16,8,0,2.674,29.953,0.029,77,196.513,13.944,0.06,0.001
17,4,0,2.86,32.116,0.032,81,187.91,15.99,0.064,0.001
18,4,0,2.86,32.628,0.03,85,187.198,16.457,0.067,0.001
19,7,0,2.93,35.256,0.035,91,185.34,18.667,0.071,0.001
20,8,0,2.93,36.86,0.035,98,184.202,19.342,0.075,0.001
21,3,0,3.116,38.233,0.04,98,180.9,20.591,0.075,0.001
22,3,0,3.186,39.326,0.044,98,178.645,21.14,0.074,0.001
23,3,0,3.279,41.326,0.047,101,177.833,22.999,0.077,0.001
24,3,0,3.279,41.326,0.045,104,177.899,23.432,0.079,0.001
25,5,0,3.419,44.163,0.049,108,174.524,24.714,0.084,0.001
26,6,0,3.326,43.953,0.047,113,173.2,25.46,0.086,0.001
27,8,0,3.651,47.372,0.052,119,169.491,29.444,0.092,0.001
28,6,0,3.767,49.628,0.054,125,168.662,31.124,0.096,0.001
29,3,0,3.907,49.884,0.055,127,168.077,33.647,0.097,0.001
30,3,0,4.047,50.605,0.055,130,166.845,35.368,0.099,0.001
31,5,0,4.186,51.605,0.061,130,166.071,35.011,0.096,0.001
32,8,0,4.442,53.488,0.063,137,163.929,39.343,0.1,0.002
33,3,0,4.535,55.953,0.069,139,162.742,41.42,0.103,0.002
34,4,0,4.628,56.302,0.068,143,161.925,43.979,0.105,0.002
35,6,0,4.86,57.233,0.067,148,162.556,47.44,0.109,0.002
36,3,0,4.907,58.256,0.069,151,161.843,49.4,0.111,0.002
37,9,0,5.372,62.047,0.078,157,155.944,56.567,0.115,0.002
38,0,0,5.209,61.279,0.079,154,158.297,53.239,0.112,0.002
39,6,0,5.512,62.767,0.082,157,156.139,56.093,0.114,0.002
40,2,0,5.512,62.767,0.081,159,156.055,56.188,0.115,0.002
41,2,0,5.651,62.767,0.081,161,155.429,57.261,0.115,0.002
42,3,0,5.558,62.209,0.081,162,161.463,54.914,0.113,0.002
43,7,0,5.837,63.791,0.084,168,159.88,58.969,0.116,0.003
44,7,0,5.977,64.953,0.085,173,158.984,62.133,0.119,0.003
45,4,0,6.256,65.884,0.09,175,158.157,63.412,0.118,0.003
46,8,0,6.256,68.209,0.094,180,157.024,65.495,0.12,0.003
47,3,0,6.628,69.186,0.096,179,156.096,71.037,0.122,0.003
48,10,0,7.209,77.163,0.113,187,148.374,81.0,0.131,0.003
49,8,0,7.256,80.302,0.12,192,146.315,84.446,0.135,0.003
50,2,0,7.442,77.698,0.116,190,148.028,83.7,0.132,0.004
51,7,0,7.419,77.698,0.113,196,147.973,86.763,0.135,0.004
52,4,0,7.651,77.837,0.115,198,147.598,87.85,0.134,0.004
53,6,0,7.698,77.837,0.112,202,147.369,91.483,0.136,0.004
54,2,0,7.884,78.116,0.112,203,146.963,94.207,0.137,0.004
55,5,0,7.977,79.07,0.115,204,146.658,96.298,0.138,0.005
56,6,0,8.116,80.14,0.115,209,146.101,100.282,0.141,0.005
57,5,0,8.256,80.395,0.113,212,145.629,105.086,0.144,0.005
58,5,0,8.302,80.395,0.111,215,145.523,106.668,0.146,0.005
59,7,0,8.512,82.186,0.115,218,144.871,111.578,0.149,0.006
60,8,0,8.837,87.047,0.126,224,141.934,118.096,0.153,0.006
61,1,0,8.698,87.512,0.13,221,142.438,114.887,0.151,0.006
62,6,0,8.605,87.512,0.127,225,141.502,116.67,0.154,0.006
63,6,0,8.605,88.07,0.127,228,141.255,117.373,0.155,0.006
64,5,0,8.837,88.698,0.127,231,141.207,124.226,0.159,0.007
65,3,0,9.047,88.791,0.128,230,141.137,125.889,0.158,0.007
66,7,0,9.0,88.442,0.126,235,141.138,126.337,0.16,0.007
67,3,0,9.233,88.442,0.128,235,140.636,128.603,0.158,0.007
68,6,0,9.419,89.395,0.13,238,140.388,132.247,0.16,0.008
69,6,0,9.558,92.698,0.135,242,139.889,137.463,0.166,0.009
70,5,0,10.07,94.372,0.14,244,139.265,144.569,0.168,0.011
71,8,0,10.116,95.093,0.137,252,138.832,151.627,0.173,0.011
72,8,0,10.023,98.14,0.148,257,138.731,154.175,0.176,0.012
73,5,0,10.256,99.093,0.153,257,137.674,159.469,0.175,0.012
74,6,0,10.488,100.605,0.159,258,137.407,164.339,0.175,0.013
75,7,0,11.0,101.605,0.16,262,136.775,174.553,0.178,0.015
76,5,0,11.047,101.698,0.16,264,136.699,178.71,0.179,0.015
77,5,0,11.209,101.791,0.16,266,136.572,181.117,0.179,0.016
78,5,0,11.605,101.605,0.16,268,136.3,186.07,0.178,0.018
79,3,0,11.698,101.605,0.159,268,136.226,188.109,0.179,0.019
80,3,0,11.512,101.605,0.157,271,136.282,185.239,0.18,0.018
81,2,0,11.814,101.628,0.163,269,136.399,184.375,0.175,0.018
82,3,0,11.884,101.907,0.165,269,136.423,187.165,0.174,0.019
83,8,0,12.023,102.093,0.163,275,136.21,195.134,0.177,0.02
84,2,0,11.977,102.767,0.164,275,136.175,194.436,0.178,0.02
85,6,0,11.93,104.302,0.165,279,135.619,199.54,0.183,0.021
86,5,0,11.837,104.721,0.164,282,135.288,205.063,0.186,0.021
87,5,0,11.86,106.093,0.169,281,135.342,207.952,0.187,0.021
88,4,0,11.86,106.837,0.167,284,135.188,209.966,0.191,0.022
89,9,0,11.651,109.674,0.173,291,135.155,211.464,0.196,0.023
90,5,0,11.837,109.884,0.175,292,135.258,213.192,0.195,0.024
91,3,0,12.07,110.488,0.181,290,135.165,215.372,0.193,0.025
92,5,0,12.023,110.884,0.18,290,135.321,216.167,0.195,0.025
93,5,0,11.93,111.186,0.181,288,135.153,215.231,0.196,0.025
94,5,0,12.116,113.186,0.185,290,134.721,218.169,0.199,0.027
95,5,0,12.535,114.698,0.191,292,134.269,226.754,0.2,0.031
96,1,0,12.535,114.698,0.193,289,134.371,227.293,0.198,0.03
97,5,0,12.767,116.628,0.203,291,134.25,232.041,0.199,0.032
98,3,0,12.907,118.581,0.21,290,134.135,233.77,0.2,0.034
99,5,0,12.953,118.581,0.209,292,134.24,234.649,0.2,0.035
100,5,0,13.047,120.837,0.214,295,133.863,241.553,0.205,0.038
101,4,0,10.628,122.419,0.219,295,135.692,196.47,0.206,0.02
102,7,0,11.0,124.674,0.226,299,135.272,208.619,0.21,0.023
103,4,0,11.047,123.256,0.222,297,135.239,208.715,0.208,0.023
104,4,0,11.372,126.326,0.234,296,135.054,216.248,0.209,0.025
105,5,0,11.535,126.326,0.234,297,134.929,221.31,0.209,0.026
106,4,0,11.814,126.698,0.238,295,134.857,227.643,0.208,0.028
107,2,0,12.07,126.698,0.24,293,134.86,227.817,0.206,0.029
108,8,0,12.07,126.791,0.24,297,134.887,227.045,0.207,0.03
109,2,0,12.349,126.953,0.243,294,134.715,231.106,0.205,0.032
110,3,0,12.395,126.953,0.244,293,134.761,230.927,0.204,0.032
111,5,0,12.674,128.698,0.251,294,134.529,235.639,0.205,0.034
112,6,0,12.581,129.558,0.251,298,134.347,241.009,0.21,0.036
113,7,0,12.86,129.651,0.255,300,133.937,246.807,0.207,0.037
114,2,0,13.116,129.651,0.257,296,133.725,248.811,0.206,0.039
115,5,0,13.256,129.651,0.258,296,133.741,248.309,0.204,0.04
116,6,0,13.535,130.628,0.262,298,133.618,252.654,0.205,0.044
117,4,0,13.721,130.628,0.267,298,133.663,251.855,0.2,0.043
118,2,0,13.86,130.628,0.269,295,133.652,252.914,0.199,0.044
119,8,0,13.791,130.628,0.265,301,133.533,256.013,0.202,0.045
120,4,0,13.837,130.628,0.266,302,133.552,255.927,0.202,0.045
121,4,0,13.814,131.0,0.27,301,133.546,253.73,0.2,0.044
122,9,0,13.767,132.395,0.269,307,133.166,262.319,0.209,0.048
123,5,0,13.907,132.953,0.271,307,133.135,263.94,0.209,0.051
124,6,0,13.791,132.953,0.269,308,133.205,263.026,0.211,0.05
125,4,0,13.814,132.953,0.27,308,133.186,261.542,0.209,0.05
126,5,0,13.93,134.163,0.275,312,133.091,263.763,0.211,0.052
127,4,0,13.791,132.86,0.271,313,133.194,262.288,0.209,0.049
128,9,0,13.953,136.558,0.282,317,133.034,273.39,0.213,0.054
129,8,0,13.86,136.558,0.281,321,133.078,272.568,0.214,0.053
130,5,0,13.86,136.558,0.28,323,132.998,270.848,0.215,0.054
131,6,0,14.047,138.791,0.289,328,132.827,275.56,0.218,0.059
132,7,0,14.233,139.116,0.288,332,132.473,285.961,0.22,0.064
133,6,0,14.326,139.116,0.285,336,132.321,290.481,0.224,0.069
134,5,0,14.419,139.116,0.288,335,132.395,292.193,0.221,0.068
135,6,0,14.326,139.419,0.284,340,132.163,295.586,0.226,0.071
136,5,0,14.233,139.419,0.283,340,132.151,294.035,0.228,0.07
137,4,0,13.953,139.419,0.282,341,132.187,291.046,0.229,0.066
138,5,0,13.953,139.605,0.284,343,132.199,290.988,0.229,0.066
139,8,0,14.14,141.581,0.293,350,132.025,298.391,0.233,0.073
140,7,0,14.372,141.581,0.294,352,131.943,303.717,0.232,0.077
141,8,0,14.395,141.698,0.291,358,131.823,309.989,0.236,0.082
142,5,0,14.581,141.698,0.29,360,131.805,313.479,0.238,0.088
143,11,0,15.419,144.884,0.307,361,129.863,328.675,0.238,0.106
144,7,0,15.372,144.884,0.305,365,129.725,334.098,0.241,0.108
145,5,0,15.512,146.0,0.31,364,129.715,339.797,0.241,0.113
146,7,0,15.419,146.0,0.311,366,129.705,333.896,0.241,0.109
147,6,0,15.279,147.023,0.315,368,129.762,333.107,0.242,0.106
148,5,0,15.419,147.767,0.316,369,107.617,335.383,0.243,0.057
149,5,0,15.465,146.465,0.312,369,131.417,340.043,0.243,0.12
150,8,0,15.605,146.698,0.311,373,131.327,343.331,0.244,0.125
151,2,0,15.395,146.558,0.312,369,131.478,337.646,0.242,0.116
152,11,0,15.581,152.442,0.322,375,131.289,351.456,0.249,0.133
153,2,0,15.488,152.442,0.323,373,131.317,345.698,0.248,0.128
154,2,0,15.302,152.581,0.327,369,131.566,334.758,0.244,0.116
155,4,0,15.163,152.581,0.327,369,131.608,330.498,0.244,0.112
156,4,0,15.488,157.302,0.336,369,131.573,336.443,0.243,0.121
157,8,0,15.814,160.953,0.341,369,131.318,353.035,0.249,0.141
158,4,0,15.814,161.233,0.339,371,131.14,357.897,0.253,0.148
159,5,0,15.907,161.86,0.338,373,131.019,366.662,0.255,0.155
160,4,0,16.279,161.953,0.339,368,130.988,367.593,0.251,0.163
161,5,0,16.14,162.163,0.337,364,131.134,359.327,0.248,0.151
162,1,0,16.233,161.884,0.339,359,131.181,358.981,0.245,0.149
163,3,0,16.233,161.628,0.34,355,131.265,349.687,0.239,0.14
164,4,0,16.419,161.628,0.343,350,131.268,350.835,0.236,0.14
165,4,0,16.256,161.628,0.342,351,131.309,347.156,0.238,0.137
166,4,0,16.302,159.953,0.338,349,131.328,344.817,0.235,0.135
167,2,0,16.302,159.953,0.339,347,131.365,344.045,0.233,0.132
168,4,0,16.628,159.953,0.346,347,131.297,349.498,0.234,0.146
169,5,0,16.86,159.953,0.344,350,131.171,356.912,0.237,0.159
170,5,0,16.953,159.953,0.343,355,131.084,361.573,0.24,0.169
171,2,0,17.0,159.767,0.343,353,131.102,361.959,0.239,0.17
172,3,0,17.279,159.93,0.347,350,131.09,364.582,0.237,0.178
173,8,0,17.744,161.86,0.353,350,130.961,376.15,0.239,0.205
174,3,0,17.93,163.233,0.351,349,130.895,383.7,0.239,0.214
175,5,0,18.0,170.395,0.351,353,130.807,388.589,0.242,0.225
176,2,0,18.023,170.395,0.352,349,130.863,380.825,0.239,0.218
177,5,0,17.884,170.395,0.353,345,130.935,378.291,0.237,0.206
178,6,0,17.86,170.395,0.353,344,130.922,377.601,0.237,0.205
179,6,0,18.163,170.395,0.353,345,131.004,383.637,0.237,0.22
180,2,0,18.14,170.279,0.353,339,131.019,377.147,0.233,0.21
181,5,0,18.721,174.93,0.357,337,130.89,390.522,0.234,0.243
182,7,0,18.814,174.93,0.356,340,130.894,395.27,0.236,0.254
183,2,0,19.0,172.651,0.356,337,130.869,394.448,0.233,0.258
184,10,0,19.047,172.651,0.351,345,130.812,402.755,0.236,0.267
185,8,0,18.814,171.349,0.346,351,130.795,401.014,0.238,0.26
186,2,0,18.814,170.14,0.347,349,130.852,399.148,0.236,0.253
187,7,0,18.674,172.977,0.358,352,130.942,399.906,0.238,0.253
188,5,0,18.628,173.093,0.354,352,130.915,398.242,0.238,0.248
189,3,0,18.395,173.0,0.355,349,131.051,389.449,0.236,0.232
190,8,1,18.465,169.186,0.354,352,130.995,391.948,0.238,0.24
191,1,0,18.465,169.186,0.353,353,130.984,392.916,0.238,0.241
192,6,0,18.279,169.186,0.348,355,130.848,400.281,0.243,0.242
193,6,0,18.14,171.279,0.347,360,130.723,408.689,0.249,0.249
194,7,0,18.233,179.326,0.348,364,130.629,412.366,0.252,0.263
195,8,0,18.372,179.326,0.356,363,130.614,417.439,0.254,0.276
196,5,0,18.465,180.419,0.368,362,130.49,427.866,0.254,0.283
197,2,0,18.581,180.419,0.367,361,130.461,432.193,0.254,0.291
198,7,0,18.628,180.419,0.367,361,130.386,433.021,0.254,0.292
199,4,0,18.442,180.419,0.368,363,130.402,431.899,0.256,0.287
200,2,0,18.721,180.419,0.367,365,130.231,440.631,0.261,0.319
