1,10,0,0.791,4.349,0.003,10,310.491,0.227,0.011,0.016
2,8,0,1.256,7.767,0.007,18,275.241,0.705,0.017,0.007
3,6,0,1.581,11.814,0.013,24,247.514,1.385,0.023,0.003
4,7,0,2.186,15.488,0.017,30,221.815,2.31,0.03,0.002
5,6,0,2.465,20.023,0.023,36,205.28,3.343,0.037,0.001
6,13,0,3.186,24.372,0.029,46,183.246,5.966,0.045,0.001
7,2,0,3.233,25.674,0.031,48,179.201,6.385,0.046,0.001
8,6,0,3.581,27.395,0.031,54,167.252,7.838,0.051,0.001
9,8,0,3.767,30.302,0.033,62,152.635,9.369,0.058,0.0
10,4,0,3.907,32.116,0.037,65,143.313,9.832,0.059,0.0
11,9,0,4.349,34.884,0.038,73,132.837,11.894,0.066,0.0
12,7,0,4.791,38.047,0.042,80,124.52,13.831,0.072,0.0
13,3,0,5.023,40.977,0.05,81,118.655,14.349,0.073,0.0
14,12,0,5.488,46.628,0.06,91,105.686,17.932,0.08,0.0
15,12,0,6.233,58.116,0.081,102,91.982,21.68,0.094,0.0
16,7,0,6.186,58.791,0.08,107,93.462,22.094,0.097,0.0
17,7,0,6.605,62.721,0.087,112,91.374,22.556,0.102,0.0
18,6,0,6.884,66.698,0.093,118,88.33,26.069,0.109,0.0
19,5,0,7.186,67.907,0.097,118,81.385,27.778,0.109,0.0
20,8,0,7.581,73.209,0.108,124,76.696,29.937,0.115,0.0
21,10,0,7.907,77.953,0.114,134,70.623,33.496,0.124,0.0
22,8,0,8.163,79.628,0.115,139,69.179,35.664,0.129,0.0
23,6,0,8.349,80.209,0.113,145,67.724,37.574,0.133,0.0
24,10,0,8.581,85.116,0.119,154,64.205,43.693,0.143,0.0
25,5,0,8.814,88.279,0.124,158,60.435,46.879,0.148,0.0
26,4,0,9.047,91.047,0.129,160,58.319,48.94,0.153,0.0
27,8,0,9.186,93.349,0.132,167,57.001,51.333,0.157,0.0
28,7,0,9.791,105.256,0.164,171,51.358,59.37,0.164,0.001
29,6,0,9.744,105.442,0.16,177,51.401,60.046,0.167,0.001
30,10,0,9.93,108.047,0.161,186,49.967,65.63,0.175,0.001
31,12,0,10.488,120.698,0.187,195,46.193,76.426,0.191,0.001
32,7,0,10.86,126.023,0.198,200,44.261,83.264,0.199,0.001
33,10,0,10.953,128.186,0.204,204,43.538,85.577,0.2,0.001
34,11,0,10.977,129.093,0.201,212,42.416,89.432,0.206,0.001
35,9,0,11.581,133.744,0.211,218,37.595,98.729,0.213,0.001
36,5,0,11.884,137.512,0.221,222,36.46,102.676,0.216,0.001
37,9,0,11.791,139.14,0.224,228,35.954,104.6,0.218,0.001
38,9,0,12.349,143.558,0.231,236,33.906,112.736,0.227,0.002
39,11,0,13.186,154.814,0.263,244,31.898,123.958,0.235,0.002
40,6,0,13.372,156.395,0.271,247,31.734,126.033,0.232,0.002
41,6,0,13.558,156.395,0.271,251,31.351,129.415,0.234,0.002
42,5,0,13.744,157.605,0.271,253,30.778,132.02,0.238,0.003
43,6,0,13.837,158.233,0.269,258,30.302,133.79,0.242,0.003
44,4,0,13.977,156.791,0.269,256,30.134,132.135,0.238,0.003
45,7,0,14.209,158.186,0.272,260,29.6,135.129,0.241,0.003
46,5,0,14.535,166.093,0.296,263,28.702,140.573,0.246,0.004
47,4,0,15.186,169.256,0.305,263,27.543,147.491,0.248,0.004
48,13,0,15.698,169.721,0.303,272,26.998,154.708,0.252,0.005
49,10,0,16.163,172.465,0.308,277,25.589,164.954,0.259,0.006
50,9,0,16.535,179.884,0.327,283,24.537,175.832,0.27,0.008
51,8,0,16.488,179.977,0.324,287,24.151,177.602,0.273,0.008
52,4,0,16.628,185.302,0.344,285,24.021,174.926,0.273,0.009
53,3,0,16.86,186.023,0.347,285,23.878,179.95,0.273,0.009
54,9,0,16.907,187.14,0.345,292,22.935,186.602,0.278,0.01
55,5,0,16.814,187.698,0.348,296,23.629,182.201,0.278,0.01
56,8,0,16.953,190.674,0.356,301,23.308,186.023,0.281,0.01
57,9,0,17.047,194.86,0.371,307,22.418,190.462,0.284,0.011
58,11,0,17.326,197.163,0.378,311,22.654,193.087,0.286,0.012
59,11,0,17.628,202.465,0.391,320,21.947,206.153,0.298,0.016
60,6,0,17.721,214.372,0.422,323,21.547,209.717,0.306,0.018
61,9,0,18.14,219.488,0.439,330,20.57,224.669,0.311,0.022
62,5,0,18.186,219.953,0.439,333,20.529,225.921,0.314,0.023
63,8,0,18.233,220.512,0.439,339,19.899,229.876,0.316,0.023
64,4,0,18.372,222.0,0.446,338,19.68,229.964,0.314,0.023
65,13,0,18.977,227.814,0.457,346,18.706,244.454,0.326,0.032
66,9,0,19.163,230.372,0.472,349,18.548,249.451,0.326,0.034
67,2,0,19.302,230.023,0.475,346,18.701,251.58,0.322,0.034
68,7,0,19.791,230.86,0.479,347,18.577,259.318,0.322,0.039
69,5,0,19.884,230.488,0.481,345,18.739,259.394,0.318,0.038
70,8,0,19.907,230.488,0.479,348,18.611,261.479,0.321,0.039
71,5,0,19.721,234.465,0.49,350,18.55,259.639,0.322,0.038
72,6,0,20.116,234.93,0.498,349,17.975,257.114,0.316,0.039
73,13,0,20.302,236.721,0.498,359,17.145,269.14,0.326,0.046
74,8,0,20.674,242.349,0.516,365,16.538,277.469,0.333,0.055
75,13,0,20.814,245.093,0.522,375,16.265,283.364,0.338,0.062
76,5,0,21.256,245.093,0.524,374,16.16,284.302,0.338,0.069
77,8,0,22.163,248.488,0.54,375,15.346,301.467,0.342,0.093
78,13,0,22.442,250.14,0.541,385,15.204,314.543,0.351,0.113
79,12,0,23.233,252.442,0.544,391,14.691,332.892,0.359,0.152
80,7,0,23.512,260.023,0.563,395,13.929,345.984,0.366,0.175
81,10,0,23.907,260.116,0.558,400,13.511,348.131,0.37,0.2
82,9,0,24.14,260.512,0.558,406,13.14,354.572,0.373,0.219
83,3,0,24.302,260.907,0.56,404,13.003,361.037,0.374,0.23
84,4,0,24.302,263.163,0.571,401,13.196,355.357,0.372,0.226
85,8,0,24.395,260.326,0.559,400,13.195,354.635,0.37,0.224
86,8,0,24.558,261.535,0.563,407,12.86,363.74,0.376,0.248
87,10,0,24.814,261.86,0.561,411,12.461,377.397,0.382,0.279
88,5,0,25.07,261.977,0.567,405,12.663,372.03,0.377,0.279
89,5,0,25.047,261.977,0.569,406,12.741,372.838,0.374,0.271
90,5,0,25.116,264.093,0.574,405,12.677,376.007,0.375,0.278
91,10,0,25.535,265.698,0.573,407,12.43,383.431,0.381,0.32
92,13,0,25.93,269.884,0.58,413,12.054,397.54,0.386,0.364
93,10,0,26.163,277.488,0.609,418,11.879,406.685,0.394,0.408
94,9,0,26.233,278.744,0.617,423,11.234,413.944,0.399,0.424
95,10,0,26.581,279.512,0.62,429,10.744,429.155,0.406,0.472
96,4,0,26.721,280.581,0.621,429,10.739,430.239,0.406,0.483
97,7,0,26.767,280.721,0.618,431,10.601,438.897,0.411,0.507
98,7,0,26.953,280.721,0.616,434,10.974,443.563,0.414,0.534
99,10,0,27.419,285.209,0.641,436,10.983,449.322,0.413,0.567
100,6,0,27.837,286.349,0.645,433,10.95,454.468,0.415,0.603
101,4,0,28.209,288.442,0.648,433,10.889,459.492,0.414,0.627
102,4,0,28.302,288.442,0.65,432,10.926,460.705,0.413,0.632
103,8,0,28.605,290.558,0.65,434,11.776,467.17,0.417,0.672
104,6,0,28.419,290.395,0.65,435,11.909,461.382,0.413,0.648
105,4,0,28.465,289.488,0.65,430,12.072,457.589,0.406,0.627
106,13,0,28.721,303.279,0.655,435,11.864,470.999,0.415,0.677
107,12,0,28.86,307.93,0.663,442,11.918,476.133,0.419,0.696
108,7,0,29.14,308.14,0.66,447,11.865,488.674,0.422,0.725
109,11,0,29.488,312.605,0.68,453,11.538,505.189,0.43,0.764
110,12,0,29.349,312.605,0.681,459,11.343,513.063,0.436,0.773
111,6,0,29.07,312.628,0.682,459,11.43,506.127,0.436,0.756
112,6,0,28.837,312.0,0.68,461,11.561,499.858,0.433,0.736
113,12,0,25.488,288.814,0.647,469,13.139,444.549,0.444,0.547
114,10,0,25.93,292.698,0.657,472,12.765,455.462,0.45,0.6
115,9,0,26.209,293.209,0.664,474,12.727,456.712,0.448,0.615
116,7,0,26.907,295.279,0.685,473,12.588,466.7,0.445,0.654
117,8,0,26.86,295.465,0.685,475,12.568,466.057,0.444,0.647
118,9,0,27.07,297.349,0.688,481,12.306,473.074,0.45,0.68
119,4,0,27.512,300.558,0.696,478,12.321,481.005,0.449,0.704
120,6,0,27.558,299.349,0.685,478,12.3,487.088,0.45,0.712
121,4,0,27.744,299.256,0.686,475,12.322,487.275,0.447,0.714
122,5,0,28.093,300.93,0.691,471,11.388,492.354,0.446,0.726
123,13,0,28.512,301.977,0.691,477,11.155,510.858,0.451,0.765
124,6,0,28.372,303.651,0.698,481,11.055,508.364,0.453,0.762
125,11,0,28.442,305.953,0.7,488,11.217,510.049,0.458,0.778
126,4,0,28.721,306.372,0.703,486,11.265,518.402,0.455,0.787
127,9,0,29.279,308.93,0.709,486,11.281,525.823,0.453,0.811
128,5,0,29.605,308.93,0.71,487,11.237,529.88,0.451,0.821
129,11,0,29.698,310.302,0.711,492,11.188,530.95,0.452,0.826
130,5,0,29.605,310.302,0.71,492,11.073,533.302,0.453,0.825
131,8,0,29.512,310.721,0.714,491,11.239,527.826,0.451,0.815
132,6,0,22.279,280.953,0.604,492,12.886,395.287,0.452,0.333
133,2,0,22.465,280.837,0.608,488,13.023,394.242,0.446,0.328
134,7,0,22.326,282.977,0.612,494,13.005,392.399,0.449,0.327
135,11,0,22.93,283.488,0.613,500,12.764,408.383,0.455,0.387
136,3,0,23.209,285.302,0.616,497,12.791,410.72,0.453,0.403
137,12,0,23.605,287.349,0.616,505,12.404,423.788,0.459,0.452
138,10,0,24.372,288.372,0.615,506,11.474,439.128,0.46,0.508
139,7,0,25.093,292.651,0.618,503,11.973,450.131,0.458,0.56
140,9,0,25.233,298.047,0.62,509,11.757,460.064,0.464,0.59
141,13,0,25.605,307.442,0.639,516,10.423,475.972,0.468,0.621
142,10,0,26.558,315.581,0.668,515,9.596,495.883,0.472,0.696
143,5,0,24.372,281.186,0.585,512,10.604,439.973,0.475,0.556
144,8,0,24.512,286.233,0.589,515,10.196,451.669,0.48,0.579
145,5,0,25.163,290.023,0.604,511,10.332,464.602,0.475,0.611
146,5,0,25.767,290.023,0.61,508,10.426,470.852,0.471,0.642
147,9,0,26.651,294.209,0.624,512,9.918,491.845,0.477,0.719
148,12,0,27.07,303.814,0.65,515,9.123,499.611,0.48,0.748
149,10,0,28.0,309.209,0.674,520,8.875,528.521,0.487,0.814
150,7,0,28.302,312.186,0.693,520,8.395,535.808,0.487,0.825
151,7,0,28.605,312.349,0.693,516,8.643,540.186,0.486,0.837
152,7,0,28.605,310.86,0.69,510,8.751,533.515,0.482,0.829
153,8,0,29.093,311.023,0.697,510,8.56,555.498,0.482,0.849
154,13,0,21.349,285.93,0.586,520,10.168,400.347,0.487,0.362
155,10,0,21.86,287.674,0.597,524,10.039,411.585,0.489,0.407
156,7,0,22.326,292.07,0.625,526,9.862,426.492,0.494,0.458
157,10,0,22.698,296.93,0.656,532,9.72,442.698,0.499,0.507
158,6,0,23.256,298.628,0.662,532,9.52,454.289,0.5,0.552
159,9,0,23.907,312.721,0.7,536,8.648,479.343,0.51,0.63
160,7,0,24.14,311.07,0.704,538,8.63,484.67,0.509,0.644
161,9,0,24.535,315.93,0.704,545,8.466,494.735,0.515,0.689
162,7,0,24.442,316.349,0.701,547,8.443,492.567,0.517,0.689
163,3,0,24.721,315.651,0.701,546,8.564,496.952,0.516,0.705
164,10,0,25.256,317.953,0.706,548,8.313,516.336,0.518,0.743
165,2,1,25.442,317.953,0.708,545,8.35,518.76,0.516,0.748
166,6,0,25.767,322.791,0.714,548,8.181,525.239,0.518,0.769
167,8,0,26.14,326.558,0.731,551,8.307,539.153,0.521,0.799
168,9,2,26.047,330.512,0.732,554,8.273,538.043,0.526,0.804
169,4,1,26.558,330.512,0.734,549,8.271,547.516,0.522,0.822
170,6,0,27.047,330.512,0.738,550,8.208,558.304,0.522,0.842
171,6,1,27.419,331.721,0.732,548,8.208,561.493,0.52,0.853
172,9,0,27.93,333.093,0.737,549,7.981,570.842,0.524,0.877
173,13,2,28.581,333.093,0.744,554,7.879,582.294,0.525,0.899
174,9,2,28.767,339.372,0.752,560,7.55,600.478,0.532,0.912
175,7,3,29.233,339.372,0.759,558,7.589,611.405,0.529,0.92
176,6,1,29.419,339.372,0.764,559,7.552,616.141,0.531,0.926
177,5,0,30.023,339.372,0.766,557,7.598,619.816,0.525,0.933
178,11,0,22.674,306.837,0.635,559,11.789,448.074,0.528,0.624
179,5,0,23.512,307.395,0.658,552,11.781,457.175,0.517,0.65
180,5,0,23.791,307.395,0.657,554,11.682,463.561,0.52,0.678
181,6,0,24.465,315.326,0.676,552,9.919,471.946,0.515,0.695
182,13,0,25.07,322.581,0.706,559,9.649,491.318,0.524,0.757
183,7,0,25.302,324.581,0.712,560,9.659,494.383,0.525,0.771
184,13,1,25.628,333.814,0.714,570,9.294,510.586,0.534,0.809
185,11,2,25.953,337.209,0.716,575,9.141,514.937,0.541,0.837
186,13,3,26.093,337.628,0.72,580,9.242,515.015,0.542,0.846
187,12,1,26.279,337.163,0.723,583,8.279,525.742,0.542,0.85
188,8,3,26.535,337.349,0.725,582,8.315,533.799,0.539,0.854
189,5,0,23.395,303.674,0.641,581,9.92,445.946,0.53,0.671
190,10,0,24.419,306.535,0.671,578,9.767,467.322,0.53,0.734
191,7,0,24.279,305.977,0.666,578,9.787,457.841,0.531,0.73
192,5,0,24.93,310.628,0.683,576,9.647,467.152,0.528,0.758
193,12,0,25.163,311.07,0.684,580,8.544,478.973,0.531,0.773
194,11,0,25.953,315.349,0.696,584,8.48,501.322,0.533,0.819
195,6,1,26.349,319.512,0.705,582,8.313,510.738,0.531,0.831
196,8,0,26.628,318.093,0.706,582,8.513,511.982,0.53,0.841
197,10,2,27.233,319.837,0.722,582,7.637,519.723,0.533,0.868
198,5,0,27.558,321.372,0.726,579,7.739,522.187,0.528,0.871
199,5,1,27.512,321.372,0.727,576,8.085,516.915,0.529,0.872
200,5,0,27.86,321.953,0.729,575,8.08,519.336,0.526,0.879
201,13,0,28.047,323.674,0.739,583,7.655,529.584,0.532,0.892
202,6,3,28.419,326.605,0.753,577,7.549,534.409,0.529,0.898
203,10,1,28.628,333.488,0.758,581,7.173,546.473,0.535,0.911
204,8,0,23.302,298.884,0.598,578,12.339,466.97,0.535,0.698
205,11,0,24.465,304.907,0.638,581,11.596,495.72,0.537,0.769
206,6,0,24.791,308.512,0.659,583,11.534,514.519,0.54,0.793
207,9,0,25.395,309.07,0.664,587,11.475,529.959,0.54,0.822
208,3,0,25.628,307.628,0.663,582,11.328,529.89,0.536,0.823
209,8,1,25.744,309.907,0.672,582,11.42,530.722,0.536,0.83
210,13,2,26.698,312.372,0.673,586,10.895,548.86,0.539,0.87
211,13,0,27.744,318.907,0.696,591,10.667,570.76,0.542,0.906
212,9,0,28.442,319.0,0.704,590,10.63,579.406,0.54,0.921
213,9,2,28.512,320.047,0.707,588,10.744,571.824,0.537,0.919
214,6,0,28.953,320.674,0.71,590,10.705,582.381,0.536,0.928
215,13,3,29.605,321.302,0.714,593,15.61,596.53,0.54,0.951
216,7,1,29.605,321.884,0.722,595,15.43,598.73,0.543,0.954
217,4,0,29.698,321.884,0.723,593,15.494,597.922,0.542,0.954
218,6,0,29.977,321.884,0.725,593,15.437,598.875,0.54,0.956
219,4,0,29.977,321.884,0.725,593,15.437,597.979,0.538,0.955
220,8,0,31.047,328.279,0.741,594,9.981,625.445,0.538,0.961
221,7,0,21.233,295.442,0.607,592,16.571,382.785,0.531,0.565
222,5,0,21.326,296.884,0.616,590,16.513,389.67,0.528,0.564
223,7,0,21.837,298.0,0.625,589,16.362,399.093,0.531,0.609
224,6,0,22.814,303.093,0.659,582,16.198,419.346,0.526,0.663
225,7,0,23.465,304.419,0.676,583,16.093,431.255,0.528,0.712
226,4,0,24.023,306.256,0.693,583,16.035,439.216,0.526,0.741
227,7,0,24.535,308.791,0.7,588,15.922,445.73,0.529,0.777
228,7,0,25.047,310.116,0.716,583,15.91,458.85,0.528,0.8
229,4,0,25.512,310.837,0.721,574,15.979,457.901,0.523,0.811
230,6,0,25.884,312.512,0.728,577,15.951,460.286,0.525,0.833
231,12,0,26.302,320.279,0.736,581,15.792,475.592,0.535,0.868
232,7,0,26.814,322.837,0.74,580,15.721,486.951,0.534,0.883
233,3,1,27.186,322.837,0.744,576,15.625,489.029,0.527,0.885
234,4,0,27.349,322.837,0.74,577,15.579,492.447,0.528,0.891
235,8,4,27.767,330.558,0.746,576,15.483,504.846,0.529,0.903
236,10,0,23.209,296.326,0.624,580,10.392,439.006,0.531,0.664
237,5,0,23.535,296.326,0.625,579,10.418,442.996,0.529,0.679
238,12,0,24.256,299.86,0.642,580,10.249,455.643,0.533,0.736
239,10,0,24.302,302.558,0.653,583,8.471,465.512,0.537,0.74
240,11,0,25.605,306.093,0.689,579,8.346,492.752,0.532,0.797
241,13,0,26.535,309.674,0.71,583,8.161,513.704,0.534,0.843
242,3,0,27.395,310.256,0.717,575,7.031,520.539,0.527,0.86
243,5,0,27.977,313.442,0.724,569,7.054,527.647,0.522,0.872
244,9,0,28.349,317.372,0.734,572,7.337,541.846,0.528,0.894
245,11,3,29.186,324.488,0.752,575,7.125,564.536,0.536,0.925
246,12,3,29.256,329.651,0.755,579,7.099,564.316,0.542,0.932
247,8,3,29.488,329.651,0.757,582,7.063,570.779,0.542,0.937
248,7,1,30.116,330.535,0.765,579,7.082,579.232,0.536,0.942
249,7,1,30.256,330.535,0.765,578,7.122,578.115,0.532,0.942
250,6,0,30.186,330.535,0.768,578,7.123,572.705,0.53,0.939
251,7,0,30.86,330.535,0.769,579,7.036,588.681,0.532,0.951
252,8,4,30.837,332.419,0.765,579,7.089,586.113,0.528,0.948
253,7,3,31.465,332.419,0.772,575,7.103,590.787,0.522,0.953
254,12,0,23.442,299.744,0.625,576,10.062,417.741,0.518,0.633
255,10,0,24.372,304.558,0.664,583,9.764,442.18,0.524,0.716
256,7,0,24.651,309.209,0.683,587,9.321,457.216,0.532,0.752
257,2,0,24.93,310.488,0.693,584,9.463,462.183,0.53,0.762
258,4,0,25.395,310.814,0.702,581,9.464,468.413,0.525,0.777
259,10,1,26.0,310.814,0.712,577,11.154,479.025,0.523,0.812
260,11,1,27.07,319.349,0.736,581,10.942,513.959,0.531,0.871
261,7,1,27.814,320.372,0.741,577,10.918,526.69,0.529,0.891
262,8,0,28.209,324.07,0.747,580,10.605,537.138,0.534,0.908
263,5,0,28.674,324.07,0.748,577,10.627,542.55,0.529,0.914
264,5,0,28.907,326.07,0.755,573,10.606,548.126,0.527,0.917
265,7,1,29.326,326.791,0.752,570,10.626,560.543,0.524,0.924
266,9,0,20.372,295.535,0.579,575,8.172,409.09,0.535,0.446
267,12,0,21.209,303.093,0.614,581,7.814,431.362,0.54,0.527
268,10,0,22.279,307.674,0.649,584,7.48,466.81,0.543,0.615
269,4,0,22.558,307.814,0.649,583,7.401,474.376,0.542,0.632
270,12,0,23.581,311.837,0.671,589,7.145,503.368,0.546,0.712
271,12,0,24.093,317.395,0.687,596,6.964,513.761,0.554,0.766
272,4,0,24.419,317.395,0.694,594,6.961,522.023,0.553,0.779
273,6,0,24.791,317.814,0.698,595,6.911,526.411,0.553,0.799
274,11,0,25.14,322.651,0.711,598,6.896,531.943,0.556,0.823
275,13,0,25.93,327.349,0.718,603,6.788,554.805,0.562,0.865
276,11,0,26.209,328.93,0.72,609,6.599,563.861,0.568,0.884
277,9,0,26.419,331.651,0.727,612,6.519,568.017,0.569,0.892
278,3,2,27.07,332.14,0.729,605,7.103,567.443,0.562,0.903
279,12,1,28.093,333.884,0.751,606,6.97,583.832,0.56,0.925
280,12,4,28.279,334.302,0.748,608,6.94,588.338,0.56,0.93
281,7,2,28.651,334.302,0.749,610,6.933,593.857,0.558,0.935
282,7,1,29.07,334.302,0.75,605,6.971,595.137,0.554,0.939
283,8,1,28.93,334.372,0.751,608,6.987,590.263,0.553,0.936
284,8,2,29.256,334.372,0.752,607,6.905,599.087,0.553,0.941
285,12,3,28.977,334.581,0.758,609,6.871,592.94,0.553,0.937
286,9,0,29.395,334.698,0.764,609,6.903,598.065,0.55,0.942
287,12,1,30.093,336.953,0.77,614,6.72,615.368,0.553,0.954
288,6,0,23.023,304.256,0.663,613,8.684,482.093,0.548,0.694
289,6,0,23.558,306.512,0.666,616,8.476,496.632,0.554,0.742
290,5,0,24.395,309.326,0.692,615,8.426,512.805,0.552,0.786
291,11,0,24.674,309.721,0.698,620,8.341,520.692,0.553,0.8
292,6,0,25.814,315.186,0.725,617,7.406,551.247,0.554,0.85
293,11,0,26.256,318.721,0.728,622,7.275,566.589,0.56,0.876
294,10,1,26.674,322.419,0.732,625,6.949,580.299,0.564,0.894
295,4,1,27.302,322.605,0.737,623,6.824,594.729,0.558,0.904
296,12,1,27.86,324.209,0.743,623,6.838,605.506,0.56,0.92
297,10,0,28.442,324.279,0.745,619,6.897,608.585,0.552,0.925
298,6,0,28.581,324.302,0.747,619,6.937,609.179,0.548,0.924
299,6,1,29.047,324.302,0.752,617,6.962,611.931,0.544,0.929
300,7,0,23.233,299.163,0.611,617,7.94,467.683,0.542,0.682
301,11,0,24.535,305.372,0.644,621,7.567,499.111,0.547,0.774
302,13,0,25.605,308.442,0.674,625,7.338,528.596,0.549,0.832
303,2,0,26.256,308.442,0.685,617,7.409,531.552,0.541,0.842
304,8,0,26.86,308.163,0.704,611,8.23,545.302,0.54,0.867
305,4,0,27.14,309.209,0.711,611,8.321,549.51,0.537,0.872
306,6,0,27.605,311.163,0.725,610,8.226,566.324,0.537,0.888
307,10,0,27.837,312.651,0.726,615,8.157,579.773,0.541,0.9
308,9,0,28.907,316.605,0.741,613,8.022,593.356,0.54,0.925
309,8,1,29.07,319.767,0.744,616,8.033,599.8,0.54,0.928
310,5,1,30.0,321.116,0.749,609,8.038,614.919,0.535,0.941
311,7,0,30.581,323.442,0.752,609,8.028,627.952,0.534,0.95
312,5,0,30.907,325.0,0.759,603,8.097,629.293,0.53,0.952
313,9,0,30.837,325.0,0.757,606,8.153,634.476,0.532,0.952
314,7,0,23.442,291.302,0.589,605,7.306,465.999,0.529,0.65
315,7,0,24.256,294.419,0.609,607,7.059,489.648,0.533,0.717
316,6,0,24.814,299.093,0.636,605,7.028,502.527,0.532,0.748
317,4,0,25.349,302.791,0.652,600,6.982,515.905,0.53,0.771
318,7,0,25.814,302.93,0.654,602,6.773,523.562,0.528,0.791
319,13,0,25.93,303.977,0.667,611,6.754,530.821,0.53,0.802
320,3,0,26.209,303.977,0.67,605,6.807,540.537,0.528,0.809
321,11,0,26.86,306.791,0.686,610,6.751,557.185,0.531,0.845
322,6,0,27.233,307.767,0.696,612,7.177,562.133,0.531,0.862
323,12,0,27.837,319.488,0.71,616,6.875,582.856,0.542,0.897
324,7,0,28.395,321.953,0.712,619,6.714,595.139,0.547,0.918
325,7,0,29.14,324.302,0.725,619,6.727,605.329,0.545,0.932
326,6,1,30.116,325.814,0.736,613,6.701,619.236,0.537,0.943
327,13,0,30.349,329.767,0.739,620,6.529,625.158,0.543,0.95
328,4,0,30.674,330.326,0.74,618,6.503,634.195,0.543,0.955
329,4,0,24.605,297.233,0.605,610,9.134,488.88,0.535,0.757
330,13,0,25.023,300.628,0.623,617,8.993,500.186,0.54,0.791
331,4,0,25.674,301.721,0.637,611,8.963,512.869,0.536,0.814
332,5,0,26.023,304.488,0.648,610,8.885,520.505,0.538,0.833
333,4,0,26.674,305.605,0.663,609,8.883,533.316,0.536,0.856
334,10,0,27.512,310.465,0.698,612,8.475,556.449,0.541,0.891
335,7,0,28.023,313.442,0.707,613,8.465,572.862,0.543,0.908
336,5,0,28.628,318.86,0.715,610,8.308,588.694,0.544,0.924
337,8,1,28.884,323.884,0.733,608,8.344,592.591,0.544,0.929
338,6,1,29.372,323.326,0.736,606,8.329,600.127,0.543,0.938
339,5,0,30.116,324.558,0.741,599,8.376,605.611,0.537,0.945
340,8,0,21.558,298.674,0.653,600,17.948,441.983,0.539,0.628
341,8,0,22.535,299.814,0.658,601,17.658,466.77,0.538,0.694
342,8,0,23.488,303.535,0.675,600,17.526,483.599,0.539,0.753
343,13,1,24.558,309.116,0.68,602,17.255,511.115,0.545,0.823
344,11,0,25.209,308.07,0.688,602,17.325,520.862,0.539,0.84
345,8,2,25.349,308.419,0.689,603,16.983,524.622,0.541,0.847
346,5,0,25.698,308.512,0.691,600,17.38,525.646,0.537,0.855
347,12,0,26.302,311.535,0.706,607,17.008,547.563,0.545,0.888
348,11,0,26.791,311.953,0.708,611,16.866,556.503,0.548,0.906
349,10,0,27.395,311.605,0.71,612,16.726,565.632,0.548,0.92
350,3,1,27.581,310.326,0.716,605,16.756,561.526,0.541,0.917
351,5,0,27.628,311.372,0.717,604,16.727,569.994,0.542,0.919
352,7,0,28.0,315.465,0.729,603,16.739,578.159,0.54,0.925
353,6,3,28.116,315.465,0.729,603,16.647,580.865,0.538,0.925
354,6,0,28.465,317.302,0.738,605,16.597,587.857,0.54,0.934
355,10,0,28.605,317.442,0.741,606,16.517,597.563,0.542,0.939
356,10,1,29.093,319.395,0.741,604,16.51,602.203,0.541,0.946
357,6,0,29.372,319.395,0.746,603,16.53,600.799,0.536,0.947
358,1,0,29.93,319.698,0.754,597,16.673,605.613,0.53,0.951
359,13,1,30.349,319.488,0.755,598,16.298,616.216,0.53,0.956
360,8,0,30.581,319.488,0.754,604,16.218,618.636,0.533,0.961
361,8,0,30.767,322.628,0.755,604,16.234,619.18,0.53,0.961
362,13,0,23.233,295.233,0.607,608,11.135,473.719,0.547,0.721
363,6,0,23.884,299.186,0.62,607,8.199,489.781,0.547,0.743
364,7,0,24.07,299.977,0.632,607,8.24,493.149,0.546,0.749
365,7,0,25.14,302.93,0.658,605,8.062,510.233,0.541,0.795
366,5,0,25.512,303.047,0.658,605,8.035,517.544,0.539,0.808
367,8,0,26.488,306.047,0.681,604,8.01,538.417,0.538,0.848
368,6,0,27.093,310.512,0.695,600,8.012,548.724,0.533,0.864
369,9,1,28.07,321.558,0.72,596,7.784,569.787,0.535,0.898
370,2,0,28.907,321.558,0.725,590,7.853,579.025,0.528,0.911
371,11,0,29.512,321.558,0.731,594,7.722,592.926,0.528,0.925
372,8,0,22.209,291.837,0.599,595,8.991,428.334,0.518,0.531
373,7,0,22.698,291.651,0.603,596,9.018,433.108,0.514,0.557
374,6,0,23.581,292.581,0.623,591,8.911,446.872,0.51,0.606
375,9,0,24.698,296.837,0.652,594,8.625,472.425,0.514,0.696
376,6,0,24.837,298.163,0.657,593,8.684,474.474,0.515,0.711
377,13,0,25.279,300.279,0.656,600,8.354,490.515,0.522,0.755
378,7,0,25.93,303.628,0.677,600,8.228,510.266,0.523,0.793
379,5,0,26.465,308.0,0.684,598,8.276,516.288,0.52,0.813
380,8,0,27.395,313.535,0.706,598,8.556,546.164,0.526,0.863
381,6,0,27.93,313.535,0.712,593,8.639,550.942,0.518,0.87
382,8,0,28.302,315.814,0.723,596,8.544,561.09,0.522,0.888
383,11,0,21.744,290.209,0.577,593,17.948,416.54,0.524,0.592
384,6,0,22.535,292.116,0.6,592,17.909,424.754,0.521,0.639
385,5,0,22.814,295.744,0.621,591,17.799,434.095,0.522,0.661
386,6,0,23.233,300.233,0.651,589,17.773,437.112,0.521,0.687
387,10,0,23.977,303.14,0.673,589,17.602,453.976,0.523,0.738
388,4,0,24.395,305.209,0.678,591,17.423,463.761,0.525,0.767
389,11,0,25.302,311.837,0.704,594,17.204,483.824,0.53,0.823
390,10,0,25.372,311.419,0.698,597,17.177,497.274,0.532,0.831
391,7,0,25.233,311.581,0.693,596,17.058,498.141,0.534,0.829
392,7,0,25.744,311.953,0.695,598,16.74,515.639,0.536,0.852
393,5,0,25.791,311.953,0.697,596,16.778,511.666,0.534,0.851
394,6,0,25.953,312.093,0.705,597,16.338,517.019,0.534,0.856
395,10,1,26.535,314.14,0.715,596,16.311,524.09,0.53,0.87
396,9,1,27.047,315.674,0.711,601,15.556,542.317,0.537,0.894
397,5,2,27.465,315.674,0.716,594,15.646,543.618,0.53,0.897
398,6,0,28.116,316.953,0.728,595,15.612,552.603,0.529,0.913
399,5,0,28.628,316.419,0.731,590,15.606,563.553,0.526,0.922
400,8,0,29.023,321.302,0.741,590,15.55,569.843,0.527,0.931
401,2,0,29.581,320.07,0.746,585,15.633,571.408,0.52,0.936
402,2,0,29.767,320.07,0.745,583,15.665,571.314,0.516,0.936
403,9,1,29.86,320.047,0.745,584,15.687,576.589,0.517,0.938
404,7,0,21.512,286.93,0.563,581,18.091,428.051,0.524,0.575
405,12,0,22.814,292.535,0.608,586,17.708,459.932,0.528,0.679
406,8,0,23.395,294.791,0.62,582,11.914,464.968,0.523,0.661
407,6,0,23.767,298.047,0.633,587,11.685,479.887,0.53,0.706
408,6,0,24.535,298.86,0.652,579,11.658,484.266,0.525,0.741
409,11,0,25.512,299.744,0.657,582,11.439,509.926,0.528,0.8
410,4,0,25.791,303.07,0.67,584,11.351,518.98,0.531,0.821
411,13,0,27.047,307.372,0.705,586,11.144,540.275,0.531,0.87
412,3,0,27.372,307.767,0.714,575,11.24,543.095,0.523,0.868
413,6,0,27.628,311.721,0.715,576,11.128,558.219,0.528,0.885
414,5,0,27.907,311.721,0.72,580,11.073,564.759,0.53,0.896
415,9,0,28.419,313.186,0.722,580,10.975,580.744,0.533,0.913
416,12,0,28.651,316.605,0.722,591,10.885,587.354,0.539,0.925
417,13,0,29.442,319.907,0.73,596,10.662,603.539,0.545,0.944
418,5,0,29.395,319.907,0.732,592,10.723,597.053,0.539,0.939
419,6,0,30.047,321.605,0.748,590,10.717,605.948,0.533,0.946
420,2,0,30.372,320.581,0.749,582,10.796,612.405,0.526,0.946
421,4,0,30.581,321.186,0.749,579,10.866,608.721,0.523,0.947
422,6,0,31.14,323.442,0.754,574,10.781,617.815,0.52,0.953
423,7,0,31.349,324.442,0.753,571,10.716,625.335,0.522,0.957
424,5,0,31.93,324.442,0.759,559,10.633,629.746,0.511,0.958
425,6,0,23.0,294.651,0.62,561,10.386,430.658,0.514,0.591
426,11,0,23.698,295.744,0.62,565,10.173,446.209,0.516,0.645
427,13,0,24.442,298.186,0.64,573,9.88,471.472,0.522,0.713
428,9,0,25.14,305.093,0.67,577,9.675,483.565,0.527,0.768
429,9,0,25.628,307.093,0.691,581,9.621,498.578,0.529,0.798
430,4,0,26.558,307.093,0.698,574,9.709,505.325,0.513,0.807
431,13,0,26.977,311.07,0.709,582,8.436,527.842,0.517,0.83
432,7,0,27.488,314.953,0.718,580,8.293,540.819,0.514,0.845
433,12,0,28.023,316.116,0.72,587,8.029,564.769,0.522,0.877
434,10,1,28.558,319.605,0.723,588,7.94,580.555,0.521,0.892
435,10,0,29.047,325.302,0.734,595,7.766,591.483,0.529,0.916
436,9,0,23.488,294.07,0.608,593,10.923,474.404,0.52,0.652
437,11,0,24.372,295.767,0.612,593,10.724,492.377,0.522,0.716
438,10,0,24.93,297.349,0.631,595,10.65,508.298,0.519,0.741
439,6,0,25.698,302.0,0.66,596,10.529,523.522,0.521,0.788
440,13,0,26.349,303.116,0.676,602,9.783,540.367,0.523,0.82
441,5,0,26.907,303.116,0.678,600,9.75,547.047,0.52,0.839
442,3,0,27.465,304.581,0.687,593,9.695,563.214,0.52,0.861
443,4,0,27.488,304.581,0.688,591,8.411,558.467,0.519,0.855
444,7,0,28.163,305.558,0.704,590,9.597,571.865,0.517,0.88
445,5,0,28.535,306.791,0.71,585,9.743,572.042,0.508,0.878
446,6,0,22.581,278.744,0.558,581,11.843,479.024,0.506,0.541
447,4,0,23.698,281.744,0.584,576,11.709,500.363,0.503,0.614
448,7,0,24.07,285.907,0.6,579,11.537,510.822,0.506,0.649
449,11,0,24.581,292.465,0.629,582,11.073,530.363,0.511,0.699
450,4,0,25.302,292.465,0.635,578,10.912,543.86,0.507,0.731
451,7,0,26.233,295.837,0.664,579,10.722,567.584,0.509,0.787
452,5,0,26.884,296.093,0.672,574,10.66,573.968,0.503,0.805
453,5,0,28.233,296.233,0.685,564,10.676,591.802,0.493,0.845
454,8,0,28.14,296.535,0.681,571,10.494,593.747,0.5,0.854
455,11,0,28.884,301.093,0.698,578,10.263,624.575,0.51,0.894
456,8,0,29.674,300.721,0.693,573,10.232,627.427,0.507,0.912
457,9,0,29.953,299.651,0.688,574,10.187,625.443,0.505,0.916
458,10,0,30.209,301.907,0.701,574,10.104,633.992,0.507,0.924
459,11,0,30.116,306.512,0.701,579,10.027,639.437,0.513,0.928
460,5,0,30.14,306.953,0.7,578,10.025,639.016,0.512,0.928
461,5,1,30.698,307.186,0.707,574,10.09,641.681,0.506,0.933
462,8,0,21.791,275.953,0.505,578,9.633,423.696,0.512,0.484
463,11,0,22.535,278.442,0.524,585,9.384,447.25,0.518,0.56
464,13,0,23.209,283.209,0.557,592,9.123,463.72,0.523,0.628
465,12,0,24.07,285.721,0.579,593,8.293,483.548,0.522,0.677
466,7,0,24.256,288.419,0.586,597,8.183,486.096,0.524,0.696
467,11,0,24.767,290.465,0.607,598,8.177,496.564,0.523,0.726
468,13,0,26.023,295.163,0.647,604,8.002,523.694,0.522,0.793
469,9,0,26.628,297.512,0.655,605,7.834,542.097,0.527,0.832
470,7,0,26.744,300.744,0.661,607,7.757,553.215,0.53,0.843
471,12,0,27.698,307.349,0.685,608,8.154,584.635,0.531,0.882
472,9,1,28.209,312.953,0.695,612,8.03,602.321,0.536,0.903
473,13,0,28.953,316.953,0.71,618,7.974,623.019,0.538,0.924
474,5,0,29.093,317.14,0.713,617,7.897,630.094,0.539,0.927
475,9,0,29.581,317.558,0.72,619,7.733,643.095,0.541,0.939
476,13,1,30.093,321.326,0.729,623,7.668,656.526,0.545,0.95
477,8,1,30.349,320.442,0.729,624,7.638,659.119,0.546,0.954
478,11,1,30.581,322.302,0.735,625,7.503,669.352,0.547,0.958
479,10,0,30.814,322.698,0.736,633,7.264,680.991,0.555,0.965
480,11,1,31.116,322.651,0.733,630,7.238,686.49,0.554,0.967
481,13,1,31.977,325.419,0.751,633,6.989,716.266,0.56,0.977
482,5,2,32.233,325.419,0.752,628,7.002,713.422,0.557,0.977
483,9,1,32.14,325.419,0.755,630,6.912,724.79,0.561,0.978
484,9,1,31.907,325.419,0.752,635,6.9,722.72,0.563,0.977
485,4,0,32.163,326.349,0.754,632,6.926,724.52,0.559,0.977
486,4,0,32.116,326.512,0.759,628,7.007,719.426,0.557,0.977
487,12,2,32.233,327.279,0.755,633,7.11,718.235,0.56,0.978
488,13,2,32.349,329.0,0.755,640,6.937,734.408,0.568,0.981
489,12,3,32.791,335.535,0.755,642,6.899,747.443,0.571,0.984
490,9,2,33.209,335.419,0.757,640,6.895,751.741,0.569,0.986
491,5,1,33.535,335.581,0.762,633,6.927,750.473,0.563,0.986
492,10,0,34.14,336.791,0.776,636,6.817,756.118,0.567,0.989
493,5,0,22.279,297.744,0.607,634,15.94,496.605,0.558,0.724
494,7,0,23.116,300.14,0.631,635,15.814,511.624,0.557,0.772
495,7,0,23.395,301.302,0.649,637,15.801,514.619,0.556,0.784
496,10,0,24.465,305.581,0.676,638,15.598,538.064,0.558,0.837
497,11,0,25.721,309.023,0.698,639,10.327,564.493,0.552,0.855
498,3,0,26.279,310.977,0.704,634,10.222,577.665,0.552,0.875
499,9,0,26.465,312.07,0.71,637,9.922,587.989,0.555,0.884
500,12,1,27.186,319.279,0.719,642,9.806,610.045,0.561,0.912
501,4,1,27.907,328.372,0.73,634,8.029,627.213,0.556,0.92
502,6,2,27.86,328.372,0.733,635,7.322,628.28,0.559,0.92
503,6,1,28.442,329.0,0.738,631,7.319,637.946,0.555,0.928
504,6,1,28.628,329.116,0.74,628,7.325,638.959,0.551,0.928
505,8,0,29.326,330.349,0.749,630,7.15,653.695,0.555,0.945
506,9,2,29.837,331.512,0.755,629,6.993,665.233,0.554,0.951
507,9,1,30.488,331.744,0.754,634,6.804,684.0,0.559,0.963
508,12,5,30.814,332.0,0.758,633,6.786,691.605,0.559,0.966
509,6,1,30.907,332.233,0.753,629,6.872,689.67,0.552,0.964
510,3,0,31.302,332.233,0.756,619,6.962,690.468,0.543,0.963
511,3,0,23.628,298.791,0.626,616,8.216,496.16,0.539,0.703
512,13,0,24.279,303.953,0.642,618,7.703,508.868,0.54,0.742
513,8,0,25.256,306.837,0.664,615,7.569,528.482,0.534,0.781
514,9,0,25.814,310.302,0.69,616,7.042,547.545,0.536,0.811
515,13,0,26.558,317.93,0.703,619,6.807,571.142,0.542,0.855
516,10,0,27.465,326.023,0.724,618,6.683,590.272,0.544,0.888
517,12,0,27.581,327.558,0.737,624,6.387,597.958,0.55,0.899
518,9,0,27.581,328.419,0.737,628,6.368,592.8,0.549,0.899
519,4,0,27.953,328.419,0.741,626,6.402,598.316,0.543,0.901
520,6,0,22.488,299.884,0.62,624,8.164,458.459,0.545,0.642
521,10,0,23.512,304.023,0.641,625,7.903,485.908,0.549,0.722
522,7,0,24.209,308.651,0.667,626,7.717,509.404,0.551,0.769
523,6,0,24.814,309.14,0.678,622,7.709,522.474,0.547,0.79
524,8,0,25.884,312.581,0.699,621,7.608,549.665,0.544,0.834
525,11,0,26.419,318.442,0.711,624,7.338,565.365,0.551,0.868
526,9,1,27.209,321.0,0.716,625,7.166,580.786,0.551,0.893
527,10,1,28.093,330.767,0.739,620,6.671,596.971,0.544,0.907
528,7,0,22.07,305.372,0.624,621,7.791,454.646,0.542,0.598
529,7,0,22.581,307.674,0.638,624,7.601,474.127,0.547,0.651
530,2,0,22.628,307.674,0.637,623,7.635,473.52,0.546,0.651
531,8,0,23.419,308.651,0.647,623,7.487,490.921,0.544,0.7
532,8,0,24.395,310.14,0.66,624,7.337,510.244,0.545,0.759
533,7,0,24.535,311.698,0.665,626,7.214,518.013,0.549,0.777
534,11,0,25.326,321.0,0.693,633,6.973,547.525,0.56,0.84
535,11,2,25.977,326.279,0.703,634,7.006,572.181,0.56,0.865
536,7,1,26.581,326.465,0.712,632,6.579,582.957,0.56,0.884
537,4,0,27.721,327.186,0.723,624,6.57,600.184,0.553,0.908
538,10,5,27.674,327.186,0.726,627,6.558,603.64,0.555,0.909
539,9,3,28.093,327.186,0.733,627,6.527,608.112,0.553,0.917
540,7,1,28.233,327.372,0.734,626,6.549,612.837,0.551,0.918
541,9,2,28.326,326.884,0.734,624,6.546,609.013,0.546,0.915
542,10,3,28.512,327.488,0.729,624,6.477,611.473,0.547,0.92
543,8,1,28.744,327.837,0.729,628,5.952,623.428,0.55,0.927
544,7,1,28.791,328.023,0.729,631,5.923,627.461,0.552,0.93
545,7,2,29.349,328.488,0.73,631,5.804,647.525,0.551,0.94
546,8,1,29.349,328.488,0.735,627,5.953,640.881,0.546,0.935
547,11,1,29.674,328.488,0.74,631,6.187,644.632,0.547,0.942
548,6,2,29.767,328.488,0.737,628,6.32,640.142,0.543,0.941
549,8,3,30.279,328.488,0.744,619,6.59,630.499,0.529,0.939
550,8,2,30.419,328.488,0.742,620,6.574,635.649,0.529,0.941
551,2,1,31.116,328.488,0.749,611,6.649,649.232,0.521,0.946
552,8,2,31.209,328.488,0.746,610,6.646,645.385,0.519,0.947
553,6,0,22.465,298.977,0.615,610,10.314,440.974,0.52,0.571
554,10,0,23.651,306.326,0.647,606,8.933,476.984,0.521,0.65
555,6,0,24.302,308.744,0.666,603,8.708,487.641,0.518,0.684
556,9,0,24.721,310.86,0.677,604,8.587,493.4,0.518,0.712
557,9,0,25.186,315.86,0.706,609,8.476,510.096,0.524,0.755
558,12,1,26.163,317.209,0.721,610,8.508,530.75,0.522,0.803
559,3,0,26.628,316.884,0.722,609,8.484,543.361,0.522,0.826
560,8,1,27.0,317.256,0.722,611,8.437,553.239,0.525,0.846
561,11,0,27.419,322.465,0.737,617,8.175,566.029,0.536,0.88
562,5,1,27.93,323.488,0.747,617,8.131,573.822,0.536,0.896
563,9,2,28.767,322.535,0.749,611,8.584,586.984,0.528,0.909
564,4,0,29.047,322.767,0.751,609,8.511,594.027,0.529,0.917
565,13,1,29.767,325.674,0.755,612,8.356,610.693,0.532,0.935
566,13,1,30.651,326.163,0.757,614,8.194,635.765,0.537,0.953
567,5,0,31.209,326.279,0.757,613,8.133,645.264,0.536,0.96
568,11,1,31.302,326.651,0.762,616,8.265,644.019,0.533,0.959
569,3,1,31.628,326.651,0.765,608,8.331,642.39,0.527,0.96
570,12,2,32.0,326.651,0.771,613,7.787,656.39,0.531,0.966
571,9,1,32.279,326.349,0.774,614,7.842,654.175,0.526,0.966
572,7,0,23.512,297.047,0.648,619,9.759,456.429,0.53,0.675
573,10,0,24.07,297.14,0.648,626,9.563,473.043,0.534,0.723
574,5,0,24.465,300.628,0.656,622,9.56,484.758,0.536,0.754
575,9,1,25.256,302.907,0.67,623,9.443,507.335,0.537,0.798
576,8,0,26.14,306.442,0.696,619,9.357,523.364,0.529,0.821
577,6,0,26.605,306.605,0.697,615,8.87,528.518,0.527,0.836
578,9,1,26.535,307.674,0.701,618,8.755,527.856,0.531,0.84
579,7,0,27.186,314.326,0.717,619,8.367,542.945,0.532,0.866
580,6,1,27.488,316.581,0.718,620,8.332,548.801,0.534,0.881
581,6,1,27.953,316.581,0.719,620,8.313,554.407,0.532,0.892
582,7,0,28.558,316.581,0.729,615,8.325,556.38,0.523,0.896
583,13,0,28.465,319.581,0.729,623,8.089,565.108,0.53,0.902
584,5,0,29.023,319.535,0.733,614,7.821,572.825,0.528,0.914
585,13,1,29.372,320.698,0.735,616,7.706,578.302,0.529,0.923
586,10,0,29.465,321.744,0.739,619,7.597,579.386,0.531,0.927
587,11,0,29.93,326.605,0.742,620,7.393,595.82,0.537,0.94
588,11,3,30.302,327.093,0.739,619,7.47,601.865,0.534,0.945
589,7,0,30.349,327.093,0.742,621,7.351,609.313,0.536,0.947
590,3,0,30.674,327.093,0.75,616,7.491,610.653,0.526,0.945
591,5,0,21.488,294.907,0.612,613,15.635,424.697,0.531,0.577
592,9,0,22.651,297.07,0.644,608,15.506,446.286,0.529,0.656
593,5,0,24.0,302.093,0.672,602,15.343,470.78,0.527,0.736
594,12,0,25.256,306.86,0.681,603,15.033,500.171,0.529,0.809
595,13,0,25.907,311.233,0.694,611,10.003,520.822,0.538,0.834
596,10,0,26.791,313.791,0.697,609,9.972,531.459,0.535,0.864
597,12,0,27.209,316.651,0.715,615,9.797,539.927,0.54,0.886
598,7,0,27.605,319.651,0.717,613,9.782,542.178,0.539,0.895
599,9,0,28.86,319.651,0.732,611,9.631,568.777,0.534,0.922
600,12,0,29.14,321.628,0.742,614,9.658,566.005,0.531,0.925
601,6,0,29.977,322.186,0.745,615,9.615,579.424,0.527,0.937
602,12,0,30.837,326.023,0.761,613,9.674,589.223,0.522,0.948
603,11,0,31.209,325.953,0.763,617,9.654,594.67,0.521,0.953
604,11,0,31.86,326.558,0.763,617,9.667,609.042,0.519,0.96
605,8,0,32.093,329.721,0.765,621,9.445,617.537,0.522,0.964
606,8,0,24.07,300.93,0.652,621,10.526,437.576,0.521,0.69
607,10,0,24.442,302.233,0.661,626,10.364,450.335,0.525,0.727
608,6,0,25.302,305.674,0.686,622,10.204,476.19,0.527,0.779
609,6,0,25.86,309.907,0.692,624,10.032,489.034,0.528,0.811
610,5,0,26.674,313.535,0.702,618,9.957,502.47,0.523,0.836
611,13,1,28.233,322.0,0.73,623,9.668,541.315,0.533,0.905
612,13,3,28.651,322.0,0.729,629,9.55,555.352,0.538,0.921
613,6,0,29.209,323.116,0.739,624,9.477,562.591,0.537,0.931
614,8,1,29.674,326.419,0.74,626,9.428,574.528,0.538,0.941
615,9,2,29.605,325.302,0.736,622,9.485,562.445,0.531,0.934
616,3,0,30.0,326.698,0.746,618,9.365,568.631,0.529,0.939
617,5,0,24.651,296.651,0.607,618,14.72,476.031,0.529,0.777
618,9,0,24.977,297.372,0.62,620,14.737,481.69,0.53,0.795
619,11,0,25.977,301.907,0.647,622,14.378,508.683,0.532,0.844
620,11,0,26.442,303.558,0.654,629,14.123,524.325,0.539,0.873
621,8,0,26.581,304.814,0.67,630,14.196,525.108,0.536,0.873
622,7,0,27.093,307.884,0.688,630,14.154,537.459,0.538,0.893
623,8,0,27.512,308.907,0.697,630,14.126,542.206,0.536,0.902
624,9,0,27.721,312.674,0.701,634,14.001,548.571,0.54,0.911
625,6,0,28.349,316.488,0.707,632,14.052,559.445,0.537,0.924
626,9,0,28.907,322.186,0.722,637,9.162,571.257,0.54,0.927
627,8,0,29.512,322.186,0.723,637,9.113,582.954,0.538,0.937
628,7,0,29.977,325.047,0.74,636,7.492,587.701,0.534,0.939
629,5,0,30.651,327.209,0.741,631,7.498,598.325,0.527,0.945
630,10,0,30.93,328.349,0.753,635,7.41,605.373,0.531,0.952
631,7,0,24.837,296.721,0.624,633,8.586,453.038,0.525,0.737
632,9,0,25.814,305.628,0.675,634,8.305,481.95,0.529,0.801
633,7,0,26.419,309.209,0.692,633,8.249,497.648,0.531,0.834
634,4,0,27.395,311.302,0.702,629,8.147,517.064,0.527,0.864
635,5,0,27.907,314.93,0.711,629,7.907,534.068,0.53,0.886
636,5,0,28.442,317.349,0.729,627,7.972,537.712,0.526,0.896
637,12,0,29.302,322.07,0.737,632,7.764,567.972,0.532,0.925
638,4,1,29.814,324.395,0.749,626,9.337,571.648,0.53,0.936
639,9,1,30.163,324.326,0.746,626,9.362,576.763,0.531,0.943
640,0,0,30.581,324.302,0.75,614,9.467,577.34,0.524,0.945
641,8,0,30.907,324.419,0.751,616,9.343,580.895,0.528,0.953
642,6,0,31.419,325.116,0.758,612,9.411,587.855,0.523,0.957
643,1,0,31.279,323.023,0.757,609,9.45,580.982,0.52,0.953
644,8,0,31.558,323.302,0.756,614,9.34,587.385,0.523,0.958
645,4,0,24.0,291.674,0.589,614,10.364,469.77,0.524,0.694
646,6,0,24.977,296.721,0.625,610,10.093,494.959,0.53,0.769
647,7,0,25.349,297.93,0.636,614,10.005,506.484,0.533,0.796
648,5,0,25.767,297.93,0.642,613,10.056,515.964,0.53,0.811
649,6,0,26.093,297.93,0.644,611,10.013,522.502,0.53,0.825
650,13,0,26.977,302.698,0.676,618,9.81,546.046,0.535,0.87
651,9,0,28.047,308.605,0.707,615,9.658,569.511,0.537,0.905
652,7,1,28.744,310.279,0.715,614,9.693,582.254,0.536,0.921
653,4,0,29.372,311.558,0.727,612,9.692,587.999,0.533,0.931
654,8,0,29.535,313.326,0.728,614,9.654,592.467,0.534,0.935
655,9,1,30.0,318.326,0.735,614,9.303,605.907,0.536,0.944
656,10,0,30.419,319.884,0.746,619,9.179,618.602,0.542,0.955
657,11,3,30.791,320.163,0.757,620,9.121,630.887,0.542,0.96
658,10,1,31.163,323.907,0.757,623,9.027,638.064,0.545,0.965
659,10,1,31.605,325.698,0.762,623,8.711,652.247,0.549,0.971
660,8,0,31.651,327.023,0.76,629,7.311,656.285,0.553,0.972
661,11,1,31.651,325.512,0.757,627,7.466,642.48,0.547,0.969
662,13,0,32.488,326.651,0.763,630,7.208,658.617,0.544,0.975
663,13,1,33.209,333.256,0.775,636,6.204,680.721,0.553,0.982
664,8,0,23.349,301.047,0.624,632,11.901,475.026,0.544,0.725
665,5,0,23.814,301.209,0.63,629,12.073,481.427,0.536,0.732
666,7,0,24.372,302.279,0.638,626,12.306,497.404,0.538,0.77
667,9,0,24.977,303.023,0.645,629,11.964,514.17,0.541,0.808
668,7,0,25.628,302.953,0.65,626,11.729,517.25,0.535,0.823
669,11,0,25.907,305.442,0.661,632,11.6,523.564,0.538,0.842
670,9,0,26.326,307.163,0.67,635,11.523,535.977,0.539,0.859
671,4,0,26.93,308.302,0.68,631,11.54,547.453,0.534,0.872
672,5,0,27.512,311.326,0.687,629,11.51,561.092,0.533,0.89
673,8,0,28.465,315.767,0.698,630,11.291,591.966,0.539,0.921
674,9,1,28.977,315.907,0.7,628,11.405,591.318,0.534,0.928
675,6,0,29.349,317.744,0.707,628,8.754,602.499,0.534,0.93
676,8,0,29.628,319.581,0.716,620,9.015,598.233,0.526,0.928
677,12,0,30.093,319.581,0.72,623,8.914,606.374,0.526,0.937
678,10,0,30.977,321.395,0.724,624,8.866,629.05,0.528,0.953
679,9,0,31.116,321.395,0.727,624,8.794,629.584,0.527,0.954
680,8,0,31.791,323.884,0.738,620,8.662,649.454,0.529,0.963
681,4,0,32.116,323.884,0.739,619,8.632,657.05,0.528,0.966
682,13,0,24.279,294.93,0.617,625,7.809,465.752,0.524,0.696
683,5,0,24.558,296.791,0.639,624,7.808,478.557,0.525,0.716
684,13,0,25.535,304.651,0.653,628,7.482,508.04,0.53,0.784
685,13,0,26.651,315.581,0.683,634,7.229,543.562,0.537,0.851
686,12,1,27.326,315.581,0.692,640,7.084,567.705,0.541,0.881
687,3,0,27.581,317.419,0.697,638,7.12,574.224,0.539,0.886
688,10,1,28.372,318.372,0.711,638,7.097,585.702,0.533,0.901
689,8,0,28.791,318.372,0.716,637,7.111,590.457,0.53,0.908
690,5,0,29.256,318.884,0.717,636,7.003,602.102,0.532,0.922
691,11,0,29.907,319.86,0.723,634,6.486,615.207,0.528,0.931
692,6,0,24.302,287.814,0.573,637,10.11,478.912,0.532,0.735
693,4,0,24.581,287.651,0.58,634,10.192,485.742,0.529,0.746
694,8,0,25.674,291.698,0.625,630,10.129,505.438,0.527,0.799
695,13,0,26.512,296.512,0.655,639,9.943,539.481,0.534,0.85
696,5,0,26.744,296.512,0.659,635,9.95,540.665,0.531,0.854
697,8,0,27.605,303.163,0.683,633,9.606,560.462,0.531,0.884
698,4,0,27.791,302.837,0.686,631,9.648,562.375,0.528,0.885
699,9,0,28.0,302.837,0.685,633,8.307,566.237,0.526,0.884
700,5,0,28.372,302.837,0.688,632,8.28,573.543,0.524,0.893
701,4,0,28.651,300.279,0.685,629,8.372,576.053,0.52,0.896
702,5,0,29.093,305.419,0.691,622,8.472,580.567,0.514,0.9
703,7,0,29.581,310.744,0.71,622,8.367,592.917,0.516,0.915
704,6,0,30.047,312.163,0.712,622,8.353,603.11,0.515,0.924
705,11,0,30.209,315.884,0.731,622,8.342,607.623,0.517,0.93
706,5,0,30.488,317.302,0.738,619,8.347,610.557,0.515,0.934
707,6,0,31.558,317.302,0.74,616,8.283,628.396,0.511,0.949
708,11,0,23.209,289.395,0.612,620,9.564,450.416,0.515,0.603
709,8,0,23.767,294.605,0.631,624,9.292,463.986,0.518,0.65
710,10,0,24.535,296.488,0.638,627,9.115,487.2,0.521,0.711
711,8,0,25.256,302.674,0.659,628,8.852,500.386,0.526,0.768
712,4,0,25.767,303.442,0.665,623,8.877,506.617,0.525,0.793
713,6,0,26.651,308.674,0.701,620,8.663,526.472,0.526,0.836
714,9,0,27.442,314.93,0.719,621,8.433,548.193,0.526,0.865
715,13,2,28.512,319.116,0.723,622,8.214,570.598,0.53,0.905
716,9,0,28.256,320.488,0.724,629,8.098,571.453,0.537,0.906
717,7,1,29.163,323.419,0.735,625,7.986,590.861,0.534,0.925
718,8,2,29.302,323.419,0.735,622,8.976,588.095,0.529,0.924
719,9,1,29.907,323.535,0.74,622,8.834,602.479,0.53,0.938
720,6,1,30.837,326.093,0.741,613,8.946,613.275,0.521,0.946
721,6,0,30.953,326.093,0.741,607,9.045,610.057,0.515,0.943
722,9,0,31.302,329.93,0.744,605,9.227,620.728,0.514,0.949
723,9,0,22.512,294.767,0.61,607,11.804,427.539,0.514,0.565
724,6,0,23.302,295.442,0.619,604,11.799,441.66,0.512,0.617
725,5,0,23.721,297.744,0.622,602,11.549,451.419,0.514,0.653
726,10,0,24.977,304.86,0.65,606,11.037,488.5,0.523,0.755
727,5,0,25.233,307.977,0.66,608,10.908,494.698,0.525,0.775
728,10,1,25.605,308.767,0.663,612,10.774,507.236,0.529,0.803
729,6,0,26.256,312.674,0.684,612,10.619,520.087,0.529,0.833
730,8,0,27.093,316.163,0.701,613,10.528,539.32,0.525,0.859
731,11,1,27.535,318.279,0.708,615,10.461,556.601,0.527,0.878
732,5,1,27.651,317.047,0.704,613,10.569,553.098,0.524,0.877
733,13,1,27.419,319.395,0.7,616,10.583,540.879,0.527,0.874
734,6,0,28.256,320.047,0.711,615,10.534,553.941,0.523,0.895
735,7,0,28.605,320.047,0.712,613,10.398,560.506,0.522,0.902
736,6,0,28.837,320.047,0.717,607,10.455,559.847,0.518,0.905
737,9,0,28.814,321.721,0.711,611,10.343,572.36,0.525,0.912
738,6,0,29.023,321.721,0.708,613,10.28,583.141,0.529,0.922
739,12,1,29.605,321.488,0.711,614,10.16,592.808,0.529,0.933
740,5,0,29.651,321.488,0.71,614,10.144,598.149,0.53,0.935
741,8,2,30.488,321.674,0.715,607,10.164,603.946,0.524,0.945
742,6,0,31.186,322.419,0.721,605,10.296,621.262,0.523,0.955
743,10,0,31.791,322.256,0.725,605,10.263,633.324,0.52,0.96
744,6,0,22.977,294.07,0.603,602,8.55,440.626,0.515,0.578
745,5,0,23.488,295.279,0.611,603,8.403,454.103,0.518,0.625
746,9,0,24.419,297.535,0.623,602,8.306,477.556,0.518,0.689
747,5,0,25.093,298.488,0.636,598,8.226,492.654,0.516,0.725
748,13,0,26.023,306.721,0.664,605,7.792,528.221,0.53,0.81
749,5,0,26.209,306.721,0.671,601,7.749,527.665,0.527,0.812
750,7,1,26.395,306.721,0.671,600,7.697,527.297,0.526,0.818
751,11,0,27.163,318.907,0.698,605,7.506,547.483,0.532,0.862
752,13,0,28.093,322.628,0.708,611,7.315,572.054,0.538,0.9
753,8,0,28.744,325.488,0.734,609,7.118,581.874,0.54,0.919
754,9,1,28.93,325.558,0.739,610,7.088,585.878,0.539,0.922
755,13,2,29.698,328.395,0.744,609,6.88,601.618,0.539,0.938
756,9,1,29.93,328.814,0.735,607,6.861,606.74,0.538,0.941
757,9,1,30.488,328.814,0.741,603,6.814,618.406,0.537,0.949
758,5,0,31.023,329.535,0.744,597,6.904,619.704,0.527,0.95
759,8,0,24.814,297.884,0.632,595,7.866,463.529,0.526,0.736
760,8,0,25.326,298.674,0.642,595,7.359,472.892,0.524,0.757
761,9,0,26.349,302.837,0.668,596,7.299,490.753,0.524,0.811
762,13,0,27.651,308.209,0.687,603,6.947,522.483,0.529,0.873
763,13,0,28.744,322.628,0.708,606,6.717,550.938,0.536,0.913
764,5,1,29.395,320.372,0.711,600,6.896,556.972,0.523,0.915
765,9,0,29.349,321.767,0.711,601,6.815,565.202,0.526,0.917
766,9,1,30.233,326.0,0.721,600,6.7,585.857,0.528,0.937
767,10,0,30.884,327.349,0.726,602,6.654,600.11,0.531,0.95
768,4,0,21.86,292.977,0.599,599,16.192,425.358,0.532,0.613
769,7,0,22.279,297.395,0.616,604,15.968,439.687,0.537,0.66
770,9,0,23.628,304.186,0.653,605,15.635,474.759,0.542,0.758
771,11,0,24.465,306.93,0.661,610,15.368,497.221,0.545,0.809
772,6,0,24.744,307.07,0.666,611,15.39,498.775,0.543,0.819
773,8,0,25.721,312.442,0.68,609,15.135,519.234,0.543,0.859
774,5,0,26.233,316.884,0.678,610,15.058,526.537,0.544,0.878
775,9,0,26.233,317.302,0.675,608,10.455,520.244,0.54,0.853
776,8,1,26.116,321.651,0.686,612,10.395,523.479,0.546,0.859
777,13,0,26.977,324.023,0.699,619,10.169,543.056,0.548,0.89
778,9,1,26.884,324.302,0.695,623,10.112,548.14,0.552,0.893
779,4,0,27.163,325.488,0.703,624,10.043,560.062,0.553,0.903
780,8,0,27.907,326.767,0.713,621,9.96,566.431,0.549,0.917
781,6,1,28.093,326.767,0.714,620,10.136,563.94,0.548,0.92
782,11,0,28.744,326.767,0.72,623,10.092,575.915,0.547,0.933
783,7,2,29.07,326.767,0.726,618,10.172,569.86,0.541,0.934
784,8,3,29.372,329.279,0.726,618,10.136,573.897,0.541,0.94
785,12,0,21.465,292.791,0.587,627,12.314,410.248,0.54,0.582
786,13,0,22.674,298.907,0.62,633,11.909,445.965,0.546,0.686
787,5,0,23.372,299.116,0.635,629,11.912,456.281,0.54,0.713
788,13,0,23.744,310.581,0.664,620,8.711,467.133,0.535,0.701
789,8,0,24.209,313.0,0.679,620,8.546,477.905,0.536,0.732
790,10,0,25.442,319.372,0.711,620,8.302,510.561,0.54,0.809
791,10,0,26.419,324.93,0.726,621,8.092,534.07,0.543,0.856
792,7,0,27.628,326.977,0.74,614,7.676,548.445,0.538,0.889
793,4,1,27.721,326.977,0.74,608,7.654,551.226,0.538,0.89
794,8,0,28.279,326.279,0.73,607,7.503,558.06,0.534,0.901
795,12,2,28.93,335.279,0.746,612,6.795,582.732,0.542,0.924
796,9,2,29.279,335.07,0.744,613,6.435,596.425,0.543,0.932
797,8,0,29.884,335.116,0.747,614,6.228,612.786,0.543,0.943
798,9,2,29.884,335.093,0.747,613,6.283,611.91,0.541,0.941
799,8,0,30.721,335.14,0.754,613,6.253,623.955,0.537,0.952
800,8,1,31.093,335.14,0.754,615,6.192,626.922,0.537,0.956
801,8,0,31.465,335.14,0.755,619,6.117,642.617,0.539,0.962
802,8,0,31.372,335.14,0.755,621,6.141,641.797,0.542,0.963
803,3,1,31.651,335.14,0.758,615,6.218,646.117,0.538,0.964
804,9,2,31.628,338.256,0.758,616,6.138,652.635,0.539,0.964
805,10,0,32.047,338.0,0.758,614,6.181,658.605,0.537,0.967
806,10,0,24.837,308.814,0.682,617,9.45,485.328,0.534,0.769
807,6,1,25.535,308.977,0.687,612,9.429,496.056,0.53,0.796
808,6,0,25.977,310.488,0.682,612,9.22,507.869,0.532,0.821
809,7,0,26.512,315.465,0.693,611,8.978,514.769,0.527,0.833
810,7,0,26.512,315.558,0.691,610,8.83,512.075,0.526,0.829
811,12,0,27.302,319.93,0.715,614,8.583,531.479,0.536,0.878
812,7,0,27.86,328.953,0.722,615,7.512,550.727,0.541,0.899
813,8,0,28.14,329.791,0.728,616,7.466,559.128,0.543,0.908
814,10,1,28.721,332.512,0.748,620,7.278,572.819,0.547,0.926
815,13,1,30.465,336.0,0.764,619,7.179,601.389,0.544,0.954
816,7,0,30.767,337.814,0.77,617,7.108,607.021,0.545,0.958
817,7,0,24.488,304.93,0.66,618,8.925,480.527,0.549,0.785
818,5,0,24.837,306.163,0.667,620,8.878,486.44,0.55,0.805
819,8,0,25.488,313.116,0.686,618,8.673,502.778,0.55,0.834
820,8,0,26.558,316.953,0.707,617,8.511,522.535,0.547,0.87
821,12,1,27.256,320.419,0.709,626,8.202,545.96,0.553,0.9
822,6,1,27.628,320.558,0.712,626,8.179,553.989,0.553,0.909
823,8,1,28.442,322.395,0.715,623,8.156,565.457,0.549,0.925
824,10,0,29.256,325.023,0.725,625,7.933,600.131,0.551,0.941
825,6,2,30.047,325.023,0.731,622,7.919,607.86,0.546,0.95
826,7,0,30.814,325.023,0.735,619,7.186,619.069,0.547,0.96
827,6,2,30.953,325.023,0.736,617,7.222,620.073,0.545,0.961
828,5,0,31.419,323.721,0.736,612,7.414,622.466,0.536,0.962
829,9,1,31.419,323.86,0.738,615,7.351,622.183,0.54,0.963
830,11,3,31.535,325.93,0.746,610,7.417,612.46,0.534,0.962
831,9,2,31.651,326.698,0.751,613,7.235,620.273,0.538,0.965
832,6,2,32.116,327.488,0.757,612,7.18,632.886,0.539,0.97
833,10,1,32.233,327.651,0.755,614,7.22,635.521,0.537,0.97
834,10,2,32.279,326.651,0.749,616,7.021,635.919,0.536,0.97
835,10,0,32.744,328.884,0.75,619,7.059,649.447,0.537,0.974
836,9,0,20.884,301.558,0.632,622,8.379,397.966,0.546,0.526
837,6,0,21.209,302.814,0.646,622,8.412,403.276,0.546,0.552
838,5,0,21.628,302.767,0.648,623,8.034,414.801,0.547,0.585
839,11,0,22.023,305.814,0.652,628,7.791,434.117,0.554,0.639
840,9,0,22.442,305.814,0.655,630,7.734,439.976,0.553,0.663
841,9,0,23.279,310.07,0.675,627,7.525,462.854,0.557,0.729
842,8,1,24.023,315.791,0.693,625,7.484,477.463,0.553,0.761
843,8,1,24.372,317.209,0.7,625,7.308,490.596,0.556,0.786
844,6,1,24.93,322.512,0.71,623,6.954,501.117,0.553,0.807
845,8,0,25.628,322.744,0.718,622,6.991,520.11,0.546,0.825
846,8,1,26.558,324.535,0.737,616,7.017,537.784,0.538,0.848
847,7,0,27.07,326.349,0.748,617,6.936,544.825,0.539,0.868
848,11,1,27.535,326.837,0.753,614,7.038,544.53,0.532,0.874
849,5,0,27.767,326.837,0.751,614,7.034,543.089,0.531,0.879
850,4,0,27.953,326.837,0.75,610,7.036,542.439,0.527,0.88
851,13,0,28.233,326.837,0.752,613,6.972,551.7,0.53,0.893
852,4,0,28.628,327.581,0.763,613,6.889,563.534,0.532,0.906
853,7,0,28.837,327.581,0.766,610,7.024,561.809,0.527,0.906
854,5,0,29.093,327.581,0.765,605,7.027,564.925,0.524,0.909
855,10,0,29.442,329.233,0.765,607,6.893,571.951,0.528,0.922
856,12,0,29.884,332.674,0.77,614,6.343,596.888,0.534,0.935
857,13,0,30.14,333.093,0.773,616,5.937,605.17,0.533,0.938
858,10,0,30.605,333.442,0.78,618,5.776,619.179,0.535,0.948
859,6,0,24.186,298.721,0.646,614,8.24,453.97,0.527,0.702
860,8,0,24.698,302.07,0.667,616,8.147,464.418,0.529,0.738
861,5,0,24.884,302.535,0.674,618,8.092,469.568,0.53,0.753
862,13,0,25.209,304.953,0.683,625,7.898,479.981,0.534,0.779
863,6,0,25.767,307.07,0.697,626,7.866,493.635,0.532,0.804
864,6,0,26.0,308.512,0.708,628,7.804,497.788,0.536,0.823
865,11,0,26.791,312.302,0.731,629,7.726,516.158,0.536,0.857
866,9,0,27.535,314.581,0.733,629,7.553,525.726,0.538,0.884
867,3,0,27.837,312.953,0.73,621,7.68,524.166,0.529,0.881
868,11,0,28.535,318.0,0.738,624,7.548,543.671,0.532,0.906
869,13,0,29.581,325.744,0.755,629,7.335,577.35,0.542,0.938
870,7,0,30.047,326.14,0.757,631,7.302,583.271,0.543,0.948
871,7,0,30.279,327.256,0.757,633,6.657,597.248,0.545,0.951
872,9,0,30.651,329.186,0.759,634,6.292,608.377,0.547,0.957
873,5,0,22.86,295.465,0.602,633,7.704,437.996,0.546,0.669
874,12,0,23.93,305.814,0.66,638,7.236,468.936,0.556,0.764
875,9,0,24.837,311.488,0.688,639,7.056,492.561,0.562,0.824
876,6,0,25.442,315.326,0.696,639,6.908,512.909,0.563,0.849
877,8,0,26.372,316.093,0.71,638,6.875,532.719,0.56,0.878
878,13,0,27.256,324.581,0.744,645,6.573,555.921,0.567,0.913
879,7,0,27.442,325.186,0.744,647,6.494,562.461,0.568,0.919
880,5,0,27.814,326.535,0.753,645,6.36,570.869,0.565,0.923
881,8,0,28.233,328.512,0.757,641,6.431,588.78,0.565,0.932
882,8,1,29.116,329.07,0.758,636,6.391,605.517,0.559,0.943
883,8,2,29.256,329.512,0.753,635,6.234,612.625,0.562,0.947
884,7,3,29.488,329.512,0.757,633,6.275,616.084,0.559,0.948
885,8,1,29.977,329.512,0.763,629,6.19,625.859,0.552,0.951
886,13,2,30.628,329.814,0.76,632,6.093,639.187,0.553,0.96
887,6,1,30.698,329.814,0.76,632,5.656,643.468,0.552,0.96
888,7,0,24.605,297.512,0.64,629,9.105,490.924,0.54,0.769
889,7,0,25.256,303.558,0.654,632,8.77,511.24,0.547,0.817
890,10,0,26.047,306.233,0.685,632,8.687,531.991,0.547,0.851
891,11,0,26.744,308.047,0.699,634,10.29,539.375,0.547,0.882
892,13,0,28.163,317.209,0.711,636,9.992,571.877,0.543,0.916
893,8,0,28.512,318.558,0.719,634,9.933,572.173,0.54,0.921
894,7,1,28.535,320.977,0.716,628,9.87,571.697,0.537,0.917
895,6,1,28.767,322.023,0.713,625,10.276,565.452,0.534,0.921
896,6,0,22.86,290.628,0.552,626,10.683,410.841,0.537,0.661
897,3,0,23.186,290.977,0.557,624,10.549,418.007,0.537,0.682
898,13,0,23.302,292.047,0.566,632,10.483,421.322,0.54,0.7
899,10,0,24.093,294.884,0.584,635,10.174,451.21,0.542,0.751
900,8,0,24.86,296.767,0.604,635,9.999,462.594,0.539,0.786
901,10,0,25.605,298.977,0.625,637,9.807,483.0,0.541,0.825
902,6,0,26.047,301.0,0.636,638,9.659,499.972,0.544,0.849
903,4,0,26.767,302.581,0.653,630,9.674,510.392,0.538,0.867
904,11,0,28.0,308.907,0.665,631,9.48,540.781,0.543,0.911
905,5,1,28.814,311.163,0.682,626,9.444,559.451,0.539,0.925
906,6,0,28.837,316.698,0.681,626,9.442,558.678,0.539,0.926
907,10,0,29.209,317.07,0.683,631,7.764,571.824,0.541,0.932
908,5,0,29.674,319.023,0.692,630,7.705,585.563,0.542,0.941
909,8,2,29.581,319.372,0.692,632,7.652,585.944,0.546,0.942
910,12,0,30.512,322.767,0.717,636,7.54,613.18,0.547,0.957
911,5,0,31.07,323.116,0.722,632,7.507,620.9,0.544,0.962
912,9,0,31.14,324.279,0.723,634,7.483,628.852,0.547,0.964
913,10,2,31.395,324.279,0.719,633,7.488,632.312,0.542,0.964
914,11,0,31.721,325.349,0.72,640,7.258,649.399,0.548,0.97
915,12,0,31.86,325.628,0.72,645,7.216,660.896,0.549,0.972
916,7,2,32.163,326.605,0.719,645,7.222,662.718,0.549,0.974
917,5,1,32.465,325.814,0.722,638,6.616,658.928,0.543,0.974
918,8,0,32.744,326.0,0.723,635,6.836,645.482,0.534,0.973
919,8,0,23.977,292.14,0.618,632,10.695,470.601,0.529,0.71
920,5,0,24.349,294.302,0.624,627,10.577,481.831,0.53,0.736
921,9,0,24.767,294.953,0.631,630,8.956,495.087,0.535,0.765
922,13,0,25.605,299.372,0.658,631,8.681,524.973,0.541,0.821
923,10,0,26.023,306.14,0.689,634,7.699,542.446,0.546,0.844
924,4,0,26.442,306.721,0.689,633,7.709,551.364,0.543,0.855
925,10,1,26.744,307.488,0.69,636,7.2,561.67,0.545,0.868
926,9,1,26.837,308.977,0.7,637,6.919,563.211,0.543,0.868
927,7,0,27.349,312.767,0.699,634,6.707,574.122,0.543,0.884
928,7,1,28.023,314.721,0.711,632,6.628,588.629,0.543,0.903
929,8,0,28.512,317.744,0.713,634,6.791,601.396,0.543,0.916
930,5,1,28.628,317.86,0.715,635,6.814,603.458,0.542,0.918
931,11,0,28.907,317.814,0.71,642,6.641,613.998,0.549,0.931
932,11,2,29.791,320.116,0.726,637,6.694,612.134,0.54,0.939
933,4,0,30.233,320.116,0.729,632,6.701,613.162,0.534,0.942
934,12,0,24.07,294.163,0.621,631,10.72,455.191,0.53,0.721
935,5,0,24.395,294.116,0.621,628,10.702,463.385,0.53,0.74
936,7,0,25.651,298.395,0.647,625,10.431,500.256,0.532,0.81
937,8,0,26.209,303.07,0.666,623,10.434,508.643,0.529,0.831
938,4,0,26.488,304.349,0.675,621,10.449,510.965,0.527,0.838
939,10,0,26.744,306.023,0.678,626,10.292,519.661,0.531,0.855
940,10,0,26.93,308.093,0.686,633,10.0,534.762,0.536,0.87
941,10,0,27.326,311.442,0.686,639,9.846,545.508,0.541,0.89
942,4,0,28.209,315.442,0.702,633,9.744,564.575,0.538,0.911
943,6,0,28.628,318.186,0.709,631,9.696,572.264,0.538,0.921
944,9,2,29.349,325.721,0.72,632,9.404,587.151,0.542,0.938
945,10,0,29.86,327.07,0.712,631,9.309,595.548,0.544,0.949
946,10,2,30.302,327.07,0.719,629,9.185,601.463,0.546,0.956
947,5,0,30.86,327.07,0.726,627,9.25,617.926,0.543,0.961
948,10,0,31.14,328.581,0.73,632,9.229,619.945,0.545,0.965
949,11,0,22.256,303.395,0.646,636,10.504,435.668,0.546,0.648
950,8,0,23.465,304.977,0.669,635,10.254,460.087,0.545,0.724
951,10,0,24.628,308.651,0.694,639,9.995,487.464,0.548,0.797
952,13,0,25.209,313.86,0.707,644,9.873,503.678,0.555,0.838
953,10,0,26.349,315.209,0.728,638,9.862,528.318,0.551,0.875
954,3,0,27.0,313.953,0.725,631,9.993,531.042,0.543,0.883
955,6,0,27.651,315.698,0.736,626,9.929,544.848,0.539,0.898
956,5,1,27.744,315.86,0.738,627,14.851,545.96,0.54,0.915
957,12,1,28.14,318.814,0.738,635,14.597,568.329,0.547,0.931
958,5,1,28.209,319.814,0.74,634,14.633,568.773,0.546,0.931
959,9,1,28.953,327.256,0.749,637,9.363,587.825,0.549,0.937
960,7,3,29.698,329.395,0.75,632,9.318,598.612,0.548,0.949
961,7,4,30.442,329.535,0.755,622,9.43,606.014,0.537,0.952
962,2,1,30.349,329.535,0.757,620,9.474,607.37,0.534,0.949
963,13,1,30.488,329.535,0.757,620,9.37,607.965,0.533,0.95
964,5,0,23.093,298.023,0.637,615,10.153,447.349,0.526,0.637
965,6,0,23.93,299.302,0.649,613,10.053,460.887,0.524,0.688
966,5,0,24.349,300.465,0.658,612,10.009,473.876,0.525,0.718
967,7,0,25.14,304.233,0.675,613,9.779,498.802,0.531,0.779
968,12,0,24.907,304.628,0.677,624,9.859,493.278,0.535,0.776
969,8,0,25.93,306.279,0.694,622,9.7,519.026,0.532,0.82
970,6,0,26.279,306.07,0.7,620,9.659,523.339,0.528,0.827
971,7,0,26.837,312.512,0.723,620,9.391,545.65,0.534,0.86
972,9,1,27.326,316.953,0.732,624,9.193,563.704,0.54,0.887
973,5,0,28.07,318.535,0.736,621,8.965,584.786,0.541,0.908
974,6,1,28.372,318.535,0.734,624,8.818,590.98,0.543,0.918
975,8,1,29.14,319.047,0.746,621,8.89,597.134,0.535,0.927
976,9,2,29.512,320.395,0.744,622,8.764,609.376,0.539,0.938
977,9,1,30.419,323.558,0.753,619,8.698,633.118,0.537,0.951
978,6,1,30.512,324.419,0.748,619,8.747,630.478,0.535,0.951
979,7,2,31.14,324.419,0.751,615,8.748,636.688,0.53,0.956
980,9,2,31.279,325.744,0.75,617,8.721,641.134,0.53,0.958
981,5,1,31.837,325.744,0.755,611,8.788,652.754,0.525,0.962
982,6,0,21.395,296.07,0.597,608,15.735,419.93,0.527,0.559
983,9,0,22.047,299.279,0.612,607,15.409,434.625,0.531,0.618
984,10,0,22.233,302.86,0.625,614,14.931,443.821,0.537,0.65
985,6,0,22.605,305.767,0.641,616,14.769,454.72,0.542,0.69
986,7,0,23.488,311.233,0.669,614,14.671,480.499,0.544,0.75
987,6,1,23.674,310.907,0.671,615,14.697,482.694,0.541,0.754
988,6,0,24.302,313.093,0.685,612,14.457,492.6,0.54,0.785
989,10,0,24.814,314.0,0.69,612,14.397,509.639,0.539,0.808
990,6,1,25.0,314.791,0.699,612,14.43,510.414,0.538,0.813
991,5,0,26.0,317.721,0.707,608,14.391,534.741,0.535,0.851
992,7,0,26.605,318.372,0.717,602,14.382,552.066,0.532,0.868
993,10,1,27.302,322.744,0.737,601,14.312,568.043,0.531,0.89
994,8,2,27.814,323.767,0.744,601,14.294,576.507,0.531,0.904
995,7,2,28.256,323.767,0.749,598,14.269,579.662,0.528,0.912
996,11,0,28.326,326.116,0.75,604,14.067,592.684,0.535,0.922
997,13,1,28.698,326.116,0.745,610,13.917,600.634,0.54,0.933
998,6,1,28.651,326.256,0.745,610,13.898,601.691,0.541,0.933
999,11,0,22.349,298.326,0.594,612,9.769,457.225,0.54,0.626
1000,0,0,22.977,298.326,0.609,605,9.78,464.65,0.533,0.65
