1,10,0,0.302,2.093,0.0,10,345.752,0.0,0.007,0.041
2,3,0,0.465,2.535,0.0,13,344.4,0.197,0.009,0.043
3,3,0,0.605,3.651,0.001,16,327.567,0.317,0.011,0.027
4,3,0,0.744,5.512,0.003,19,313.23,0.677,0.014,0.019
5,4,0,0.907,6.674,0.004,23,298.499,1.043,0.016,0.012
6,7,0,1.233,9.628,0.007,29,268.406,2.147,0.022,0.006
7,5,0,1.465,13.977,0.015,34,249.601,3.526,0.027,0.004
8,5,0,1.791,16.163,0.018,38,231.462,4.771,0.03,0.002
9,5,0,1.977,20.047,0.025,42,221.702,5.894,0.035,0.002
10,3,0,2.07,21.14,0.026,45,218.843,6.388,0.037,0.002
11,6,0,2.116,22.0,0.026,51,216.412,6.996,0.039,0.002
12,9,0,2.256,23.419,0.024,59,211.361,9.334,0.046,0.002
13,4,0,2.535,26.535,0.029,63,205.866,11.216,0.051,0.002
14,4,0,2.488,26.535,0.027,67,206.39,11.123,0.052,0.002
15,3,0,2.535,27.07,0.025,70,204.638,12.125,0.056,0.002
16,8,0,2.674,29.953,0.029,77,196.513,13.944,0.06,0.001
17,4,0,2.86,32.116,0.032,81,187.91,15.99,0.064,0.001
18,4,0,2.86,32.628,0.03,85,187.198,16.457,0.067,0.001
19,7,0,2.93,35.256,0.035,91,185.34,18.667,0.071,0.001
20,8,0,2.93,36.86,0.035,98,184.202,19.342,0.075,0.001
21,3,0,3.116,38.233,0.04,98,180.9,20.591,0.075,0.001
22,3,0,3.186,39.326,0.044,98,178.645,21.14,0.074,0.001
23,3,0,3.279,41.326,0.047,101,177.833,22.999,0.077,0.001
24,3,0,3.279,41.326,0.045,104,177.899,23.432,0.079,0.001
25,5,0,3.419,44.163,0.049,108,174.524,24.714,0.084,0.001
26,6,0,3.326,43.953,0.047,113,173.2,25.46,0.086,0.001
27,8,0,3.651,47.372,0.052,119,169.491,29.444,0.092,0.001
28,6,0,3.767,49.628,0.054,125,168.662,31.124,0.096,0.001
29,3,0,3.907,49.884,0.055,127,168.077,33.647,0.097,0.001
30,3,0,4.047,50.605,0.055,130,166.845,35.368,0.099,0.001
31,5,0,4.186,51.605,0.061,130,166.071,35.011,0.096,0.001
32,8,0,4.442,53.488,0.063,137,163.929,39.343,0.1,0.002
33,3,0,4.535,55.953,0.069,139,162.742,41.42,0.103,0.002
34,4,0,4.628,56.302,0.068,143,161.925,43.979,0.105,0.002
35,6,0,4.86,57.233,0.067,148,162.556,47.44,0.109,0.002
36,3,0,4.907,58.256,0.069,151,161.843,49.4,0.111,0.002
37,9,0,5.372,62.047,0.078,157,155.944,56.567,0.115,0.002
38,0,0,5.209,61.279,0.079,154,158.297,53.239,0.112,0.002
39,6,0,5.512,62.767,0.082,157,156.139,56.093,0.114,0.002
40,2,0,5.512,62.767,0.081,159,156.055,56.188,0.115,0.002
41,2,0,5.651,62.767,0.081,161,155.429,57.261,0.115,0.002
42,3,0,5.558,62.209,0.081,162,161.463,54.914,0.113,0.002
43,7,0,5.837,63.791,0.084,168,159.88,58.969,0.116,0.003
44,7,0,5.977,64.953,0.085,173,158.984,62.133,0.119,0.003
45,4,0,6.256,65.884,0.09,175,158.157,63.412,0.118,0.003
46,8,0,6.256,68.209,0.094,180,157.024,65.495,0.12,0.003
47,3,0,6.628,69.186,0.096,179,156.096,71.037,0.122,0.003
48,10,0,7.209,77.163,0.113,187,148.374,81.0,0.131,0.003
49,8,0,7.256,80.302,0.12,192,146.315,84.446,0.135,0.003
50,2,0,7.442,77.698,0.116,190,148.028,83.7,0.132,0.004
51,7,0,7.419,77.698,0.113,196,147.973,86.763,0.135,0.004
52,4,0,7.651,77.837,0.115,198,147.598,87.85,0.134,0.004
53,6,0,7.698,77.837,0.112,202,147.369,91.483,0.136,0.004
54,2,0,7.884,78.116,0.112,203,146.963,94.207,0.137,0.004
55,5,0,7.977,79.07,0.115,204,146.658,96.298,0.138,0.005
56,6,0,8.116,80.14,0.115,209,146.101,100.282,0.141,0.005
57,5,0,8.256,80.395,0.113,212,145.629,105.086,0.144,0.005
58,5,0,8.302,80.395,0.111,215,145.523,106.668,0.146,0.005
59,7,0,8.512,82.186,0.115,218,144.871,111.578,0.149,0.006
60,8,0,8.837,87.047,0.126,224,141.934,118.096,0.153,0.006
61,1,0,8.698,87.512,0.13,221,142.438,114.887,0.151,0.006
62,6,0,8.605,87.512,0.127,225,141.502,116.67,0.154,0.006
63,6,0,8.605,88.07,0.127,228,141.255,117.373,0.155,0.006
64,5,0,8.837,88.698,0.127,231,141.207,124.226,0.159,0.007
65,3,0,9.047,88.791,0.128,230,141.137,125.889,0.158,0.007
66,7,0,9.0,88.442,0.126,235,141.138,126.337,0.16,0.007
67,3,0,9.233,88.442,0.128,235,140.636,128.603,0.158,0.007
68,6,0,9.419,89.395,0.13,238,140.388,132.247,0.16,0.008
69,6,0,9.558,92.698,0.135,242,139.889,137.463,0.166,0.009
70,5,0,10.07,94.372,0.14,244,139.265,144.569,0.168,0.011
71,8,0,10.116,95.093,0.137,252,138.832,151.627,0.173,0.011
72,8,0,10.023,98.14,0.148,257,138.731,154.175,0.176,0.012
73,5,0,10.256,99.093,0.153,257,137.674,159.469,0.175,0.012
74,6,0,10.488,100.605,0.159,258,137.407,164.339,0.175,0.013
75,7,0,11.0,101.605,0.16,262,136.775,174.553,0.178,0.015
76,5,0,11.047,101.698,0.16,264,136.699,178.71,0.179,0.015
77,5,0,11.209,101.791,0.16,266,136.572,181.117,0.179,0.016
78,5,0,11.605,101.605,0.16,268,136.3,186.07,0.178,0.018
79,3,0,11.698,101.605,0.159,268,136.226,188.109,0.179,0.019
80,3,0,11.512,101.605,0.157,271,136.282,185.239,0.18,0.018
81,2,0,11.814,101.628,0.163,269,136.399,184.375,0.175,0.018
82,3,0,11.884,101.907,0.165,269,136.423,187.165,0.174,0.019
83,8,0,12.023,102.093,0.163,275,136.21,195.134,0.177,0.02
84,2,0,11.977,102.767,0.164,275,136.175,194.436,0.178,0.02
85,6,0,11.93,104.302,0.165,279,135.619,199.54,0.183,0.021
86,5,0,11.837,104.721,0.164,282,135.288,205.063,0.186,0.021
87,5,0,11.86,106.093,0.169,281,135.342,207.952,0.187,0.021
88,4,0,11.86,106.837,0.167,284,135.188,209.966,0.191,0.022
89,9,0,11.651,109.674,0.173,291,135.155,211.464,0.196,0.023
90,5,0,11.837,109.884,0.175,292,135.258,213.192,0.195,0.024
91,3,0,12.07,110.488,0.181,290,135.165,215.372,0.193,0.025
92,5,0,12.023,110.884,0.18,290,135.321,216.167,0.195,0.025
93,5,0,11.93,111.186,0.181,288,135.153,215.231,0.196,0.025
94,5,0,12.116,113.186,0.185,290,134.721,218.169,0.199,0.027
95,5,0,12.535,114.698,0.191,292,134.269,226.754,0.2,0.031
96,1,0,12.535,114.698,0.193,289,134.371,227.293,0.198,0.03
97,5,0,12.767,116.628,0.203,291,134.25,232.041,0.199,0.032
98,3,0,12.907,118.581,0.21,290,134.135,233.77,0.2,0.034
99,5,0,12.953,118.581,0.209,292,134.24,234.649,0.2,0.035
100,5,0,13.047,120.837,0.214,295,133.863,241.553,0.205,0.038
101,4,0,9.163,119.349,0.206,295,134.853,168.924,0.207,0.012
102,7,0,9.302,119.907,0.205,299,134.373,174.649,0.211,0.014
103,4,0,9.488,119.837,0.206,297,134.209,177.985,0.21,0.014
104,4,0,9.674,120.651,0.208,296,133.978,183.878,0.212,0.015
105,5,0,10.0,122.209,0.214,297,133.569,191.565,0.211,0.016
106,4,0,10.093,122.581,0.217,295,133.39,194.527,0.211,0.016
107,2,0,10.256,122.581,0.219,293,133.453,195.515,0.208,0.017
108,8,0,10.372,122.907,0.22,297,133.261,198.834,0.209,0.018
109,2,0,10.651,123.233,0.224,294,132.948,202.559,0.207,0.018
110,3,0,10.698,121.767,0.219,293,133.009,201.329,0.206,0.018
111,5,0,11.163,123.628,0.228,294,132.779,210.132,0.206,0.021
112,6,0,11.116,123.744,0.223,298,132.446,215.108,0.211,0.022
113,7,0,11.256,123.884,0.226,300,132.388,217.887,0.209,0.022
114,2,0,11.419,123.884,0.228,296,132.393,219.353,0.207,0.023
115,5,0,11.698,123.884,0.23,296,132.21,221.495,0.205,0.024
116,6,0,11.744,124.326,0.23,298,132.173,221.946,0.207,0.025
117,4,0,11.837,122.047,0.227,298,132.352,218.925,0.202,0.024
118,2,0,11.977,122.047,0.229,295,132.258,219.261,0.2,0.024
119,8,0,11.744,122.233,0.225,301,132.14,218.587,0.204,0.024
120,4,0,11.814,122.233,0.227,302,132.113,219.5,0.203,0.024
121,4,0,11.907,121.581,0.225,301,132.092,216.918,0.202,0.024
122,9,0,12.047,122.628,0.224,307,131.665,228.419,0.209,0.028
123,5,0,12.512,122.86,0.225,307,131.284,235.733,0.21,0.032
124,6,0,12.512,123.674,0.226,308,131.31,233.733,0.212,0.033
125,4,0,12.605,124.558,0.232,308,131.4,236.299,0.21,0.033
126,5,0,12.605,126.047,0.238,312,131.346,240.706,0.212,0.034
127,4,0,12.651,124.558,0.233,313,131.48,238.541,0.21,0.033
128,9,0,12.605,126.512,0.235,317,131.185,245.217,0.214,0.035
129,8,0,12.558,126.698,0.235,321,131.235,243.954,0.216,0.035
130,5,0,12.721,126.698,0.234,323,130.857,246.74,0.217,0.037
131,6,0,13.0,129.372,0.244,328,130.644,255.088,0.22,0.042
132,7,0,13.186,129.907,0.243,332,130.473,264.883,0.222,0.045
133,6,0,13.186,131.209,0.245,336,130.239,270.645,0.226,0.047
134,5,0,13.326,131.209,0.248,335,130.331,271.647,0.223,0.048
135,6,0,13.326,136.488,0.263,340,129.938,280.444,0.228,0.05
136,5,0,13.279,137.558,0.267,340,129.911,279.08,0.23,0.051
137,4,0,13.442,137.744,0.265,341,129.685,283.719,0.232,0.054
138,5,0,13.558,138.302,0.269,343,129.644,286.161,0.232,0.056
139,8,0,13.558,138.93,0.269,350,129.542,290.568,0.236,0.059
140,7,0,13.744,138.744,0.269,352,129.52,294.015,0.235,0.062
141,8,0,13.837,138.744,0.266,358,129.248,298.282,0.239,0.067
142,5,0,14.163,139.86,0.27,360,129.059,308.275,0.241,0.075
143,11,0,14.86,140.279,0.272,361,128.868,321.928,0.241,0.091
144,7,0,14.907,140.279,0.27,365,128.768,324.635,0.243,0.095
145,5,0,14.907,140.535,0.272,364,111.973,322.123,0.244,0.057
146,7,0,15.186,140.349,0.271,366,111.807,329.879,0.244,0.062
147,6,0,15.512,141.791,0.277,368,111.703,337.744,0.246,0.069
148,5,0,15.326,141.791,0.277,369,111.772,334.086,0.246,0.066
149,5,0,15.326,144.0,0.29,369,111.756,334.916,0.247,0.067
150,8,0,15.465,144.512,0.292,373,111.71,342.73,0.248,0.071
151,2,0,15.605,144.372,0.294,369,111.726,342.262,0.246,0.072
152,11,0,15.791,147.674,0.306,375,111.44,353.457,0.253,0.083
153,2,0,15.977,147.674,0.307,373,111.375,357.916,0.252,0.086
154,2,0,16.302,147.674,0.31,369,111.382,362.558,0.249,0.09
155,4,0,16.581,147.674,0.31,369,111.335,371.866,0.249,0.098
156,4,0,16.628,147.837,0.314,369,111.38,373.169,0.248,0.097
157,8,0,16.814,150.047,0.324,369,111.353,381.197,0.252,0.109
158,4,0,16.767,151.744,0.327,371,111.218,388.922,0.256,0.113
159,5,0,16.907,151.744,0.327,373,111.103,394.284,0.258,0.12
160,4,0,17.279,151.977,0.333,368,111.109,397.161,0.255,0.127
161,5,0,17.419,151.977,0.334,364,111.116,400.689,0.252,0.127
162,1,0,17.791,151.977,0.337,359,111.185,405.645,0.249,0.136
163,3,0,17.837,150.558,0.336,355,111.375,396.49,0.244,0.129
164,4,0,17.698,153.512,0.344,350,111.55,387.337,0.239,0.118
165,4,0,17.698,155.163,0.35,351,111.616,389.319,0.241,0.121
166,4,0,17.884,155.302,0.352,349,111.705,385.102,0.238,0.122
167,2,0,17.791,155.186,0.353,347,111.836,381.676,0.236,0.116
168,4,0,17.698,155.186,0.352,347,111.818,377.871,0.237,0.115
169,5,0,17.744,157.581,0.359,350,111.732,386.345,0.24,0.12
170,5,0,17.744,157.581,0.359,355,111.659,389.693,0.242,0.125
171,2,0,17.977,157.581,0.359,353,111.576,393.789,0.242,0.132
172,3,0,18.07,157.581,0.36,350,111.516,394.812,0.24,0.132
173,8,0,18.163,159.256,0.363,350,111.472,403.056,0.242,0.139
174,3,0,18.116,159.419,0.363,349,111.416,402.561,0.243,0.137
175,5,0,17.977,159.419,0.361,353,111.362,406.908,0.246,0.138
176,2,0,18.116,159.419,0.361,349,111.391,400.529,0.243,0.138
177,5,0,17.884,158.651,0.359,345,130.651,400.756,0.241,0.214
178,6,0,17.884,159.465,0.364,344,130.698,398.879,0.241,0.215
179,6,0,17.837,159.372,0.363,345,130.743,397.161,0.241,0.211
180,2,0,17.86,159.372,0.365,339,130.763,390.594,0.238,0.205
181,5,0,17.814,161.395,0.373,337,130.81,389.38,0.238,0.205
182,7,0,17.721,161.395,0.372,340,130.753,392.89,0.241,0.206
183,2,0,17.767,161.395,0.374,337,130.817,387.325,0.238,0.201
184,10,0,17.814,161.907,0.373,345,130.766,396.748,0.24,0.209
185,8,0,17.628,162.302,0.373,351,130.69,399.172,0.243,0.207
186,2,0,17.535,162.14,0.374,349,130.819,395.589,0.24,0.194
187,7,0,17.767,162.884,0.375,352,130.733,405.903,0.242,0.211
188,5,0,17.721,162.884,0.372,352,130.761,400.167,0.242,0.208
189,3,0,17.535,162.884,0.373,349,130.943,384.575,0.24,0.195
190,8,0,17.442,164.488,0.37,353,130.909,390.925,0.243,0.199
191,1,0,17.442,164.488,0.37,354,130.9,391.703,0.244,0.2
192,6,0,17.488,164.907,0.369,356,130.816,402.106,0.248,0.211
193,6,0,17.535,165.581,0.368,361,130.612,414.474,0.253,0.226
194,7,0,17.721,165.581,0.366,365,130.493,422.047,0.256,0.244
195,8,0,18.0,169.395,0.372,364,130.487,433.992,0.259,0.267
196,5,0,18.116,169.558,0.377,363,130.464,439.114,0.259,0.276
197,2,0,18.186,174.14,0.378,362,130.445,441.915,0.26,0.282
198,7,0,18.14,175.86,0.386,362,130.408,436.681,0.259,0.277
199,4,0,18.186,176.209,0.385,364,130.381,439.459,0.26,0.283
200,2,0,18.372,178.14,0.393,366,130.271,450.893,0.264,0.307
201,2,0,12.814,178.488,0.383,365,131.705,308.241,0.264,0.076
202,5,0,12.884,178.628,0.384,366,131.593,310.245,0.264,0.077
203,4,0,13.023,178.698,0.383,369,131.497,317.843,0.266,0.082
204,5,0,13.209,178.698,0.382,370,131.388,323.007,0.268,0.089
205,6,0,13.349,178.814,0.378,374,131.107,328.901,0.271,0.094
206,5,0,13.767,179.023,0.382,371,131.219,332.563,0.266,0.101
207,4,0,13.977,179.023,0.382,372,131.163,337.986,0.267,0.107
208,4,0,14.093,179.023,0.387,374,131.185,340.662,0.268,0.112
209,3,0,14.279,179.023,0.388,376,131.136,346.321,0.269,0.12
210,12,0,14.395,179.581,0.388,383,131.084,349.841,0.27,0.125
211,6,0,14.488,179.581,0.39,383,131.149,350.572,0.267,0.123
212,3,0,14.814,179.581,0.392,380,131.195,349.466,0.262,0.126
213,5,0,14.953,179.581,0.392,384,131.123,355.789,0.263,0.134
214,1,0,15.279,179.581,0.388,378,131.182,357.365,0.26,0.139
215,1,0,15.326,179.419,0.391,369,131.635,346.951,0.254,0.133
216,2,0,15.326,180.791,0.391,367,131.677,346.467,0.254,0.133
217,5,0,15.535,180.698,0.389,363,131.781,345.502,0.25,0.134
218,4,0,15.884,180.698,0.39,362,131.738,353.236,0.248,0.144
219,7,0,15.977,180.698,0.39,362,131.678,357.15,0.25,0.151
220,4,0,15.977,180.698,0.389,364,131.82,360.709,0.25,0.152
221,6,0,15.977,180.698,0.388,367,131.705,366.58,0.254,0.159
222,5,0,15.884,180.698,0.387,370,131.681,371.843,0.257,0.16
223,3,0,16.256,180.698,0.389,362,131.814,371.949,0.252,0.167
224,5,0,16.628,185.442,0.393,355,131.54,375.684,0.249,0.176
225,7,0,16.558,185.488,0.393,358,131.49,377.074,0.251,0.177
226,10,0,16.651,185.488,0.391,364,131.208,386.488,0.254,0.186
227,5,0,16.558,185.977,0.39,368,131.188,385.666,0.256,0.186
228,5,0,16.558,190.047,0.389,368,131.043,389.177,0.259,0.192
229,4,0,16.372,190.047,0.387,370,130.958,393.011,0.262,0.189
230,4,0,16.465,190.047,0.386,367,131.018,389.32,0.26,0.189
231,2,0,16.744,190.047,0.388,364,131.005,395.342,0.259,0.202
232,3,0,17.023,190.209,0.389,361,130.881,398.904,0.257,0.211
233,6,0,17.023,190.395,0.39,362,130.984,400.524,0.256,0.209
234,2,0,16.93,190.395,0.387,362,131.166,397.81,0.257,0.207
235,1,0,16.977,190.395,0.387,359,131.173,398.32,0.256,0.208
236,1,0,17.116,190.395,0.387,355,131.293,392.695,0.254,0.209
237,5,0,17.116,190.395,0.387,354,131.144,392.471,0.254,0.209
238,3,0,17.209,192.488,0.388,351,131.178,394.629,0.253,0.211
239,3,0,17.302,192.488,0.391,350,131.092,398.787,0.254,0.218
240,4,0,17.302,192.488,0.391,353,131.094,402.499,0.254,0.218
241,6,0,17.256,192.837,0.391,356,130.952,406.864,0.256,0.221
242,8,0,17.349,192.837,0.397,358,130.947,405.268,0.255,0.223
243,4,0,17.581,192.837,0.397,358,130.901,414.416,0.256,0.237
244,8,0,17.628,192.837,0.398,360,130.859,415.685,0.257,0.242
245,3,0,17.721,192.721,0.4,356,130.606,405.963,0.252,0.233
246,6,0,17.907,192.791,0.4,356,130.479,412.618,0.253,0.246
247,10,0,17.814,192.977,0.396,366,130.313,420.89,0.258,0.254
248,7,0,17.674,192.977,0.395,371,130.323,421.087,0.261,0.253
249,7,0,17.744,192.977,0.391,374,130.257,422.091,0.26,0.254
250,6,0,17.791,193.047,0.391,376,130.223,423.94,0.26,0.257
251,5,0,17.628,193.047,0.391,376,130.328,424.574,0.261,0.251
252,5,0,17.442,192.674,0.391,375,130.539,413.268,0.259,0.235
253,4,0,17.488,192.674,0.391,374,130.553,415.245,0.259,0.239
254,3,0,17.581,192.674,0.39,375,130.509,424.037,0.261,0.25
255,7,1,17.535,192.791,0.389,380,130.426,426.488,0.265,0.258
256,6,0,17.628,192.791,0.387,376,130.547,421.335,0.26,0.249
257,3,0,17.814,192.86,0.387,374,130.513,425.117,0.259,0.258
258,3,0,18.093,192.86,0.392,373,130.425,430.74,0.259,0.274
259,2,0,18.093,192.86,0.392,372,130.412,432.38,0.259,0.275
260,3,0,18.233,192.86,0.393,370,130.447,432.997,0.257,0.278
261,7,0,18.209,192.86,0.392,372,130.392,432.932,0.259,0.28
262,3,0,18.302,192.86,0.392,372,130.442,434.186,0.257,0.282
263,8,0,18.233,192.86,0.391,375,130.274,438.12,0.261,0.287
264,3,0,18.186,193.047,0.391,378,130.256,439.171,0.263,0.29
265,2,0,18.372,192.86,0.391,374,130.306,441.246,0.26,0.295
266,5,0,18.465,192.86,0.39,374,130.235,450.902,0.265,0.314
267,5,0,18.442,192.86,0.394,375,130.082,448.386,0.266,0.314
268,7,0,18.837,192.86,0.399,375,129.981,454.018,0.266,0.342
269,4,0,19.023,192.86,0.402,371,129.933,454.107,0.265,0.351
270,3,0,19.163,192.744,0.403,368,130.067,458.904,0.262,0.354
271,5,0,19.163,192.744,0.404,367,130.102,459.449,0.264,0.359
272,3,0,19.116,192.744,0.404,364,130.171,455.296,0.261,0.346
273,9,0,19.302,192.86,0.404,364,130.084,456.539,0.259,0.353
274,5,0,19.256,192.86,0.403,366,130.122,459.008,0.26,0.352
275,4,0,19.256,192.86,0.403,363,130.211,455.387,0.257,0.343
276,3,0,19.302,192.86,0.405,362,130.204,455.671,0.256,0.343
277,7,0,19.163,192.86,0.407,366,130.213,455.434,0.258,0.34
278,6,0,19.395,192.86,0.408,368,130.079,462.703,0.258,0.354
279,6,0,19.256,192.86,0.407,373,129.844,469.323,0.264,0.364
280,5,0,19.209,192.86,0.408,374,129.817,466.12,0.263,0.357
281,5,0,19.395,192.86,0.41,371,129.689,468.312,0.263,0.37
282,6,0,19.442,191.744,0.407,375,129.577,478.219,0.269,0.394
283,0,0,19.535,191.744,0.409,367,129.654,473.982,0.266,0.389
284,2,0,19.674,191.744,0.408,362,129.77,469.99,0.262,0.387
285,5,0,19.907,191.744,0.411,357,130.034,463.518,0.256,0.387
286,7,0,19.907,190.953,0.411,359,129.954,466.972,0.256,0.385
287,7,0,19.814,190.953,0.413,363,129.965,468.136,0.258,0.385
288,4,0,19.86,190.953,0.413,363,129.999,467.635,0.259,0.393
289,6,0,19.302,190.953,0.412,361,130.157,454.329,0.26,0.357
290,8,0,19.047,190.953,0.414,362,130.249,447.63,0.262,0.345
291,3,0,18.953,190.953,0.413,359,130.246,446.862,0.262,0.339
292,6,0,18.907,190.953,0.411,360,130.294,444.131,0.26,0.331
293,3,0,18.86,190.953,0.411,360,130.29,444.771,0.262,0.331
294,0,0,18.953,190.884,0.412,355,130.331,445.596,0.258,0.326
295,5,0,18.767,189.791,0.408,355,130.318,445.649,0.257,0.311
296,4,0,18.814,189.791,0.408,358,130.266,449.031,0.259,0.321
297,8,0,18.581,189.791,0.408,360,130.312,442.539,0.257,0.299
298,4,0,18.535,189.791,0.406,359,130.468,430.549,0.252,0.282
299,4,0,18.605,189.791,0.408,355,130.425,434.165,0.253,0.287
300,8,0,18.605,189.791,0.41,358,130.397,436.669,0.253,0.287
301,5,0,13.279,184.953,0.388,355,132.108,318.632,0.251,0.073
302,6,0,13.326,184.953,0.388,359,131.824,323.826,0.254,0.077
303,3,0,13.558,184.953,0.389,359,131.775,328.077,0.254,0.081
304,4,0,13.628,184.953,0.389,360,131.653,329.066,0.253,0.082
305,6,0,13.581,184.953,0.388,364,131.606,327.752,0.256,0.084
306,3,0,13.581,184.953,0.388,367,131.568,329.141,0.258,0.086
307,4,0,13.767,185.116,0.387,368,131.443,339.306,0.261,0.094
308,2,0,14.512,185.116,0.393,361,131.511,347.283,0.252,0.104
309,5,0,14.349,185.116,0.392,364,131.53,345.076,0.252,0.099
310,2,0,14.628,185.116,0.394,362,131.593,344.215,0.248,0.101
311,6,0,14.535,185.116,0.393,367,131.54,347.673,0.25,0.102
312,3,0,14.488,185.116,0.391,368,131.469,351.405,0.254,0.105
313,7,0,14.395,185.116,0.389,370,131.413,347.805,0.257,0.106
314,6,0,14.302,185.116,0.389,374,131.399,350.712,0.257,0.104
315,7,0,14.488,185.116,0.385,375,131.429,357.318,0.259,0.112
316,6,0,14.535,185.116,0.387,378,131.341,362.963,0.262,0.118
317,4,0,14.698,184.163,0.388,378,131.308,366.88,0.261,0.122
318,6,0,14.791,183.907,0.395,379,131.244,369.617,0.261,0.124
319,3,0,14.791,183.907,0.397,379,131.304,369.938,0.261,0.125
320,2,0,14.884,183.907,0.398,377,131.375,369.103,0.259,0.125
321,2,0,15.07,183.907,0.405,373,131.345,370.448,0.257,0.128
322,8,0,15.163,185.14,0.403,377,131.152,377.652,0.26,0.136
323,6,0,15.395,184.884,0.406,379,131.022,387.321,0.264,0.151
324,3,0,15.209,184.884,0.401,376,131.122,381.777,0.262,0.141
325,4,0,15.349,184.884,0.4,375,131.012,381.563,0.26,0.142
326,9,0,15.488,185.953,0.405,384,130.805,395.065,0.266,0.158
327,5,0,15.535,185.953,0.404,387,130.752,396.754,0.268,0.163
328,4,0,15.395,185.953,0.4,387,130.786,394.647,0.267,0.156
329,5,0,15.302,184.791,0.398,388,131.115,392.088,0.267,0.154
330,6,0,15.349,187.698,0.399,390,130.97,394.262,0.268,0.156
331,4,0,15.209,187.698,0.399,392,130.954,391.755,0.269,0.154
332,4,0,15.442,187.698,0.4,390,130.943,393.345,0.269,0.162
333,3,0,15.442,187.698,0.401,388,131.023,395.227,0.27,0.164
334,6,0,15.605,188.837,0.402,392,130.862,408.405,0.274,0.18
335,12,0,15.93,189.116,0.403,397,130.606,418.284,0.276,0.198
336,5,0,15.93,189.116,0.403,399,130.6,418.355,0.276,0.198
337,6,0,15.907,189.116,0.402,403,130.598,420.976,0.278,0.203
338,11,0,16.279,189.116,0.405,403,130.579,427.166,0.276,0.218
339,4,0,16.558,189.116,0.407,400,130.566,429.954,0.274,0.226
340,4,0,16.651,189.116,0.411,397,130.573,431.484,0.272,0.227
341,6,0,16.977,189.116,0.411,396,130.44,441.817,0.273,0.247
342,7,0,17.023,189.349,0.41,397,130.401,441.868,0.273,0.249
343,2,0,17.256,189.349,0.409,394,130.379,445.12,0.271,0.257
344,6,0,17.209,189.209,0.408,395,130.413,445.134,0.272,0.257
345,7,0,17.279,189.209,0.409,400,130.285,455.072,0.276,0.273
346,6,0,17.419,189.233,0.409,403,130.195,459.087,0.277,0.285
347,5,0,17.651,189.233,0.409,405,130.082,467.321,0.28,0.306
348,7,0,17.884,189.233,0.413,404,130.065,471.29,0.278,0.316
349,7,0,18.233,189.651,0.418,405,128.623,477.472,0.28,0.338
350,5,0,18.14,189.651,0.417,405,128.562,478.447,0.28,0.331
351,3,0,18.047,189.674,0.416,404,128.659,476.286,0.282,0.329
352,4,0,18.186,189.814,0.417,403,128.697,477.401,0.281,0.336
353,2,0,18.279,189.814,0.417,400,128.718,474.524,0.279,0.336
354,3,0,18.442,189.814,0.419,396,128.74,473.574,0.275,0.335
355,6,0,18.163,189.814,0.419,399,128.712,469.645,0.276,0.318
356,6,0,18.628,189.581,0.421,397,128.758,471.129,0.27,0.332
357,7,0,18.744,189.581,0.42,398,128.707,478.612,0.272,0.346
358,6,0,18.767,189.581,0.421,394,128.821,473.099,0.267,0.332
359,10,0,18.674,189.581,0.421,396,128.74,480.889,0.272,0.341
360,4,0,18.488,189.535,0.419,392,128.821,471.19,0.269,0.318
361,2,0,18.581,189.535,0.42,390,128.838,474.974,0.268,0.322
362,9,0,18.488,189.535,0.418,397,128.771,478.763,0.272,0.327
363,5,0,18.395,189.535,0.419,398,128.851,469.948,0.27,0.318
364,2,0,18.535,189.535,0.418,397,128.799,477.79,0.271,0.33
365,6,0,18.628,189.535,0.417,402,128.642,488.52,0.278,0.358
366,6,0,18.628,189.535,0.419,402,128.631,492.53,0.28,0.364
367,9,1,18.721,189.535,0.423,403,128.599,495.857,0.281,0.375
368,11,0,18.86,189.535,0.424,408,128.328,510.25,0.286,0.399
369,5,1,18.767,189.535,0.425,410,128.274,509.902,0.289,0.401
370,4,0,18.907,189.535,0.428,409,128.238,514.895,0.288,0.409
371,4,0,18.674,189.535,0.427,411,128.23,512.09,0.289,0.397
372,4,2,18.814,189.535,0.428,409,128.241,514.543,0.287,0.401
373,8,0,18.767,189.535,0.427,415,128.115,526.119,0.293,0.416
374,8,1,18.721,189.535,0.427,420,128.102,525.209,0.294,0.416
375,4,0,19.14,189.535,0.429,415,128.1,530.397,0.29,0.432
376,6,0,19.279,189.535,0.427,417,128.01,540.3,0.292,0.45
377,6,0,19.233,189.535,0.427,420,128.029,543.033,0.293,0.45
378,6,0,19.186,189.535,0.428,424,128.009,544.6,0.294,0.452
379,3,0,19.326,189.535,0.428,424,127.97,548.833,0.296,0.469
380,5,0,19.14,189.674,0.427,424,127.972,544.764,0.298,0.461
381,6,2,18.86,189.674,0.429,424,128.029,532.205,0.297,0.435
382,9,2,19.023,187.512,0.429,422,128.146,521.75,0.29,0.427
383,5,0,19.163,187.512,0.429,422,128.105,528.846,0.291,0.44
384,7,0,19.395,187.512,0.43,424,128.067,536.649,0.291,0.458
385,5,1,19.674,189.419,0.439,422,127.971,549.016,0.293,0.485
386,3,0,19.86,189.419,0.442,421,127.853,558.331,0.294,0.502
387,3,0,19.907,189.0,0.443,420,129.089,555.62,0.293,0.511
388,3,0,19.884,189.047,0.441,419,129.131,550.794,0.289,0.497
389,8,0,19.837,189.047,0.438,426,128.981,560.731,0.294,0.511
390,6,0,19.977,189.047,0.44,424,129.067,553.708,0.292,0.514
391,8,1,20.0,189.0,0.437,426,129.0,560.804,0.294,0.521
392,3,0,20.209,189.0,0.439,423,129.034,558.008,0.29,0.525
393,6,0,20.07,189.0,0.438,426,129.046,557.373,0.292,0.52
394,2,0,20.349,189.0,0.435,421,129.067,558.689,0.291,0.538
395,3,0,20.302,189.814,0.437,416,129.159,542.742,0.285,0.516
396,3,0,20.395,189.814,0.437,415,129.186,543.652,0.284,0.519
397,11,0,20.163,190.535,0.436,420,129.104,546.764,0.287,0.512
398,2,0,20.419,190.535,0.436,414,129.097,544.656,0.284,0.518
399,5,0,20.116,190.535,0.438,411,129.089,537.221,0.283,0.493
400,5,0,20.302,190.535,0.434,410,129.153,540.622,0.282,0.502
401,4,0,14.349,195.0,0.385,411,130.462,375.723,0.28,0.138
402,9,0,14.651,195.0,0.391,415,130.212,386.892,0.284,0.157
403,3,0,15.209,195.0,0.396,412,130.133,401.273,0.283,0.178
404,3,0,15.349,195.0,0.396,409,130.113,406.049,0.283,0.184
405,2,0,15.419,195.0,0.396,408,130.107,408.393,0.282,0.186
406,6,0,15.279,194.721,0.398,407,130.142,402.094,0.281,0.177
407,2,0,15.419,194.721,0.401,407,130.097,407.88,0.283,0.187
408,9,0,15.558,194.721,0.405,413,129.87,414.531,0.286,0.201
409,5,0,15.558,194.721,0.401,412,129.877,413.506,0.285,0.197
410,6,0,15.93,194.721,0.401,411,129.908,422.218,0.284,0.214
411,5,0,16.163,194.907,0.394,409,130.041,428.436,0.281,0.22
412,6,0,16.581,194.907,0.399,408,129.939,436.328,0.279,0.238
413,6,0,16.721,194.907,0.397,411,129.918,440.752,0.279,0.246
414,4,0,17.07,194.907,0.399,410,129.769,449.128,0.277,0.26
415,3,0,17.023,194.907,0.394,409,129.93,444.345,0.276,0.254
416,7,0,17.163,194.907,0.393,413,129.794,460.36,0.283,0.283
417,3,0,17.256,194.907,0.394,411,129.759,465.19,0.284,0.29
418,4,0,17.535,194.907,0.396,408,129.78,476.257,0.284,0.308
419,0,0,17.907,194.907,0.396,403,129.757,481.823,0.282,0.329
420,6,0,17.86,194.907,0.394,408,129.591,486.981,0.286,0.337
421,5,0,17.512,194.907,0.394,409,129.601,475.436,0.286,0.315
422,6,0,17.605,194.907,0.395,413,129.555,478.334,0.289,0.329
423,5,1,17.419,194.907,0.395,411,129.637,473.8,0.288,0.313
424,2,0,17.326,194.907,0.402,408,129.694,466.275,0.285,0.3
425,4,0,17.372,194.907,0.406,407,129.663,462.147,0.284,0.299
426,7,0,17.605,194.907,0.404,412,129.579,472.9,0.286,0.319
427,8,0,17.512,194.907,0.407,412,129.629,467.173,0.286,0.313
428,3,0,17.651,192.86,0.407,407,129.71,464.08,0.28,0.305
429,3,0,17.651,192.86,0.408,405,129.731,463.458,0.28,0.306
430,3,0,17.837,192.86,0.407,407,129.605,471.996,0.283,0.326
431,3,0,17.953,193.605,0.403,405,129.622,472.131,0.282,0.331
432,3,0,18.14,193.605,0.403,404,129.627,476.62,0.282,0.342
433,0,0,18.256,193.605,0.403,400,129.666,476.21,0.278,0.34
434,9,0,18.302,193.605,0.4,406,129.599,481.778,0.282,0.354
435,6,0,18.07,193.605,0.4,407,129.568,475.422,0.281,0.336
436,5,0,18.349,190.233,0.398,406,129.67,478.321,0.279,0.348
437,7,0,18.302,190.233,0.399,406,129.566,481.911,0.282,0.354
438,10,0,18.302,190.233,0.399,414,129.454,488.66,0.288,0.374
439,3,0,18.302,190.233,0.399,411,129.508,481.03,0.285,0.365
440,3,0,18.535,190.233,0.401,406,129.644,483.647,0.281,0.37
441,6,0,18.488,190.233,0.402,408,129.657,483.909,0.282,0.37
442,2,0,18.767,190.233,0.407,404,129.748,488.066,0.279,0.379
443,4,0,18.814,190.233,0.411,403,129.752,485.012,0.277,0.377
444,5,0,18.581,190.233,0.414,403,130.032,474.788,0.275,0.353
445,2,0,18.884,190.233,0.416,397,130.082,476.077,0.27,0.361
446,2,0,18.93,190.233,0.417,395,129.96,473.344,0.27,0.362
447,5,0,18.93,190.233,0.418,393,129.959,479.377,0.27,0.363
448,4,0,18.977,190.233,0.418,396,129.879,482.257,0.273,0.375
449,6,0,18.837,190.233,0.416,399,129.853,482.236,0.276,0.374
450,6,0,19.116,190.233,0.417,402,129.762,500.764,0.278,0.403
451,7,0,19.302,190.233,0.416,407,129.59,519.175,0.284,0.435
452,4,0,19.488,190.372,0.417,408,129.523,525.244,0.285,0.454
453,7,0,19.395,190.372,0.412,409,129.544,524.77,0.286,0.449
454,4,0,19.302,190.372,0.421,410,129.569,522.099,0.285,0.441
455,13,0,18.884,190.372,0.415,418,129.441,524.901,0.291,0.428
456,3,0,18.907,190.372,0.413,419,129.477,520.453,0.29,0.425
457,2,0,18.953,190.372,0.414,418,129.489,521.202,0.289,0.427
458,4,0,18.86,190.372,0.414,419,129.498,525.96,0.29,0.422
459,4,0,18.907,190.372,0.421,418,129.285,527.7,0.293,0.435
460,6,0,18.767,190.372,0.418,418,129.384,522.04,0.292,0.422
461,5,0,18.674,190.372,0.416,414,129.564,515.538,0.289,0.406
462,8,0,18.814,190.372,0.416,417,129.538,517.785,0.289,0.417
463,8,0,19.0,190.372,0.419,420,129.389,532.095,0.296,0.454
464,3,0,19.279,190.372,0.423,417,129.368,539.045,0.295,0.475
465,7,0,19.512,189.186,0.423,421,129.312,555.386,0.299,0.506
466,7,1,19.837,189.419,0.428,421,129.088,565.767,0.303,0.542
467,5,0,20.07,189.419,0.426,422,128.995,571.181,0.302,0.559
468,6,0,20.302,189.419,0.426,422,128.954,576.949,0.304,0.581
469,3,0,20.442,189.465,0.429,422,128.978,579.015,0.301,0.584
470,0,0,20.302,189.465,0.428,420,129.062,572.996,0.3,0.567
471,7,1,20.628,189.465,0.428,417,128.963,581.93,0.301,0.598
472,7,0,20.651,189.884,0.431,422,128.916,583.62,0.303,0.605
473,8,0,20.512,189.884,0.429,428,128.878,589.636,0.307,0.608
474,4,0,20.512,190.651,0.429,430,128.746,590.263,0.31,0.618
475,1,0,20.605,190.651,0.428,427,128.805,592.996,0.31,0.625
476,4,0,20.419,190.651,0.427,423,128.816,589.401,0.309,0.606
477,4,0,20.372,190.651,0.425,422,128.769,587.051,0.308,0.599
478,5,0,20.372,190.651,0.424,421,128.763,591.823,0.309,0.603
479,2,0,20.372,190.651,0.424,420,128.785,591.325,0.308,0.6
480,5,0,20.419,190.651,0.422,423,128.711,593.935,0.309,0.608
481,3,0,20.372,190.651,0.421,421,128.756,591.717,0.308,0.599
482,6,2,20.279,190.651,0.423,424,128.718,596.155,0.311,0.602
483,4,1,20.512,190.651,0.424,418,128.728,595.464,0.308,0.61
484,6,0,20.651,190.651,0.423,417,128.65,604.631,0.308,0.621
485,8,1,20.651,190.651,0.43,415,128.615,604.807,0.306,0.614
486,7,0,20.837,190.651,0.437,421,128.505,614.935,0.31,0.639
487,4,2,20.744,190.651,0.438,421,128.551,607.842,0.308,0.627
488,9,0,20.744,190.674,0.436,427,128.459,617.207,0.313,0.641
489,5,0,20.791,190.674,0.438,427,128.427,624.224,0.314,0.648
490,4,0,20.93,190.674,0.441,427,128.439,627.669,0.312,0.653
491,4,0,21.302,190.674,0.443,424,128.483,631.446,0.309,0.67
492,3,0,21.395,190.674,0.441,425,128.479,634.39,0.309,0.676
493,2,0,21.535,190.767,0.443,421,128.561,631.689,0.307,0.679
494,8,2,21.535,190.581,0.442,423,128.515,634.229,0.31,0.689
495,3,1,21.628,190.581,0.441,423,128.486,638.101,0.311,0.696
496,1,0,21.721,190.488,0.444,418,128.611,626.575,0.304,0.682
497,6,0,21.605,190.488,0.442,419,128.62,628.576,0.304,0.675
498,3,0,22.023,190.488,0.443,416,128.604,636.09,0.302,0.695
499,4,0,21.977,190.488,0.444,411,128.676,623.354,0.299,0.684
500,6,0,22.14,190.488,0.447,413,128.597,635.63,0.302,0.702
501,4,0,15.535,188.721,0.405,412,129.639,436.215,0.302,0.238
502,4,0,15.791,191.953,0.407,413,129.487,446.145,0.304,0.257
503,3,0,16.116,191.953,0.411,408,129.55,455.66,0.3,0.267
504,1,0,16.349,191.953,0.411,405,129.574,454.534,0.297,0.273
505,4,0,16.628,191.953,0.411,403,129.579,460.739,0.295,0.282
506,2,0,16.721,191.767,0.415,401,129.58,466.14,0.293,0.284
507,4,0,16.907,190.14,0.419,393,129.626,465.357,0.289,0.283
508,5,0,16.814,190.14,0.419,395,129.609,463.913,0.289,0.278
509,7,0,17.256,191.07,0.422,398,129.556,476.733,0.289,0.307
510,7,0,17.628,191.907,0.424,400,129.444,488.964,0.291,0.336
511,4,0,17.628,191.907,0.425,401,129.406,494.632,0.292,0.339
512,5,0,17.93,191.907,0.426,401,129.366,495.617,0.29,0.354
513,7,0,17.744,190.837,0.423,403,129.33,496.235,0.291,0.345
514,8,0,18.07,190.837,0.426,402,129.3,498.422,0.29,0.364
515,4,0,18.023,190.837,0.426,400,129.314,497.408,0.289,0.357
516,4,0,18.07,190.837,0.425,401,129.287,500.831,0.291,0.366
517,3,0,18.209,190.837,0.425,400,129.278,503.494,0.29,0.373
518,6,1,18.465,191.209,0.423,400,129.306,507.867,0.29,0.391
519,5,1,18.698,191.209,0.422,396,129.342,510.882,0.287,0.401
520,4,0,18.698,191.209,0.421,396,129.406,509.726,0.286,0.396
521,5,0,18.744,191.209,0.422,393,129.354,506.904,0.286,0.398
522,6,0,18.907,191.209,0.422,393,129.355,510.375,0.286,0.412
523,3,0,19.209,190.535,0.422,391,129.315,512.974,0.285,0.429
524,9,0,19.628,190.86,0.421,396,129.137,532.802,0.287,0.469
525,5,0,19.488,190.86,0.419,399,129.05,532.043,0.289,0.464
526,4,0,19.907,190.86,0.427,399,129.087,540.985,0.286,0.488
527,4,0,20.023,191.535,0.428,398,129.116,539.476,0.285,0.491
528,5,0,20.302,191.535,0.429,399,129.202,548.118,0.285,0.515
529,9,0,19.977,191.535,0.428,402,129.199,543.554,0.286,0.493
530,6,0,19.93,191.628,0.429,403,129.204,538.077,0.284,0.483
531,5,0,19.837,191.628,0.429,402,129.266,535.179,0.283,0.473
532,4,0,20.07,191.628,0.427,403,129.203,543.165,0.285,0.498
533,6,0,19.884,191.628,0.426,401,129.232,539.723,0.286,0.487
534,5,0,19.558,191.535,0.425,400,129.217,538.924,0.288,0.467
535,3,0,19.512,191.535,0.425,398,129.231,538.694,0.288,0.464
536,7,0,19.349,191.535,0.427,399,129.28,533.212,0.287,0.448
537,5,0,19.302,191.535,0.426,401,129.219,534.085,0.289,0.451
538,3,0,19.395,191.535,0.429,399,129.255,529.14,0.285,0.444
539,6,0,19.535,191.535,0.429,401,129.228,531.191,0.286,0.459
540,2,0,19.814,191.535,0.426,397,129.221,536.517,0.283,0.469
541,7,0,19.581,191.535,0.426,400,129.235,531.315,0.286,0.462
542,5,0,19.581,191.535,0.424,400,129.268,530.229,0.285,0.458
543,5,0,19.628,191.535,0.423,402,129.158,540.389,0.287,0.47
544,13,1,20.0,191.535,0.424,410,128.915,566.395,0.297,0.534
545,12,1,20.116,191.535,0.429,416,128.764,582.434,0.303,0.561
546,7,1,20.186,191.535,0.431,414,128.644,590.402,0.304,0.571
547,6,0,20.186,190.256,0.432,414,128.635,587.275,0.302,0.564
548,5,1,20.209,190.256,0.432,411,128.655,585.804,0.3,0.559
549,3,1,20.302,190.256,0.432,409,128.635,587.834,0.3,0.564
550,3,0,20.465,190.256,0.43,407,128.672,585.545,0.297,0.565
551,1,0,20.581,187.698,0.43,401,128.697,584.95,0.293,0.563
552,2,0,20.605,187.698,0.43,403,128.693,586.631,0.294,0.566
553,3,1,20.605,187.698,0.432,398,128.771,579.76,0.291,0.555
554,6,1,20.721,187.698,0.432,398,128.792,579.743,0.291,0.565
555,5,0,20.767,189.326,0.438,394,128.799,580.471,0.29,0.566
556,13,0,20.628,189.07,0.437,401,128.746,587.103,0.293,0.565
557,7,0,20.512,191.907,0.436,406,128.692,585.097,0.295,0.564
558,3,0,20.372,191.907,0.436,404,128.728,578.789,0.294,0.548
559,2,0,20.512,191.907,0.437,400,128.782,572.884,0.289,0.543
560,6,0,20.674,191.907,0.438,402,128.749,577.841,0.29,0.559
561,7,1,20.535,191.907,0.437,402,128.758,570.713,0.29,0.546
562,4,0,20.767,191.907,0.441,399,128.794,576.418,0.287,0.555
563,3,0,20.581,191.907,0.439,398,128.945,566.537,0.285,0.535
564,6,0,20.744,193.279,0.441,397,128.879,571.281,0.286,0.551
565,3,0,20.977,190.349,0.437,395,129.047,570.146,0.282,0.555
566,4,0,20.837,190.349,0.437,393,129.083,564.362,0.281,0.541
567,2,0,20.837,190.349,0.437,389,129.155,557.998,0.278,0.529
568,4,1,20.86,190.349,0.437,392,129.128,562.653,0.28,0.54
569,4,0,20.767,190.349,0.434,391,129.099,557.07,0.28,0.532
570,3,0,20.721,190.349,0.434,392,129.106,553.011,0.279,0.524
571,4,0,20.395,190.349,0.433,392,129.158,540.972,0.277,0.493
572,8,0,20.279,190.349,0.439,397,129.048,546.523,0.284,0.506
573,8,0,20.116,190.349,0.435,401,129.033,551.38,0.287,0.505
574,2,0,20.093,188.14,0.435,397,129.094,543.188,0.284,0.492
575,11,0,20.326,188.14,0.434,405,129.012,558.258,0.287,0.521
576,3,1,20.326,188.14,0.435,405,129.021,556.683,0.286,0.517
577,7,0,20.465,188.14,0.433,403,129.032,552.975,0.285,0.525
578,4,0,20.465,188.14,0.433,403,128.993,555.622,0.285,0.526
579,6,0,20.209,187.419,0.433,404,128.997,555.053,0.286,0.509
580,10,0,19.953,187.419,0.432,409,128.914,553.985,0.287,0.492
581,5,0,19.953,187.419,0.427,409,128.869,557.512,0.289,0.5
582,4,0,20.372,187.419,0.428,404,128.891,564.802,0.284,0.514
583,5,0,20.465,187.14,0.431,399,128.935,558.301,0.28,0.506
584,4,0,20.326,187.14,0.431,399,128.982,551.798,0.279,0.493
585,13,0,20.14,187.674,0.426,411,128.843,561.126,0.288,0.511
586,1,0,20.186,187.674,0.425,405,128.953,549.631,0.283,0.495
587,7,0,19.814,187.674,0.424,406,129.069,535.328,0.283,0.469
588,5,0,19.721,187.674,0.423,408,129.083,540.422,0.285,0.467
589,6,0,19.767,187.674,0.423,409,129.032,541.597,0.285,0.472
590,1,0,19.628,187.674,0.422,406,129.107,528.585,0.283,0.456
591,5,1,19.628,187.674,0.423,406,129.093,531.51,0.284,0.457
592,3,0,19.628,187.674,0.422,404,129.188,528.941,0.281,0.446
593,2,0,19.535,187.674,0.422,402,129.206,528.028,0.28,0.436
594,4,0,19.674,189.93,0.429,400,129.271,527.245,0.278,0.442
595,8,0,19.581,189.93,0.429,404,129.174,530.713,0.283,0.45
596,6,0,19.488,190.419,0.424,407,129.115,538.919,0.285,0.449
597,7,0,19.442,190.419,0.42,410,129.086,541.747,0.287,0.454
598,5,0,19.581,190.233,0.421,407,129.101,543.536,0.285,0.457
599,5,0,19.628,190.233,0.427,409,128.98,546.035,0.287,0.468
600,3,1,19.674,190.233,0.426,405,128.976,541.951,0.284,0.462
601,4,0,13.953,191.698,0.391,406,130.164,370.776,0.285,0.131
602,7,0,14.372,190.535,0.396,407,130.083,384.023,0.284,0.144
603,1,0,14.465,187.628,0.397,405,130.06,381.003,0.282,0.144
604,5,0,14.744,187.628,0.395,406,129.961,394.568,0.283,0.157
605,5,0,15.07,187.674,0.396,403,129.932,401.782,0.281,0.167
606,0,0,15.395,187.674,0.398,397,130.013,407.932,0.277,0.174
607,4,0,15.605,187.14,0.4,395,129.96,406.579,0.276,0.179
608,7,0,15.907,191.884,0.406,396,129.996,411.29,0.276,0.194
609,3,0,16.14,191.884,0.405,392,129.959,414.501,0.275,0.204
610,4,0,16.326,191.884,0.406,389,129.896,421.261,0.276,0.214
611,6,0,16.233,191.884,0.405,393,129.837,419.955,0.278,0.215
612,3,0,16.442,191.884,0.406,387,130.029,420.479,0.271,0.21
613,6,0,16.442,191.884,0.406,389,130.002,421.072,0.273,0.214
614,2,0,16.535,191.953,0.407,388,130.026,420.841,0.271,0.214
615,9,0,16.628,191.953,0.407,389,130.078,423.025,0.27,0.218
616,5,0,16.907,191.349,0.409,388,129.983,424.762,0.268,0.227
617,2,0,16.814,191.349,0.409,386,130.062,422.219,0.266,0.218
618,5,0,16.86,191.047,0.408,387,130.022,426.741,0.268,0.226
619,8,0,17.07,191.163,0.41,389,129.957,431.683,0.269,0.239
620,8,0,17.651,191.163,0.414,388,129.775,449.966,0.27,0.275
621,5,0,17.814,191.163,0.413,386,129.873,446.269,0.266,0.273
622,10,0,17.86,191.163,0.417,391,129.941,451.787,0.268,0.282
623,8,0,18.047,191.279,0.42,397,129.765,466.239,0.273,0.309
624,3,0,18.093,191.558,0.427,397,129.942,471.213,0.273,0.312
625,6,0,18.233,191.558,0.427,400,129.909,473.244,0.274,0.324
626,0,0,18.791,191.488,0.429,394,129.893,480.659,0.27,0.351
627,2,0,19.186,192.674,0.433,387,129.827,486.379,0.266,0.367
628,4,0,19.093,192.674,0.434,388,129.887,482.957,0.265,0.356
629,3,0,18.907,192.674,0.433,391,129.88,479.483,0.266,0.347
630,4,0,18.953,192.674,0.434,391,130.005,477.664,0.267,0.352
631,8,0,18.767,192.395,0.434,393,129.955,471.332,0.267,0.339
632,2,0,18.814,192.395,0.433,391,130.042,469.392,0.265,0.337
633,8,0,18.674,192.395,0.431,389,130.24,460.007,0.263,0.322
634,5,0,18.512,191.209,0.431,391,130.348,453.705,0.262,0.311
635,5,0,18.698,191.209,0.434,393,130.267,458.784,0.263,0.324
636,5,0,18.605,191.209,0.432,397,130.201,463.856,0.266,0.327
637,6,0,18.698,191.209,0.431,398,130.212,465.658,0.266,0.335
638,7,0,18.651,192.047,0.427,401,130.161,471.559,0.271,0.347
639,3,0,18.698,192.047,0.428,399,130.157,467.899,0.27,0.345
640,8,0,18.698,192.047,0.427,402,130.267,473.649,0.272,0.353
641,3,0,18.791,192.047,0.427,403,130.26,472.141,0.271,0.358
642,3,0,18.977,192.047,0.427,405,130.211,483.133,0.273,0.376
643,5,0,18.953,192.14,0.428,407,130.217,483.389,0.273,0.375
644,8,0,19.233,192.209,0.427,411,130.174,490.036,0.274,0.399
645,6,0,19.326,192.209,0.428,413,130.123,494.605,0.276,0.413
646,5,0,19.512,192.209,0.433,413,130.144,494.85,0.274,0.421
647,4,0,19.605,192.209,0.432,413,130.182,498.014,0.273,0.425
648,5,0,19.651,192.209,0.433,413,130.142,499.548,0.274,0.43
649,4,0,19.512,192.209,0.433,415,130.129,496.973,0.274,0.421
650,3,0,19.279,192.209,0.431,412,130.507,483.789,0.27,0.393
651,0,0,19.256,192.209,0.432,406,130.585,478.713,0.265,0.374
652,4,0,19.116,192.209,0.433,406,130.661,467.96,0.265,0.362
653,2,0,19.07,192.186,0.434,405,130.673,466.797,0.264,0.357
654,8,0,19.256,192.767,0.434,408,128.679,472.412,0.266,0.362
655,4,0,19.116,192.767,0.432,409,128.659,470.342,0.267,0.354
656,5,0,18.884,189.86,0.434,406,130.829,453.375,0.259,0.33
657,7,0,19.07,189.86,0.434,411,130.785,457.791,0.261,0.348
658,6,0,19.209,189.86,0.434,411,130.77,461.044,0.262,0.361
659,2,0,19.349,189.86,0.435,411,130.762,463.896,0.262,0.37
660,4,0,19.442,189.86,0.436,409,130.749,468.607,0.263,0.383
661,3,0,19.442,189.86,0.435,409,131.063,464.814,0.261,0.378
662,5,0,19.86,189.86,0.436,404,131.066,467.401,0.259,0.402
663,6,0,19.721,189.86,0.436,405,131.06,465.481,0.258,0.387
664,5,0,19.721,189.86,0.438,404,131.183,463.225,0.257,0.384
665,3,0,19.744,189.86,0.436,400,131.225,459.961,0.256,0.381
666,4,0,19.605,189.86,0.435,400,131.242,456.55,0.256,0.372
667,9,0,19.674,189.581,0.434,406,131.104,464.464,0.26,0.391
668,3,0,19.581,189.163,0.434,406,131.104,461.166,0.261,0.386
669,5,0,20.0,189.163,0.434,403,131.174,466.279,0.256,0.4
670,3,0,20.047,189.163,0.434,400,131.286,459.815,0.253,0.396
671,7,0,20.465,189.163,0.434,402,131.25,470.382,0.252,0.424
672,5,0,20.279,189.163,0.436,403,131.464,471.013,0.253,0.415
673,1,0,20.093,189.163,0.436,400,131.646,462.136,0.251,0.394
674,5,1,20.093,189.163,0.437,397,131.654,460.82,0.25,0.39
675,6,0,20.233,189.256,0.44,391,131.654,460.276,0.247,0.391
676,7,0,20.512,189.256,0.438,394,131.484,473.192,0.252,0.426
677,4,0,20.651,189.256,0.439,394,131.475,472.135,0.25,0.432
678,2,0,20.814,185.698,0.442,390,131.516,464.398,0.247,0.434
679,7,0,20.907,185.721,0.442,392,131.356,478.889,0.25,0.451
680,2,0,21.0,185.721,0.442,391,131.352,481.784,0.25,0.457
681,4,0,21.14,185.721,0.443,390,131.393,479.243,0.248,0.46
682,5,0,21.395,185.721,0.443,388,131.022,476.888,0.246,0.471
683,4,0,21.209,185.721,0.442,390,130.967,476.157,0.247,0.459
684,7,0,21.14,185.721,0.442,390,131.01,471.845,0.247,0.453
685,4,0,21.14,185.721,0.443,390,131.069,472.176,0.245,0.449
686,6,0,21.186,185.721,0.443,391,131.026,472.646,0.245,0.452
687,2,0,21.233,185.721,0.439,388,131.117,468.316,0.242,0.443
688,4,0,21.047,185.14,0.433,386,131.218,468.419,0.242,0.429
689,0,0,21.14,185.14,0.434,382,131.231,466.944,0.24,0.431
690,7,0,20.814,185.953,0.436,386,131.22,457.818,0.24,0.407
691,4,0,21.14,185.953,0.437,384,131.21,458.708,0.238,0.422
692,1,0,21.14,185.953,0.438,381,131.306,454.926,0.235,0.413
693,4,0,21.256,185.953,0.438,377,131.374,454.964,0.233,0.416
694,5,0,21.116,186.07,0.438,377,131.355,454.069,0.235,0.411
695,8,0,20.977,186.07,0.434,379,131.22,460.778,0.24,0.417
696,5,0,21.07,186.814,0.437,379,131.182,456.176,0.239,0.421
697,4,0,21.023,186.023,0.436,377,131.231,452.43,0.238,0.416
698,3,0,20.953,186.023,0.438,373,131.431,441.891,0.235,0.4
699,7,0,20.86,186.814,0.437,372,131.434,433.057,0.233,0.386
700,4,0,20.907,186.674,0.439,371,131.437,432.018,0.231,0.381
701,3,0,14.651,190.512,0.411,372,133.195,303.987,0.228,0.081
702,1,0,14.605,190.512,0.411,371,133.202,303.223,0.227,0.08
703,3,0,14.605,190.512,0.411,368,133.272,301.523,0.227,0.08
704,5,0,14.93,190.512,0.41,369,133.051,317.342,0.231,0.092
705,4,0,14.86,190.512,0.411,370,132.917,318.944,0.233,0.092
706,3,0,15.163,189.395,0.411,365,133.057,321.322,0.229,0.096
707,3,0,15.07,189.395,0.413,362,133.092,317.619,0.227,0.091
708,6,0,15.302,189.395,0.413,361,133.569,317.49,0.226,0.098
709,4,0,15.674,189.395,0.413,359,133.501,320.698,0.226,0.107
710,7,0,15.535,189.837,0.41,361,133.553,323.156,0.228,0.106
711,10,0,15.581,189.977,0.411,368,133.464,328.811,0.231,0.112
712,8,0,15.535,192.349,0.411,372,133.28,334.739,0.235,0.115
713,4,0,15.744,192.349,0.411,371,133.237,334.492,0.234,0.12
714,4,0,15.698,192.349,0.412,373,133.249,337.503,0.235,0.121
715,4,0,15.558,192.349,0.412,374,133.118,338.922,0.236,0.118
716,7,0,15.651,193.977,0.411,372,133.256,342.488,0.237,0.122
717,4,0,15.419,194.14,0.408,373,133.31,340.772,0.238,0.117
718,8,0,15.86,194.14,0.411,376,132.939,362.536,0.244,0.14
719,2,0,15.86,194.14,0.412,374,132.982,361.07,0.242,0.138
720,7,0,15.977,194.14,0.41,376,132.866,370.121,0.246,0.149
721,3,0,16.302,194.14,0.412,373,132.768,376.261,0.243,0.156
722,6,0,16.302,194.14,0.412,375,132.711,378.357,0.244,0.156
723,6,0,16.419,194.14,0.411,376,132.736,383.005,0.244,0.162
724,4,0,16.791,194.14,0.411,376,132.52,404.854,0.249,0.188
725,4,0,17.07,194.14,0.413,377,131.812,412.389,0.252,0.205
726,5,0,17.07,193.233,0.413,378,131.836,410.423,0.251,0.204
727,8,0,17.302,192.953,0.413,379,131.692,419.874,0.255,0.225
728,7,0,17.302,193.0,0.409,381,132.204,421.742,0.256,0.231
729,6,0,17.674,193.86,0.409,376,132.149,421.782,0.255,0.248
730,8,0,17.535,193.86,0.407,378,132.144,423.225,0.256,0.243
731,5,0,17.442,193.86,0.405,373,132.24,409.189,0.251,0.224
732,8,0,17.256,193.86,0.415,381,132.138,414.278,0.257,0.23
733,7,0,17.256,193.86,0.411,383,132.026,415.871,0.26,0.238
734,10,0,17.0,193.977,0.406,388,131.95,415.3,0.261,0.225
735,9,0,17.0,193.884,0.397,391,131.716,412.123,0.261,0.225
736,5,0,17.186,193.767,0.397,391,131.659,411.644,0.261,0.233
737,5,1,17.372,193.884,0.394,391,131.945,422.669,0.263,0.251
738,5,0,17.233,193.884,0.391,395,131.91,423.11,0.265,0.25
739,6,0,17.186,193.884,0.394,393,131.956,415.574,0.262,0.237
740,7,0,17.0,193.884,0.389,394,131.987,413.923,0.264,0.232
741,6,0,17.186,193.884,0.389,397,131.816,421.06,0.266,0.248
742,8,0,17.233,191.512,0.392,400,131.852,423.895,0.266,0.251
743,11,0,17.186,191.512,0.393,405,131.897,424.899,0.266,0.249
744,1,0,17.372,191.512,0.392,402,131.899,428.23,0.265,0.256
745,6,0,17.558,191.581,0.395,404,131.324,433.378,0.267,0.269
746,8,0,17.698,191.581,0.398,404,131.191,435.594,0.267,0.278
747,2,0,17.698,191.581,0.402,398,131.219,433.115,0.266,0.274
748,5,0,17.93,191.721,0.402,398,131.28,435.09,0.263,0.281
749,8,0,18.256,191.953,0.404,399,131.263,445.023,0.263,0.303
750,4,0,18.256,191.953,0.405,397,131.401,436.233,0.261,0.297
751,8,0,18.047,191.953,0.403,402,131.453,439.31,0.264,0.294
752,5,0,18.0,191.953,0.402,405,131.45,438.661,0.266,0.296
753,2,0,18.233,191.953,0.404,400,131.475,435.284,0.261,0.296
754,7,0,18.14,191.953,0.409,404,131.201,443.233,0.267,0.306
755,7,0,18.279,191.953,0.407,401,131.223,446.06,0.266,0.313
756,6,0,18.581,191.953,0.414,401,131.24,450.529,0.263,0.325
757,8,0,18.326,191.953,0.408,403,131.144,443.677,0.266,0.316
758,4,0,18.302,191.953,0.413,402,131.037,449.951,0.268,0.321
759,3,0,18.349,191.953,0.414,402,131.183,446.393,0.267,0.32
760,5,0,18.372,192.093,0.42,406,131.167,454.654,0.27,0.332
761,6,0,18.465,192.093,0.419,406,130.994,460.64,0.272,0.344
762,3,0,18.744,192.093,0.42,403,131.039,464.275,0.27,0.356
763,7,0,18.791,192.093,0.426,402,131.263,460.643,0.268,0.354
764,5,0,18.651,192.093,0.425,403,131.307,456.036,0.267,0.341
765,6,0,18.791,192.093,0.425,403,131.17,461.079,0.267,0.35
766,8,0,18.465,192.093,0.423,406,131.386,463.08,0.27,0.339
767,3,0,18.326,191.93,0.423,406,131.434,460.968,0.271,0.333
768,4,0,18.279,191.93,0.423,405,131.494,458.857,0.271,0.331
769,4,0,18.419,191.93,0.421,404,131.432,466.563,0.272,0.344
770,2,0,18.419,191.93,0.423,402,131.426,465.998,0.272,0.345
771,5,0,18.651,191.93,0.427,400,131.288,462.633,0.269,0.349
772,6,0,18.488,191.93,0.426,402,131.101,458.177,0.271,0.341
773,5,0,18.256,191.93,0.426,402,131.151,450.921,0.271,0.326
774,6,0,18.07,191.93,0.424,402,131.382,439.211,0.268,0.307
775,4,0,18.116,192.14,0.423,398,131.418,439.182,0.266,0.303
776,5,0,18.116,192.14,0.423,400,131.379,440.485,0.268,0.308
777,4,0,18.372,192.14,0.425,399,131.234,455.85,0.27,0.333
778,4,0,18.488,192.14,0.425,399,131.031,459.614,0.271,0.341
779,7,0,18.442,192.14,0.423,400,131.056,458.047,0.27,0.334
780,4,0,18.581,192.14,0.423,399,131.034,455.452,0.268,0.34
781,6,0,18.698,191.651,0.425,400,130.957,465.841,0.27,0.353
782,2,0,18.651,191.651,0.424,402,130.94,465.672,0.271,0.353
783,5,0,18.605,191.814,0.424,406,130.894,467.144,0.274,0.358
784,4,0,18.837,191.814,0.425,404,130.898,473.401,0.273,0.371
785,3,0,18.93,191.814,0.425,402,130.902,474.494,0.272,0.375
786,7,0,19.023,191.814,0.426,404,130.78,481.211,0.275,0.391
787,6,1,19.116,191.814,0.426,404,130.774,480.339,0.274,0.396
788,4,0,19.07,192.0,0.425,404,130.771,480.383,0.273,0.388
789,6,0,19.256,192.0,0.425,407,130.682,495.317,0.276,0.411
790,5,0,19.233,192.0,0.425,405,130.713,492.981,0.275,0.408
791,4,0,19.279,192.0,0.425,403,130.662,487.193,0.274,0.405
792,6,0,19.372,192.0,0.429,400,130.716,494.062,0.273,0.412
793,2,0,19.372,191.93,0.429,397,130.677,489.137,0.274,0.413
794,7,0,19.209,191.93,0.429,397,130.77,489.141,0.275,0.405
795,7,1,19.023,191.698,0.428,401,130.693,489.496,0.278,0.402
796,4,0,19.163,191.698,0.428,403,130.653,495.163,0.28,0.419
797,1,0,19.349,191.698,0.429,397,130.751,490.958,0.275,0.416
798,9,0,19.535,191.698,0.43,400,130.738,503.019,0.277,0.438
799,3,0,19.535,191.698,0.428,397,130.715,499.224,0.276,0.434
800,6,0,19.419,191.698,0.425,401,130.643,496.387,0.278,0.43
801,6,0,13.907,194.372,0.382,399,131.476,352.313,0.277,0.122
802,1,0,14.14,194.372,0.382,398,131.436,357.142,0.276,0.128
803,8,0,14.535,194.744,0.381,400,130.024,366.732,0.279,0.142
804,4,0,14.93,194.744,0.385,398,130.086,378.287,0.279,0.157
805,3,0,15.023,194.744,0.384,396,130.046,386.676,0.281,0.164
806,6,0,15.163,194.744,0.387,397,129.846,393.192,0.282,0.173
807,4,0,15.372,194.744,0.392,391,129.72,398.057,0.281,0.18
808,6,0,15.14,194.744,0.392,391,129.91,387.131,0.281,0.17
809,2,0,15.465,194.744,0.395,387,129.926,389.003,0.278,0.179
810,5,0,15.744,194.744,0.4,389,129.71,402.517,0.282,0.199
811,4,0,16.186,194.744,0.404,389,129.653,413.186,0.282,0.222
812,8,0,16.209,194.744,0.405,392,129.564,419.613,0.286,0.234
813,1,0,16.442,194.744,0.407,387,129.577,423.421,0.284,0.24
814,6,0,16.86,194.744,0.411,390,129.385,440.39,0.288,0.275
815,9,0,16.977,194.744,0.414,396,129.065,449.529,0.291,0.291
816,0,0,17.047,194.744,0.417,389,129.196,446.234,0.286,0.281
817,5,0,16.907,194.744,0.417,390,129.234,441.896,0.284,0.265
818,4,0,17.14,194.744,0.419,390,129.29,444.854,0.281,0.272
819,5,0,17.14,194.744,0.417,390,129.319,444.808,0.282,0.275
820,7,0,17.279,194.744,0.416,393,129.275,448.965,0.283,0.285
821,7,0,17.395,194.744,0.415,399,129.198,454.879,0.286,0.302
822,4,0,17.674,194.744,0.418,392,129.316,454.473,0.279,0.301
823,6,0,17.814,194.744,0.42,394,129.085,460.764,0.28,0.31
824,6,0,17.791,194.744,0.421,392,129.154,452.647,0.277,0.301
825,6,1,18.023,194.744,0.421,389,129.062,455.865,0.276,0.314
826,2,0,18.047,194.744,0.422,382,129.238,448.125,0.271,0.299
827,6,0,17.93,193.186,0.421,385,129.245,452.675,0.274,0.301
828,4,0,17.884,193.186,0.421,387,129.196,449.294,0.274,0.298
829,5,0,17.977,193.186,0.422,389,129.093,453.755,0.276,0.31
830,3,0,18.581,193.186,0.424,384,129.055,462.969,0.272,0.338
831,8,0,18.721,193.186,0.424,384,129.056,463.189,0.273,0.35
832,4,0,18.721,193.186,0.426,384,129.072,458.332,0.27,0.342
833,4,1,18.628,193.186,0.425,382,129.174,450.153,0.266,0.321
834,5,0,18.767,193.186,0.426,384,129.126,457.586,0.267,0.335
835,7,0,18.651,193.186,0.425,387,129.055,458.418,0.27,0.335
836,3,0,18.651,193.186,0.424,388,129.038,458.482,0.271,0.34
837,2,0,18.744,193.186,0.426,385,128.982,461.284,0.271,0.345
838,2,0,18.791,193.186,0.426,382,128.963,458.52,0.268,0.339
839,10,2,18.791,193.186,0.424,388,128.803,470.494,0.273,0.354
840,6,0,18.698,191.256,0.425,388,128.914,461.371,0.269,0.336
841,5,0,18.744,191.442,0.425,391,128.839,461.666,0.271,0.344
842,7,0,18.465,191.442,0.422,394,128.767,462.051,0.274,0.333
843,5,1,18.465,191.837,0.421,394,128.781,462.516,0.275,0.336
844,1,0,18.558,191.837,0.422,390,128.778,464.14,0.273,0.337
845,4,0,18.512,191.837,0.421,393,128.666,468.142,0.276,0.341
846,3,0,18.605,191.837,0.422,391,128.559,468.483,0.275,0.345
847,5,0,18.767,191.837,0.423,393,128.53,475.193,0.276,0.361
848,5,0,18.93,192.186,0.425,394,128.383,482.296,0.279,0.379
849,6,0,18.977,192.186,0.427,397,128.38,487.949,0.28,0.388
850,5,0,19.14,192.186,0.431,398,128.352,490.965,0.279,0.396
851,5,0,18.953,192.186,0.43,403,128.337,488.939,0.282,0.391
852,6,0,18.953,192.186,0.432,404,128.311,491.745,0.283,0.395
853,4,0,18.814,191.977,0.432,405,128.32,489.329,0.285,0.391
854,7,0,19.047,191.512,0.432,404,128.263,492.479,0.283,0.403
855,4,0,19.349,191.512,0.436,404,128.132,506.635,0.285,0.433
856,6,0,19.628,191.512,0.436,403,128.038,515.438,0.286,0.456
857,6,1,19.651,191.512,0.436,405,127.927,522.793,0.289,0.466
858,6,0,19.581,191.512,0.436,408,127.892,524.661,0.29,0.466
859,6,0,19.395,191.512,0.434,410,127.838,522.675,0.292,0.459
860,3,1,19.721,191.512,0.438,401,127.936,517.325,0.284,0.455
861,5,0,19.535,191.698,0.434,403,127.968,521.529,0.287,0.45
862,3,0,19.512,191.86,0.435,399,128.1,510.475,0.282,0.435
863,9,0,19.372,191.86,0.435,405,127.971,510.582,0.287,0.439
864,7,0,19.465,191.465,0.434,407,127.842,513.976,0.29,0.455
865,4,0,19.233,191.465,0.433,403,127.91,502.639,0.288,0.433
866,8,0,19.512,191.326,0.432,403,127.913,504.254,0.286,0.448
867,8,0,19.791,190.791,0.434,397,128.014,498.945,0.28,0.448
868,2,0,20.116,190.791,0.436,394,127.985,505.018,0.279,0.468
869,4,0,20.163,190.14,0.434,393,128.065,504.581,0.277,0.466
870,4,0,20.372,190.372,0.434,393,127.991,510.452,0.277,0.48
871,5,0,20.372,190.372,0.434,392,127.895,509.399,0.278,0.483
872,5,0,20.465,190.512,0.435,391,127.916,510.863,0.278,0.49
873,4,0,20.744,190.512,0.434,389,127.891,515.905,0.276,0.506
874,2,0,20.721,190.512,0.434,387,127.929,515.249,0.276,0.504
875,3,0,20.86,190.349,0.433,385,127.962,514.166,0.273,0.502
876,2,0,20.907,190.349,0.432,385,127.946,516.636,0.273,0.508
877,3,0,20.721,190.349,0.433,381,128.009,507.448,0.27,0.483
878,4,0,20.488,190.349,0.433,376,128.066,500.647,0.268,0.456
879,7,0,20.326,190.349,0.435,376,128.152,487.506,0.264,0.432
880,6,0,20.186,190.349,0.435,378,128.211,480.718,0.264,0.42
881,9,0,20.14,190.349,0.435,385,128.174,485.448,0.267,0.427
882,6,0,20.14,190.488,0.433,387,128.154,490.787,0.269,0.435
883,13,0,20.14,190.488,0.433,393,128.048,501.204,0.272,0.445
884,1,0,20.093,190.488,0.431,386,128.099,491.663,0.269,0.431
885,5,0,20.023,191.07,0.43,384,128.136,493.443,0.27,0.428
886,2,0,19.93,191.07,0.431,384,128.168,491.259,0.268,0.416
887,7,0,19.791,191.07,0.428,384,128.044,496.027,0.272,0.418
888,4,0,19.814,190.698,0.426,378,129.295,491.282,0.268,0.415
889,1,0,19.535,189.488,0.426,369,129.791,466.86,0.257,0.36
890,4,0,19.302,189.488,0.427,368,129.843,455.511,0.256,0.34
891,2,0,19.628,189.488,0.428,367,129.737,465.554,0.257,0.366
892,1,0,19.628,189.488,0.428,366,129.735,466.512,0.257,0.367
893,4,0,19.512,189.488,0.43,364,129.883,462.443,0.253,0.344
894,6,0,19.395,190.372,0.429,363,129.93,458.467,0.252,0.334
895,3,0,19.302,190.14,0.427,363,129.874,460.662,0.254,0.333
896,9,0,19.116,190.14,0.425,368,129.874,459.721,0.256,0.327
897,2,0,18.884,190.14,0.425,366,130.147,446.717,0.252,0.302
898,7,0,18.837,190.14,0.426,372,130.182,451.863,0.256,0.312
899,9,0,18.791,193.186,0.426,371,130.099,446.601,0.258,0.313
900,5,0,18.837,193.186,0.426,373,130.087,447.955,0.258,0.318
901,8,0,12.86,190.605,0.381,378,131.611,304.222,0.26,0.072
902,5,0,12.814,190.605,0.38,379,131.515,306.065,0.261,0.072
903,7,0,12.884,190.605,0.379,379,131.44,308.608,0.261,0.074
904,2,0,13.023,190.605,0.379,379,131.372,308.947,0.261,0.076
905,3,0,13.302,190.605,0.381,375,131.295,314.111,0.259,0.08
906,7,0,13.767,191.279,0.383,374,131.317,324.389,0.256,0.088
907,12,0,13.814,191.279,0.384,383,131.139,330.552,0.261,0.095
908,5,0,13.767,191.279,0.384,383,131.193,329.582,0.262,0.095
909,5,0,13.907,191.279,0.385,384,131.214,332.361,0.261,0.097
910,6,0,14.14,191.442,0.387,387,131.034,341.064,0.266,0.11
911,4,0,14.093,191.442,0.387,387,131.08,340.478,0.265,0.108
912,5,0,14.488,191.442,0.385,386,130.868,352.265,0.267,0.122
913,4,0,14.837,191.442,0.386,386,130.66,358.95,0.266,0.132
914,4,0,14.93,191.442,0.386,386,130.657,360.702,0.265,0.134
915,6,0,15.256,191.442,0.387,386,130.512,369.15,0.266,0.148
916,5,0,15.302,191.442,0.391,385,130.483,374.225,0.267,0.151
917,2,0,15.256,191.442,0.391,383,130.6,368.193,0.266,0.147
918,8,0,15.116,191.442,0.391,385,130.666,364.176,0.264,0.14
919,4,0,15.209,191.442,0.392,383,130.747,362.795,0.261,0.137
920,7,0,15.512,190.767,0.394,385,130.605,365.489,0.26,0.146
921,2,0,15.512,190.767,0.396,384,130.646,364.87,0.259,0.145
922,4,0,15.674,190.767,0.396,382,130.718,365.983,0.255,0.145
923,3,0,15.86,190.884,0.396,381,130.62,372.2,0.256,0.153
924,2,0,15.837,189.256,0.396,379,130.563,372.855,0.256,0.152
925,6,0,15.837,189.256,0.396,379,130.38,377.731,0.257,0.154
926,10,0,16.209,189.488,0.394,383,130.209,387.496,0.26,0.174
927,5,0,16.209,189.488,0.393,383,130.225,390.4,0.261,0.177
928,5,0,16.256,189.488,0.396,384,130.264,386.156,0.26,0.177
929,3,0,16.488,189.488,0.396,379,130.278,392.316,0.259,0.185
930,3,0,16.535,189.488,0.399,376,130.308,391.872,0.258,0.185
931,3,0,16.814,189.488,0.4,374,130.268,397.178,0.257,0.196
932,6,0,17.163,191.07,0.404,372,130.088,406.09,0.257,0.214
933,7,0,17.465,191.302,0.404,373,129.956,417.233,0.259,0.233
934,5,0,17.395,191.302,0.403,372,130.043,413.597,0.259,0.231
935,6,0,17.349,191.302,0.402,373,130.02,416.782,0.261,0.232
936,3,0,17.256,191.302,0.402,373,130.067,409.082,0.26,0.225
937,5,0,17.163,191.302,0.403,376,129.943,417.217,0.264,0.231
938,5,0,17.209,191.302,0.403,377,129.932,417.176,0.265,0.235
939,7,0,17.721,191.302,0.406,378,129.781,430.117,0.267,0.269
940,10,0,18.0,191.349,0.404,383,129.5,449.192,0.273,0.303
941,3,0,18.047,191.186,0.403,379,129.478,447.093,0.27,0.298
942,6,0,18.14,191.535,0.402,382,129.411,450.99,0.272,0.311
943,5,0,18.047,191.535,0.402,385,129.375,457.196,0.274,0.311
944,4,0,18.047,194.465,0.404,382,129.493,449.052,0.271,0.302
945,3,0,18.279,194.465,0.409,381,129.484,453.187,0.27,0.312
946,3,0,18.628,193.442,0.413,375,129.52,453.021,0.264,0.317
947,5,0,18.581,193.302,0.416,377,129.423,457.853,0.267,0.324
948,5,0,18.605,193.302,0.416,377,129.38,459.101,0.268,0.329
949,1,0,18.837,193.302,0.417,373,129.366,461.975,0.266,0.339
950,4,0,18.698,193.302,0.417,373,129.396,457.691,0.267,0.33
951,6,0,18.605,193.302,0.416,376,129.415,458.957,0.269,0.331
952,5,0,18.767,190.372,0.415,373,129.364,465.205,0.27,0.346
953,3,0,18.628,189.442,0.413,372,129.484,464.375,0.271,0.34
954,9,0,19.14,189.86,0.417,375,129.335,481.326,0.273,0.383
955,1,0,19.14,189.86,0.417,369,129.435,472.359,0.269,0.37
956,6,0,19.186,189.86,0.417,374,129.38,474.379,0.271,0.378
957,2,0,19.186,189.86,0.415,370,129.476,473.346,0.268,0.371
958,6,2,19.093,189.86,0.415,368,129.532,464.289,0.265,0.352
959,5,0,18.953,189.977,0.414,368,129.535,466.641,0.265,0.343
960,5,0,18.721,189.977,0.414,370,129.574,460.12,0.265,0.329
961,2,0,18.581,189.977,0.414,368,129.625,451.014,0.264,0.315
962,5,0,18.535,189.977,0.415,367,129.638,450.192,0.262,0.306
963,4,0,18.256,189.977,0.416,364,129.76,437.735,0.26,0.281
964,7,0,18.07,189.977,0.418,367,129.694,435.98,0.263,0.278
965,9,0,18.209,194.977,0.417,372,129.671,442.078,0.265,0.295
966,3,0,18.07,194.977,0.416,373,129.679,441.133,0.267,0.291
967,5,0,18.209,194.977,0.417,373,129.647,447.672,0.268,0.303
968,4,0,18.349,194.977,0.418,373,129.618,449.341,0.267,0.308
969,1,0,18.581,194.977,0.418,369,129.631,450.885,0.264,0.317
970,12,0,18.488,194.512,0.414,375,129.569,452.768,0.266,0.316
971,1,0,18.581,194.395,0.416,369,129.631,447.146,0.263,0.311
972,5,0,18.674,194.395,0.416,369,129.646,449.128,0.263,0.318
973,10,0,18.581,193.233,0.413,374,129.645,444.789,0.264,0.315
974,6,0,18.814,193.233,0.413,376,129.525,454.975,0.265,0.332
975,7,0,18.628,193.233,0.413,379,129.415,459.854,0.269,0.333
976,5,0,18.698,193.233,0.413,381,129.308,469.779,0.272,0.348
977,5,0,18.744,193.233,0.416,379,129.306,469.692,0.273,0.354
978,4,0,19.0,193.233,0.417,376,129.282,469.691,0.271,0.366
979,8,0,19.14,193.419,0.42,376,129.287,473.994,0.27,0.374
980,3,0,18.953,193.419,0.418,370,129.458,456.538,0.264,0.341
981,2,0,18.977,193.977,0.418,369,129.518,454.003,0.262,0.336
982,7,0,18.907,193.977,0.415,367,129.702,446.19,0.26,0.326
983,5,0,18.674,193.977,0.417,370,129.626,441.765,0.263,0.317
984,4,0,18.535,193.977,0.419,367,129.741,434.606,0.26,0.302
985,6,0,18.465,193.93,0.417,370,129.748,432.203,0.261,0.3
986,1,0,18.372,193.93,0.409,364,129.855,425.992,0.256,0.278
987,3,0,18.419,193.93,0.407,362,129.871,425.889,0.256,0.281
988,7,0,18.14,193.93,0.405,363,129.875,424.359,0.259,0.273
989,4,0,18.186,193.93,0.408,364,129.931,422.797,0.258,0.273
990,6,0,18.047,193.791,0.407,362,130.058,423.121,0.258,0.266
991,5,0,17.953,193.791,0.406,363,130.056,421.481,0.26,0.265
992,2,0,18.163,193.419,0.405,361,130.059,425.017,0.257,0.27
993,1,0,18.023,193.419,0.405,358,130.123,420.076,0.256,0.258
994,4,0,18.07,193.535,0.405,359,130.21,425.62,0.255,0.26
995,8,0,18.07,193.535,0.405,361,130.25,432.75,0.257,0.266
996,2,0,17.837,191.419,0.402,357,130.371,421.747,0.253,0.241
997,3,0,17.884,191.419,0.402,358,130.355,423.349,0.255,0.249
998,9,0,18.116,191.419,0.403,364,130.18,442.61,0.263,0.284
999,5,0,18.116,191.419,0.402,364,130.171,442.307,0.263,0.286
1000,0,0,18.256,191.419,0.402,358,130.299,433.092,0.258,0.28
