1,4,0,0.349,1.372,0.0,4,347.942,0.0,0.005,0.044
2,6,0,0.744,2.86,0.001,10,325.021,0.06,0.009,0.025
3,8,0,1.023,5.814,0.003,18,316.056,0.222,0.016,0.023
4,4,0,1.209,7.372,0.004,21,297.108,0.383,0.019,0.014
5,6,0,1.488,10.233,0.008,27,269.343,0.792,0.024,0.006
6,4,0,1.674,12.535,0.011,31,256.104,1.175,0.027,0.005
7,8,0,2.698,16.814,0.017,38,189.665,2.767,0.034,0.001
8,10,0,3.209,22.884,0.026,47,168.21,4.773,0.043,0.001
9,8,0,3.767,27.023,0.032,54,151.199,6.61,0.05,0.0
10,3,0,3.674,27.791,0.034,55,155.758,6.913,0.049,0.0
11,6,0,3.907,31.791,0.044,59,152.367,7.037,0.051,0.0
12,8,0,4.186,35.698,0.05,66,138.168,8.832,0.057,0.0
13,6,0,4.605,39.209,0.06,69,119.714,9.937,0.058,0.0
14,3,0,4.744,39.744,0.06,72,117.734,10.506,0.059,0.0
15,2,0,4.837,40.372,0.062,73,117.034,10.61,0.06,0.0
16,8,0,4.977,43.488,0.064,81,111.905,12.506,0.067,0.0
17,6,0,5.023,45.047,0.063,87,108.809,13.848,0.072,0.0
18,7,0,5.279,45.628,0.065,91,106.021,15.416,0.072,0.0
19,2,0,5.372,47.047,0.069,91,104.598,14.786,0.072,0.0
20,7,0,5.651,49.744,0.071,97,98.801,17.666,0.078,0.0
21,5,0,6.07,55.977,0.085,101,92.909,20.368,0.085,0.0
22,9,0,6.628,62.698,0.095,109,83.659,24.077,0.095,0.0
23,13,0,7.14,69.116,0.105,121,74.019,28.298,0.106,0.0
24,7,0,7.14,69.93,0.104,128,73.645,29.803,0.109,0.0
25,4,0,7.279,70.558,0.103,130,73.159,30.226,0.111,0.0
26,10,0,7.977,80.047,0.121,137,67.092,38.342,0.124,0.0
27,4,0,8.233,82.233,0.125,139,64.121,40.161,0.128,0.0
28,7,0,8.326,87.791,0.137,143,60.527,43.269,0.132,0.0
29,7,0,8.512,88.233,0.135,149,59.455,44.62,0.136,0.0
30,9,0,8.837,92.372,0.141,156,57.006,48.298,0.143,0.0
31,8,0,8.814,95.651,0.148,162,57.298,49.158,0.147,0.0
32,6,0,9.233,98.767,0.15,168,53.497,54.897,0.155,0.0
33,1,0,9.372,98.767,0.154,166,53.241,54.254,0.152,0.0
34,7,0,10.023,105.07,0.169,169,50.169,63.507,0.158,0.0
35,5,0,10.395,109.047,0.176,174,46.503,69.277,0.164,0.001
36,4,0,10.535,109.86,0.177,176,46.286,71.894,0.165,0.001
37,5,0,10.953,112.977,0.184,179,44.778,75.196,0.169,0.001
38,5,0,10.977,113.0,0.182,183,45.407,75.316,0.171,0.001
39,6,0,11.349,117.093,0.191,187,44.005,79.165,0.175,0.001
40,6,0,11.535,116.558,0.187,192,44.726,83.123,0.179,0.001
41,3,0,11.628,116.395,0.187,191,44.96,83.727,0.179,0.001
42,6,0,11.767,119.163,0.196,194,46.351,82.966,0.18,0.001
43,2,0,11.767,119.279,0.197,195,46.433,81.867,0.179,0.001
44,5,0,11.791,120.605,0.195,198,44.289,85.278,0.184,0.001
45,7,0,12.163,123.721,0.201,202,43.272,90.875,0.188,0.001
46,6,0,12.814,123.0,0.2,203,42.392,96.835,0.188,0.001
47,7,0,13.0,123.535,0.2,208,42.191,100.137,0.189,0.001
48,6,0,13.116,125.302,0.206,210,42.069,103.478,0.191,0.002
49,6,0,13.326,125.86,0.205,215,41.472,105.983,0.194,0.002
50,7,0,13.372,129.814,0.214,221,41.02,106.849,0.199,0.002
51,9,0,13.744,133.023,0.218,227,44.949,114.516,0.207,0.003
52,8,0,13.698,133.721,0.22,230,44.928,112.145,0.208,0.003
53,7,0,14.023,136.814,0.229,233,43.732,114.994,0.212,0.003
54,3,0,13.884,134.93,0.224,234,43.981,113.857,0.21,0.003
55,4,0,14.209,138.488,0.235,233,43.032,119.511,0.213,0.003
56,9,0,14.535,143.791,0.246,239,41.522,127.328,0.22,0.004
57,6,0,15.14,150.791,0.265,243,40.203,134.941,0.227,0.005
58,9,0,15.535,159.814,0.289,248,33.497,144.757,0.234,0.005
59,4,0,15.814,160.0,0.285,250,32.684,149.668,0.238,0.005
60,9,0,15.628,160.884,0.283,256,32.611,149.203,0.244,0.005
61,4,0,15.349,161.326,0.292,253,33.28,141.689,0.238,0.005
62,4,0,15.395,161.907,0.293,255,33.104,142.813,0.239,0.005
63,7,0,15.558,164.674,0.302,256,32.804,149.219,0.243,0.005
64,8,0,15.651,164.791,0.303,259,32.379,149.47,0.242,0.005
65,4,0,15.698,164.907,0.302,260,32.39,149.283,0.244,0.006
66,10,0,15.628,166.302,0.303,267,32.366,150.866,0.249,0.006
67,5,0,16.0,173.023,0.323,269,30.62,155.843,0.253,0.007
68,8,0,16.279,176.116,0.329,276,29.667,162.695,0.26,0.008
69,8,0,16.419,176.767,0.326,282,29.101,171.67,0.266,0.009
70,7,0,16.465,180.0,0.333,288,28.047,174.862,0.27,0.009
71,7,0,16.581,180.674,0.334,293,27.956,176.804,0.273,0.01
72,3,0,17.186,182.605,0.341,291,27.324,180.57,0.274,0.012
73,9,0,17.558,189.163,0.359,300,26.571,190.211,0.281,0.014
74,1,0,17.884,188.977,0.362,298,26.228,192.8,0.279,0.015
75,4,0,17.814,188.977,0.363,297,26.439,188.232,0.276,0.014
76,5,0,17.953,189.907,0.365,299,25.814,191.95,0.278,0.015
77,11,0,18.093,191.07,0.365,307,25.503,199.329,0.285,0.017
78,4,0,18.372,192.651,0.372,306,25.107,202.072,0.284,0.018
79,9,0,19.047,206.465,0.417,314,22.432,219.054,0.291,0.022
80,4,0,19.0,206.488,0.416,318,22.414,219.216,0.292,0.022
81,6,0,18.953,207.209,0.414,321,22.085,222.83,0.296,0.023
82,8,0,19.07,207.488,0.413,328,22.23,227.577,0.299,0.025
83,11,0,19.372,209.698,0.416,334,21.456,235.947,0.305,0.03
84,3,0,19.698,209.698,0.419,333,21.426,240.686,0.303,0.031
85,6,0,19.884,210.744,0.424,335,21.257,238.211,0.302,0.033
86,2,0,20.209,211.953,0.427,336,20.898,243.578,0.302,0.036
87,10,0,20.349,217.326,0.443,342,20.389,252.434,0.31,0.041
88,6,0,21.0,218.628,0.443,346,19.838,266.545,0.317,0.054
89,2,0,21.116,222.977,0.461,339,19.736,264.143,0.313,0.053
90,7,0,21.349,225.698,0.467,342,18.905,275.199,0.319,0.06
91,5,0,21.349,227.512,0.472,345,17.043,279.366,0.321,0.058
92,6,0,21.372,230.814,0.486,347,16.827,283.699,0.324,0.06
93,4,0,21.372,230.814,0.487,349,16.791,283.216,0.324,0.06
94,7,0,21.605,234.0,0.497,352,16.524,285.457,0.326,0.066
95,7,0,21.744,236.209,0.504,354,16.241,290.616,0.33,0.072
96,6,0,21.93,236.047,0.504,353,16.273,291.6,0.329,0.075
97,12,0,22.488,243.093,0.524,361,15.577,303.977,0.342,0.102
98,4,0,22.488,241.326,0.519,361,15.724,300.77,0.339,0.099
99,8,0,22.977,241.326,0.513,366,15.18,314.874,0.346,0.123
100,5,0,22.884,242.047,0.519,365,15.492,311.703,0.343,0.115
101,6,0,23.116,246.302,0.528,363,15.448,312.831,0.339,0.117
102,7,0,23.116,246.372,0.527,366,15.322,313.172,0.34,0.118
103,7,0,23.349,248.233,0.531,369,15.022,316.609,0.344,0.131
104,6,0,23.581,247.395,0.53,369,14.916,319.206,0.342,0.136
105,7,0,23.581,247.395,0.528,374,14.894,318.76,0.345,0.141
106,6,0,23.721,247.581,0.528,375,14.776,326.454,0.347,0.149
107,4,0,23.767,249.977,0.539,375,14.772,325.903,0.345,0.148
108,4,0,23.395,249.977,0.541,373,15.179,317.624,0.343,0.133
109,2,0,24.093,249.977,0.545,367,15.083,321.145,0.339,0.15
110,9,0,24.605,256.395,0.574,368,14.839,332.517,0.344,0.183
111,3,0,24.419,256.395,0.574,367,14.897,331.506,0.345,0.175
112,6,0,24.767,256.884,0.578,365,14.529,335.622,0.343,0.187
113,4,0,24.86,259.372,0.586,365,14.441,336.085,0.345,0.194
114,10,0,24.767,264.651,0.599,373,14.268,344.777,0.353,0.207
115,7,0,24.953,272.372,0.615,376,12.939,357.318,0.361,0.23
116,5,0,25.047,271.488,0.61,378,12.876,359.735,0.363,0.241
117,4,0,25.233,271.488,0.611,378,12.653,364.022,0.363,0.25
118,4,0,25.14,271.395,0.609,379,12.669,366.34,0.365,0.251
119,8,0,25.419,271.884,0.609,384,11.985,382.385,0.372,0.283
120,2,0,25.605,271.884,0.612,382,11.631,381.79,0.369,0.285
121,4,0,25.884,272.14,0.613,384,11.51,387.845,0.37,0.302
122,7,0,25.977,273.721,0.622,388,11.319,393.735,0.376,0.327
123,6,0,25.93,273.721,0.621,391,11.096,401.713,0.382,0.343
124,6,0,25.93,276.419,0.63,394,10.946,406.114,0.387,0.358
125,4,0,26.163,276.535,0.633,394,10.997,408.967,0.383,0.362
126,6,0,26.256,276.535,0.633,396,10.983,408.763,0.383,0.367
127,3,0,26.256,277.488,0.64,397,11.066,405.142,0.381,0.36
128,9,0,26.302,281.14,0.647,401,10.945,408.807,0.383,0.37
129,9,0,26.302,283.209,0.654,403,10.842,410.376,0.387,0.384
130,5,0,26.349,283.395,0.654,405,10.729,414.339,0.39,0.396
131,4,0,26.674,289.907,0.682,402,10.789,417.91,0.388,0.414
132,5,0,26.628,290.419,0.682,402,10.711,415.913,0.389,0.416
133,5,0,27.279,290.605,0.681,397,10.668,422.687,0.384,0.445
134,6,0,27.419,290.163,0.68,401,10.599,426.315,0.386,0.462
135,5,0,27.372,290.442,0.68,402,10.564,425.609,0.386,0.459
136,6,0,27.628,292.349,0.692,404,10.536,427.534,0.388,0.485
137,6,0,27.721,293.744,0.702,405,10.434,428.191,0.39,0.502
138,3,0,27.698,294.605,0.713,399,11.167,416.135,0.384,0.483
139,6,0,27.349,294.605,0.711,394,11.341,410.881,0.381,0.445
140,3,0,27.442,294.233,0.711,393,11.411,409.198,0.379,0.445
141,9,0,27.07,297.302,0.718,399,11.325,411.513,0.385,0.438
142,4,0,27.186,297.674,0.72,397,11.302,415.618,0.386,0.45
143,7,0,27.419,299.605,0.715,401,11.095,423.626,0.392,0.489
144,3,0,27.465,300.023,0.717,403,11.057,424.579,0.391,0.49
145,5,0,27.419,301.767,0.722,401,11.346,421.99,0.389,0.482
146,12,0,28.047,306.581,0.725,406,11.092,439.143,0.399,0.564
147,6,0,28.233,308.814,0.733,408,10.855,448.676,0.403,0.591
148,8,0,28.419,317.395,0.731,413,11.227,449.914,0.41,0.633
149,7,0,28.512,317.558,0.724,417,10.911,462.85,0.419,0.666
150,3,0,28.651,317.558,0.725,419,10.826,469.196,0.421,0.684
151,5,0,29.0,318.581,0.725,418,10.309,473.477,0.421,0.702
152,10,0,29.512,320.395,0.731,421,10.077,487.102,0.425,0.744
153,3,0,29.465,320.674,0.732,422,10.13,483.511,0.424,0.739
154,6,0,29.651,319.814,0.735,424,10.044,491.212,0.426,0.755
155,5,0,29.744,319.814,0.734,423,9.894,488.218,0.429,0.768
156,3,0,30.465,319.651,0.728,421,9.549,497.441,0.427,0.797
157,6,0,30.349,320.14,0.729,423,9.697,492.448,0.425,0.788
158,6,0,30.442,320.14,0.732,424,9.754,491.623,0.422,0.785
159,6,0,30.674,321.395,0.726,429,9.662,501.652,0.428,0.812
160,9,0,30.814,321.512,0.721,435,9.6,503.242,0.431,0.825
161,8,0,31.047,321.442,0.72,437,9.515,509.4,0.433,0.839
162,5,0,31.372,324.93,0.721,434,9.611,512.535,0.431,0.849
163,11,0,31.791,324.93,0.725,442,9.437,525.362,0.438,0.875
164,8,0,32.023,324.93,0.727,444,9.434,527.644,0.436,0.88
165,4,0,32.07,324.93,0.724,445,9.411,527.479,0.436,0.881
166,4,0,31.93,324.93,0.726,442,9.44,523.515,0.434,0.874
167,7,0,31.837,325.047,0.724,448,9.363,527.832,0.439,0.878
168,2,0,31.837,325.047,0.725,448,9.426,526.374,0.437,0.875
169,6,0,31.86,320.698,0.716,450,10.341,523.266,0.437,0.88
170,9,0,31.628,320.767,0.714,457,10.263,528.22,0.442,0.88
171,7,0,31.558,322.372,0.714,460,10.293,526.323,0.443,0.879
172,5,0,31.977,325.209,0.718,461,9.958,538.308,0.446,0.896
173,6,0,32.116,325.86,0.719,465,9.801,547.483,0.452,0.907
174,5,0,32.349,325.86,0.72,463,8.936,548.742,0.451,0.909
175,5,0,32.674,326.047,0.72,461,9.038,550.188,0.446,0.912
176,4,0,32.907,326.047,0.723,460,9.108,550.975,0.445,0.917
177,5,0,32.814,326.628,0.724,462,9.121,552.274,0.448,0.917
178,1,0,32.698,326.628,0.726,458,9.188,546.787,0.444,0.91
179,3,0,32.791,326.628,0.726,457,9.171,548.148,0.445,0.914
180,6,0,33.163,326.953,0.726,460,9.141,560.185,0.448,0.925
181,2,0,33.465,326.953,0.726,456,9.157,559.618,0.446,0.93
182,4,0,22.279,261.279,0.51,456,12.067,369.873,0.447,0.31
183,4,0,22.372,265.767,0.521,458,11.991,372.25,0.448,0.319
184,7,0,22.93,268.605,0.545,460,11.917,382.49,0.448,0.358
185,4,0,22.977,268.605,0.543,460,11.913,383.839,0.449,0.364
186,5,0,23.744,268.512,0.553,456,11.796,389.267,0.443,0.4
187,3,0,23.93,269.279,0.562,453,11.959,390.409,0.441,0.408
188,6,0,24.233,271.605,0.573,454,11.692,403.657,0.442,0.432
189,4,0,24.698,271.605,0.58,448,11.764,403.243,0.436,0.446
190,6,0,24.884,271.512,0.578,452,11.508,407.16,0.441,0.476
191,7,0,25.116,273.837,0.59,454,10.908,410.255,0.437,0.476
192,11,0,25.047,274.209,0.587,460,10.701,411.894,0.443,0.491
193,11,0,25.233,276.674,0.595,467,10.398,432.546,0.452,0.535
194,7,0,25.535,278.116,0.602,469,10.247,439.796,0.453,0.561
195,8,0,26.233,279.837,0.623,471,10.307,444.533,0.447,0.593
196,5,0,26.558,279.186,0.625,471,10.462,445.279,0.441,0.598
197,5,0,26.837,281.814,0.637,472,10.728,453.154,0.444,0.631
198,7,0,27.209,281.814,0.639,470,10.617,456.051,0.443,0.655
199,10,0,27.395,283.884,0.642,476,10.419,465.241,0.449,0.684
200,6,0,27.721,285.14,0.649,478,10.385,476.364,0.45,0.709
201,13,0,27.907,287.116,0.658,483,10.356,480.147,0.452,0.727
202,5,0,27.953,287.279,0.656,488,10.2,486.548,0.456,0.74
203,2,0,28.279,287.372,0.657,484,10.179,487.395,0.454,0.753
204,11,0,28.558,293.163,0.676,492,9.902,496.08,0.464,0.792
205,1,0,28.698,293.349,0.679,489,9.873,495.351,0.461,0.793
206,8,0,28.837,294.023,0.683,489,9.939,496.757,0.46,0.798
207,4,0,28.837,294.023,0.682,486,9.966,493.541,0.457,0.791
208,5,0,28.93,295.093,0.687,486,9.859,506.963,0.461,0.805
209,3,0,29.302,295.093,0.689,483,9.822,511.308,0.459,0.817
210,6,0,29.256,295.093,0.69,485,9.722,511.099,0.46,0.817
211,5,0,29.535,295.93,0.695,489,9.61,515.065,0.463,0.835
212,1,0,29.442,296.349,0.698,487,9.643,511.062,0.461,0.828
213,8,0,29.442,298.535,0.704,494,9.518,518.925,0.466,0.836
214,3,0,29.581,300.372,0.714,494,9.524,520.565,0.464,0.838
215,4,0,29.86,300.372,0.716,492,9.554,523.523,0.459,0.84
216,8,0,30.233,304.0,0.722,497,8.872,540.233,0.467,0.867
217,5,0,30.233,304.721,0.726,493,8.975,537.59,0.463,0.86
218,6,0,30.698,305.186,0.73,493,9.199,546.498,0.461,0.875
219,5,0,30.628,305.884,0.734,491,9.096,548.508,0.462,0.873
220,4,0,30.256,304.326,0.73,485,9.433,536.786,0.452,0.843
221,6,0,30.837,304.465,0.734,483,9.244,551.211,0.453,0.866
222,4,0,31.023,307.93,0.742,479,9.056,545.628,0.446,0.86
223,5,0,31.14,307.93,0.742,480,9.043,548.341,0.445,0.863
224,5,0,31.047,312.349,0.749,483,8.652,548.38,0.451,0.868
225,5,0,30.953,311.442,0.743,480,8.768,542.035,0.448,0.86
226,7,0,31.326,313.233,0.744,483,8.667,555.432,0.452,0.88
227,5,0,31.349,316.581,0.744,483,8.67,554.283,0.453,0.882
228,10,0,31.442,319.07,0.744,485,8.449,562.248,0.456,0.889
229,3,0,31.395,319.07,0.747,482,8.499,556.647,0.452,0.881
230,6,0,19.302,259.093,0.473,484,10.58,361.238,0.458,0.165
231,3,0,19.395,260.0,0.476,486,10.51,364.385,0.46,0.174
232,7,0,19.907,263.093,0.489,487,10.096,376.167,0.464,0.206
233,5,0,20.651,264.814,0.505,484,9.777,390.2,0.464,0.244
234,3,0,20.791,265.744,0.509,484,9.763,395.436,0.466,0.258
235,6,0,21.767,268.372,0.533,481,9.629,409.565,0.461,0.303
236,5,0,21.814,268.442,0.535,482,9.616,411.241,0.461,0.308
237,1,0,22.186,268.442,0.539,477,9.656,414.767,0.458,0.324
238,6,0,22.837,267.977,0.549,469,9.66,428.634,0.449,0.338
239,6,0,23.302,273.047,0.569,474,9.447,439.462,0.452,0.379
240,11,0,24.465,276.419,0.59,478,9.121,455.803,0.455,0.477
241,6,0,24.512,285.233,0.61,479,8.848,461.946,0.459,0.492
242,6,0,24.651,285.698,0.613,483,8.758,468.772,0.461,0.508
243,7,0,25.116,290.837,0.633,485,8.578,482.226,0.465,0.558
244,3,0,25.442,293.023,0.64,483,8.829,481.74,0.46,0.569
245,7,0,25.86,298.233,0.654,485,8.673,487.035,0.462,0.606
246,4,0,26.279,298.233,0.66,483,8.676,493.918,0.461,0.632
247,5,0,26.372,298.233,0.66,485,8.218,502.623,0.463,0.645
248,6,0,27.209,300.093,0.665,482,8.108,513.13,0.46,0.69
249,6,1,27.558,302.86,0.686,483,8.048,522.499,0.459,0.709
250,5,1,27.977,302.953,0.688,482,7.984,530.825,0.459,0.734
251,6,0,28.256,303.14,0.691,481,8.009,532.395,0.456,0.744
252,5,0,28.256,303.279,0.689,474,8.412,520.786,0.45,0.728
253,7,0,28.721,303.605,0.693,475,8.407,528.191,0.449,0.753
254,1,0,28.953,303.488,0.694,472,8.534,527.893,0.445,0.757
255,5,0,28.953,303.651,0.694,472,8.501,526.474,0.446,0.759
256,2,0,28.86,303.651,0.697,466,8.654,509.256,0.437,0.73
257,6,0,29.186,303.93,0.695,467,8.526,517.046,0.44,0.756
258,3,0,29.558,305.372,0.701,460,8.595,516.895,0.433,0.759
259,5,0,29.512,305.744,0.704,459,8.889,511.164,0.43,0.75
260,6,0,29.791,307.372,0.706,460,8.695,523.269,0.435,0.778
261,4,0,29.744,307.372,0.706,457,8.884,513.928,0.43,0.764
262,7,0,29.605,308.256,0.71,457,8.892,514.923,0.431,0.758
263,3,0,29.884,306.395,0.711,456,8.963,516.796,0.428,0.766
264,6,0,29.93,308.953,0.722,459,8.695,514.632,0.431,0.776
265,10,0,29.512,308.953,0.716,465,8.715,516.43,0.436,0.765
266,9,0,29.605,308.767,0.718,468,8.63,522.257,0.439,0.779
267,3,0,29.326,308.767,0.718,463,8.771,516.722,0.435,0.752
268,9,0,29.372,311.86,0.724,465,8.637,517.758,0.44,0.767
269,5,0,29.558,311.0,0.723,464,8.704,516.054,0.433,0.761
270,5,0,30.116,311.07,0.729,460,8.812,514.089,0.424,0.768
271,9,0,30.233,313.116,0.736,464,8.946,515.465,0.427,0.783
272,6,0,30.047,314.767,0.735,470,8.835,521.45,0.434,0.791
273,2,0,30.047,318.233,0.732,465,9.045,511.509,0.427,0.774
274,6,0,30.07,318.233,0.73,469,8.94,516.433,0.431,0.785
275,6,0,30.209,321.628,0.729,470,8.897,522.392,0.435,0.8
276,8,0,30.209,320.326,0.724,470,8.915,520.309,0.434,0.799
277,5,0,30.209,320.326,0.723,472,8.844,521.768,0.436,0.803
278,7,0,30.302,321.233,0.727,470,8.947,515.604,0.431,0.796
279,6,0,30.442,321.233,0.726,474,8.871,517.044,0.433,0.807
280,6,0,30.535,327.326,0.734,479,8.453,527.379,0.44,0.826
281,6,0,23.419,265.442,0.566,480,10.39,403.933,0.437,0.345
282,3,0,23.721,266.419,0.575,477,10.491,402.315,0.435,0.359
283,9,0,24.186,271.07,0.597,480,10.335,411.046,0.437,0.399
284,5,0,24.279,270.744,0.596,481,11.12,409.901,0.438,0.414
285,5,0,24.698,283.605,0.626,478,11.702,412.612,0.435,0.441
286,10,0,25.395,292.884,0.66,482,11.165,425.875,0.444,0.524
287,6,0,25.721,294.372,0.661,484,11.006,429.595,0.448,0.563
288,6,0,25.767,294.372,0.662,485,10.99,433.277,0.451,0.577
289,5,0,25.721,294.558,0.662,487,10.932,431.219,0.452,0.578
290,6,0,25.628,294.558,0.663,488,10.938,428.663,0.452,0.571
291,6,0,25.93,294.698,0.661,493,10.769,435.397,0.457,0.608
292,6,0,25.93,295.86,0.662,493,10.746,435.782,0.458,0.613
293,7,0,26.349,298.163,0.671,493,10.611,445.712,0.461,0.652
294,6,0,26.674,297.907,0.671,491,10.588,449.921,0.458,0.665
295,9,0,27.047,300.093,0.682,496,10.384,465.331,0.463,0.704
296,7,0,27.558,300.767,0.684,497,10.201,477.443,0.464,0.74
297,7,0,27.884,301.023,0.686,494,10.227,477.851,0.461,0.75
298,5,0,28.442,301.744,0.69,489,10.087,483.322,0.457,0.77
299,2,0,28.442,301.744,0.69,486,10.136,481.945,0.454,0.763
300,8,0,28.581,304.767,0.699,489,10.044,490.453,0.46,0.785
301,8,0,29.0,310.907,0.717,492,9.968,504.686,0.467,0.821
302,8,0,28.907,312.674,0.722,496,9.974,505.297,0.467,0.817
303,6,0,28.814,314.14,0.724,500,9.91,507.379,0.471,0.821
304,4,0,28.907,314.14,0.726,496,10.074,506.393,0.464,0.811
305,8,0,28.86,316.465,0.725,502,9.946,512.754,0.471,0.823
306,2,0,29.209,316.465,0.728,499,9.976,513.946,0.465,0.827
307,3,0,29.442,316.465,0.73,496,10.069,511.385,0.46,0.827
308,5,0,29.581,315.419,0.73,497,10.027,511.068,0.459,0.83
309,7,0,29.721,313.395,0.723,494,10.162,499.735,0.458,0.835
310,5,0,29.767,313.395,0.725,496,10.187,499.518,0.458,0.836
311,7,0,29.977,315.209,0.729,498,10.119,509.543,0.458,0.846
312,4,0,29.884,315.209,0.731,499,10.017,509.521,0.461,0.848
313,5,0,30.047,318.465,0.734,497,9.987,513.648,0.46,0.852
314,7,0,30.535,323.0,0.742,500,9.691,530.774,0.464,0.876
315,6,0,30.767,324.116,0.744,496,9.818,531.631,0.46,0.877
316,4,0,31.047,323.953,0.746,494,9.129,532.205,0.455,0.877
317,6,0,31.744,323.953,0.745,494,8.963,543.966,0.458,0.901
318,4,0,31.837,324.326,0.748,494,8.95,545.235,0.458,0.904
319,3,0,31.93,324.326,0.748,491,8.968,550.652,0.457,0.906
320,3,0,32.209,324.326,0.749,490,9.032,551.647,0.454,0.91
321,9,0,32.395,324.233,0.748,495,9.904,554.256,0.457,0.919
322,5,0,32.674,324.651,0.75,496,9.782,556.858,0.457,0.925
323,5,0,32.372,324.651,0.748,492,9.818,548.611,0.457,0.918
324,5,0,32.558,326.791,0.749,489,9.918,549.766,0.452,0.917
325,6,0,32.791,326.791,0.751,490,9.815,556.906,0.452,0.922
326,5,0,32.977,326.791,0.75,490,9.763,556.874,0.45,0.925
327,0,0,32.977,326.791,0.749,486,9.812,554.161,0.449,0.923
328,7,0,32.837,327.326,0.748,486,9.905,547.791,0.449,0.921
329,3,0,32.558,327.326,0.745,484,9.954,542.264,0.449,0.914
330,4,0,32.558,327.07,0.746,481,10.111,535.222,0.44,0.904
331,3,0,32.651,326.814,0.746,479,10.163,529.556,0.438,0.904
332,7,0,32.837,327.093,0.745,484,10.093,535.712,0.443,0.915
333,8,0,32.698,327.279,0.746,483,10.112,530.699,0.441,0.909
334,8,0,32.465,327.465,0.746,486,10.08,526.846,0.445,0.907
335,5,0,32.744,327.465,0.745,486,9.976,534.44,0.445,0.914
336,7,0,32.14,327.465,0.742,485,10.231,520.417,0.442,0.895
337,2,0,32.233,327.349,0.742,482,10.114,523.048,0.438,0.892
338,8,0,32.07,327.605,0.742,482,9.961,528.389,0.444,0.895
339,7,0,31.884,327.605,0.74,483,9.949,527.672,0.444,0.889
340,3,0,32.023,327.977,0.741,481,10.029,525.944,0.438,0.885
341,6,0,32.488,327.349,0.744,482,8.971,540.025,0.441,0.899
342,1,0,32.488,327.349,0.743,482,8.959,539.355,0.44,0.898
343,3,0,32.395,327.256,0.748,479,9.139,530.159,0.436,0.891
344,8,0,32.395,327.465,0.748,483,9.048,537.741,0.441,0.898
345,5,0,32.442,328.233,0.747,482,8.85,540.156,0.441,0.898
346,9,0,32.535,328.233,0.75,483,8.707,551.128,0.443,0.903
347,7,0,32.302,328.233,0.748,484,8.755,546.702,0.445,0.899
348,4,0,32.488,329.023,0.749,484,8.693,560.05,0.445,0.904
349,2,0,32.628,330.93,0.748,480,8.797,557.185,0.441,0.903
350,5,0,32.674,330.93,0.753,478,8.829,553.375,0.438,0.901
351,6,0,32.907,331.767,0.755,477,8.76,560.323,0.437,0.905
352,5,0,33.07,332.907,0.755,478,8.719,566.021,0.439,0.912
353,6,0,33.023,332.907,0.755,479,8.767,568.885,0.438,0.91
354,7,0,33.023,331.047,0.757,479,8.858,564.002,0.435,0.906
355,8,0,33.163,332.023,0.76,476,8.936,562.116,0.435,0.911
356,10,0,33.395,332.186,0.758,482,8.536,575.834,0.445,0.926
357,5,0,33.767,332.186,0.76,481,8.55,576.571,0.441,0.93
358,5,0,34.186,331.953,0.76,478,8.52,574.461,0.438,0.935
359,5,0,34.0,331.953,0.758,482,8.432,580.943,0.444,0.937
360,5,0,34.14,331.953,0.76,481,8.447,580.319,0.444,0.939
361,13,0,23.488,269.07,0.56,488,10.142,407.136,0.446,0.379
362,2,0,23.628,270.837,0.569,488,10.06,410.168,0.448,0.394
363,11,0,24.186,275.442,0.582,496,9.216,429.901,0.458,0.465
364,5,0,25.047,282.605,0.612,494,8.953,447.839,0.461,0.541
365,13,0,25.326,287.628,0.63,501,8.707,460.916,0.469,0.59
366,8,0,25.605,289.628,0.646,504,8.674,467.416,0.469,0.61
367,4,0,25.86,289.628,0.647,505,8.638,470.948,0.468,0.626
368,2,0,26.233,289.628,0.648,503,8.626,476.675,0.467,0.649
369,5,0,26.884,289.628,0.65,502,8.536,483.006,0.464,0.685
370,9,0,27.07,293.837,0.66,506,8.313,487.664,0.466,0.701
371,5,0,27.116,294.372,0.662,507,8.419,492.515,0.464,0.699
372,7,0,27.395,293.953,0.66,506,8.327,492.635,0.462,0.711
373,6,0,27.721,295.116,0.674,507,8.213,508.482,0.464,0.735
374,8,0,27.977,297.907,0.684,510,8.09,519.443,0.468,0.761
375,10,0,28.256,300.302,0.689,514,7.939,524.573,0.471,0.784
376,5,0,28.535,301.953,0.695,515,7.913,532.758,0.472,0.799
377,10,0,28.721,302.442,0.701,517,7.948,531.122,0.467,0.798
378,3,0,28.791,302.442,0.705,512,8.053,531.06,0.462,0.789
379,3,0,29.256,302.721,0.71,511,8.005,534.205,0.458,0.803
380,3,0,29.628,304.442,0.719,509,7.889,546.901,0.461,0.826
381,5,0,29.674,305.674,0.722,509,7.951,546.409,0.462,0.831
382,3,0,29.814,303.581,0.721,505,8.017,549.573,0.459,0.831
383,5,0,30.093,309.674,0.73,505,7.794,557.999,0.458,0.841
384,9,0,30.047,309.674,0.726,512,7.647,562.235,0.464,0.849
385,5,0,30.372,311.558,0.734,511,7.496,571.022,0.464,0.861
386,3,0,30.465,312.023,0.735,512,7.443,574.21,0.465,0.867
387,9,0,30.349,312.721,0.734,515,7.47,574.34,0.469,0.868
388,3,0,30.442,312.674,0.736,512,7.537,572.92,0.466,0.867
389,8,0,30.953,312.791,0.738,515,7.43,590.231,0.465,0.884
390,6,0,31.233,315.256,0.737,516,7.331,598.643,0.47,0.898
391,5,0,31.465,319.86,0.743,516,7.287,608.263,0.47,0.905
392,4,0,31.651,317.419,0.734,513,7.251,609.255,0.469,0.908
393,10,0,31.326,318.953,0.733,512,7.223,611.481,0.473,0.904
394,5,1,31.326,318.953,0.731,510,7.339,604.398,0.469,0.9
395,2,1,31.605,319.093,0.733,506,7.357,606.05,0.465,0.903
396,3,0,31.558,319.233,0.734,501,7.369,603.224,0.463,0.899
397,7,0,31.558,319.721,0.733,506,7.241,606.657,0.467,0.904
398,4,0,31.256,320.419,0.732,505,7.786,595.436,0.468,0.898
399,9,1,30.767,324.93,0.729,504,7.779,594.266,0.473,0.89
400,6,0,31.093,324.93,0.737,505,7.623,599.685,0.472,0.898
401,12,2,31.488,326.814,0.743,508,7.492,605.73,0.475,0.912
402,6,1,31.953,326.814,0.745,507,7.405,622.584,0.478,0.925
403,3,0,32.0,327.14,0.748,507,7.258,622.858,0.479,0.928
404,2,0,32.326,327.14,0.747,506,7.255,626.545,0.477,0.932
405,8,1,32.698,328.907,0.755,509,7.031,639.249,0.482,0.943
406,6,0,32.674,333.163,0.754,509,6.946,640.997,0.485,0.944
407,1,0,33.233,333.163,0.756,500,7.071,643.235,0.476,0.947
408,9,0,33.279,333.163,0.753,506,6.896,653.935,0.483,0.952
409,5,0,33.791,333.186,0.755,506,6.796,665.529,0.484,0.96
410,5,0,33.698,333.186,0.753,508,7.085,666.047,0.487,0.96
411,5,2,33.674,333.186,0.753,504,7.11,655.5,0.484,0.958
412,6,1,33.581,333.186,0.755,505,7.096,653.313,0.485,0.958
413,6,0,33.442,333.186,0.754,506,7.093,648.856,0.485,0.956
414,11,1,33.395,337.767,0.758,512,6.982,655.228,0.492,0.96
415,10,2,33.628,336.744,0.756,516,6.995,664.285,0.492,0.962
416,7,0,33.744,336.744,0.753,517,7.069,662.968,0.488,0.961
417,7,2,33.163,336.093,0.756,513,7.301,643.155,0.481,0.95
418,4,0,32.977,336.093,0.757,515,7.456,636.259,0.48,0.946
419,8,0,33.581,336.372,0.758,516,7.402,643.56,0.478,0.954
420,8,0,22.558,268.558,0.527,517,10.102,407.777,0.477,0.417
421,4,0,22.837,274.488,0.547,519,9.987,413.43,0.478,0.443
422,8,0,23.395,283.93,0.598,522,9.906,427.129,0.481,0.496
423,5,0,23.814,284.884,0.611,519,10.002,433.921,0.48,0.523
424,6,0,24.093,292.628,0.624,522,9.787,444.016,0.487,0.57
425,9,0,24.512,297.349,0.63,529,9.329,457.488,0.492,0.617
426,6,0,24.977,297.488,0.636,530,9.293,466.522,0.489,0.641
427,3,0,24.884,297.488,0.634,533,9.271,465.421,0.491,0.638
428,6,0,25.581,299.186,0.643,531,9.243,481.926,0.488,0.678
429,3,0,25.767,299.023,0.647,527,10.189,478.904,0.483,0.682
430,4,0,25.767,301.163,0.648,530,10.186,480.467,0.484,0.685
431,11,1,26.047,302.837,0.657,537,9.147,490.55,0.486,0.701
432,5,0,26.442,304.209,0.67,537,9.114,496.723,0.485,0.724
433,5,0,26.791,306.233,0.676,537,9.011,499.086,0.484,0.741
434,5,0,26.837,306.233,0.675,540,8.945,501.876,0.486,0.751
435,6,0,27.395,307.233,0.693,541,8.855,520.127,0.488,0.785
436,7,0,27.907,308.07,0.702,541,8.779,526.702,0.488,0.812
437,8,2,27.814,308.465,0.709,544,8.737,536.484,0.491,0.813
438,10,0,28.558,314.814,0.719,552,8.127,559.424,0.5,0.861
439,7,0,28.698,312.791,0.71,555,8.118,566.446,0.5,0.865
440,7,0,29.07,311.977,0.708,553,8.159,571.184,0.495,0.87
441,8,0,29.163,313.349,0.71,554,8.016,576.306,0.498,0.878
442,11,1,29.209,313.349,0.707,563,7.87,582.337,0.505,0.889
443,7,0,29.628,316.442,0.717,567,7.682,594.537,0.509,0.907
444,4,1,29.628,316.465,0.718,565,7.547,594.291,0.508,0.905
445,9,0,30.14,317.442,0.727,562,7.594,609.672,0.504,0.913
446,7,2,30.581,317.442,0.728,558,7.591,614.475,0.501,0.92
447,1,0,30.535,317.442,0.73,554,7.617,608.898,0.498,0.915
448,4,0,31.256,317.442,0.733,545,7.753,615.297,0.487,0.921
449,6,0,31.465,321.93,0.745,545,7.059,628.52,0.49,0.927
450,5,0,31.256,321.93,0.744,545,7.113,623.92,0.489,0.921
451,6,1,32.14,323.814,0.758,539,7.137,629.645,0.481,0.932
452,8,0,32.721,329.791,0.765,540,6.872,646.73,0.487,0.947
453,6,1,32.86,329.791,0.766,544,6.79,654.665,0.491,0.952
454,7,1,32.86,329.558,0.769,542,6.796,652.135,0.488,0.95
455,8,0,33.047,329.558,0.767,546,6.6,663.38,0.495,0.956
456,3,1,33.093,328.186,0.762,541,6.519,661.247,0.489,0.953
457,3,1,33.047,328.186,0.762,533,6.644,653.247,0.485,0.95
458,7,0,33.419,328.419,0.763,535,6.548,661.989,0.486,0.955
459,6,2,33.512,327.395,0.761,537,6.534,666.59,0.485,0.957
460,2,0,33.512,327.256,0.762,531,6.815,652.104,0.476,0.951
461,5,0,33.558,327.256,0.763,529,6.864,645.536,0.473,0.949
462,7,0,33.837,327.256,0.766,532,6.857,653.894,0.473,0.954
463,7,0,33.791,329.186,0.768,534,6.751,656.143,0.474,0.953
464,4,0,34.116,329.186,0.77,535,6.702,659.746,0.476,0.959
465,5,0,34.023,329.186,0.771,535,6.697,656.139,0.474,0.956
466,7,0,19.744,265.093,0.486,538,16.361,370.739,0.487,0.298
467,7,0,20.535,269.977,0.516,538,16.047,389.885,0.488,0.355
468,8,0,20.86,270.605,0.524,541,15.86,396.558,0.489,0.379
469,9,0,21.698,278.581,0.552,543,15.592,406.211,0.49,0.442
470,9,0,22.256,280.0,0.562,544,15.358,422.392,0.49,0.486
471,11,0,23.116,285.07,0.591,547,9.497,443.27,0.493,0.515
472,2,0,23.442,287.349,0.608,542,9.482,446.656,0.49,0.53
473,8,0,23.814,287.512,0.614,545,9.362,449.718,0.491,0.562
474,6,0,24.116,288.953,0.615,549,9.199,462.248,0.496,0.599
475,9,0,25.0,289.791,0.623,549,9.051,482.183,0.496,0.662
476,3,0,25.628,294.209,0.641,544,8.967,493.338,0.495,0.7
477,7,0,25.907,295.814,0.651,546,10.426,499.181,0.497,0.735
478,5,0,26.14,298.023,0.668,548,10.284,511.141,0.499,0.754
479,8,0,26.186,298.023,0.669,549,10.286,509.687,0.498,0.753
480,6,0,26.558,299.651,0.672,553,10.21,520.358,0.5,0.778
481,4,0,26.674,300.209,0.674,550,10.119,522.176,0.499,0.783
482,3,0,26.535,300.163,0.675,548,10.227,516.574,0.496,0.768
483,6,0,26.535,300.233,0.675,543,10.309,518.095,0.493,0.76
484,4,0,26.86,302.581,0.688,545,10.211,524.839,0.495,0.782
485,5,0,26.93,307.512,0.692,543,10.224,527.566,0.493,0.782
486,8,0,27.535,307.93,0.698,547,10.074,552.398,0.495,0.815
487,7,0,27.07,307.558,0.689,547,10.139,539.816,0.493,0.789
488,4,0,27.581,310.698,0.687,544,10.159,544.322,0.492,0.81
489,6,0,28.14,310.535,0.684,544,10.092,561.654,0.492,0.836
490,6,0,28.605,318.047,0.684,547,9.982,579.879,0.498,0.865
491,8,0,28.977,318.047,0.683,552,9.897,589.529,0.499,0.88
492,7,0,29.209,310.86,0.686,550,9.842,593.324,0.497,0.884
493,5,0,29.558,313.651,0.704,548,9.733,606.627,0.5,0.899
494,6,0,29.605,313.651,0.705,548,9.831,603.493,0.499,0.898
495,7,0,30.14,318.837,0.718,547,9.741,613.244,0.498,0.912
496,2,1,30.465,318.837,0.721,544,9.739,617.021,0.494,0.914
497,6,0,30.698,321.233,0.734,545,9.728,619.507,0.494,0.92
498,5,0,30.512,326.395,0.73,542,7.691,619.168,0.492,0.908
499,6,0,30.814,330.023,0.735,544,7.627,629.054,0.496,0.92
500,13,0,31.535,330.07,0.726,547,7.484,636.257,0.497,0.935
501,11,0,31.791,330.07,0.729,552,7.434,643.92,0.499,0.942
502,5,0,31.953,330.07,0.733,553,7.353,653.578,0.503,0.947
503,5,0,32.0,332.0,0.741,551,7.349,652.316,0.503,0.948
504,8,3,32.186,332.535,0.745,551,7.234,663.755,0.507,0.954
505,6,0,32.093,330.744,0.743,551,7.299,653.064,0.503,0.949
506,4,1,32.14,330.744,0.747,551,7.216,656.499,0.504,0.95
507,6,0,32.233,331.047,0.754,549,7.98,653.641,0.503,0.953
508,4,0,32.233,331.047,0.752,548,7.95,647.87,0.504,0.953
509,5,0,32.419,331.977,0.756,546,7.986,654.978,0.502,0.955
510,11,2,32.837,332.116,0.761,548,7.847,670.728,0.504,0.961
511,4,0,33.047,332.512,0.76,547,7.814,676.647,0.505,0.964
512,4,0,33.372,332.512,0.766,549,7.721,691.727,0.51,0.969
513,10,3,33.558,332.628,0.772,547,7.751,705.128,0.512,0.972
514,12,4,33.372,332.628,0.774,552,7.724,702.267,0.515,0.972
515,6,2,33.349,332.628,0.774,549,7.725,697.957,0.514,0.971
516,9,1,33.628,330.349,0.772,552,7.667,704.999,0.515,0.973
517,9,2,34.326,330.349,0.773,552,7.614,714.339,0.515,0.978
518,6,2,34.721,329.488,0.779,546,7.609,715.253,0.51,0.98
519,6,1,35.07,329.837,0.78,547,7.64,718.142,0.509,0.981
520,4,0,35.116,328.605,0.781,540,7.699,704.293,0.502,0.98
521,6,1,35.628,332.326,0.784,539,7.651,711.911,0.502,0.983
522,3,0,35.907,333.977,0.785,538,7.635,711.969,0.502,0.984
523,3,0,35.953,333.977,0.788,535,7.717,703.072,0.499,0.984
524,5,1,35.814,333.977,0.789,535,7.696,698.532,0.501,0.983
525,3,0,35.628,333.977,0.791,536,7.66,699.519,0.501,0.982
526,4,0,35.767,333.465,0.791,533,7.169,690.525,0.496,0.982
527,6,0,35.953,332.093,0.79,531,7.291,686.239,0.49,0.981
528,4,0,35.953,333.953,0.791,528,7.378,677.14,0.486,0.98
529,9,0,22.465,276.349,0.555,533,13.492,411.498,0.489,0.483
530,12,0,22.93,279.302,0.568,537,13.227,422.294,0.493,0.532
531,4,0,23.814,280.256,0.581,536,13.185,432.16,0.488,0.581
532,9,0,24.0,283.349,0.599,542,13.048,443.605,0.493,0.612
533,6,0,24.907,288.023,0.628,544,10.881,466.354,0.496,0.669
534,5,0,25.047,289.651,0.637,545,10.828,465.339,0.496,0.68
535,4,0,25.442,290.86,0.644,544,10.785,471.262,0.496,0.704
536,8,0,26.093,293.047,0.659,542,10.679,480.521,0.492,0.734
537,6,0,26.465,296.744,0.675,541,11.066,483.761,0.49,0.753
538,8,0,27.023,304.279,0.703,545,10.854,502.6,0.495,0.794
539,4,0,26.698,304.419,0.704,548,10.905,494.548,0.495,0.777
540,8,0,26.977,305.419,0.704,551,10.839,504.075,0.496,0.795
541,9,0,27.047,306.837,0.704,555,10.799,511.761,0.501,0.808
542,7,0,27.628,311.698,0.71,552,10.642,525.637,0.5,0.833
543,5,0,27.837,311.698,0.708,555,10.538,535.021,0.503,0.847
544,9,0,28.0,316.256,0.713,560,10.396,544.551,0.511,0.868
545,12,0,28.256,314.581,0.718,562,10.289,554.686,0.51,0.875
546,3,0,28.302,315.651,0.721,561,10.405,546.655,0.503,0.865
547,6,0,28.814,318.023,0.724,563,10.235,559.903,0.509,0.891
548,7,0,29.163,318.116,0.73,565,10.198,575.683,0.51,0.902
549,4,0,29.186,318.116,0.728,565,10.222,571.934,0.507,0.898
550,8,0,29.465,318.605,0.734,566,10.22,578.432,0.504,0.903
551,1,0,29.721,317.767,0.731,558,10.384,575.94,0.496,0.9
552,4,0,30.093,317.767,0.732,557,10.292,587.571,0.495,0.908
553,5,0,30.744,319.907,0.743,551,10.254,591.425,0.49,0.918
554,7,1,31.256,319.837,0.743,548,10.292,598.194,0.488,0.928
555,9,2,31.256,317.698,0.732,550,10.372,596.05,0.489,0.928
556,6,1,31.349,317.698,0.733,549,10.459,590.209,0.486,0.928
557,5,1,31.907,317.698,0.737,549,10.357,601.991,0.491,0.942
558,8,0,32.279,317.651,0.738,552,10.244,610.416,0.495,0.951
559,7,1,32.372,318.674,0.735,549,10.159,620.183,0.493,0.951
560,6,0,32.233,318.674,0.737,550,9.753,619.5,0.493,0.948
561,6,0,32.326,318.674,0.738,551,9.693,623.056,0.493,0.95
562,3,0,32.465,318.674,0.742,546,9.76,621.372,0.489,0.949
563,9,0,32.512,318.86,0.738,548,11.686,617.994,0.492,0.955
564,7,1,32.791,318.953,0.737,548,11.589,617.889,0.489,0.956
565,8,0,33.302,323.047,0.742,547,11.285,630.626,0.486,0.96
566,10,0,33.767,323.047,0.748,549,11.159,647.297,0.489,0.967
567,7,1,33.837,325.721,0.748,552,11.125,649.582,0.49,0.968
568,6,2,34.558,325.721,0.75,549,11.074,657.33,0.488,0.973
569,5,0,20.721,259.14,0.453,550,13.553,360.238,0.49,0.354
570,7,0,20.953,259.791,0.453,555,13.4,364.663,0.494,0.384
571,4,0,21.512,263.326,0.475,551,12.717,376.855,0.49,0.407
572,8,0,21.791,264.86,0.488,554,12.447,382.683,0.49,0.425
573,6,0,22.326,266.279,0.497,551,12.406,389.969,0.488,0.459
574,7,0,22.233,269.512,0.51,555,12.315,395.669,0.494,0.473
575,6,0,22.512,272.233,0.523,554,12.166,404.839,0.495,0.498
576,10,0,23.674,281.023,0.565,556,11.447,438.168,0.502,0.605
577,7,0,23.953,283.256,0.578,559,9.526,451.363,0.506,0.625
578,4,0,24.256,285.767,0.594,558,9.46,461.423,0.507,0.651
579,6,0,24.953,290.326,0.623,561,9.255,473.56,0.51,0.706
580,3,0,25.302,291.698,0.637,557,9.331,483.041,0.503,0.708
581,4,0,26.093,291.814,0.649,551,9.184,493.157,0.499,0.745
582,5,0,26.512,291.814,0.651,552,9.163,495.781,0.497,0.763
583,6,0,26.884,290.512,0.649,550,10.897,498.787,0.5,0.799
584,8,0,27.442,293.465,0.654,551,10.594,512.616,0.504,0.832
585,9,0,27.767,295.86,0.659,555,10.503,519.705,0.506,0.851
586,8,0,28.0,299.209,0.67,560,10.425,528.409,0.511,0.868
587,5,0,28.047,300.907,0.676,555,10.49,523.169,0.506,0.86
588,9,0,28.837,301.698,0.676,560,9.908,545.599,0.51,0.892
589,7,0,29.163,307.744,0.693,563,9.827,556.224,0.514,0.906
590,10,0,29.256,308.093,0.7,568,9.73,560.565,0.516,0.91
591,10,0,29.628,310.093,0.705,573,9.579,574.717,0.518,0.922
592,5,0,30.302,314.535,0.706,566,9.718,584.222,0.513,0.931
593,7,0,30.465,314.535,0.71,569,9.669,590.988,0.515,0.936
594,7,0,30.326,315.302,0.708,575,9.667,591.606,0.517,0.935
595,5,0,30.581,319.674,0.71,575,9.659,597.819,0.519,0.941
596,6,0,31.442,319.674,0.713,569,9.736,606.781,0.51,0.948
597,4,0,31.674,319.488,0.713,568,9.77,612.579,0.506,0.95
598,4,0,31.86,319.674,0.715,567,9.76,617.287,0.506,0.952
599,5,0,31.837,314.953,0.722,566,9.797,617.659,0.502,0.949
600,8,0,32.209,315.651,0.72,572,9.608,633.604,0.508,0.958
601,7,0,32.581,315.651,0.718,575,9.597,642.871,0.508,0.962
602,5,0,32.721,315.651,0.721,574,9.559,647.159,0.506,0.963
603,3,0,32.674,315.814,0.72,572,9.499,645.491,0.505,0.961
604,5,0,32.907,316.163,0.725,570,9.622,644.786,0.5,0.961
605,4,0,32.674,316.163,0.726,570,9.666,646.467,0.499,0.958
606,7,1,33.0,316.279,0.724,573,9.435,657.017,0.502,0.964
607,10,3,32.953,320.163,0.724,573,9.426,658.721,0.506,0.965
608,10,0,33.279,322.047,0.736,579,7.948,663.205,0.508,0.968
609,3,0,33.628,322.047,0.738,576,7.986,660.404,0.505,0.97
610,6,0,33.698,322.047,0.742,576,7.952,668.397,0.505,0.97
611,3,0,34.0,319.721,0.742,576,7.936,673.364,0.504,0.972
612,12,0,34.698,321.395,0.749,580,7.749,695.747,0.512,0.98
613,4,1,34.837,321.674,0.751,577,7.814,697.196,0.51,0.98
614,1,0,35.256,321.674,0.752,570,7.179,697.166,0.504,0.981
615,6,0,35.488,321.674,0.754,568,7.151,705.275,0.505,0.982
616,7,0,36.0,323.86,0.752,570,7.107,718.331,0.508,0.985
617,9,1,35.907,324.837,0.752,572,7.102,716.745,0.506,0.985
618,6,1,36.186,324.837,0.751,569,7.083,715.497,0.501,0.985
619,6,0,36.488,326.535,0.759,566,6.591,720.754,0.496,0.985
620,5,0,36.628,326.535,0.761,567,6.576,721.617,0.496,0.986
621,2,0,36.721,326.535,0.766,563,6.617,711.7,0.489,0.985
622,3,0,36.651,325.814,0.766,558,6.793,696.194,0.48,0.982
623,4,0,36.767,325.814,0.766,556,6.768,699.913,0.479,0.982
624,3,0,36.535,325.814,0.764,553,6.851,687.251,0.475,0.98
625,6,0,36.535,325.814,0.765,549,7.003,674.419,0.469,0.978
626,4,0,36.488,325.814,0.765,548,6.982,680.454,0.472,0.979
627,3,0,21.651,261.07,0.5,546,10.161,384.643,0.466,0.314
628,2,0,22.581,261.023,0.506,540,9.981,398.298,0.461,0.361
629,9,0,22.628,261.372,0.506,545,9.785,396.345,0.463,0.372
630,3,0,22.86,261.372,0.505,545,9.672,400.928,0.464,0.389
631,3,0,23.07,263.302,0.516,544,9.609,399.909,0.465,0.408
632,9,0,23.721,268.442,0.536,544,9.118,410.669,0.466,0.457
633,3,0,24.0,271.419,0.544,544,9.017,418.697,0.467,0.482
634,13,0,25.279,277.767,0.564,549,8.612,440.353,0.471,0.595
635,8,0,25.512,277.86,0.563,553,8.52,443.258,0.473,0.618
636,9,0,25.628,278.721,0.569,559,8.436,444.618,0.474,0.628
637,2,0,25.86,280.837,0.579,558,8.294,448.772,0.473,0.639
638,4,0,26.233,281.721,0.585,556,8.234,457.068,0.471,0.659
639,5,0,26.744,281.721,0.588,556,8.19,463.43,0.47,0.69
640,6,0,27.209,282.419,0.594,551,8.246,471.34,0.465,0.706
641,6,0,27.349,282.535,0.597,550,8.159,475.066,0.464,0.713
642,5,0,27.767,282.86,0.598,551,8.116,483.98,0.464,0.739
643,3,0,28.14,283.651,0.605,550,8.071,490.795,0.464,0.758
644,6,0,28.512,286.535,0.615,547,8.122,490.583,0.462,0.775
645,7,0,29.023,288.674,0.63,546,8.024,509.651,0.464,0.805
646,8,0,29.302,288.674,0.629,548,8.001,513.949,0.463,0.818
647,3,0,29.581,289.395,0.638,546,8.023,518.843,0.461,0.826
648,5,0,30.14,290.256,0.647,542,8.133,521.167,0.455,0.838
649,13,0,30.233,290.07,0.645,547,8.079,526.996,0.457,0.845
650,6,0,30.372,294.14,0.646,548,7.907,547.112,0.466,0.866
651,3,0,30.558,294.14,0.649,543,8.034,545.768,0.462,0.866
652,4,0,30.814,296.116,0.663,543,7.945,550.878,0.463,0.878
653,4,0,31.047,296.488,0.669,537,7.965,548.162,0.46,0.88
654,7,1,31.186,298.093,0.674,536,7.967,551.892,0.46,0.885
655,4,0,31.442,300.605,0.685,531,8.014,556.677,0.459,0.891
656,13,2,31.581,301.07,0.685,535,8.045,560.023,0.458,0.894
657,7,0,32.0,301.977,0.691,535,7.717,565.365,0.455,0.901
658,3,0,32.093,302.767,0.691,534,7.551,575.41,0.457,0.906
659,3,0,31.953,302.233,0.683,533,7.598,574.591,0.456,0.9
660,7,0,31.884,302.233,0.683,534,7.542,579.459,0.458,0.901
661,4,0,31.837,305.023,0.693,534,7.692,584.687,0.46,0.903
662,6,0,31.419,305.209,0.702,531,7.818,574.766,0.459,0.89
663,9,0,32.163,315.0,0.712,536,7.663,594.703,0.464,0.916
664,9,0,32.488,315.558,0.713,538,7.528,609.437,0.467,0.927
665,7,0,32.581,315.535,0.712,540,7.456,613.216,0.47,0.931
666,6,0,33.0,319.395,0.723,542,7.178,630.488,0.473,0.941
667,5,0,33.256,330.419,0.735,542,7.087,644.401,0.478,0.949
668,12,2,33.093,330.581,0.741,545,7.094,636.056,0.482,0.949
669,2,0,33.047,330.581,0.738,538,7.275,627.911,0.479,0.946
670,3,0,33.047,330.767,0.741,534,7.236,633.856,0.478,0.946
671,4,0,33.093,331.047,0.742,533,7.193,638.887,0.478,0.946
672,4,0,20.605,265.558,0.484,531,9.807,379.594,0.476,0.276
673,5,0,21.395,266.628,0.499,527,9.604,387.992,0.47,0.308
674,7,0,21.721,270.302,0.515,528,9.11,396.776,0.473,0.336
675,6,0,21.674,270.395,0.518,532,9.164,392.1,0.473,0.332
676,3,0,22.0,270.395,0.52,531,9.004,400.52,0.471,0.348
677,8,0,22.488,271.442,0.527,533,8.791,413.618,0.471,0.382
678,4,0,23.047,275.442,0.548,532,8.583,424.616,0.474,0.433
679,7,0,23.837,280.047,0.574,533,8.334,437.673,0.476,0.498
680,5,0,23.767,281.465,0.579,532,8.299,434.637,0.476,0.493
681,5,0,24.326,280.674,0.588,531,8.335,442.637,0.473,0.524
682,6,0,24.837,282.93,0.597,532,8.229,448.045,0.474,0.566
683,5,0,25.07,283.628,0.602,534,8.166,455.41,0.475,0.589
684,7,0,25.256,291.209,0.613,536,7.997,468.503,0.482,0.626
685,7,0,25.907,295.349,0.629,535,7.851,489.564,0.485,0.681
686,9,0,26.14,301.558,0.644,539,7.669,497.044,0.489,0.707
687,10,0,26.581,306.186,0.654,541,7.634,511.887,0.49,0.738
688,7,0,26.512,303.163,0.647,540,7.782,510.309,0.487,0.726
689,4,0,26.791,303.512,0.654,540,7.835,513.853,0.483,0.732
690,8,0,27.163,305.581,0.662,539,7.775,519.155,0.483,0.754
691,2,0,27.442,305.581,0.667,527,7.967,519.481,0.471,0.738
692,6,0,28.14,305.651,0.671,523,7.929,531.889,0.465,0.762
693,6,0,28.605,305.651,0.673,519,7.894,538.157,0.46,0.775
694,10,0,28.605,305.651,0.669,525,7.832,538.43,0.465,0.787
695,4,0,28.442,305.93,0.671,526,7.826,537.304,0.465,0.779
696,8,0,29.0,306.698,0.672,531,7.685,553.965,0.467,0.811
697,9,0,29.14,307.907,0.671,537,7.5,568.261,0.472,0.827
698,7,0,29.14,307.907,0.675,537,7.546,560.153,0.468,0.819
699,13,0,29.186,310.07,0.691,545,7.345,577.301,0.476,0.837
700,6,1,29.14,310.14,0.692,544,7.461,568.241,0.474,0.83
701,11,1,29.651,310.814,0.701,544,7.226,571.556,0.471,0.845
702,4,0,29.977,310.814,0.702,542,7.254,572.861,0.467,0.851
703,5,0,30.209,310.837,0.704,542,7.36,574.338,0.464,0.854
704,7,1,30.349,315.953,0.711,545,7.234,578.37,0.468,0.866
705,4,1,30.767,317.651,0.715,540,7.249,587.796,0.465,0.877
706,8,1,31.07,319.0,0.72,538,7.128,603.169,0.465,0.886
707,9,0,31.302,319.651,0.722,536,7.239,598.633,0.461,0.887
708,5,0,31.395,319.721,0.726,533,7.318,593.914,0.457,0.884
709,5,0,31.581,319.721,0.724,534,7.263,600.003,0.457,0.891
710,5,0,31.837,319.791,0.723,534,7.156,607.091,0.459,0.9
711,7,1,31.953,320.395,0.72,534,7.09,613.888,0.462,0.906
712,6,0,31.86,321.349,0.723,535,7.185,615.16,0.46,0.902
713,8,0,32.023,322.07,0.728,536,7.232,611.824,0.457,0.903
714,5,0,32.233,322.07,0.729,534,7.212,614.915,0.455,0.906
715,10,0,21.558,261.512,0.494,538,13.736,368.565,0.455,0.298
716,6,0,22.163,262.14,0.497,540,13.398,381.66,0.458,0.349
717,3,0,22.209,262.14,0.501,539,13.532,376.747,0.454,0.339
718,4,0,22.488,263.86,0.508,537,13.376,388.166,0.458,0.37
719,8,0,22.907,265.372,0.515,541,13.099,401.946,0.462,0.414
720,12,0,23.186,269.512,0.526,548,12.622,420.685,0.472,0.468
721,4,0,23.837,271.023,0.544,540,12.539,430.318,0.468,0.503
722,10,0,24.442,275.372,0.564,544,12.164,442.971,0.474,0.57
723,8,0,25.163,280.837,0.579,545,10.007,462.21,0.48,0.626
724,5,0,26.326,282.093,0.592,539,9.863,479.439,0.472,0.681
725,11,0,26.326,284.674,0.602,547,9.648,486.858,0.481,0.708
726,11,0,26.605,287.14,0.615,550,9.882,487.982,0.48,0.725
727,5,0,27.209,288.837,0.629,549,9.821,499.389,0.479,0.758
728,5,0,27.209,288.977,0.625,551,9.685,504.255,0.483,0.767
729,10,0,27.791,292.651,0.646,555,9.488,524.044,0.492,0.818
730,5,0,28.023,293.698,0.649,556,9.393,526.725,0.492,0.829
731,8,0,28.628,298.047,0.666,557,9.231,537.678,0.494,0.856
732,10,0,28.535,300.814,0.675,559,9.223,531.877,0.496,0.856
733,8,0,29.326,308.256,0.701,565,9.003,560.11,0.503,0.893
734,12,0,29.884,310.395,0.708,568,8.336,566.169,0.507,0.911
735,4,0,30.163,310.209,0.714,565,8.595,566.367,0.499,0.91
736,8,0,30.488,313.047,0.727,571,8.414,579.605,0.507,0.926
737,4,0,30.581,313.047,0.729,572,8.443,578.742,0.506,0.927
738,5,0,30.721,313.93,0.728,573,8.367,582.356,0.508,0.932
739,4,0,31.093,314.674,0.728,568,8.384,585.489,0.505,0.936
740,6,0,31.07,313.93,0.73,571,8.393,588.923,0.505,0.936
741,4,0,31.023,314.744,0.733,571,8.464,584.563,0.505,0.935
742,5,0,31.256,316.791,0.733,571,8.417,589.018,0.506,0.94
743,9,0,31.349,316.791,0.737,575,8.288,597.625,0.511,0.945
744,12,3,32.0,319.14,0.737,579,8.218,616.184,0.514,0.957
745,5,1,32.326,319.14,0.74,572,8.288,619.423,0.508,0.957
746,6,2,32.419,319.14,0.741,571,8.289,620.312,0.505,0.957
747,8,1,32.419,319.698,0.745,572,8.128,618.067,0.509,0.959
748,7,0,32.674,322.907,0.746,574,8.095,625.553,0.51,0.962
749,2,0,32.581,322.512,0.746,572,9.049,618.611,0.507,0.961
750,7,1,32.744,323.372,0.746,574,8.981,625.374,0.51,0.964
751,7,1,32.93,323.372,0.749,574,8.993,627.202,0.507,0.965
752,2,0,33.023,324.93,0.752,568,9.126,620.105,0.5,0.962
753,7,0,33.395,324.744,0.75,569,9.149,621.882,0.497,0.965
754,7,1,33.419,322.512,0.745,567,9.372,616.982,0.493,0.964
755,4,1,33.791,322.721,0.745,561,9.469,613.962,0.486,0.964
756,3,0,33.837,322.721,0.74,559,9.486,616.041,0.484,0.963
757,10,0,33.767,322.721,0.742,558,9.858,598.973,0.477,0.959
758,5,1,33.605,321.814,0.742,556,9.908,592.52,0.474,0.956
759,6,0,33.535,321.814,0.743,557,9.842,591.202,0.475,0.955
760,6,0,34.047,323.047,0.742,555,9.805,600.91,0.474,0.961
761,5,0,34.791,323.093,0.747,555,9.534,617.432,0.477,0.97
762,9,1,34.256,323.093,0.74,557,9.559,608.466,0.478,0.965
763,5,0,34.465,323.186,0.743,552,9.573,604.009,0.473,0.964
764,6,0,34.884,323.186,0.743,549,9.54,614.608,0.471,0.968
765,4,0,34.93,324.116,0.745,548,9.488,615.105,0.473,0.969
766,4,0,35.256,324.977,0.753,546,9.408,624.578,0.472,0.972
767,2,0,35.442,324.977,0.755,543,9.468,623.899,0.469,0.972
768,5,0,35.256,324.977,0.754,544,9.43,621.65,0.472,0.972
769,8,2,35.256,324.977,0.754,547,9.404,624.662,0.473,0.972
770,10,0,35.163,324.977,0.749,555,9.298,630.799,0.478,0.973
771,8,1,35.163,324.977,0.75,558,9.316,632.631,0.477,0.973
772,6,1,35.326,325.419,0.752,551,9.382,629.611,0.475,0.973
773,2,0,35.465,326.953,0.754,548,9.43,628.017,0.472,0.973
774,3,0,35.14,326.953,0.752,543,9.541,611.821,0.469,0.969
775,8,0,34.767,326.953,0.75,549,9.547,604.852,0.472,0.967
776,8,1,35.163,324.116,0.75,550,9.603,604.316,0.47,0.97
777,3,0,35.302,324.0,0.749,542,9.675,601.582,0.466,0.97
778,6,0,35.581,324.0,0.746,542,9.684,603.714,0.465,0.972
779,6,0,35.581,324.116,0.749,540,9.622,604.238,0.464,0.971
780,10,0,35.581,324.116,0.747,545,9.589,604.071,0.468,0.973
781,4,0,22.837,259.674,0.512,539,14.206,364.732,0.452,0.382
782,4,0,23.093,260.488,0.513,538,14.004,372.291,0.454,0.409
783,1,0,23.186,260.209,0.517,535,14.193,365.908,0.45,0.403
784,4,0,23.744,260.465,0.523,533,14.113,374.202,0.449,0.439
785,5,0,24.047,260.465,0.525,532,13.079,376.507,0.447,0.448
786,4,0,24.419,260.465,0.527,529,13.064,380.506,0.445,0.467
787,6,0,25.256,261.186,0.544,524,13.307,386.084,0.435,0.498
788,9,0,25.977,267.256,0.554,526,12.588,397.577,0.437,0.556
789,3,0,26.791,267.395,0.561,521,12.591,403.787,0.43,0.594
790,7,0,27.07,267.674,0.563,523,12.535,409.523,0.428,0.606
791,10,0,27.442,271.674,0.578,528,12.141,425.423,0.431,0.642
792,13,0,28.349,279.209,0.612,537,11.69,450.522,0.442,0.733
793,5,0,28.419,280.233,0.615,536,11.384,449.946,0.441,0.733
794,6,0,28.698,282.814,0.63,536,11.275,461.769,0.444,0.757
795,4,0,28.837,285.93,0.636,535,11.205,466.116,0.445,0.767
796,8,0,28.837,285.93,0.636,540,11.203,473.058,0.449,0.777
797,10,0,29.047,288.256,0.639,543,11.253,474.978,0.45,0.791
798,3,0,29.465,288.256,0.643,542,11.247,478.105,0.446,0.803
799,12,0,29.977,289.698,0.641,548,10.937,495.98,0.452,0.838
800,4,0,30.698,292.209,0.651,544,10.819,510.263,0.45,0.863
801,11,0,30.93,300.116,0.675,550,10.649,524.956,0.458,0.882
802,5,0,30.977,301.674,0.682,548,10.594,522.543,0.458,0.883
803,6,0,30.837,302.116,0.691,549,12.161,525.57,0.462,0.891
804,6,0,31.395,302.86,0.702,550,12.092,531.201,0.461,0.905
805,2,0,31.488,303.186,0.702,544,12.164,525.689,0.458,0.903
806,6,0,32.14,305.581,0.709,547,11.999,538.009,0.461,0.923
807,6,0,32.233,306.093,0.712,546,12.026,533.044,0.456,0.92
808,9,0,32.186,306.93,0.715,549,11.942,539.32,0.46,0.923
809,4,0,32.674,313.023,0.726,544,10.222,540.553,0.452,0.922
810,4,2,32.767,313.023,0.726,543,10.192,542.33,0.453,0.924
811,6,0,32.767,312.837,0.724,544,10.148,543.032,0.455,0.926
812,6,0,32.767,312.837,0.724,548,10.136,545.151,0.457,0.928
813,6,0,32.907,321.767,0.731,545,10.161,548.12,0.458,0.932
814,2,0,32.907,321.767,0.733,543,10.203,544.353,0.455,0.929
815,6,0,33.302,324.512,0.73,542,10.113,553.207,0.455,0.937
816,8,0,33.442,325.558,0.734,545,9.938,569.758,0.461,0.943
817,6,1,33.395,323.86,0.725,545,9.965,569.119,0.46,0.942
818,5,0,33.721,323.86,0.722,541,9.876,570.511,0.461,0.948
819,7,0,34.047,320.907,0.717,542,11.72,584.911,0.464,0.957
820,3,0,34.744,319.302,0.716,535,11.826,586.119,0.456,0.961
821,1,0,34.977,319.698,0.719,529,11.911,586.498,0.448,0.96
822,10,0,35.186,320.791,0.727,534,11.78,607.221,0.454,0.965
823,3,0,35.395,320.791,0.729,530,11.83,605.028,0.449,0.965
824,12,0,35.023,317.884,0.727,535,11.84,602.74,0.452,0.962
825,1,0,35.116,317.884,0.729,530,11.919,598.364,0.448,0.961
826,4,0,35.116,318.744,0.732,526,11.759,600.148,0.446,0.96
827,4,0,35.349,318.744,0.733,523,11.816,600.116,0.445,0.962
828,8,0,35.256,318.93,0.733,524,11.714,604.102,0.448,0.963
829,2,0,35.116,318.93,0.73,521,11.868,595.341,0.446,0.96
830,6,0,35.116,318.93,0.73,520,11.998,592.339,0.442,0.958
831,6,0,22.023,256.907,0.482,522,12.925,346.832,0.441,0.281
832,2,0,22.116,256.907,0.482,523,12.839,347.693,0.442,0.289
833,7,0,22.767,257.256,0.482,523,12.539,353.564,0.441,0.327
834,8,0,23.512,264.395,0.526,521,12.395,363.739,0.442,0.383
835,9,0,24.535,273.395,0.565,522,11.96,384.995,0.448,0.48
836,7,0,24.953,273.628,0.567,523,11.815,396.255,0.448,0.511
837,2,0,25.419,272.837,0.575,516,11.872,394.733,0.443,0.527
838,8,0,25.605,272.837,0.573,519,11.774,399.588,0.446,0.552
839,6,0,25.884,273.14,0.574,519,11.727,405.494,0.447,0.577
840,6,0,26.535,277.256,0.593,520,11.573,422.185,0.449,0.633
841,7,0,26.814,278.372,0.597,522,11.466,429.879,0.451,0.657
842,5,0,26.907,279.558,0.602,525,11.511,433.43,0.452,0.669
843,4,0,27.372,285.558,0.616,526,10.423,447.615,0.456,0.704
844,6,0,28.023,293.14,0.643,529,10.277,464.66,0.462,0.76
845,2,0,28.535,295.767,0.653,527,10.084,475.165,0.461,0.786
846,6,0,28.721,299.535,0.662,530,9.905,490.21,0.469,0.813
847,10,0,29.186,299.93,0.661,537,9.678,507.583,0.476,0.846
848,6,0,29.233,305.326,0.665,535,9.797,507.806,0.474,0.846
849,10,1,29.209,308.581,0.68,541,9.659,519.841,0.481,0.856
850,5,0,29.209,308.581,0.673,541,9.132,512.421,0.479,0.85
851,1,0,29.488,308.581,0.676,536,9.135,516.505,0.476,0.856
852,6,0,29.767,310.605,0.683,537,8.725,520.39,0.475,0.863
853,7,0,30.14,320.535,0.69,538,8.597,529.598,0.476,0.878
854,3,0,30.605,321.442,0.7,533,8.959,532.394,0.473,0.889
855,5,0,31.209,321.721,0.701,533,8.824,541.625,0.472,0.904
856,6,0,31.488,324.209,0.704,532,8.736,545.954,0.474,0.914
857,6,1,31.395,324.465,0.705,530,8.74,540.56,0.475,0.913
858,5,0,32.116,324.465,0.707,528,8.72,549.041,0.471,0.925
859,5,0,32.674,324.465,0.711,525,8.713,556.497,0.464,0.93
860,9,0,33.0,325.628,0.704,523,8.602,569.915,0.467,0.939
861,5,0,33.442,331.767,0.712,524,8.522,580.185,0.469,0.947
862,6,0,33.023,331.767,0.704,523,8.556,568.597,0.467,0.939
863,6,0,33.233,330.605,0.707,524,8.509,572.185,0.467,0.943
864,3,0,33.186,332.372,0.71,522,8.571,568.832,0.466,0.941
865,5,0,33.442,332.372,0.712,514,8.765,561.552,0.456,0.938
866,9,0,33.837,332.372,0.717,518,8.646,575.807,0.463,0.949
867,4,0,33.884,332.372,0.718,520,8.589,581.764,0.465,0.952
868,7,0,34.023,333.372,0.735,523,8.454,597.784,0.47,0.957
869,9,1,34.837,334.628,0.749,522,8.169,617.377,0.472,0.966
870,4,0,35.302,334.628,0.755,515,8.219,621.9,0.468,0.969
871,5,0,20.093,263.256,0.49,515,11.137,370.426,0.471,0.238
872,4,0,20.279,264.093,0.491,518,10.925,373.429,0.474,0.256
873,6,0,20.698,265.977,0.503,522,10.486,384.136,0.475,0.283
874,6,0,21.302,267.372,0.52,518,10.406,391.407,0.472,0.312
875,4,0,21.767,268.512,0.525,517,10.229,400.973,0.473,0.346
876,7,0,22.791,272.163,0.549,518,9.907,422.681,0.474,0.425
877,5,0,22.651,272.163,0.544,523,9.848,423.046,0.477,0.424
878,7,0,22.86,272.837,0.549,525,9.757,429.952,0.478,0.442
879,3,0,23.186,273.233,0.556,525,9.682,433.416,0.475,0.455
880,5,0,23.372,276.86,0.569,528,9.572,441.007,0.479,0.484
881,9,0,23.698,278.512,0.581,533,9.464,443.838,0.482,0.518
882,5,0,24.116,279.558,0.589,532,9.382,454.254,0.48,0.545
883,3,0,24.116,279.558,0.587,533,9.279,456.12,0.482,0.549
884,5,0,24.581,284.233,0.611,534,9.204,461.034,0.48,0.578
885,6,0,25.047,284.442,0.621,531,9.284,458.977,0.473,0.59
886,5,0,25.605,284.628,0.625,528,9.254,465.756,0.472,0.625
887,7,0,25.977,286.233,0.627,532,9.437,476.209,0.478,0.673
888,10,0,26.093,287.698,0.627,540,9.192,484.244,0.483,0.695
889,8,0,26.233,288.791,0.631,545,9.067,493.398,0.488,0.72
890,4,0,26.837,289.372,0.635,543,9.057,502.486,0.486,0.751
891,10,0,27.535,300.488,0.658,547,8.529,521.759,0.491,0.799
892,6,0,27.674,301.628,0.669,545,8.727,518.709,0.491,0.806
893,4,0,27.814,301.488,0.676,546,8.708,525.561,0.491,0.812
894,2,0,28.093,301.488,0.685,541,8.848,521.115,0.482,0.806
895,6,0,27.93,301.488,0.685,545,8.86,518.515,0.483,0.8
896,9,0,28.233,301.814,0.685,542,8.83,522.615,0.481,0.81
897,9,0,28.512,305.326,0.697,548,8.679,533.835,0.484,0.83
898,7,0,29.07,305.326,0.7,549,8.615,540.069,0.482,0.848
899,4,0,29.233,306.674,0.704,549,9.05,540.42,0.482,0.857
900,6,0,29.512,306.674,0.704,552,9.018,541.678,0.483,0.869
901,9,0,30.0,308.767,0.718,553,9.016,547.261,0.481,0.882
902,8,0,30.372,309.093,0.72,554,8.674,554.862,0.482,0.894
903,8,0,30.837,316.163,0.723,555,8.597,565.661,0.481,0.905
904,7,0,30.837,315.953,0.725,559,8.624,563.355,0.481,0.905
905,3,0,31.116,316.116,0.725,557,8.495,571.514,0.482,0.913
906,7,1,31.256,316.116,0.725,560,8.466,577.043,0.484,0.919
907,5,0,31.442,313.884,0.721,559,8.359,581.042,0.484,0.923
908,6,0,31.535,313.884,0.719,558,8.399,578.166,0.478,0.919
909,6,0,31.628,314.767,0.721,555,8.426,587.794,0.48,0.923
910,5,0,31.93,314.628,0.721,553,8.554,582.62,0.477,0.927
911,6,1,31.744,314.907,0.722,552,8.499,573.18,0.477,0.922
912,6,0,32.116,314.93,0.727,553,8.384,583.15,0.479,0.932
913,5,0,32.163,314.93,0.726,551,8.448,582.479,0.478,0.932
914,5,0,32.767,314.116,0.732,545,8.508,589.949,0.47,0.937
915,4,0,33.047,314.767,0.736,542,8.452,600.441,0.469,0.941
916,9,1,32.884,315.953,0.734,545,9.343,599.399,0.469,0.94
917,6,0,33.302,318.14,0.742,543,9.357,609.322,0.468,0.946
918,3,0,33.349,318.14,0.734,538,9.617,595.053,0.459,0.94
919,3,0,33.628,318.163,0.734,533,9.67,592.245,0.454,0.941
920,6,0,33.558,318.163,0.733,538,9.581,597.011,0.459,0.943
921,7,0,33.279,321.721,0.732,538,9.366,598.141,0.459,0.938
922,4,0,33.326,321.721,0.732,540,9.282,601.944,0.463,0.942
923,6,1,33.605,321.837,0.731,538,9.171,615.304,0.464,0.947
924,5,0,34.163,322.163,0.729,536,9.002,619.166,0.462,0.954
925,13,2,34.442,324.93,0.736,544,8.933,636.425,0.466,0.96
926,5,0,34.442,324.93,0.738,541,9.108,640.115,0.465,0.96
927,7,1,35.093,324.93,0.752,538,8.745,665.13,0.47,0.969
928,8,1,35.395,325.116,0.756,540,8.721,665.763,0.47,0.971
929,9,1,35.442,325.279,0.753,543,8.651,668.016,0.47,0.972
930,7,1,35.07,325.326,0.75,544,8.695,664.869,0.47,0.968
931,4,1,35.233,325.326,0.753,543,8.707,664.121,0.467,0.969
932,1,0,35.349,325.163,0.755,533,8.961,656.236,0.457,0.965
933,4,0,35.302,325.163,0.755,534,8.994,654.65,0.457,0.965
934,5,0,35.209,325.163,0.752,533,8.961,648.624,0.456,0.963
935,4,0,35.256,325.163,0.753,532,9.121,644.168,0.454,0.963
936,6,0,22.116,261.791,0.497,532,10.963,369.634,0.453,0.31
937,6,0,22.442,263.093,0.501,535,10.813,380.823,0.456,0.343
938,2,0,22.581,263.093,0.503,533,10.838,380.401,0.455,0.349
939,4,0,22.86,265.837,0.521,534,10.728,389.396,0.456,0.372
940,5,0,23.186,267.186,0.534,532,10.607,391.386,0.454,0.386
941,8,0,23.372,267.767,0.528,536,10.351,404.635,0.459,0.418
942,7,0,23.605,267.837,0.528,539,10.251,408.092,0.461,0.441
943,4,0,23.884,267.837,0.532,537,10.149,412.391,0.46,0.46
944,7,0,24.047,267.837,0.534,540,9.998,420.757,0.462,0.478
945,7,0,24.93,269.953,0.548,538,9.809,436.538,0.465,0.553
946,6,0,24.977,270.581,0.553,540,9.816,439.327,0.465,0.559
947,7,0,25.581,272.581,0.566,536,9.803,445.067,0.462,0.592
948,0,0,25.953,272.581,0.571,528,9.877,448.791,0.455,0.597
949,8,0,26.372,281.488,0.596,532,9.38,469.675,0.462,0.648
950,5,0,26.651,283.163,0.601,533,9.176,481.344,0.464,0.672
951,2,0,26.465,281.907,0.594,528,9.286,470.718,0.46,0.647
952,3,0,26.651,282.953,0.605,525,9.287,469.853,0.456,0.647
953,5,0,26.512,282.953,0.602,527,9.337,472.617,0.458,0.643
954,8,0,27.14,292.558,0.624,528,9.237,482.465,0.46,0.694
955,9,0,27.837,297.023,0.639,530,8.928,504.143,0.466,0.753
956,5,0,28.442,300.093,0.651,531,8.618,523.938,0.467,0.787
957,8,0,28.93,303.326,0.661,530,8.504,531.55,0.467,0.812
958,1,0,28.605,303.326,0.664,524,8.749,518.281,0.463,0.786
959,7,1,28.977,303.442,0.668,521,8.769,524.963,0.461,0.801
960,4,0,29.442,303.442,0.671,518,8.817,528.223,0.456,0.811
961,6,0,29.628,301.047,0.665,517,8.847,531.178,0.453,0.814
962,4,0,29.581,301.326,0.665,515,9.509,525.168,0.45,0.809
963,11,0,29.581,313.977,0.665,522,9.584,526.0,0.453,0.816
964,4,0,30.279,314.512,0.669,519,9.5,533.465,0.449,0.838
965,7,0,30.326,315.116,0.673,520,9.456,537.748,0.452,0.845
966,5,0,30.651,318.209,0.688,520,9.31,550.26,0.454,0.861
967,8,0,31.047,319.442,0.69,525,9.126,565.975,0.459,0.883
968,5,0,31.279,319.721,0.69,527,9.065,573.27,0.461,0.893
969,4,0,31.302,319.558,0.695,527,9.094,571.119,0.458,0.889
970,5,1,31.209,319.558,0.695,526,9.193,564.498,0.454,0.881
971,5,0,31.349,320.116,0.705,522,9.25,565.617,0.449,0.877
972,6,0,31.302,321.837,0.705,527,9.306,571.064,0.454,0.884
973,6,0,31.535,324.116,0.706,528,9.183,581.216,0.458,0.896
974,4,1,31.488,326.953,0.709,526,9.203,577.209,0.456,0.893
975,7,0,31.488,327.093,0.708,530,9.135,586.006,0.461,0.898
976,3,0,31.349,327.791,0.706,528,9.176,584.564,0.46,0.893
977,10,0,31.488,332.233,0.712,534,8.779,602.357,0.469,0.908
978,6,0,32.093,332.233,0.724,532,8.741,609.265,0.467,0.921
979,4,0,18.884,264.674,0.482,533,14.405,324.437,0.47,0.192
980,6,0,19.349,265.233,0.49,536,14.047,333.303,0.47,0.212
981,6,0,20.209,267.674,0.512,534,12.575,352.36,0.469,0.249
982,7,0,20.488,268.488,0.517,538,12.572,358.476,0.47,0.268
983,8,0,20.674,270.744,0.522,541,12.515,367.041,0.477,0.3
984,6,0,21.279,271.86,0.524,542,12.059,374.008,0.48,0.348
985,7,0,22.535,282.605,0.579,540,11.54,402.448,0.484,0.454
986,12,0,23.186,285.186,0.592,547,11.215,426.331,0.491,0.528
987,6,0,23.721,289.674,0.629,548,10.481,435.786,0.491,0.562
988,4,0,24.186,299.14,0.65,550,9.923,444.475,0.495,0.607
989,6,0,24.698,302.837,0.661,551,9.758,456.093,0.498,0.654
990,10,0,25.326,307.442,0.677,555,9.424,478.335,0.504,0.714
991,6,0,25.535,307.721,0.679,554,9.358,483.257,0.505,0.728
992,10,0,25.628,309.279,0.683,558,9.238,487.138,0.51,0.747
993,13,0,26.767,317.0,0.7,566,7.773,530.131,0.52,0.823
994,7,0,26.86,317.674,0.702,565,7.857,531.174,0.519,0.826
995,7,1,27.488,320.093,0.707,566,7.585,550.954,0.523,0.859
996,7,2,27.907,320.628,0.709,560,7.59,560.994,0.521,0.871
997,3,0,28.442,323.256,0.717,557,7.647,569.066,0.516,0.881
998,7,0,28.953,324.326,0.722,555,7.569,580.261,0.516,0.896
999,9,0,29.047,327.186,0.724,555,7.543,578.828,0.518,0.902
1000,0,0,29.442,327.186,0.725,547,7.645,575.982,0.512,0.904
