1,10,0,0.791,4.349,0.003,10,310.491,0.227,0.011,0.016
2,8,0,1.256,7.767,0.007,18,275.241,0.705,0.017,0.007
3,6,0,1.581,11.814,0.013,24,247.514,1.385,0.023,0.003
4,7,0,2.186,15.488,0.017,30,221.815,2.31,0.03,0.002
5,6,0,2.465,20.023,0.023,36,205.28,3.343,0.037,0.001
6,13,0,3.186,24.372,0.029,46,183.246,5.966,0.045,0.001
7,2,0,3.233,25.674,0.031,48,179.201,6.385,0.046,0.001
8,6,0,3.581,27.395,0.031,54,167.252,7.838,0.051,0.001
9,8,0,3.767,30.302,0.033,62,152.635,9.369,0.058,0.0
10,4,0,3.907,32.116,0.037,65,143.313,9.832,0.059,0.0
11,9,0,4.349,34.884,0.038,73,132.837,11.894,0.066,0.0
12,7,0,4.791,38.047,0.042,80,124.52,13.831,0.072,0.0
13,3,0,5.023,40.977,0.05,81,118.655,14.349,0.073,0.0
14,12,0,5.488,46.628,0.06,91,105.686,17.932,0.08,0.0
15,12,0,6.233,58.116,0.081,102,91.982,21.68,0.094,0.0
16,7,0,6.186,58.791,0.08,107,93.462,22.094,0.097,0.0
17,7,0,6.605,62.721,0.087,112,91.374,22.556,0.102,0.0
18,6,0,6.884,66.698,0.093,118,88.33,26.069,0.109,0.0
19,5,0,7.186,67.907,0.097,118,81.385,27.778,0.109,0.0
20,8,0,7.581,73.209,0.108,124,76.696,29.937,0.115,0.0
21,10,0,7.907,77.953,0.114,134,70.623,33.496,0.124,0.0
22,8,0,8.163,79.628,0.115,139,69.179,35.664,0.129,0.0
23,6,0,8.349,80.209,0.113,145,67.724,37.574,0.133,0.0
24,10,0,8.581,85.116,0.119,154,64.205,43.693,0.143,0.0
25,5,0,8.814,88.279,0.124,158,60.435,46.879,0.148,0.0
26,4,0,9.047,91.047,0.129,160,58.319,48.94,0.153,0.0
27,8,0,9.186,93.349,0.132,167,57.001,51.333,0.157,0.0
28,7,0,9.791,105.256,0.164,171,51.358,59.37,0.164,0.001
29,6,0,9.744,105.442,0.16,177,51.401,60.046,0.167,0.001
30,10,0,9.93,108.047,0.161,186,49.967,65.63,0.175,0.001
31,12,0,10.488,120.698,0.187,195,46.193,76.426,0.191,0.001
32,7,0,10.86,126.023,0.198,200,44.261,83.264,0.199,0.001
33,10,0,10.953,128.186,0.204,204,43.538,85.577,0.2,0.001
34,11,0,10.977,129.093,0.201,212,42.416,89.432,0.206,0.001
35,9,0,11.581,133.744,0.211,218,37.595,98.729,0.213,0.001
36,5,0,11.884,137.512,0.221,222,36.46,102.676,0.216,0.001
37,9,0,11.791,139.14,0.224,228,35.954,104.6,0.218,0.001
38,9,0,12.349,143.558,0.231,236,33.906,112.736,0.227,0.002
39,11,0,13.186,154.814,0.263,244,31.898,123.958,0.235,0.002
40,6,0,13.372,156.395,0.271,247,31.734,126.033,0.232,0.002
41,6,0,13.558,156.395,0.271,251,31.351,129.415,0.234,0.002
42,5,0,13.744,157.605,0.271,253,30.778,132.02,0.238,0.003
43,6,0,13.837,158.233,0.269,258,30.302,133.79,0.242,0.003
44,4,0,13.977,156.791,0.269,256,30.134,132.135,0.238,0.003
45,7,0,14.209,158.186,0.272,260,29.6,135.129,0.241,0.003
46,5,0,14.535,166.093,0.296,263,28.702,140.573,0.246,0.004
47,4,0,15.186,169.256,0.305,263,27.543,147.491,0.248,0.004
48,13,0,15.698,169.721,0.303,272,26.998,154.708,0.252,0.005
49,10,0,16.163,172.465,0.308,277,25.589,164.954,0.259,0.006
50,9,0,16.535,179.884,0.327,283,24.537,175.832,0.27,0.008
51,8,0,16.488,179.977,0.324,287,24.151,177.602,0.273,0.008
52,4,0,16.628,185.302,0.344,285,24.021,174.926,0.273,0.009
53,3,0,16.86,186.023,0.347,285,23.878,179.95,0.273,0.009
54,9,0,16.907,187.14,0.345,292,22.935,186.602,0.278,0.01
55,5,0,16.814,187.698,0.348,296,23.629,182.201,0.278,0.01
56,8,0,16.953,190.674,0.356,301,23.308,186.023,0.281,0.01
57,9,0,17.047,194.86,0.371,307,22.418,190.462,0.284,0.011
58,11,0,17.326,197.163,0.378,311,22.654,193.087,0.286,0.012
59,11,0,17.628,202.465,0.391,320,21.947,206.153,0.298,0.016
60,6,0,17.721,214.372,0.422,323,21.547,209.717,0.306,0.018
61,9,0,18.14,219.488,0.439,330,20.57,224.669,0.311,0.022
62,5,0,18.186,219.953,0.439,333,20.529,225.921,0.314,0.023
63,8,0,18.233,220.512,0.439,339,19.899,229.876,0.316,0.023
64,4,0,18.372,222.0,0.446,338,19.68,229.964,0.314,0.023
65,13,0,18.977,227.814,0.457,346,18.706,244.454,0.326,0.032
66,9,0,19.163,230.372,0.472,349,18.548,249.451,0.326,0.034
67,2,0,19.302,230.023,0.475,346,18.701,251.58,0.322,0.034
68,7,0,19.791,230.86,0.479,347,18.577,259.318,0.322,0.039
69,5,0,19.884,230.488,0.481,345,18.739,259.394,0.318,0.038
70,8,0,19.907,230.488,0.479,348,18.611,261.479,0.321,0.039
71,5,0,19.721,234.465,0.49,350,18.55,259.639,0.322,0.038
72,6,0,20.116,234.93,0.498,349,17.975,257.114,0.316,0.039
73,13,0,20.302,236.721,0.498,359,17.145,269.14,0.326,0.046
74,8,0,20.674,242.349,0.516,365,16.538,277.469,0.333,0.055
75,13,0,20.814,245.093,0.522,375,16.265,283.364,0.338,0.062
76,5,0,21.256,245.093,0.524,374,16.16,284.302,0.338,0.069
77,8,0,22.163,248.488,0.54,375,15.346,301.467,0.342,0.093
78,13,0,22.442,250.14,0.541,385,15.204,314.543,0.351,0.113
79,12,0,23.233,252.442,0.544,391,14.691,332.892,0.359,0.152
80,7,0,23.512,260.023,0.563,395,13.929,345.984,0.366,0.175
81,10,0,23.907,260.116,0.558,400,13.511,348.131,0.37,0.2
82,9,0,24.14,260.512,0.558,406,13.14,354.572,0.373,0.219
83,3,0,24.302,260.907,0.56,404,13.003,361.037,0.374,0.23
84,4,0,24.302,263.163,0.571,401,13.196,355.357,0.372,0.226
85,8,0,24.395,260.326,0.559,400,13.195,354.635,0.37,0.224
86,8,0,24.558,261.535,0.563,407,12.86,363.74,0.376,0.248
87,10,0,24.814,261.86,0.561,411,12.461,377.397,0.382,0.279
88,5,0,25.07,261.977,0.567,405,12.663,372.03,0.377,0.279
89,5,0,25.047,261.977,0.569,406,12.741,372.838,0.374,0.271
90,5,0,25.116,264.093,0.574,405,12.677,376.007,0.375,0.278
91,10,0,25.535,265.698,0.573,407,12.43,383.431,0.381,0.32
92,13,0,25.93,269.884,0.58,413,12.054,397.54,0.386,0.364
93,10,0,26.163,277.488,0.609,418,11.879,406.685,0.394,0.408
94,9,0,26.233,278.744,0.617,423,11.234,413.944,0.399,0.424
95,10,0,26.581,279.512,0.62,429,10.744,429.155,0.406,0.472
96,4,0,26.721,280.581,0.621,429,10.739,430.239,0.406,0.483
97,7,0,26.767,280.721,0.618,431,10.601,438.897,0.411,0.507
98,7,0,26.953,280.721,0.616,434,10.974,443.563,0.414,0.534
99,10,0,27.419,285.209,0.641,436,10.983,449.322,0.413,0.567
100,6,0,27.837,286.349,0.645,433,10.95,454.468,0.415,0.603
101,4,0,28.209,288.442,0.648,433,10.889,459.492,0.414,0.627
102,4,0,28.302,288.442,0.65,432,10.926,460.705,0.413,0.632
103,8,0,28.605,290.558,0.65,434,11.776,467.17,0.417,0.672
104,6,0,28.419,290.395,0.65,435,11.909,461.382,0.413,0.648
105,4,0,28.465,289.488,0.65,430,12.072,457.589,0.406,0.627
106,13,0,28.721,303.279,0.655,435,11.864,470.999,0.415,0.677
107,12,0,28.86,307.93,0.663,442,11.918,476.133,0.419,0.696
108,7,0,29.14,308.14,0.66,447,11.865,488.674,0.422,0.725
109,11,0,29.488,312.605,0.68,453,11.538,505.189,0.43,0.764
110,12,0,29.349,312.605,0.681,459,11.343,513.063,0.436,0.773
111,6,0,29.07,312.628,0.682,459,11.43,506.127,0.436,0.756
112,6,0,28.837,312.0,0.68,461,11.561,499.858,0.433,0.736
113,12,2,28.814,312.116,0.677,467,11.455,508.509,0.441,0.755
114,10,1,28.977,312.116,0.679,469,11.294,514.89,0.445,0.774
115,9,0,29.209,312.465,0.682,471,11.293,518.196,0.443,0.783
116,7,0,29.465,308.628,0.681,470,11.33,525.291,0.44,0.789
117,8,0,29.605,309.256,0.69,472,11.408,530.489,0.439,0.794
118,9,0,29.349,309.721,0.686,478,11.282,530.7,0.445,0.795
119,4,1,29.884,306.884,0.687,474,11.227,532.052,0.442,0.813
120,6,0,29.977,311.884,0.696,474,11.119,540.671,0.444,0.822
121,4,0,30.07,308.651,0.696,471,11.151,538.801,0.441,0.819
122,5,0,30.419,309.07,0.697,467,11.135,538.829,0.439,0.83
123,13,0,31.116,312.163,0.707,473,10.787,561.073,0.444,0.867
124,6,0,30.884,312.163,0.714,478,10.685,562.879,0.449,0.866
125,11,0,31.488,319.186,0.718,485,10.574,576.847,0.453,0.893
126,4,0,31.767,319.186,0.72,483,10.551,576.032,0.45,0.897
127,9,0,31.953,318.14,0.72,483,10.512,580.503,0.449,0.9
128,5,0,31.884,317.953,0.719,484,10.555,575.983,0.447,0.895
129,11,0,31.698,317.953,0.722,489,10.452,576.095,0.447,0.889
130,5,0,31.884,317.953,0.721,489,10.226,581.568,0.448,0.896
131,8,0,31.791,318.512,0.72,488,10.365,570.966,0.445,0.889
132,6,1,31.884,321.628,0.722,488,10.392,570.86,0.443,0.889
133,2,0,31.837,321.535,0.722,484,10.494,562.448,0.437,0.879
134,7,0,31.791,321.535,0.721,490,10.447,565.361,0.44,0.882
135,11,0,31.93,321.233,0.72,496,10.346,570.576,0.445,0.893
136,3,0,32.233,328.163,0.722,493,10.346,571.395,0.443,0.9
137,12,0,32.256,328.279,0.721,501,10.423,587.189,0.449,0.908
138,10,0,32.093,327.791,0.728,502,10.31,586.193,0.45,0.905
139,7,0,32.488,329.07,0.729,499,10.288,586.539,0.449,0.914
140,9,0,32.395,329.256,0.727,505,10.184,593.872,0.455,0.918
141,13,0,32.395,330.209,0.724,513,9.972,602.415,0.461,0.924
142,10,0,33.186,330.209,0.726,512,9.737,622.542,0.465,0.942
143,5,1,33.023,330.209,0.727,508,9.819,615.366,0.461,0.936
144,8,0,33.023,330.093,0.727,511,9.47,628.775,0.466,0.94
145,5,0,33.256,330.093,0.73,507,9.483,633.641,0.461,0.94
146,5,1,33.209,330.093,0.731,504,9.551,631.454,0.457,0.936
147,9,2,33.349,330.279,0.732,506,9.494,632.58,0.458,0.939
148,12,0,33.721,331.093,0.732,509,9.524,639.426,0.461,0.948
149,10,0,33.86,331.209,0.745,514,9.339,655.022,0.469,0.955
150,7,0,33.744,331.209,0.747,514,8.552,648.334,0.468,0.952
151,7,1,33.628,331.209,0.742,509,9.679,638.687,0.466,0.95
152,7,0,33.767,331.814,0.744,503,9.745,632.366,0.462,0.949
153,8,0,33.721,331.814,0.745,503,9.555,636.062,0.463,0.949
154,13,2,34.116,331.814,0.743,511,9.365,645.864,0.466,0.956
155,10,1,34.186,330.535,0.739,514,9.46,644.202,0.466,0.957
156,7,1,34.0,330.116,0.741,515,9.344,648.497,0.47,0.957
157,10,1,34.093,330.116,0.744,520,9.295,654.146,0.473,0.96
158,6,0,34.186,330.535,0.745,520,9.272,661.116,0.474,0.962
159,9,3,34.093,330.535,0.746,521,9.228,668.577,0.477,0.962
160,7,0,34.07,330.535,0.746,523,9.249,667.988,0.476,0.962
161,9,3,33.977,330.535,0.746,527,9.258,664.978,0.477,0.961
162,7,0,34.116,330.651,0.746,529,9.102,668.406,0.478,0.963
163,3,0,34.163,330.651,0.745,528,9.099,665.525,0.477,0.963
164,10,0,34.233,330.651,0.746,530,9.0,667.577,0.479,0.964
165,2,1,34.256,330.651,0.746,527,9.023,665.695,0.476,0.964
166,6,0,34.116,330.651,0.746,530,9.005,667.098,0.478,0.963
167,8,1,34.442,331.744,0.754,532,8.855,669.339,0.48,0.967
168,9,1,34.674,331.744,0.753,536,8.736,676.755,0.485,0.971
169,4,2,34.837,331.744,0.752,530,8.768,675.437,0.48,0.971
170,6,2,34.953,331.744,0.753,529,8.877,676.422,0.477,0.97
171,6,0,35.023,332.419,0.755,528,8.824,671.868,0.476,0.971
172,9,0,34.977,331.581,0.755,529,10.653,662.612,0.48,0.973
173,13,1,34.93,331.581,0.757,535,10.625,660.486,0.484,0.975
174,9,1,34.465,331.581,0.754,542,10.55,664.086,0.49,0.973
175,7,1,34.698,331.581,0.758,542,10.566,673.241,0.49,0.975
176,6,1,34.558,331.698,0.759,543,10.712,671.895,0.492,0.975
177,5,0,34.419,331.698,0.759,542,10.743,665.647,0.489,0.972
178,11,2,34.884,331.14,0.76,543,10.658,672.489,0.489,0.976
179,5,1,34.884,329.465,0.76,536,10.819,655.772,0.479,0.972
180,5,1,35.372,329.465,0.762,537,10.747,663.197,0.48,0.977
181,6,0,35.116,328.86,0.758,536,11.037,656.814,0.478,0.974
182,13,1,35.674,329.14,0.767,542,10.868,678.084,0.486,0.981
183,7,1,35.814,329.14,0.766,543,10.781,675.141,0.486,0.981
184,13,1,36.07,329.558,0.77,553,10.643,695.336,0.495,0.985
185,11,3,36.256,329.372,0.775,557,10.572,698.519,0.498,0.986
186,13,3,35.744,329.372,0.774,562,10.642,680.829,0.499,0.984
187,12,1,35.837,332.581,0.776,565,10.433,684.243,0.5,0.985
188,8,3,35.93,332.581,0.773,564,10.483,682.524,0.497,0.985
189,5,1,35.977,332.581,0.777,563,10.426,687.404,0.497,0.985
190,10,1,36.558,331.93,0.781,560,10.35,701.862,0.496,0.987
191,7,1,36.465,332.488,0.781,559,10.362,697.826,0.496,0.987
192,5,0,36.558,332.488,0.784,557,10.4,700.789,0.493,0.986
193,12,0,36.721,332.953,0.781,561,10.089,705.434,0.496,0.988
194,11,0,36.698,332.953,0.778,565,10.032,712.813,0.499,0.988
195,6,1,36.395,333.186,0.778,563,10.075,706.532,0.497,0.986
196,8,1,36.349,333.209,0.779,562,10.374,693.799,0.493,0.985
197,10,1,36.209,333.209,0.774,563,10.362,695.185,0.497,0.986
198,5,0,36.837,333.977,0.775,560,10.42,704.273,0.491,0.987
199,5,1,36.651,333.977,0.783,557,10.309,700.644,0.492,0.986
200,5,0,36.791,333.977,0.781,556,10.336,703.216,0.49,0.987
201,13,1,37.047,333.977,0.782,564,10.199,714.486,0.496,0.989
202,6,3,37.419,333.977,0.784,558,10.203,718.69,0.493,0.99
203,10,2,37.279,333.977,0.781,561,10.135,713.431,0.497,0.99
204,8,1,37.326,333.977,0.783,557,10.249,713.27,0.489,0.989
205,11,3,37.488,335.349,0.783,558,10.202,715.008,0.488,0.989
206,6,1,37.628,335.349,0.789,561,10.022,723.998,0.494,0.99
207,9,1,37.791,334.605,0.787,564,10.06,721.056,0.492,0.99
208,3,0,37.698,334.605,0.776,559,10.492,703.558,0.487,0.99
209,8,1,37.837,334.279,0.78,560,10.427,706.586,0.492,0.991
210,13,2,38.116,334.279,0.78,565,10.047,709.599,0.496,0.992
211,13,0,38.279,335.047,0.777,571,9.991,719.669,0.501,0.993
212,9,0,38.395,334.93,0.774,570,10.113,713.293,0.499,0.993
213,9,1,37.674,333.744,0.778,571,10.203,697.289,0.501,0.991
214,6,0,37.814,333.744,0.775,572,10.211,699.396,0.499,0.991
215,13,3,38.279,341.791,0.788,575,8.396,713.65,0.502,0.992
216,7,2,38.349,341.791,0.788,576,8.353,715.809,0.504,0.993
217,4,1,38.302,341.791,0.787,573,8.599,712.778,0.501,0.993
218,6,0,38.116,341.791,0.789,573,8.645,713.373,0.499,0.992
219,4,0,38.256,341.605,0.786,573,8.616,714.284,0.498,0.992
220,8,1,38.349,341.605,0.787,574,8.553,716.614,0.498,0.992
221,7,0,38.674,341.605,0.787,572,8.576,725.098,0.496,0.993
222,5,0,38.814,340.093,0.785,570,8.581,728.61,0.493,0.993
223,7,2,38.581,340.093,0.782,569,8.573,724.869,0.494,0.992
224,6,1,38.814,340.093,0.788,562,8.584,732.382,0.491,0.993
225,7,1,38.837,339.767,0.789,562,8.488,734.852,0.49,0.993
226,4,0,38.698,339.767,0.789,562,8.507,728.232,0.489,0.992
227,7,1,38.419,339.767,0.788,566,8.528,726.584,0.491,0.992
228,7,0,38.419,339.767,0.782,562,8.674,718.253,0.49,0.992
229,4,0,38.628,339.907,0.784,553,8.705,714.188,0.486,0.992
230,6,0,38.907,340.326,0.783,556,8.499,725.022,0.489,0.993
231,12,2,39.326,340.326,0.781,558,8.32,739.469,0.497,0.994
232,7,0,39.419,340.326,0.774,557,9.855,735.696,0.495,0.994
233,3,1,39.512,340.326,0.775,553,10.177,725.351,0.488,0.994
234,4,1,39.605,340.326,0.773,552,10.194,724.134,0.486,0.994
235,8,4,39.14,340.326,0.772,551,10.236,720.116,0.485,0.993
236,10,0,39.163,340.326,0.772,556,10.219,725.358,0.488,0.993
237,5,0,38.953,340.326,0.773,555,10.29,714.666,0.484,0.993
238,12,0,38.884,341.349,0.769,555,10.201,718.73,0.488,0.993
239,10,0,38.744,342.512,0.768,558,10.046,727.469,0.493,0.993
240,11,1,38.256,342.512,0.766,554,10.333,710.312,0.489,0.991
241,13,0,37.884,342.512,0.769,558,10.417,709.776,0.489,0.99
242,3,2,37.884,342.512,0.772,549,9.097,703.897,0.483,0.989
243,5,0,37.837,342.512,0.772,543,9.181,705.867,0.48,0.988
244,9,1,37.837,342.512,0.771,545,9.155,708.264,0.484,0.989
245,11,5,38.395,342.512,0.775,546,8.547,719.58,0.489,0.991
246,12,4,38.488,342.512,0.773,549,8.512,725.491,0.492,0.992
247,8,3,38.442,342.512,0.773,552,8.508,725.186,0.492,0.992
248,7,1,38.628,342.512,0.778,550,8.412,719.174,0.488,0.992
249,7,0,38.395,341.837,0.777,550,8.484,711.842,0.484,0.991
250,6,0,38.512,341.837,0.779,550,8.321,712.042,0.482,0.991
251,7,1,38.186,341.837,0.776,550,8.299,712.672,0.482,0.99
252,8,2,37.767,341.837,0.771,553,8.341,706.531,0.484,0.989
253,7,2,37.535,341.953,0.772,551,8.386,699.545,0.482,0.987
254,12,3,37.14,340.86,0.772,549,8.71,668.916,0.475,0.984
255,10,1,37.86,342.884,0.79,556,7.385,693.05,0.483,0.988
256,7,1,38.07,342.884,0.789,559,7.279,703.944,0.488,0.99
257,2,1,37.791,342.884,0.792,556,6.947,686.128,0.483,0.988
258,4,0,37.651,342.884,0.792,553,7.019,677.68,0.479,0.987
259,10,0,37.674,341.744,0.791,550,7.018,682.108,0.478,0.987
260,11,2,37.465,343.674,0.789,553,6.963,681.5,0.482,0.987
261,7,1,37.558,341.837,0.791,549,6.922,683.197,0.48,0.986
262,8,1,37.326,341.837,0.791,551,6.576,683.017,0.482,0.986
263,5,0,36.814,341.837,0.793,549,6.562,665.112,0.479,0.982
264,5,1,37.093,343.047,0.797,545,6.556,670.171,0.478,0.984
265,7,0,37.93,343.047,0.799,543,6.446,687.722,0.477,0.987
266,9,1,37.791,342.884,0.799,548,6.431,689.301,0.479,0.987
267,12,0,37.977,342.93,0.8,554,6.317,702.556,0.483,0.988
268,10,2,37.791,342.93,0.799,556,6.344,696.252,0.483,0.988
269,4,2,38.023,342.93,0.8,554,6.342,697.568,0.482,0.988
270,12,3,37.884,342.93,0.798,557,6.373,702.444,0.482,0.988
271,12,2,37.86,342.93,0.8,562,6.599,696.645,0.485,0.988
272,4,0,38.279,342.93,0.802,559,6.611,700.476,0.482,0.989
273,6,0,38.047,342.791,0.801,560,6.621,697.444,0.483,0.989
274,11,2,38.0,342.837,0.799,561,6.677,686.319,0.481,0.988
275,13,1,38.372,342.837,0.798,566,6.544,699.734,0.487,0.99
276,11,0,38.558,342.837,0.795,572,6.492,706.108,0.492,0.992
277,9,0,38.256,344.953,0.795,576,6.593,694.819,0.494,0.991
278,3,1,38.442,344.86,0.795,571,6.639,691.767,0.489,0.991
279,12,2,38.302,344.558,0.791,572,6.636,692.301,0.486,0.99
280,12,1,38.349,344.558,0.791,577,6.598,700.008,0.491,0.991
281,7,1,38.163,343.163,0.793,579,6.845,687.525,0.488,0.99
282,7,0,38.116,343.791,0.795,575,6.896,681.743,0.486,0.99
283,8,1,37.605,343.791,0.791,579,6.957,670.515,0.487,0.988
284,8,2,37.791,343.791,0.791,577,6.939,673.561,0.485,0.988
285,12,0,37.744,343.791,0.788,583,6.919,686.462,0.493,0.989
286,9,0,37.837,343.791,0.788,584,6.578,690.101,0.491,0.989
287,12,1,37.884,343.791,0.78,588,7.005,680.97,0.491,0.99
288,6,0,37.721,343.791,0.78,588,6.81,681.532,0.492,0.989
289,6,0,37.884,343.047,0.787,591,6.726,692.252,0.497,0.99
290,5,1,37.744,343.116,0.786,588,6.796,683.807,0.493,0.989
291,11,0,37.698,343.116,0.784,594,6.704,684.489,0.496,0.99
292,6,2,38.256,343.233,0.784,588,6.439,691.698,0.493,0.991
293,11,1,37.93,343.233,0.779,591,6.452,686.599,0.493,0.99
294,10,0,38.07,343.419,0.781,595,6.351,696.105,0.499,0.991
295,4,1,38.186,342.442,0.778,593,6.252,693.031,0.494,0.991
296,12,1,38.14,342.628,0.784,593,6.333,686.693,0.493,0.99
297,10,0,38.256,342.465,0.787,591,6.253,691.127,0.488,0.99
298,6,0,38.256,342.535,0.787,591,6.298,689.561,0.485,0.99
299,6,0,38.163,341.814,0.789,590,6.365,683.188,0.481,0.989
300,7,0,38.023,341.86,0.789,589,6.332,691.643,0.481,0.988
301,11,1,38.302,342.07,0.788,592,6.257,698.608,0.484,0.99
302,13,2,38.581,342.07,0.785,594,6.243,703.349,0.481,0.99
303,2,0,38.767,341.163,0.786,588,6.413,698.224,0.476,0.99
304,8,1,38.302,341.163,0.786,581,6.551,682.067,0.472,0.988
305,4,0,38.209,339.581,0.782,582,6.587,680.296,0.47,0.987
306,6,0,38.0,339.581,0.78,581,6.525,680.48,0.472,0.986
307,10,0,38.395,339.651,0.782,585,6.395,697.266,0.475,0.989
308,9,0,38.349,339.581,0.781,584,6.44,692.294,0.475,0.988
309,8,1,38.535,340.209,0.781,588,6.291,698.248,0.477,0.989
310,5,1,38.977,340.209,0.78,582,6.314,702.472,0.474,0.99
311,7,0,38.884,340.209,0.778,582,6.304,697.682,0.472,0.99
312,5,0,38.651,339.07,0.775,576,6.442,690.79,0.468,0.988
313,9,0,38.395,339.07,0.773,580,6.42,690.766,0.471,0.988
314,7,0,38.721,339.953,0.785,580,6.456,692.964,0.472,0.989
315,7,0,39.093,340.372,0.782,583,6.202,718.138,0.479,0.991
316,6,1,39.256,340.628,0.782,581,6.235,715.274,0.478,0.992
317,4,0,39.233,341.907,0.784,575,6.215,717.11,0.475,0.991
318,7,0,39.302,341.907,0.785,576,6.293,711.3,0.471,0.991
319,13,0,39.163,341.907,0.78,586,6.233,717.908,0.476,0.991
320,3,0,39.302,341.186,0.777,579,6.63,714.642,0.472,0.991
321,11,1,39.093,341.791,0.775,585,6.623,713.235,0.476,0.991
322,6,0,39.0,341.674,0.775,587,6.67,708.334,0.476,0.991
323,12,0,39.093,341.86,0.777,592,6.92,719.031,0.488,0.993
324,7,0,39.651,341.86,0.778,594,6.815,732.333,0.492,0.994
325,7,2,39.465,341.372,0.776,593,6.894,719.903,0.489,0.993
326,6,1,39.698,341.372,0.776,588,6.992,708.14,0.482,0.993
327,13,0,39.419,341.558,0.775,595,6.936,710.692,0.486,0.993
328,4,1,39.605,341.558,0.775,592,6.939,716.604,0.485,0.993
329,4,0,40.488,341.558,0.778,586,6.882,728.185,0.482,0.995
330,13,2,40.209,341.558,0.777,590,7.029,722.319,0.482,0.994
331,4,0,40.256,341.558,0.776,584,7.087,720.657,0.478,0.994
332,5,1,40.349,341.558,0.776,582,7.084,723.943,0.478,0.994
333,4,0,40.442,341.558,0.778,582,7.948,727.412,0.48,0.995
334,10,2,40.581,341.558,0.778,584,7.901,736.627,0.484,0.995
335,7,1,40.395,341.419,0.778,584,7.976,730.276,0.482,0.995
336,5,2,40.581,341.419,0.777,579,8.008,725.482,0.478,0.995
337,8,2,40.279,341.419,0.775,577,8.129,712.435,0.477,0.994
338,6,0,40.093,341.419,0.777,576,7.36,708.328,0.477,0.994
339,5,0,40.186,341.419,0.775,570,7.416,705.736,0.472,0.993
340,8,3,40.186,341.558,0.777,569,7.389,707.676,0.473,0.993
341,8,1,40.186,341.558,0.776,570,7.353,709.168,0.472,0.993
342,8,3,39.953,341.558,0.771,567,7.413,707.937,0.47,0.993
343,13,1,39.605,340.814,0.777,570,7.431,710.357,0.476,0.993
344,11,0,39.651,341.209,0.779,570,7.64,701.628,0.471,0.992
345,8,1,39.651,341.209,0.778,572,7.518,713.009,0.475,0.992
346,5,0,39.767,341.791,0.779,570,7.554,715.441,0.473,0.993
347,12,2,40.14,341.14,0.78,575,7.403,739.072,0.478,0.994
348,11,1,39.884,341.512,0.783,579,7.403,736.708,0.482,0.994
349,10,0,40.023,342.302,0.782,580,7.363,743.454,0.482,0.994
350,3,1,39.744,342.302,0.783,574,7.439,736.111,0.478,0.993
351,5,0,39.651,342.302,0.784,573,7.312,740.311,0.479,0.993
352,7,0,39.651,342.302,0.785,574,7.295,748.698,0.48,0.993
353,6,1,39.698,341.721,0.786,577,7.101,761.321,0.484,0.993
354,6,0,39.93,341.814,0.785,579,7.034,767.269,0.487,0.994
355,10,2,40.093,341.814,0.792,579,6.939,774.542,0.487,0.994
356,10,2,39.86,341.814,0.793,577,7.007,766.904,0.485,0.994
357,6,0,39.721,341.814,0.79,577,7.027,763.591,0.483,0.993
358,1,0,39.628,341.814,0.788,571,7.387,754.312,0.476,0.993
359,13,1,39.581,341.907,0.786,572,7.435,739.337,0.474,0.992
360,8,0,39.767,341.907,0.788,578,7.358,743.004,0.478,0.993
361,8,0,40.186,342.605,0.787,577,7.407,750.623,0.473,0.993
362,13,0,39.814,342.86,0.784,581,7.407,750.379,0.479,0.993
363,6,0,39.721,342.86,0.784,580,7.341,755.846,0.481,0.993
364,7,1,39.535,342.86,0.783,580,7.392,748.024,0.479,0.993
365,7,1,39.14,342.163,0.783,577,7.55,730.835,0.472,0.991
366,5,0,38.767,342.163,0.779,578,7.623,727.419,0.471,0.99
367,8,0,38.767,342.07,0.779,578,7.608,728.836,0.471,0.99
368,6,0,38.651,340.767,0.784,576,7.579,721.21,0.47,0.989
369,9,3,38.837,340.767,0.792,568,7.693,718.357,0.465,0.989
370,2,0,38.512,340.581,0.792,563,7.804,704.45,0.46,0.987
371,11,0,38.488,340.953,0.784,567,7.801,694.332,0.459,0.987
372,8,0,38.907,340.581,0.786,571,7.551,709.208,0.465,0.989
373,7,0,38.907,340.86,0.787,572,7.574,708.446,0.46,0.988
374,6,0,38.674,340.86,0.787,569,7.615,711.148,0.46,0.987
375,9,1,39.047,340.86,0.791,571,7.438,723.733,0.462,0.989
376,6,0,38.581,342.349,0.787,570,7.513,712.712,0.464,0.988
377,13,1,38.814,342.349,0.799,576,7.291,730.289,0.468,0.989
378,7,1,39.14,342.07,0.8,575,7.364,732.098,0.466,0.99
379,5,0,39.233,340.93,0.801,572,7.35,728.595,0.462,0.99
380,8,2,39.326,340.93,0.803,571,7.351,732.949,0.462,0.99
381,6,0,39.047,340.977,0.803,567,7.451,712.594,0.456,0.988
382,8,1,39.163,343.186,0.803,569,7.418,710.125,0.457,0.989
383,11,3,39.326,343.186,0.8,563,7.439,715.343,0.457,0.989
384,6,0,39.256,340.977,0.797,564,7.464,710.623,0.458,0.989
385,5,2,39.209,340.977,0.798,561,7.538,704.66,0.454,0.988
386,6,0,39.256,340.977,0.783,558,7.596,694.272,0.451,0.988
387,10,1,39.163,340.977,0.79,558,7.541,700.338,0.453,0.988
388,4,1,39.349,340.977,0.791,561,7.411,711.293,0.457,0.989
389,11,2,39.535,340.977,0.793,564,7.308,726.035,0.46,0.99
390,10,1,39.395,340.977,0.794,566,7.322,723.295,0.46,0.99
391,7,0,39.442,340.977,0.796,565,7.262,727.771,0.461,0.99
392,7,1,39.209,339.488,0.795,567,7.236,726.12,0.464,0.99
393,5,0,39.395,335.302,0.795,566,7.24,727.657,0.463,0.99
394,6,0,39.047,335.302,0.796,566,7.322,714.385,0.463,0.989
395,10,0,39.233,335.465,0.792,566,7.3,716.07,0.461,0.989
396,9,2,39.093,335.628,0.792,570,7.159,722.501,0.465,0.99
397,5,1,38.977,335.628,0.793,565,7.212,716.203,0.462,0.989
398,6,0,38.977,335.721,0.793,566,7.245,712.611,0.461,0.989
399,5,0,38.698,335.721,0.793,561,7.402,696.572,0.458,0.987
400,8,0,39.14,335.86,0.794,561,7.335,707.828,0.459,0.989
401,2,0,39.233,335.86,0.796,556,7.429,696.07,0.453,0.988
402,2,0,39.326,335.86,0.797,555,7.453,700.338,0.452,0.988
403,9,0,39.651,335.86,0.795,557,7.392,705.896,0.454,0.99
404,7,0,39.674,335.977,0.794,554,7.402,708.324,0.455,0.99
405,12,0,39.209,335.977,0.793,561,7.322,710.311,0.463,0.99
406,8,0,38.93,335.977,0.794,559,7.338,712.342,0.463,0.989
407,6,0,39.07,336.163,0.794,564,7.198,728.207,0.47,0.99
408,6,1,39.116,336.163,0.793,556,7.412,716.677,0.463,0.989
409,11,1,38.884,336.163,0.788,559,7.383,711.878,0.466,0.989
410,4,1,38.884,336.86,0.79,560,7.364,709.792,0.467,0.989
411,13,4,39.209,337.163,0.788,560,7.31,708.143,0.464,0.99
412,3,0,38.884,337.023,0.785,550,7.407,699.549,0.459,0.988
413,6,2,38.558,337.023,0.784,548,7.46,694.382,0.458,0.987
414,5,0,38.558,337.023,0.784,552,7.416,696.571,0.46,0.987
415,9,0,38.372,337.023,0.784,552,7.455,686.802,0.461,0.986
416,12,0,38.186,337.326,0.784,563,7.432,682.428,0.467,0.987
417,13,0,38.744,337.326,0.787,567,7.215,699.665,0.471,0.989
418,5,0,38.349,337.326,0.786,561,7.356,677.816,0.462,0.986
419,6,0,38.349,337.093,0.785,559,7.358,670.763,0.458,0.986
420,2,0,38.442,337.093,0.786,550,7.47,668.706,0.45,0.984
421,4,0,38.581,337.093,0.78,547,7.574,665.475,0.447,0.984
422,6,0,38.628,337.093,0.779,542,7.632,664.25,0.445,0.984
423,7,0,38.488,337.093,0.773,539,7.535,669.066,0.447,0.984
424,5,0,37.791,337.116,0.777,526,7.834,642.356,0.436,0.977
425,6,1,37.698,337.116,0.777,527,7.819,648.468,0.439,0.977
426,11,0,37.698,337.209,0.774,532,7.705,658.084,0.442,0.978
427,13,0,37.93,337.209,0.772,539,7.587,665.419,0.447,0.981
428,9,0,38.116,337.698,0.784,543,7.317,669.951,0.453,0.983
429,9,0,38.558,338.395,0.785,547,7.256,684.044,0.455,0.986
430,4,0,38.233,338.047,0.785,543,7.406,666.77,0.446,0.982
431,13,0,38.744,338.047,0.786,551,7.175,688.796,0.45,0.986
432,7,0,38.581,338.116,0.791,549,7.176,684.486,0.446,0.984
433,12,0,38.907,338.233,0.795,556,7.034,711.542,0.451,0.986
434,10,1,38.907,338.233,0.798,557,6.944,714.796,0.451,0.986
435,10,0,38.442,338.326,0.795,564,7.016,713.3,0.459,0.986
436,9,0,38.465,338.326,0.797,563,6.897,715.126,0.457,0.986
437,11,0,38.907,338.326,0.8,563,6.878,729.695,0.459,0.988
438,10,1,38.767,338.0,0.798,565,6.902,728.081,0.456,0.987
439,6,1,38.837,338.884,0.797,566,6.873,733.04,0.459,0.988
440,13,0,39.023,339.535,0.794,573,6.629,741.129,0.463,0.989
441,5,0,38.884,338.349,0.79,571,6.74,734.658,0.46,0.988
442,3,0,39.256,338.349,0.79,564,6.712,742.265,0.459,0.989
443,4,1,39.349,344.86,0.788,562,6.648,738.969,0.457,0.989
444,7,0,39.302,345.047,0.779,561,6.613,732.758,0.455,0.988
445,5,0,39.349,345.047,0.776,557,6.759,732.99,0.448,0.987
446,6,1,39.349,345.047,0.778,552,6.749,734.642,0.446,0.987
447,4,0,39.488,345.047,0.784,547,6.802,734.444,0.443,0.987
448,7,1,39.512,344.953,0.783,549,6.805,735.075,0.444,0.987
449,11,1,39.395,344.651,0.783,552,6.849,740.534,0.449,0.988
450,4,0,39.814,344.651,0.785,549,6.458,744.701,0.447,0.989
451,7,0,39.884,345.186,0.786,550,6.431,746.777,0.448,0.989
452,5,0,39.605,345.186,0.787,547,6.494,742.508,0.445,0.988
453,5,0,39.372,345.233,0.786,538,6.663,724.077,0.438,0.985
454,8,1,39.395,345.628,0.787,544,6.557,728.322,0.442,0.986
455,11,2,39.442,345.628,0.79,549,6.477,731.816,0.448,0.988
456,8,0,39.395,345.628,0.789,545,6.501,730.875,0.448,0.988
457,9,0,39.116,345.628,0.788,548,6.488,732.888,0.449,0.987
458,10,0,38.791,345.628,0.783,548,6.523,729.659,0.451,0.986
459,11,0,38.302,345.628,0.783,553,6.394,733.154,0.458,0.985
460,5,0,38.395,345.628,0.787,553,6.353,743.677,0.461,0.986
461,5,0,38.488,345.628,0.788,552,6.384,743.062,0.461,0.986
462,8,0,38.674,345.628,0.784,556,6.346,751.751,0.466,0.988
463,11,0,38.535,345.628,0.779,564,6.237,764.189,0.475,0.989
464,13,0,38.953,345.628,0.781,571,6.094,784.01,0.482,0.991
465,12,2,38.488,345.651,0.776,571,6.275,772.046,0.478,0.989
466,7,0,38.535,345.721,0.779,575,6.214,774.266,0.481,0.99
467,11,2,38.349,345.721,0.777,575,6.308,764.172,0.476,0.989
468,13,0,38.419,345.721,0.777,583,6.214,770.684,0.481,0.989
469,9,0,38.256,345.721,0.776,584,6.158,770.188,0.485,0.99
470,7,1,38.116,346.163,0.772,585,6.069,765.45,0.486,0.989
471,12,3,37.977,346.163,0.77,583,6.57,765.247,0.484,0.989
472,9,1,37.93,346.163,0.769,588,6.408,785.054,0.491,0.99
473,13,1,37.837,346.163,0.773,593,6.27,783.985,0.492,0.989
474,5,0,37.837,346.163,0.774,591,6.354,775.376,0.491,0.989
475,9,0,38.023,347.488,0.774,594,6.328,779.69,0.494,0.99
476,13,1,37.791,347.488,0.774,599,6.313,787.934,0.498,0.99
477,8,1,38.209,347.488,0.78,601,6.312,795.738,0.501,0.992
478,11,2,38.023,347.488,0.777,601,6.495,789.254,0.5,0.991
479,10,0,37.93,347.488,0.777,609,6.356,798.387,0.508,0.992
480,11,2,38.302,347.488,0.778,605,6.352,793.762,0.504,0.992
481,13,1,38.674,347.488,0.783,608,6.215,809.934,0.51,0.994
482,5,1,38.837,347.488,0.789,605,6.228,813.236,0.509,0.994
483,9,1,38.814,346.535,0.791,607,5.6,826.533,0.514,0.994
484,9,1,38.651,346.535,0.792,612,5.587,834.839,0.517,0.994
485,4,1,38.651,346.535,0.793,610,5.65,835.965,0.516,0.994
486,4,0,38.419,346.535,0.793,606,5.727,824.021,0.513,0.993
487,12,1,38.581,346.698,0.792,612,5.472,825.361,0.517,0.994
488,13,3,39.047,347.465,0.793,618,5.133,843.497,0.522,0.995
489,12,3,39.0,347.744,0.792,620,5.11,845.176,0.526,0.995
490,9,0,39.093,347.744,0.792,620,5.117,843.662,0.524,0.995
491,5,1,39.047,347.581,0.791,613,5.207,831.405,0.518,0.995
492,10,0,39.023,347.302,0.793,616,5.042,821.435,0.522,0.995
493,5,0,39.302,347.302,0.796,613,5.008,820.043,0.518,0.995
494,7,1,39.628,347.302,0.8,613,5.028,825.524,0.516,0.996
495,7,0,39.395,347.302,0.8,615,5.075,814.032,0.514,0.995
496,10,1,39.233,348.256,0.805,615,4.952,818.707,0.512,0.995
497,11,1,38.674,348.256,0.798,615,5.211,789.502,0.505,0.993
498,3,0,38.907,348.256,0.798,610,5.169,794.786,0.505,0.993
499,9,0,38.674,348.442,0.794,614,5.107,799.202,0.509,0.993
500,12,2,38.907,348.442,0.797,619,5.07,811.66,0.515,0.994
501,4,2,39.0,348.442,0.798,611,5.149,811.972,0.511,0.994
502,6,1,39.419,348.442,0.797,613,5.097,824.284,0.516,0.995
503,6,0,39.605,348.442,0.798,610,5.123,820.996,0.513,0.995
504,6,1,39.372,348.442,0.798,607,5.188,816.929,0.51,0.995
505,8,1,39.558,348.442,0.8,608,5.115,824.042,0.513,0.995
506,9,2,39.419,348.442,0.803,607,5.044,827.744,0.512,0.995
507,9,1,39.512,348.442,0.798,612,4.944,835.231,0.518,0.995
508,12,0,39.837,348.442,0.801,615,4.824,843.487,0.523,0.996
509,6,1,39.977,348.442,0.802,613,4.84,846.345,0.521,0.996
510,3,1,40.256,348.302,0.803,603,4.981,827.212,0.511,0.996
511,3,1,40.116,348.302,0.803,600,5.243,814.434,0.508,0.996
512,13,2,40.07,348.302,0.803,601,5.259,813.917,0.506,0.996
513,8,0,39.791,348.302,0.805,598,5.347,799.183,0.501,0.995
514,9,1,39.837,348.302,0.804,598,5.347,806.422,0.501,0.995
515,13,2,39.93,348.302,0.799,599,5.338,816.054,0.502,0.995
516,10,1,40.209,348.302,0.796,598,5.289,813.867,0.502,0.995
517,12,1,40.256,348.302,0.8,603,5.204,818.947,0.507,0.996
518,9,0,40.302,348.302,0.799,608,5.197,824.638,0.507,0.996
519,4,0,40.628,348.302,0.799,606,5.257,832.036,0.501,0.996
520,6,1,40.767,348.302,0.804,603,5.235,830.685,0.499,0.996
521,10,1,40.93,348.302,0.812,603,5.166,837.835,0.501,0.996
522,7,1,41.419,348.302,0.814,603,5.135,840.919,0.502,0.997
523,6,0,40.953,348.302,0.813,598,5.035,833.114,0.498,0.996
524,8,0,41.047,348.302,0.812,599,4.966,845.382,0.501,0.996
525,11,1,40.698,347.628,0.812,601,4.825,836.847,0.505,0.996
526,9,1,40.326,347.628,0.809,603,4.855,831.067,0.507,0.996
527,10,2,40.419,347.628,0.81,598,4.973,814.311,0.499,0.995
528,7,3,40.256,346.605,0.811,596,5.03,807.048,0.495,0.995
529,7,0,40.302,346.977,0.809,599,4.953,816.34,0.5,0.995
530,2,0,40.256,346.977,0.807,597,5.111,805.536,0.498,0.995
531,8,0,40.256,346.977,0.803,597,5.175,802.311,0.497,0.995
532,8,1,40.535,347.349,0.805,597,5.184,805.765,0.496,0.995
533,7,1,40.628,346.163,0.804,598,5.105,814.924,0.498,0.996
534,11,3,40.442,346.349,0.805,602,5.016,830.989,0.503,0.996
535,11,1,40.233,347.814,0.799,604,5.288,825.679,0.504,0.996
536,7,1,40.395,347.814,0.798,602,5.335,821.472,0.503,0.996
537,4,0,40.372,347.814,0.799,595,5.635,803.173,0.499,0.996
538,10,4,40.442,347.814,0.798,598,5.581,810.822,0.502,0.996
539,9,2,40.581,347.814,0.797,599,5.578,818.663,0.501,0.996
540,7,1,40.814,347.814,0.799,598,5.573,821.349,0.499,0.996
541,9,2,40.814,347.814,0.799,596,5.84,815.735,0.494,0.996
542,10,4,40.814,347.814,0.799,595,5.817,809.334,0.494,0.996
543,8,0,40.907,347.814,0.8,600,5.695,825.521,0.499,0.996
544,7,0,40.93,347.814,0.801,604,5.446,833.29,0.502,0.996
545,7,2,41.047,347.814,0.804,604,5.148,836.692,0.501,0.996
546,8,0,40.791,347.535,0.799,601,5.26,830.848,0.497,0.996
547,11,1,40.698,347.535,0.799,605,5.277,833.245,0.497,0.996
548,6,2,40.698,347.535,0.798,601,5.508,822.622,0.492,0.995
549,8,2,40.605,347.535,0.79,597,5.597,813.03,0.488,0.995
550,8,1,40.116,347.535,0.789,596,5.734,795.828,0.483,0.994
551,2,0,40.07,347.535,0.79,587,5.871,779.015,0.474,0.993
552,8,0,40.163,347.535,0.79,589,5.825,786.441,0.478,0.994
553,6,1,40.442,347.535,0.79,588,5.813,788.637,0.477,0.994
554,10,1,40.488,347.535,0.797,584,5.62,794.663,0.478,0.994
555,6,1,40.279,349.395,0.798,581,5.532,786.556,0.476,0.994
556,9,1,39.953,349.698,0.798,581,5.8,779.561,0.475,0.993
557,9,3,39.721,349.698,0.792,584,5.756,785.404,0.477,0.992
558,12,2,39.651,349.698,0.792,585,5.765,772.382,0.475,0.992
559,3,0,39.512,349.698,0.791,584,5.767,771.712,0.475,0.992
560,8,0,39.791,349.698,0.792,587,5.728,786.411,0.478,0.993
561,11,4,39.884,349.698,0.792,589,5.631,788.731,0.483,0.993
562,5,1,40.023,349.698,0.793,589,5.62,790.441,0.483,0.994
563,9,2,40.442,349.698,0.792,586,5.613,797.907,0.481,0.994
564,4,0,40.233,349.767,0.791,584,5.64,790.745,0.482,0.994
565,13,3,40.372,349.767,0.794,586,5.62,787.321,0.482,0.994
566,13,1,39.953,349.767,0.79,589,5.84,785.097,0.489,0.994
567,5,0,40.14,349.721,0.796,589,5.826,793.032,0.49,0.995
568,11,0,40.256,349.651,0.798,594,5.942,796.314,0.491,0.995
569,3,1,40.349,349.651,0.795,586,6.001,789.933,0.484,0.994
570,12,1,40.209,349.651,0.793,592,5.934,795.655,0.491,0.995
571,9,1,40.163,349.651,0.793,595,5.924,793.707,0.491,0.995
572,7,1,40.488,349.651,0.795,598,5.86,805.736,0.495,0.995
573,10,1,40.023,349.651,0.797,605,5.751,806.067,0.5,0.995
574,5,3,39.977,349.651,0.799,598,5.834,803.1,0.496,0.995
575,9,3,39.93,349.651,0.796,599,5.817,801.181,0.496,0.995
576,8,1,40.535,349.651,0.796,595,5.89,801.036,0.488,0.995
577,6,0,40.814,349.651,0.805,591,5.884,798.054,0.488,0.995
578,9,1,40.814,349.651,0.806,594,5.848,801.904,0.491,0.996
579,7,1,40.721,349.651,0.808,594,5.883,800.428,0.49,0.995
580,6,1,40.721,349.651,0.807,595,5.838,798.795,0.493,0.996
581,6,0,40.535,349.651,0.806,596,5.84,800.392,0.493,0.995
582,7,0,40.419,349.651,0.803,592,5.998,783.357,0.484,0.995
583,13,1,40.558,349.651,0.806,600,5.607,803.638,0.491,0.995
584,5,0,41.233,348.186,0.808,591,5.597,800.647,0.487,0.996
585,13,3,41.186,348.186,0.81,589,5.64,790.91,0.482,0.996
586,10,1,41.605,348.186,0.807,591,5.565,794.041,0.482,0.996
587,11,1,41.512,348.186,0.804,591,5.549,792.726,0.485,0.996
588,11,1,41.465,348.186,0.806,593,5.554,787.01,0.487,0.996
589,7,0,41.907,348.186,0.809,595,5.47,803.572,0.489,0.997
590,3,0,41.674,348.186,0.811,590,5.636,787.114,0.48,0.996
591,5,1,41.907,348.186,0.808,586,5.599,790.916,0.477,0.996
592,9,1,42.256,348.884,0.81,581,5.54,794.065,0.476,0.997
593,5,2,42.163,348.884,0.812,573,5.962,772.149,0.468,0.996
594,12,0,42.023,348.884,0.813,575,5.956,773.991,0.472,0.996
595,13,0,42.209,348.884,0.81,582,5.782,784.913,0.482,0.997
596,10,0,41.814,349.093,0.807,581,5.767,774.469,0.482,0.996
597,12,1,41.442,349.093,0.805,586,5.536,771.001,0.484,0.996
598,7,0,41.116,349.093,0.802,584,5.657,765.267,0.481,0.995
599,9,0,41.302,349.093,0.804,583,5.673,769.755,0.478,0.995
600,12,0,40.814,349.093,0.806,587,5.737,761.596,0.478,0.995
601,6,0,40.767,349.093,0.806,590,5.714,763.084,0.478,0.995
602,12,0,41.047,349.093,0.807,591,5.713,769.947,0.479,0.995
603,11,0,40.93,349.093,0.806,597,5.64,775.958,0.482,0.995
604,11,0,41.093,348.837,0.808,597,5.719,773.128,0.48,0.995
605,8,1,41.233,348.837,0.808,600,5.698,778.359,0.48,0.995
606,8,1,41.698,348.837,0.805,599,5.785,780.096,0.478,0.996
607,10,0,41.93,348.907,0.806,603,5.689,787.209,0.48,0.996
608,6,1,42.302,348.628,0.808,597,5.669,789.904,0.478,0.997
609,6,0,42.767,348.628,0.812,598,5.565,798.959,0.478,0.997
610,5,1,42.767,348.628,0.811,594,5.616,799.143,0.476,0.997
611,13,5,43.093,348.628,0.812,594,5.554,805.159,0.476,0.997
612,13,2,43.279,348.628,0.813,600,5.464,814.541,0.481,0.998
613,6,0,43.326,348.628,0.811,595,5.563,803.921,0.478,0.998
614,8,1,43.279,348.628,0.812,596,5.553,801.213,0.479,0.998
615,9,1,42.907,348.721,0.811,594,5.603,793.847,0.475,0.997
616,3,0,42.86,348.721,0.809,590,5.905,785.362,0.474,0.997
617,5,1,42.953,348.721,0.81,589,5.881,791.054,0.473,0.997
618,9,0,42.628,348.721,0.808,591,5.891,786.279,0.473,0.997
619,11,0,42.116,348.535,0.805,593,5.955,777.77,0.476,0.996
620,11,1,42.279,348.535,0.804,599,5.875,784.405,0.482,0.997
621,8,0,42.209,348.465,0.802,600,5.966,765.721,0.478,0.997
622,7,1,42.0,348.465,0.798,600,5.979,762.172,0.48,0.996
623,8,0,42.419,348.465,0.804,600,5.947,761.079,0.478,0.997
624,9,0,42.674,348.465,0.801,603,5.848,766.658,0.48,0.997
625,6,0,42.07,348.465,0.794,601,5.897,747.802,0.476,0.996
626,9,1,42.349,348.581,0.792,606,5.572,756.309,0.479,0.997
627,8,0,42.581,348.581,0.792,607,5.582,761.636,0.48,0.997
628,7,0,42.581,348.581,0.792,608,5.505,766.81,0.481,0.997
629,5,0,42.488,348.581,0.793,604,5.558,759.632,0.478,0.997
630,10,0,42.535,348.791,0.798,607,5.51,761.212,0.48,0.997
631,7,1,42.767,348.791,0.799,605,5.464,764.666,0.48,0.997
632,9,1,42.907,348.744,0.81,605,5.276,781.262,0.483,0.997
633,7,0,43.233,348.744,0.81,604,5.22,793.412,0.485,0.998
634,4,1,43.302,348.744,0.811,602,5.228,791.76,0.482,0.998
635,5,1,43.488,348.744,0.812,600,5.228,796.678,0.482,0.998
636,5,0,43.488,348.744,0.81,598,5.305,796.374,0.479,0.998
637,12,2,43.302,348.744,0.809,601,5.312,791.264,0.48,0.998
638,4,0,43.581,348.744,0.81,596,5.358,786.939,0.478,0.998
639,9,1,43.651,348.744,0.813,596,5.401,791.62,0.478,0.998
640,0,0,43.698,346.791,0.812,584,5.586,776.976,0.471,0.998
641,8,2,43.837,346.791,0.812,585,5.537,779.902,0.474,0.998
642,6,0,43.907,346.791,0.811,582,5.573,779.145,0.471,0.998
643,1,0,43.953,346.791,0.812,580,5.555,777.785,0.469,0.998
644,8,0,43.953,346.791,0.811,585,5.511,783.754,0.473,0.998
645,4,0,43.721,346.791,0.811,585,5.591,781.362,0.471,0.998
646,6,3,43.907,346.791,0.811,578,5.557,781.284,0.47,0.998
647,7,0,43.907,346.791,0.819,582,5.467,784.805,0.473,0.998
648,5,0,43.814,346.791,0.82,582,5.453,786.343,0.473,0.998
649,6,0,44.07,346.791,0.818,579,5.48,790.354,0.471,0.998
650,13,0,43.953,346.791,0.815,586,5.441,795.425,0.477,0.998
651,9,0,44.279,347.349,0.813,584,5.33,805.241,0.483,0.998
652,7,1,44.256,347.395,0.812,584,5.347,796.716,0.482,0.998
653,4,1,44.233,347.395,0.812,583,5.359,796.694,0.48,0.998
654,8,0,44.302,347.395,0.812,585,5.368,800.747,0.481,0.998
655,9,1,43.953,346.372,0.812,585,5.364,799.925,0.482,0.998
656,10,0,44.047,346.837,0.807,590,5.38,807.92,0.488,0.998
657,11,2,43.814,347.163,0.806,593,5.338,813.023,0.492,0.998
658,10,1,44.093,347.163,0.807,596,5.334,816.352,0.494,0.998
659,10,1,43.86,347.651,0.802,596,5.51,811.358,0.497,0.998
660,8,0,43.953,347.767,0.802,600,5.476,812.267,0.496,0.998
661,11,1,43.767,346.326,0.801,599,5.569,791.964,0.492,0.998
662,13,0,43.907,346.326,0.8,603,5.861,799.244,0.49,0.998
663,13,0,43.977,346.674,0.798,609,5.727,810.321,0.496,0.998
664,8,0,43.581,347.233,0.797,605,5.802,798.433,0.491,0.998
665,5,0,43.349,347.233,0.803,604,5.924,792.604,0.488,0.998
666,7,0,43.581,347.233,0.808,601,5.963,791.014,0.488,0.998
667,9,0,43.744,347.233,0.805,604,5.937,791.743,0.492,0.998
668,7,0,43.651,347.233,0.804,600,6.106,780.329,0.485,0.998
669,11,0,43.558,347.233,0.805,606,6.022,794.857,0.488,0.998
670,9,0,43.535,347.419,0.805,610,6.001,802.877,0.491,0.998
671,4,0,43.419,347.907,0.803,606,6.081,796.601,0.486,0.998
672,5,1,43.093,348.465,0.805,603,6.215,783.104,0.482,0.998
673,8,1,43.465,348.465,0.81,604,6.15,797.809,0.487,0.998
674,9,0,43.372,348.349,0.811,605,6.056,810.677,0.488,0.998
675,6,0,43.186,347.651,0.812,607,5.964,816.094,0.491,0.998
676,8,2,43.326,347.488,0.813,597,6.116,811.358,0.483,0.998
677,12,1,43.163,347.488,0.813,599,6.2,804.209,0.481,0.998
678,10,0,42.791,348.605,0.815,600,6.247,795.908,0.482,0.997
679,9,0,42.628,348.651,0.809,601,6.152,798.295,0.485,0.997
680,8,0,43.047,348.767,0.807,596,6.101,796.572,0.485,0.998
681,4,0,42.814,348.953,0.804,595,6.107,790.014,0.485,0.997
682,13,1,42.814,348.953,0.804,601,6.657,792.134,0.486,0.998
683,5,3,42.721,348.953,0.803,597,6.735,783.732,0.48,0.997
684,13,2,43.256,348.953,0.802,599,6.649,806.549,0.481,0.998
685,13,0,43.488,348.953,0.806,605,6.494,835.785,0.488,0.998
686,12,0,42.744,348.535,0.799,612,6.498,832.736,0.493,0.998
687,3,0,42.744,348.535,0.799,611,6.515,829.623,0.493,0.998
688,10,0,42.953,348.535,0.803,613,6.543,829.203,0.489,0.998
689,8,0,42.86,348.535,0.807,613,6.581,824.971,0.487,0.998
690,5,0,42.767,348.535,0.809,612,6.56,822.154,0.489,0.998
691,11,0,42.465,348.395,0.808,613,5.868,824.007,0.492,0.997
692,6,1,42.372,348.395,0.81,615,5.819,825.813,0.495,0.997
693,4,0,42.581,348.279,0.809,612,5.924,830.355,0.493,0.998
694,8,2,42.721,348.279,0.808,608,5.929,833.985,0.491,0.998
695,13,1,42.302,348.279,0.805,616,5.938,834.987,0.495,0.997
696,5,0,42.674,348.279,0.808,613,5.973,842.437,0.493,0.998
697,8,1,42.256,348.279,0.808,610,6.038,832.582,0.492,0.997
698,4,0,42.256,348.186,0.808,609,6.084,828.691,0.491,0.997
699,9,0,42.163,348.186,0.805,611,6.074,819.066,0.49,0.997
700,5,0,41.977,348.186,0.804,611,6.081,812.581,0.489,0.997
701,4,0,42.163,347.884,0.806,609,6.151,809.879,0.487,0.997
702,5,0,42.256,347.884,0.798,603,7.816,799.522,0.482,0.997
703,7,1,42.581,347.884,0.802,602,7.78,806.851,0.482,0.997
704,6,1,42.674,347.884,0.798,600,7.847,805.841,0.478,0.997
705,11,0,42.651,347.07,0.801,599,7.859,817.958,0.479,0.997
706,5,0,42.651,347.0,0.802,595,7.936,803.812,0.475,0.997
707,6,0,42.372,347.0,0.802,592,8.019,794.055,0.472,0.997
708,11,2,42.116,346.605,0.801,594,8.037,786.391,0.47,0.996
709,8,0,42.07,347.256,0.8,598,7.962,790.355,0.473,0.996
710,10,0,41.791,346.186,0.797,601,7.941,793.096,0.476,0.996
711,8,1,41.698,346.186,0.797,601,7.911,794.072,0.478,0.996
712,4,0,41.977,345.047,0.797,596,7.968,795.529,0.476,0.996
713,6,1,42.07,345.047,0.799,592,7.992,797.503,0.474,0.996
714,9,1,41.791,345.047,0.799,592,8.073,785.157,0.47,0.996
715,13,3,41.512,345.047,0.794,593,7.979,785.914,0.474,0.996
716,9,2,41.512,345.047,0.794,598,7.938,790.741,0.477,0.996
717,7,0,41.93,345.047,0.8,596,7.758,801.024,0.478,0.997
718,8,1,42.023,345.047,0.799,594,7.817,793.167,0.472,0.996
719,9,2,41.837,345.047,0.799,594,7.817,793.931,0.475,0.996
720,6,1,41.512,345.047,0.801,585,8.028,778.106,0.465,0.995
721,6,0,41.349,345.326,0.801,579,8.024,769.138,0.459,0.994
722,9,0,41.256,345.326,0.797,578,8.074,765.622,0.461,0.995
723,9,0,41.023,345.279,0.793,581,8.051,757.908,0.464,0.994
724,6,1,40.93,345.279,0.793,577,8.255,746.104,0.459,0.994
725,5,0,41.163,345.279,0.793,575,8.183,747.208,0.461,0.994
726,10,1,41.581,345.442,0.798,578,8.023,769.287,0.467,0.995
727,5,0,41.581,345.767,0.794,580,8.0,773.543,0.469,0.996
728,10,1,41.535,345.767,0.794,585,7.875,784.09,0.475,0.996
729,6,1,41.814,345.767,0.795,585,7.843,783.814,0.476,0.996
730,8,0,41.674,345.767,0.791,587,8.002,780.773,0.474,0.996
731,11,1,41.791,345.767,0.792,589,7.989,779.326,0.476,0.996
732,5,1,41.837,345.651,0.79,587,8.127,768.224,0.471,0.996
733,13,3,41.488,344.837,0.789,589,8.16,763.411,0.472,0.996
734,6,0,41.581,344.837,0.788,589,8.149,763.944,0.47,0.996
735,7,0,41.581,345.302,0.786,587,8.196,762.931,0.469,0.996
736,6,0,41.86,345.302,0.786,582,8.188,768.665,0.468,0.996
737,9,1,42.047,345.302,0.787,586,8.098,785.218,0.474,0.996
738,6,1,42.233,345.302,0.786,587,8.057,789.091,0.476,0.997
739,12,1,42.047,345.302,0.786,587,8.26,777.937,0.472,0.996
740,5,1,42.047,345.302,0.786,586,8.271,774.611,0.471,0.996
741,8,1,41.581,346.256,0.777,580,8.385,755.435,0.466,0.995
742,6,0,41.86,346.186,0.777,578,8.49,761.292,0.466,0.996
743,10,0,41.279,346.256,0.774,579,8.566,755.232,0.463,0.995
744,6,0,41.419,346.256,0.775,576,8.524,762.945,0.463,0.995
745,5,0,41.744,346.256,0.776,577,8.482,774.133,0.466,0.996
746,9,1,41.698,345.605,0.778,575,8.532,757.822,0.464,0.995
747,5,0,41.884,345.605,0.781,572,8.512,759.431,0.463,0.996
748,13,2,42.0,345.047,0.781,576,8.33,775.177,0.471,0.996
749,5,0,42.163,345.047,0.781,571,8.404,765.825,0.466,0.996
750,7,1,42.488,345.93,0.782,570,8.382,771.368,0.465,0.997
751,11,0,42.558,346.047,0.783,575,8.301,781.214,0.471,0.997
752,13,0,42.721,346.465,0.785,582,7.989,789.792,0.479,0.997
753,8,1,42.302,346.465,0.786,579,8.007,793.631,0.478,0.997
754,9,0,42.0,346.465,0.787,581,7.908,783.257,0.48,0.997
755,13,2,42.512,346.465,0.792,579,7.827,807.523,0.48,0.997
756,9,1,42.047,346.465,0.787,577,7.816,801.271,0.478,0.997
757,9,1,42.419,346.465,0.785,573,7.791,803.214,0.477,0.997
758,5,0,42.093,346.465,0.786,567,7.952,772.844,0.467,0.996
759,8,0,41.814,345.814,0.786,565,8.023,771.393,0.466,0.996
760,8,0,41.953,345.698,0.785,565,8.034,771.344,0.462,0.996
761,9,0,41.581,344.977,0.789,567,8.079,766.11,0.465,0.995
762,13,2,41.233,345.093,0.787,573,7.261,763.661,0.469,0.995
763,13,1,40.837,346.372,0.786,575,8.165,755.284,0.472,0.995
764,5,1,40.791,346.372,0.788,571,8.248,737.164,0.464,0.994
765,9,1,41.14,346.372,0.792,571,8.184,738.024,0.464,0.995
766,9,0,41.279,346.372,0.791,571,8.113,735.943,0.467,0.995
767,10,1,41.674,346.372,0.792,573,8.026,743.747,0.471,0.996
768,4,1,41.628,346.372,0.791,570,8.06,737.306,0.468,0.996
769,7,0,41.209,346.372,0.793,575,8.044,737.561,0.473,0.995
770,9,1,40.977,346.419,0.791,575,8.043,736.076,0.476,0.995
771,11,1,40.837,346.419,0.79,579,8.063,739.247,0.478,0.995
772,6,0,40.744,346.419,0.788,580,8.118,731.055,0.476,0.995
773,8,1,40.605,346.419,0.789,578,8.165,733.144,0.474,0.994
774,5,0,41.302,346.395,0.788,579,8.077,744.537,0.475,0.996
775,9,0,40.884,346.395,0.785,577,8.224,728.778,0.469,0.995
776,8,2,40.977,346.395,0.785,580,8.18,731.754,0.471,0.995
777,13,0,41.116,346.116,0.786,587,8.014,750.937,0.475,0.995
778,9,2,40.977,346.116,0.788,590,7.978,752.573,0.477,0.995
779,4,0,41.023,346.116,0.788,591,7.973,757.833,0.479,0.995
780,8,1,40.884,346.116,0.785,588,8.234,747.287,0.474,0.995
781,6,1,40.465,346.116,0.786,587,8.258,729.225,0.472,0.994
782,11,0,40.488,346.116,0.786,590,8.242,718.946,0.472,0.994
783,7,2,40.767,346.093,0.786,587,8.157,722.965,0.471,0.995
784,8,3,40.93,347.279,0.788,586,8.195,720.695,0.469,0.995
785,12,1,40.93,347.279,0.785,594,7.998,722.685,0.474,0.995
786,13,0,40.837,347.326,0.785,600,7.909,730.831,0.48,0.995
787,5,0,41.07,347.326,0.784,596,7.997,725.081,0.473,0.995
788,13,0,41.209,347.326,0.781,586,8.132,728.555,0.466,0.995
789,8,0,41.0,347.326,0.782,587,8.143,725.948,0.467,0.995
790,10,1,41.279,345.698,0.783,585,8.106,728.924,0.469,0.995
791,10,2,41.465,345.698,0.778,584,8.137,731.707,0.466,0.995
792,7,1,41.791,345.581,0.78,577,8.206,727.246,0.46,0.995
793,4,0,41.93,345.581,0.78,572,8.171,739.592,0.461,0.996
794,8,0,41.605,345.581,0.781,571,8.177,718.59,0.458,0.995
795,12,4,41.558,345.581,0.779,575,8.109,727.566,0.463,0.995
796,9,3,41.326,345.116,0.78,576,7.442,724.517,0.463,0.995
797,8,0,41.419,345.116,0.778,577,7.453,729.167,0.464,0.995
798,9,2,41.186,345.116,0.778,576,7.497,722.124,0.461,0.994
799,8,1,41.372,345.116,0.779,576,7.546,722.576,0.457,0.994
800,8,1,41.465,344.744,0.778,578,7.491,728.377,0.457,0.994
801,8,0,41.279,344.814,0.782,583,7.474,733.702,0.46,0.994
802,8,0,41.279,344.884,0.78,585,7.435,739.277,0.464,0.995
803,3,0,41.605,344.884,0.785,581,7.409,740.917,0.463,0.995
804,9,1,41.674,344.884,0.787,583,7.351,743.881,0.465,0.995
805,10,0,41.907,344.93,0.789,582,7.32,755.492,0.465,0.996
806,10,2,41.953,345.442,0.79,583,7.266,760.348,0.47,0.996
807,6,0,41.86,345.442,0.788,579,7.304,757.517,0.467,0.996
808,6,1,41.907,345.442,0.787,579,7.221,754.579,0.468,0.996
809,7,0,41.791,344.837,0.789,579,7.369,741.803,0.465,0.995
810,7,0,41.791,344.837,0.79,579,7.232,743.561,0.466,0.996
811,12,3,42.302,345.814,0.794,580,7.104,752.676,0.471,0.996
812,7,1,42.116,345.814,0.79,580,7.048,752.986,0.473,0.996
813,8,0,42.023,345.721,0.791,581,6.994,761.357,0.474,0.996
814,10,2,41.837,345.721,0.789,584,6.97,756.742,0.475,0.996
815,13,1,41.698,345.674,0.787,585,6.502,764.481,0.476,0.996
816,7,0,41.326,345.674,0.787,583,6.494,754.136,0.477,0.995
817,7,0,41.186,345.837,0.787,584,6.521,741.062,0.479,0.995
818,5,1,40.93,345.837,0.786,585,6.566,732.023,0.478,0.995
819,8,1,41.163,345.837,0.786,582,6.538,732.586,0.475,0.995
820,8,1,41.116,346.093,0.787,581,6.593,729.016,0.472,0.995
821,12,1,41.07,346.093,0.791,591,6.403,748.851,0.479,0.995
822,6,0,41.302,346.093,0.792,592,6.367,753.463,0.481,0.996
823,8,1,40.814,346.093,0.793,590,6.404,747.411,0.48,0.995
824,10,1,40.651,345.186,0.803,592,5.95,753.091,0.482,0.995
825,6,1,40.558,345.186,0.803,592,5.977,748.133,0.482,0.995
826,7,0,40.651,345.186,0.806,589,5.947,741.092,0.482,0.995
827,6,1,40.837,345.186,0.806,589,5.921,744.153,0.484,0.995
828,5,0,41.256,345.186,0.804,585,5.97,745.386,0.478,0.995
829,9,1,41.023,345.395,0.805,588,6.066,733.095,0.481,0.995
830,11,1,40.86,345.395,0.807,584,6.068,727.651,0.477,0.995
831,9,2,41.0,345.395,0.806,587,5.99,738.716,0.482,0.995
832,6,1,41.14,345.395,0.805,586,5.942,736.778,0.483,0.996
833,10,1,41.116,344.953,0.806,588,5.924,734.861,0.481,0.995
834,10,1,41.186,344.953,0.805,592,5.748,744.612,0.485,0.996
835,10,0,40.977,344.953,0.805,596,6.01,741.826,0.489,0.996
836,9,1,40.977,344.977,0.806,598,5.918,741.479,0.493,0.996
837,6,1,40.791,344.977,0.806,596,6.003,731.594,0.489,0.996
838,5,0,40.884,344.977,0.806,597,5.876,736.67,0.491,0.996
839,11,2,40.93,344.977,0.805,600,5.857,738.906,0.494,0.996
840,9,0,40.674,344.023,0.803,601,6.035,721.627,0.49,0.995
841,9,0,41.14,344.023,0.806,599,5.606,739.139,0.496,0.996
842,8,0,40.767,343.326,0.804,598,5.672,736.734,0.495,0.996
843,8,1,40.744,343.488,0.807,598,5.627,740.123,0.499,0.996
844,6,2,40.279,343.651,0.806,596,5.691,732.376,0.496,0.995
845,8,1,40.512,343.651,0.806,597,5.703,727.538,0.495,0.995
846,8,2,40.605,343.814,0.81,593,5.813,727.263,0.49,0.995
847,7,2,40.372,343.814,0.81,593,5.852,723.139,0.488,0.995
848,11,2,40.116,344.093,0.811,591,5.902,717.82,0.487,0.994
849,5,0,40.116,344.395,0.81,590,6.037,704.46,0.482,0.994
850,4,0,40.116,344.395,0.81,587,6.081,701.427,0.48,0.994
851,13,0,39.93,344.395,0.809,590,6.055,699.886,0.483,0.994
852,4,1,40.07,344.395,0.809,589,6.043,701.436,0.482,0.994
853,7,0,39.837,344.395,0.809,587,6.135,688.958,0.48,0.993
854,5,0,40.256,344.395,0.81,582,6.211,694.315,0.478,0.994
855,10,1,40.326,344.233,0.811,583,6.198,695.623,0.478,0.994
856,12,1,40.023,344.233,0.807,589,5.957,702.197,0.48,0.993
857,13,0,39.791,344.651,0.801,592,6.151,702.983,0.48,0.993
858,10,1,40.0,344.651,0.802,593,6.065,705.479,0.48,0.993
859,6,0,39.907,344.651,0.802,589,6.083,701.331,0.478,0.993
860,8,0,39.814,344.651,0.804,590,6.118,704.843,0.478,0.993
861,5,1,39.767,344.651,0.803,591,6.133,704.627,0.477,0.993
862,13,0,39.419,345.093,0.8,598,6.062,705.822,0.482,0.992
863,6,0,39.581,345.093,0.795,600,6.007,705.75,0.483,0.993
864,6,0,39.674,345.093,0.796,602,5.978,711.416,0.488,0.993
865,11,0,39.535,344.907,0.792,604,6.02,712.291,0.491,0.994
866,9,1,39.767,344.907,0.804,603,5.945,717.611,0.491,0.994
867,3,0,39.953,344.907,0.806,595,6.09,703.929,0.483,0.994
868,11,1,39.884,344.744,0.807,598,6.056,706.442,0.485,0.994
869,13,2,40.209,344.744,0.812,602,5.794,720.05,0.491,0.995
870,7,0,40.302,344.744,0.811,604,5.872,716.989,0.492,0.995
871,7,1,40.163,344.744,0.809,606,5.805,721.075,0.494,0.995
872,9,0,40.302,344.744,0.81,607,5.765,726.343,0.496,0.995
873,5,1,40.07,344.744,0.811,605,5.823,718.089,0.492,0.995
874,12,2,40.442,345.419,0.815,608,5.632,734.924,0.497,0.995
875,9,2,40.581,345.419,0.815,607,5.619,740.21,0.497,0.996
876,6,0,40.488,347.14,0.813,607,5.293,737.08,0.497,0.996
877,8,0,40.953,347.256,0.813,607,5.305,750.775,0.497,0.996
878,13,3,40.86,347.256,0.814,611,5.255,758.612,0.499,0.996
879,7,1,40.791,347.651,0.815,612,5.159,754.349,0.498,0.996
880,5,0,40.907,347.651,0.817,611,5.112,760.398,0.496,0.996
881,8,2,41.326,347.442,0.818,606,5.123,768.933,0.493,0.996
882,8,1,41.349,347.442,0.818,601,5.347,759.854,0.486,0.996
883,8,0,41.488,347.651,0.82,604,5.139,779.351,0.495,0.997
884,7,3,41.488,347.651,0.814,603,5.17,773.119,0.494,0.997
885,8,0,41.419,347.07,0.813,602,5.153,767.313,0.492,0.996
886,13,3,41.628,346.581,0.813,606,5.157,772.962,0.495,0.997
887,6,1,41.535,346.744,0.811,606,5.206,770.483,0.494,0.997
888,7,1,41.442,346.744,0.811,602,5.322,757.796,0.488,0.996
889,7,2,41.535,346.744,0.812,603,5.286,764.15,0.49,0.996
890,10,1,41.395,346.744,0.811,604,5.361,762.019,0.49,0.996
891,11,1,41.535,346.744,0.807,606,5.407,760.501,0.491,0.996
892,13,2,41.023,347.93,0.807,608,5.409,758.32,0.488,0.996
893,8,1,41.302,346.907,0.811,606,5.431,755.019,0.486,0.996
894,7,0,41.116,346.465,0.807,604,5.316,754.999,0.489,0.996
895,6,1,41.535,346.465,0.811,600,5.277,755.82,0.486,0.996
896,6,1,41.395,346.465,0.811,600,5.32,752.37,0.485,0.996
897,3,0,41.605,346.465,0.812,598,5.303,757.223,0.485,0.996
898,13,0,41.651,345.023,0.808,606,5.276,756.785,0.488,0.996
899,10,1,41.465,344.442,0.805,608,5.268,753.032,0.487,0.996
900,8,1,41.07,344.442,0.805,607,5.399,734.582,0.482,0.995
901,10,1,41.488,344.442,0.808,607,5.369,744.489,0.48,0.996
902,6,1,41.372,344.442,0.805,608,5.334,742.998,0.482,0.996
903,4,1,41.512,344.326,0.806,600,5.377,746.779,0.476,0.996
904,11,1,41.465,344.837,0.804,600,5.366,760.783,0.478,0.996
905,5,1,41.326,345.86,0.804,595,5.457,755.608,0.475,0.995
906,6,0,41.14,345.86,0.804,596,5.436,755.26,0.478,0.995
907,10,0,41.372,345.86,0.804,601,5.491,758.976,0.478,0.996
908,5,0,41.628,346.651,0.808,600,5.481,769.111,0.479,0.996
909,8,2,41.442,347.814,0.806,602,5.42,771.217,0.482,0.996
910,12,0,41.488,347.814,0.803,606,5.336,779.685,0.483,0.996
911,5,0,40.977,348.209,0.805,602,5.519,760.317,0.479,0.995
912,9,0,41.14,348.209,0.806,604,5.459,770.217,0.482,0.995
913,10,2,40.674,348.209,0.803,603,5.694,756.606,0.476,0.994
914,11,0,40.674,348.209,0.8,611,5.451,766.517,0.485,0.995
915,12,0,40.791,348.209,0.8,616,5.453,766.247,0.486,0.995
916,7,2,40.651,348.256,0.8,616,5.602,760.222,0.485,0.995
917,5,1,40.372,348.093,0.8,609,5.777,744.745,0.479,0.994
918,8,0,39.953,347.86,0.801,608,6.001,718.9,0.474,0.993
919,8,0,39.814,347.86,0.803,607,6.023,717.62,0.472,0.992
920,5,0,39.698,347.86,0.8,602,6.062,720.738,0.473,0.992
921,9,1,39.744,347.86,0.8,604,6.149,722.577,0.476,0.992
922,13,1,39.302,348.953,0.797,605,6.116,727.599,0.482,0.992
923,10,0,39.674,348.953,0.799,608,5.953,744.866,0.486,0.993
924,4,1,39.628,348.953,0.797,606,6.029,744.385,0.482,0.993
925,10,0,39.581,348.953,0.799,610,5.962,748.022,0.486,0.993
926,9,2,39.721,349.093,0.798,610,6.044,740.559,0.481,0.993
927,7,0,39.814,349.093,0.797,607,6.124,739.73,0.481,0.993
928,7,2,39.698,348.93,0.798,604,6.177,731.439,0.48,0.993
929,8,0,39.767,347.512,0.797,606,6.177,728.352,0.48,0.993
930,5,0,39.767,347.512,0.796,609,6.148,730.193,0.482,0.993
931,11,1,39.721,347.512,0.793,615,6.055,735.646,0.489,0.994
932,11,1,40.07,347.535,0.794,614,6.057,730.0,0.487,0.994
933,4,0,40.14,346.86,0.795,609,6.052,725.573,0.482,0.994
934,12,3,40.14,346.86,0.795,605,6.194,718.047,0.474,0.993
935,5,0,40.14,347.86,0.795,603,6.169,720.23,0.475,0.993
936,7,1,40.047,347.86,0.794,599,6.461,712.699,0.475,0.993
937,8,1,40.349,347.86,0.792,596,6.486,707.052,0.47,0.993
938,4,0,40.442,347.86,0.793,593,6.545,699.894,0.466,0.993
939,10,0,40.605,347.86,0.794,598,6.452,715.485,0.47,0.994
940,10,1,40.953,347.86,0.796,604,6.012,735.567,0.474,0.995
941,10,0,40.767,348.163,0.8,610,5.949,740.864,0.479,0.995
942,4,0,40.721,348.163,0.793,606,5.93,743.912,0.481,0.995
943,6,0,40.209,348.023,0.793,604,5.96,734.67,0.48,0.994
944,9,3,40.209,348.07,0.792,604,5.923,733.28,0.482,0.994
945,10,2,39.837,348.07,0.795,601,6.011,729.099,0.479,0.993
946,10,2,40.419,348.07,0.8,599,5.952,737.577,0.48,0.994
947,5,0,40.419,348.07,0.802,598,5.935,738.711,0.478,0.994
948,10,0,40.605,348.07,0.801,604,5.852,749.928,0.482,0.995
949,11,4,40.558,348.209,0.801,603,5.943,748.145,0.477,0.994
950,8,0,40.651,348.279,0.801,603,5.957,755.724,0.477,0.994
951,10,2,40.605,347.953,0.804,605,5.961,750.303,0.477,0.994
952,13,1,40.837,348.279,0.809,609,5.901,760.332,0.48,0.995
953,10,1,40.93,347.907,0.813,602,6.071,747.752,0.474,0.995
954,3,0,40.93,347.907,0.812,597,6.194,732.652,0.468,0.994
955,6,0,40.674,347.907,0.808,592,6.251,726.218,0.464,0.993
956,5,1,40.488,347.907,0.806,593,6.268,724.624,0.465,0.993
957,12,0,40.953,347.907,0.81,602,6.074,750.341,0.474,0.995
958,5,1,40.558,347.907,0.81,601,6.11,737.24,0.473,0.994
959,9,0,40.884,347.837,0.814,606,5.765,756.042,0.481,0.995
960,7,2,41.302,347.837,0.819,602,5.772,772.267,0.481,0.996
961,7,3,41.116,347.837,0.815,593,6.13,751.233,0.472,0.995
962,2,1,41.116,347.837,0.814,591,6.178,742.56,0.468,0.995
963,13,0,40.86,347.837,0.813,592,6.069,738.861,0.469,0.994
964,5,0,40.86,347.837,0.811,590,6.246,737.658,0.467,0.994
965,6,0,40.953,347.837,0.811,588,6.257,737.501,0.464,0.994
966,5,0,40.907,347.837,0.81,587,6.258,739.821,0.465,0.994
967,7,0,41.279,347.837,0.812,588,6.148,755.068,0.471,0.995
968,12,1,40.86,347.953,0.806,598,6.166,745.812,0.474,0.994
969,8,0,40.767,347.953,0.802,596,6.182,741.393,0.47,0.994
970,6,0,40.674,347.953,0.802,594,6.254,741.215,0.465,0.993
971,7,1,41.047,347.767,0.804,594,6.107,760.282,0.47,0.995
972,9,3,40.907,347.767,0.805,597,6.046,761.71,0.474,0.995
973,5,0,41.209,348.233,0.807,594,6.023,762.806,0.475,0.995
974,6,0,41.256,348.233,0.809,598,5.941,776.108,0.479,0.995
975,8,0,41.047,348.233,0.804,598,6.016,767.789,0.477,0.995
976,9,1,41.093,348.14,0.802,600,5.906,775.955,0.483,0.996
977,9,1,41.512,347.884,0.808,598,5.845,780.21,0.483,0.996
978,6,1,41.884,347.884,0.807,598,5.844,784.071,0.482,0.996
979,7,2,41.884,348.163,0.808,595,5.881,786.364,0.48,0.996
980,9,2,41.651,348.163,0.808,597,5.875,785.724,0.48,0.996
981,5,2,41.791,348.163,0.811,592,5.89,787.76,0.476,0.996
982,6,1,42.07,348.163,0.81,588,6.062,794.288,0.476,0.996
983,9,1,41.395,348.163,0.811,585,5.953,775.334,0.474,0.995
984,10,0,41.209,348.395,0.81,592,5.851,776.357,0.481,0.996
985,6,1,41.14,348.163,0.809,593,5.83,775.166,0.483,0.996
986,7,3,41.163,348.605,0.799,589,5.894,777.164,0.48,0.995
987,6,1,40.791,348.605,0.798,591,5.94,769.443,0.479,0.995
988,6,1,40.837,349.372,0.796,588,5.948,773.161,0.48,0.995
989,10,1,40.977,349.372,0.799,587,5.965,771.665,0.478,0.995
990,6,1,41.116,349.372,0.799,587,5.997,772.895,0.477,0.995
991,5,0,41.581,349.372,0.803,582,5.864,779.379,0.473,0.995
992,7,1,41.442,348.86,0.804,576,5.866,772.139,0.473,0.995
993,10,2,40.814,348.884,0.801,575,5.986,766.079,0.472,0.994
994,8,0,40.953,348.884,0.805,577,5.934,776.944,0.475,0.995
995,7,1,41.14,348.884,0.806,576,5.894,781.988,0.476,0.995
996,11,0,40.814,348.884,0.802,581,5.814,787.387,0.48,0.995
997,13,1,40.907,348.767,0.801,587,5.535,793.76,0.484,0.995
998,6,0,40.907,348.767,0.8,588,5.463,797.407,0.486,0.995
999,11,1,41.558,348.767,0.803,589,5.364,813.014,0.487,0.996
1000,0,0,41.279,348.767,0.801,583,5.466,798.788,0.482,0.996
