1,10,0,0.302,2.093,0.0,10,345.752,0.0,0.007,0.041
2,3,0,0.465,2.535,0.0,13,344.4,0.197,0.009,0.043
3,3,0,0.605,3.651,0.001,16,327.567,0.317,0.011,0.027
4,3,0,0.744,5.512,0.003,19,313.23,0.677,0.014,0.019
5,4,0,0.907,6.674,0.004,23,298.499,1.043,0.016,0.012
6,7,0,1.233,9.628,0.007,29,268.406,2.147,0.022,0.006
7,5,0,1.465,13.977,0.015,34,249.601,3.526,0.027,0.004
8,5,0,1.791,16.163,0.018,38,231.462,4.771,0.03,0.002
9,5,0,1.977,20.047,0.025,42,221.702,5.894,0.035,0.002
10,3,0,2.07,21.14,0.026,45,218.843,6.388,0.037,0.002
11,6,0,2.116,22.0,0.026,51,216.412,6.996,0.039,0.002
12,9,0,2.256,23.419,0.024,59,211.361,9.334,0.046,0.002
13,4,0,2.535,26.535,0.029,63,205.866,11.216,0.051,0.002
14,4,0,2.488,26.535,0.027,67,206.39,11.123,0.052,0.002
15,3,0,2.535,27.07,0.025,70,204.638,12.125,0.056,0.002
16,8,0,2.674,29.953,0.029,77,196.513,13.944,0.06,0.001
17,4,0,2.86,32.116,0.032,81,187.91,15.99,0.064,0.001
18,4,0,2.86,32.628,0.03,85,187.198,16.457,0.067,0.001
19,7,0,2.93,35.256,0.035,91,185.34,18.667,0.071,0.001
20,8,0,2.93,36.86,0.035,98,184.202,19.342,0.075,0.001
21,3,0,3.116,38.233,0.04,98,180.9,20.591,0.075,0.001
22,3,0,3.186,39.326,0.044,98,178.645,21.14,0.074,0.001
23,3,0,3.279,41.326,0.047,101,177.833,22.999,0.077,0.001
24,3,0,3.279,41.326,0.045,104,177.899,23.432,0.079,0.001
25,5,0,3.419,44.163,0.049,108,174.524,24.714,0.084,0.001
26,6,0,3.326,43.953,0.047,113,173.2,25.46,0.086,0.001
27,8,0,3.651,47.372,0.052,119,169.491,29.444,0.092,0.001
28,6,0,3.767,49.628,0.054,125,168.662,31.124,0.096,0.001
29,3,0,3.907,49.884,0.055,127,168.077,33.647,0.097,0.001
30,3,0,4.047,50.605,0.055,130,166.845,35.368,0.099,0.001
31,5,0,4.186,51.605,0.061,130,166.071,35.011,0.096,0.001
32,8,0,4.442,53.488,0.063,137,163.929,39.343,0.1,0.002
33,3,0,4.535,55.953,0.069,139,162.742,41.42,0.103,0.002
34,4,0,4.628,56.302,0.068,143,161.925,43.979,0.105,0.002
35,6,0,4.86,57.233,0.067,148,162.556,47.44,0.109,0.002
36,3,0,4.907,58.256,0.069,151,161.843,49.4,0.111,0.002
37,9,0,5.372,62.047,0.078,157,155.944,56.567,0.115,0.002
38,0,0,5.209,61.279,0.079,154,158.297,53.239,0.112,0.002
39,6,0,5.512,62.767,0.082,157,156.139,56.093,0.114,0.002
40,2,0,5.512,62.767,0.081,159,156.055,56.188,0.115,0.002
41,2,0,5.651,62.767,0.081,161,155.429,57.261,0.115,0.002
42,3,0,5.558,62.209,0.081,162,161.463,54.914,0.113,0.002
43,7,0,5.837,63.791,0.084,168,159.88,58.969,0.116,0.003
44,7,0,5.977,64.953,0.085,173,158.984,62.133,0.119,0.003
45,4,0,6.256,65.884,0.09,175,158.157,63.412,0.118,0.003
46,8,0,6.256,68.209,0.094,180,157.024,65.495,0.12,0.003
47,3,0,6.628,69.186,0.096,179,156.096,71.037,0.122,0.003
48,10,0,7.209,77.163,0.113,187,148.374,81.0,0.131,0.003
49,8,0,7.256,80.302,0.12,192,146.315,84.446,0.135,0.003
50,2,0,7.442,77.698,0.116,190,148.028,83.7,0.132,0.004
51,7,0,7.419,77.698,0.113,196,147.973,86.763,0.135,0.004
52,4,0,7.651,77.837,0.115,198,147.598,87.85,0.134,0.004
53,6,0,7.698,77.837,0.112,202,147.369,91.483,0.136,0.004
54,2,0,7.884,78.116,0.112,203,146.963,94.207,0.137,0.004
55,5,0,7.977,79.07,0.115,204,146.658,96.298,0.138,0.005
56,6,0,8.116,80.14,0.115,209,146.101,100.282,0.141,0.005
57,5,0,8.256,80.395,0.113,212,145.629,105.086,0.144,0.005
58,5,0,8.302,80.395,0.111,215,145.523,106.668,0.146,0.005
59,7,0,8.512,82.186,0.115,218,144.871,111.578,0.149,0.006
60,8,0,8.837,87.047,0.126,224,141.934,118.096,0.153,0.006
61,1,0,8.698,87.512,0.13,221,142.438,114.887,0.151,0.006
62,6,0,8.605,87.512,0.127,225,141.502,116.67,0.154,0.006
63,6,0,8.605,88.07,0.127,228,141.255,117.373,0.155,0.006
64,5,0,8.837,88.698,0.127,231,141.207,124.226,0.159,0.007
65,3,0,9.047,88.791,0.128,230,141.137,125.889,0.158,0.007
66,7,0,9.0,88.442,0.126,235,141.138,126.337,0.16,0.007
67,3,0,9.233,88.442,0.128,235,140.636,128.603,0.158,0.007
68,6,0,9.419,89.395,0.13,238,140.388,132.247,0.16,0.008
69,6,0,9.558,92.698,0.135,242,139.889,137.463,0.166,0.009
70,5,0,10.07,94.372,0.14,244,139.265,144.569,0.168,0.011
71,8,0,10.116,95.093,0.137,252,138.832,151.627,0.173,0.011
72,8,0,10.023,98.14,0.148,257,138.731,154.175,0.176,0.012
73,5,0,10.256,99.093,0.153,257,137.674,159.469,0.175,0.012
74,6,0,10.488,100.605,0.159,258,137.407,164.339,0.175,0.013
75,7,0,11.0,101.605,0.16,262,136.775,174.553,0.178,0.015
76,5,0,11.047,101.698,0.16,264,136.699,178.71,0.179,0.015
77,5,0,11.209,101.791,0.16,266,136.572,181.117,0.179,0.016
78,5,0,11.605,101.605,0.16,268,136.3,186.07,0.178,0.018
79,3,0,11.698,101.605,0.159,268,136.226,188.109,0.179,0.019
80,3,0,11.512,101.605,0.157,271,136.282,185.239,0.18,0.018
81,2,0,11.814,101.628,0.163,269,136.399,184.375,0.175,0.018
82,3,0,11.884,101.907,0.165,269,136.423,187.165,0.174,0.019
83,8,0,12.023,102.093,0.163,275,136.21,195.134,0.177,0.02
84,2,0,11.977,102.767,0.164,275,136.175,194.436,0.178,0.02
85,6,0,11.93,104.302,0.165,279,135.619,199.54,0.183,0.021
86,5,0,11.837,104.721,0.164,282,135.288,205.063,0.186,0.021
87,5,0,11.86,106.093,0.169,281,135.342,207.952,0.187,0.021
88,4,0,11.86,106.837,0.167,284,135.188,209.966,0.191,0.022
89,9,0,11.651,109.674,0.173,291,135.155,211.464,0.196,0.023
90,5,0,11.837,109.884,0.175,292,135.258,213.192,0.195,0.024
91,3,0,12.07,110.488,0.181,290,135.165,215.372,0.193,0.025
92,5,0,12.023,110.884,0.18,290,135.321,216.167,0.195,0.025
93,5,0,11.93,111.186,0.181,288,135.153,215.231,0.196,0.025
94,5,0,12.116,113.186,0.185,290,134.721,218.169,0.199,0.027
95,5,0,12.535,114.698,0.191,292,134.269,226.754,0.2,0.031
96,1,0,12.535,114.698,0.193,289,134.371,227.293,0.198,0.03
97,5,0,12.767,116.628,0.203,291,134.25,232.041,0.199,0.032
98,3,0,12.907,118.581,0.21,290,134.135,233.77,0.2,0.034
99,5,0,12.953,118.581,0.209,292,134.24,234.649,0.2,0.035
100,5,0,13.047,120.837,0.214,295,133.863,241.553,0.205,0.038
101,4,0,9.628,115.419,0.189,295,137.602,183.348,0.204,0.015
102,7,0,10.0,117.233,0.195,299,137.052,196.248,0.208,0.017
103,4,0,10.093,117.372,0.197,297,137.149,196.614,0.207,0.018
104,4,0,10.419,119.07,0.205,296,136.939,204.123,0.207,0.02
105,5,0,10.605,119.744,0.209,297,136.838,206.897,0.207,0.021
106,4,0,10.744,120.0,0.213,295,136.987,208.823,0.206,0.021
107,2,0,11.186,120.0,0.215,293,136.688,214.19,0.204,0.023
108,8,0,11.349,120.349,0.216,297,136.569,218.673,0.204,0.025
109,2,0,11.581,120.674,0.221,294,136.408,223.583,0.202,0.025
110,3,0,11.535,120.674,0.222,293,136.504,221.273,0.202,0.025
111,5,0,11.628,122.256,0.23,294,136.373,224.503,0.201,0.025
112,6,0,11.535,124.163,0.233,298,136.183,227.218,0.206,0.026
113,7,0,11.86,124.558,0.236,300,135.512,229.731,0.204,0.027
114,2,0,12.07,124.698,0.239,296,135.313,233.9,0.202,0.029
115,5,0,12.116,124.698,0.241,296,135.196,231.523,0.2,0.028
116,6,0,12.047,125.302,0.242,298,135.195,228.612,0.202,0.028
117,4,0,12.233,125.302,0.248,298,135.313,224.296,0.197,0.028
118,2,0,12.14,125.302,0.249,295,135.382,220.969,0.195,0.026
119,8,0,12.186,126.535,0.249,301,135.215,229.99,0.2,0.028
120,4,0,12.093,126.535,0.25,302,135.256,227.118,0.199,0.027
121,4,0,12.047,126.721,0.252,301,135.314,222.632,0.198,0.027
122,9,0,11.86,129.977,0.259,307,135.085,231.491,0.206,0.028
123,5,0,11.907,129.977,0.258,307,135.079,234.2,0.207,0.029
124,6,0,11.907,130.395,0.258,308,134.84,235.809,0.209,0.029
125,4,0,12.093,130.581,0.26,308,134.806,239.251,0.209,0.031
126,5,0,12.14,129.163,0.255,312,134.87,239.917,0.21,0.032
127,4,0,12.14,128.465,0.253,313,134.791,238.407,0.208,0.031
128,9,0,12.233,131.07,0.26,317,134.556,245.705,0.212,0.034
129,8,0,12.395,134.465,0.269,321,134.279,249.753,0.214,0.036
130,5,0,12.488,134.791,0.27,323,134.145,249.973,0.214,0.037
131,6,0,12.535,135.581,0.271,328,134.007,252.63,0.218,0.039
132,7,0,12.628,137.0,0.275,332,133.721,259.634,0.22,0.041
133,6,0,12.605,137.279,0.271,336,133.355,263.588,0.225,0.043
134,5,0,12.698,137.279,0.274,335,133.424,262.993,0.222,0.043
135,6,0,12.744,137.279,0.27,340,133.211,270.627,0.227,0.046
136,5,0,12.512,137.279,0.268,340,133.269,265.886,0.228,0.044
137,4,0,12.512,137.558,0.268,341,133.218,266.551,0.229,0.045
138,5,0,12.512,137.558,0.269,343,133.093,264.717,0.23,0.045
139,8,0,12.419,139.163,0.275,350,133.02,267.465,0.234,0.046
140,7,0,12.349,138.651,0.274,352,133.064,262.335,0.232,0.044
141,8,0,12.302,139.395,0.274,358,132.951,267.057,0.236,0.046
142,5,0,12.535,139.395,0.272,360,132.874,273.801,0.238,0.05
143,11,0,13.163,141.326,0.279,361,132.579,286.221,0.238,0.06
144,7,0,13.209,142.419,0.283,365,132.467,292.235,0.241,0.063
145,5,0,13.349,143.767,0.288,364,132.439,297.262,0.242,0.067
146,7,0,13.721,143.814,0.288,366,132.239,305.201,0.242,0.074
147,6,0,13.86,145.535,0.298,368,132.288,308.722,0.243,0.078
148,5,0,13.837,145.535,0.298,369,132.063,307.975,0.243,0.077
149,5,0,14.023,147.698,0.308,369,132.102,313.984,0.245,0.083
150,8,0,14.116,149.07,0.316,373,131.993,315.695,0.245,0.086
151,2,0,14.256,149.07,0.318,369,132.1,316.737,0.244,0.088
152,11,0,14.581,151.093,0.326,375,131.085,332.698,0.251,0.102
153,2,0,14.814,151.093,0.327,373,130.978,337.688,0.249,0.107
154,2,0,15.116,151.093,0.331,369,131.009,339.446,0.246,0.112
155,4,0,15.209,151.093,0.33,369,130.962,343.341,0.247,0.115
156,4,0,15.233,150.558,0.331,369,130.958,344.556,0.246,0.114
157,8,0,15.605,153.326,0.335,369,130.842,356.788,0.252,0.137
158,4,0,15.791,154.488,0.339,371,130.622,367.564,0.255,0.149
159,5,0,15.977,154.581,0.338,373,130.444,374.287,0.256,0.157
160,4,0,16.488,159.977,0.342,368,130.444,383.159,0.253,0.173
161,5,0,16.837,159.814,0.344,364,130.477,387.877,0.249,0.181
162,1,0,17.116,159.814,0.346,359,130.524,389.334,0.246,0.188
163,3,0,17.163,159.884,0.35,355,130.64,381.173,0.241,0.179
164,4,0,17.302,159.884,0.352,350,130.671,379.196,0.238,0.178
165,4,0,16.884,159.884,0.352,351,130.765,370.795,0.239,0.163
166,4,0,17.163,159.884,0.353,349,130.665,369.816,0.236,0.169
167,2,0,17.0,159.884,0.354,347,130.708,363.38,0.235,0.159
168,4,0,17.233,159.814,0.353,347,130.675,370.56,0.236,0.171
169,5,0,17.372,159.907,0.351,350,130.521,380.603,0.238,0.182
170,5,0,17.395,159.977,0.35,355,130.431,384.987,0.241,0.189
171,2,0,17.302,159.977,0.351,353,130.499,381.833,0.24,0.183
172,3,0,17.442,160.302,0.354,350,130.432,381.404,0.239,0.186
173,8,0,17.581,161.0,0.357,350,130.307,386.645,0.24,0.195
174,3,0,17.605,161.0,0.357,349,130.306,387.227,0.24,0.196
175,5,0,17.651,161.0,0.355,353,130.173,390.438,0.243,0.205
176,2,0,17.651,161.023,0.357,349,130.22,386.127,0.24,0.197
177,5,0,17.674,161.116,0.358,345,130.186,387.481,0.238,0.195
178,6,0,17.744,161.14,0.358,344,130.149,386.789,0.238,0.198
179,6,0,17.698,161.14,0.358,345,130.272,382.639,0.237,0.194
180,2,0,17.535,161.14,0.358,339,130.525,376.328,0.234,0.179
181,5,0,17.349,170.488,0.363,337,130.535,374.585,0.235,0.174
182,7,0,17.349,170.488,0.361,340,130.429,377.364,0.238,0.18
183,2,0,17.442,170.488,0.363,337,130.432,374.164,0.236,0.179
184,10,0,17.605,170.488,0.361,345,130.304,385.54,0.238,0.192
185,8,0,17.744,170.605,0.363,351,130.165,395.698,0.241,0.205
186,2,0,17.674,170.651,0.364,349,130.241,392.353,0.239,0.196
187,7,0,17.837,171.023,0.368,352,130.095,400.706,0.241,0.21
188,5,0,17.837,171.023,0.368,352,130.045,401.401,0.241,0.21
189,3,0,18.07,171.023,0.369,349,130.015,405.464,0.24,0.217
190,8,0,18.163,178.837,0.376,353,129.823,410.159,0.246,0.236
191,1,0,18.163,178.837,0.376,354,129.812,410.159,0.246,0.237
192,6,0,18.116,179.0,0.374,356,129.683,419.862,0.25,0.245
193,6,0,18.07,179.0,0.37,361,129.568,429.186,0.255,0.256
194,7,0,18.023,179.0,0.366,365,129.434,430.944,0.259,0.263
195,8,0,18.023,175.07,0.381,364,129.472,429.156,0.26,0.265
196,5,0,18.395,175.07,0.389,363,129.344,436.255,0.26,0.287
197,2,0,18.442,175.07,0.388,362,129.225,441.001,0.26,0.291
198,7,0,18.791,175.163,0.392,362,129.191,448.429,0.259,0.311
199,4,0,18.884,175.163,0.391,364,129.168,451.363,0.261,0.321
200,2,0,18.837,175.721,0.39,366,129.111,458.723,0.265,0.331
201,2,0,14.093,171.07,0.369,365,130.236,334.266,0.262,0.101
202,5,0,13.953,171.07,0.37,366,130.257,333.409,0.262,0.098
203,4,0,14.023,171.07,0.368,369,130.147,337.877,0.265,0.103
204,5,0,14.209,170.744,0.365,370,130.028,344.334,0.268,0.112
205,6,0,14.302,170.93,0.367,374,129.903,350.905,0.27,0.118
206,5,0,14.442,170.953,0.368,371,130.09,348.024,0.266,0.117
207,4,0,14.488,166.651,0.368,372,130.046,347.048,0.266,0.119
208,4,0,14.674,168.512,0.368,374,129.987,352.386,0.267,0.126
209,3,0,14.674,168.558,0.368,376,129.955,355.049,0.268,0.128
210,12,0,14.744,168.721,0.367,383,129.861,361.463,0.269,0.132
211,6,0,14.837,168.721,0.369,383,129.941,357.748,0.266,0.129
212,3,0,15.116,168.605,0.372,380,130.027,353.93,0.26,0.13
213,5,0,15.209,168.837,0.372,384,129.897,360.58,0.262,0.136
214,1,0,15.488,168.837,0.374,378,129.902,362.908,0.259,0.141
215,1,0,15.767,168.837,0.378,369,130.068,360.752,0.253,0.142
216,2,0,15.953,170.093,0.386,367,130.124,363.735,0.252,0.148
217,5,0,15.93,170.093,0.388,363,130.308,359.825,0.248,0.14
218,4,0,15.93,170.093,0.389,362,130.368,355.468,0.247,0.139
219,7,0,16.326,170.465,0.391,362,130.271,364.623,0.249,0.157
220,4,0,16.279,170.465,0.387,364,130.271,362.75,0.25,0.157
221,6,0,16.233,170.628,0.384,367,130.188,366.45,0.254,0.162
222,5,0,16.14,170.628,0.383,370,130.128,371.971,0.256,0.163
223,3,0,16.465,170.465,0.386,362,130.24,371.548,0.252,0.168
224,5,0,16.465,171.0,0.39,355,130.447,366.311,0.248,0.161
225,7,0,16.512,171.0,0.39,358,130.434,369.381,0.25,0.167
226,10,0,16.372,171.767,0.39,364,130.288,372.556,0.253,0.168
227,5,0,16.605,171.767,0.39,368,130.106,382.398,0.255,0.181
228,5,0,16.605,172.442,0.391,368,130.024,386.464,0.257,0.186
229,4,0,16.605,172.581,0.39,370,129.914,396.018,0.261,0.193
230,4,0,16.651,172.581,0.396,367,130.009,388.906,0.258,0.19
231,2,0,16.884,172.581,0.396,364,129.941,393.006,0.258,0.2
232,3,0,16.907,172.581,0.397,361,129.989,392.53,0.256,0.197
233,6,0,16.86,172.581,0.398,362,130.034,388.477,0.254,0.191
234,2,0,16.953,172.581,0.398,362,129.97,392.491,0.255,0.198
235,1,0,17.0,172.581,0.398,359,130.077,390.971,0.254,0.199
236,1,0,17.279,172.581,0.4,355,130.116,390.781,0.252,0.207
237,5,0,17.419,172.419,0.4,354,130.106,393.377,0.251,0.213
238,3,0,17.628,173.302,0.401,351,130.075,397.192,0.249,0.218
239,3,0,17.395,173.465,0.4,350,130.075,392.344,0.25,0.209
240,4,0,17.349,173.465,0.4,353,130.113,391.172,0.251,0.208
241,6,0,17.465,173.465,0.399,356,130.006,399.653,0.253,0.218
242,8,0,17.558,173.047,0.396,358,130.126,410.29,0.252,0.222
243,4,0,17.884,173.279,0.398,358,130.078,416.176,0.252,0.24
244,8,0,18.023,173.023,0.399,360,129.959,422.017,0.254,0.253
245,3,0,17.93,173.023,0.399,356,130.024,411.92,0.249,0.234
246,6,0,17.814,173.023,0.396,356,130.029,410.13,0.25,0.23
247,10,0,17.767,173.698,0.397,366,129.883,418.951,0.256,0.242
248,7,0,17.581,173.698,0.395,371,129.902,418.465,0.258,0.238
249,7,0,17.558,173.698,0.395,374,130.003,418.672,0.256,0.232
250,6,0,17.651,173.698,0.394,376,129.922,421.435,0.257,0.238
251,5,0,17.837,174.488,0.396,376,129.762,429.976,0.257,0.249
252,5,0,18.07,174.512,0.394,375,129.744,429.26,0.255,0.257
253,4,0,18.116,174.047,0.39,374,129.726,431.728,0.255,0.26
254,3,0,18.163,174.767,0.389,375,129.612,438.841,0.258,0.269
255,7,0,18.326,174.86,0.386,381,129.55,447.111,0.262,0.291
256,6,0,18.512,174.86,0.391,377,129.638,438.178,0.256,0.286
257,3,0,18.419,174.86,0.389,375,129.634,436.728,0.255,0.278
258,3,0,18.698,176.395,0.397,374,129.634,441.575,0.255,0.296
259,2,0,18.698,176.395,0.394,373,129.711,439.117,0.256,0.297
260,3,0,18.558,176.395,0.394,371,129.873,439.101,0.254,0.286
261,7,0,18.558,176.535,0.394,373,129.857,442.008,0.255,0.288
262,3,0,18.465,176.535,0.394,373,129.88,436.842,0.255,0.28
263,8,0,18.558,176.651,0.393,376,129.835,442.989,0.258,0.297
264,3,0,18.512,176.651,0.393,379,129.789,444.243,0.26,0.299
265,2,0,18.651,176.651,0.391,375,129.768,441.896,0.258,0.301
266,5,1,18.605,177.093,0.392,374,129.725,450.381,0.26,0.304
267,5,0,18.558,176.884,0.393,375,130.597,452.057,0.26,0.308
268,7,1,18.581,176.884,0.39,374,130.677,454.303,0.258,0.305
269,4,0,19.0,176.884,0.395,370,130.504,457.512,0.257,0.328
270,3,0,18.767,176.884,0.397,367,130.489,454.359,0.255,0.307
271,5,0,18.791,177.256,0.398,366,130.437,458.241,0.257,0.312
272,3,0,18.558,177.256,0.397,363,130.54,447.477,0.254,0.289
273,9,0,18.791,177.256,0.396,363,130.677,445.952,0.251,0.297
274,5,0,18.93,177.256,0.395,365,130.606,452.458,0.253,0.311
275,4,0,19.07,177.14,0.395,362,130.6,450.461,0.25,0.312
276,3,0,19.07,177.14,0.393,362,130.578,455.864,0.252,0.316
277,7,0,19.07,177.14,0.394,366,130.537,462.246,0.254,0.323
278,6,0,19.209,178.14,0.396,368,130.464,466.255,0.255,0.334
279,6,0,19.488,178.837,0.399,373,130.286,484.051,0.261,0.374
280,5,0,19.581,178.93,0.4,374,130.266,486.88,0.259,0.375
281,5,0,19.465,178.465,0.401,371,130.334,480.174,0.26,0.368
282,6,2,19.372,178.465,0.4,373,130.283,483.068,0.262,0.369
283,0,0,19.326,178.465,0.399,365,130.416,477.198,0.258,0.355
284,2,0,19.465,178.465,0.402,360,130.507,471.665,0.255,0.352
285,5,0,19.07,177.907,0.399,355,130.693,449.273,0.25,0.31
286,7,0,19.256,177.907,0.394,357,130.612,453.224,0.249,0.321
287,7,0,18.977,177.907,0.391,361,130.59,458.235,0.252,0.31
288,4,0,18.977,177.907,0.391,361,130.491,461.29,0.253,0.314
289,6,0,18.93,177.907,0.397,359,130.381,458.983,0.255,0.315
290,8,0,18.767,177.907,0.398,360,130.376,455.889,0.257,0.31
291,3,0,18.674,177.907,0.398,357,130.342,454.975,0.256,0.302
292,6,0,18.814,178.14,0.398,358,130.405,449.146,0.253,0.302
293,3,0,18.907,178.14,0.406,358,130.278,456.365,0.255,0.312
294,0,0,18.953,178.14,0.405,353,130.326,449.309,0.252,0.306
295,5,0,19.093,178.14,0.405,353,130.265,453.424,0.251,0.312
296,4,0,19.023,178.14,0.403,356,130.229,457.297,0.253,0.314
297,8,0,19.186,178.465,0.407,358,130.236,454.935,0.251,0.318
298,4,0,18.837,176.558,0.406,357,130.405,439.361,0.246,0.28
299,4,0,18.744,179.14,0.405,353,130.506,438.367,0.247,0.278
300,8,0,18.93,179.047,0.403,356,130.464,443.728,0.246,0.289
301,5,0,14.256,185.628,0.377,353,131.973,325.989,0.246,0.09
302,6,0,14.116,185.907,0.382,357,131.852,327.306,0.25,0.091
303,3,0,14.302,185.907,0.382,357,131.84,330.994,0.249,0.094
304,4,0,14.349,185.907,0.382,358,131.98,329.775,0.248,0.095
305,6,0,14.116,185.907,0.38,362,131.913,326.477,0.251,0.093
306,3,0,14.07,185.907,0.38,365,131.874,327.106,0.253,0.093
307,4,0,14.163,183.442,0.385,366,131.698,333.298,0.255,0.098
308,2,0,14.535,183.442,0.389,360,131.786,332.721,0.249,0.1
309,5,0,14.651,183.442,0.387,363,131.698,336.542,0.25,0.105
310,2,0,14.744,183.442,0.39,361,131.829,335.032,0.245,0.102
311,6,0,14.605,183.442,0.389,366,131.915,333.136,0.247,0.101
312,3,0,14.581,184.465,0.387,367,131.873,334.418,0.25,0.103
313,7,0,14.535,184.465,0.385,369,131.915,339.414,0.253,0.106
314,6,0,14.535,184.651,0.385,373,131.864,342.033,0.254,0.107
315,7,0,14.907,184.651,0.384,374,131.617,352.486,0.256,0.121
316,6,0,15.279,184.651,0.397,377,131.507,364.554,0.258,0.139
317,4,0,15.372,184.651,0.398,377,131.5,366.581,0.258,0.142
318,6,1,15.419,184.558,0.4,377,131.655,365.746,0.255,0.139
319,3,0,15.605,184.558,0.399,377,131.582,371.067,0.256,0.146
320,2,0,15.605,184.558,0.401,375,131.544,367.101,0.254,0.143
321,2,0,15.558,184.558,0.401,371,131.617,363.007,0.251,0.137
322,8,0,15.628,187.837,0.4,375,131.354,369.743,0.254,0.144
323,6,0,15.767,187.837,0.404,377,131.2,375.899,0.258,0.155
324,3,0,15.814,187.837,0.402,374,131.312,374.756,0.256,0.154
325,4,0,15.86,187.837,0.402,373,131.294,375.007,0.254,0.152
326,9,0,15.953,187.837,0.399,382,131.079,385.508,0.26,0.167
327,5,0,16.372,187.837,0.402,385,130.978,396.856,0.262,0.19
328,4,0,16.651,187.837,0.403,385,130.922,402.116,0.26,0.2
329,5,0,16.86,187.837,0.405,386,130.846,407.568,0.261,0.212
330,6,0,16.674,187.837,0.402,388,130.98,404.586,0.261,0.202
331,4,0,16.814,187.837,0.401,390,130.901,409.496,0.262,0.212
332,4,0,17.372,189.395,0.405,387,130.966,422.269,0.261,0.239
333,3,0,17.326,189.395,0.404,385,130.961,422.04,0.261,0.238
334,6,0,17.349,191.581,0.402,389,130.799,428.592,0.266,0.251
335,12,0,17.256,191.581,0.403,394,130.599,430.404,0.268,0.25
336,5,0,17.302,191.581,0.403,396,130.591,432.727,0.268,0.253
337,6,0,17.07,191.581,0.411,400,130.558,430.64,0.271,0.246
338,11,0,17.093,191.279,0.413,400,130.51,431.04,0.268,0.241
339,4,0,17.093,191.395,0.413,398,130.543,428.962,0.268,0.24
340,4,0,17.558,191.395,0.421,395,130.487,439.447,0.266,0.261
341,6,0,17.698,191.395,0.421,394,130.456,444.585,0.266,0.27
342,7,0,18.07,189.837,0.419,395,130.432,450.596,0.265,0.291
343,2,0,18.209,189.837,0.419,392,130.45,452.277,0.263,0.293
344,6,0,18.302,189.837,0.417,393,130.504,456.612,0.264,0.302
345,7,0,18.442,189.837,0.415,398,130.388,468.148,0.268,0.325
346,6,0,18.395,189.837,0.414,401,130.485,465.542,0.269,0.326
347,5,0,18.395,190.326,0.415,403,130.471,466.656,0.272,0.334
348,7,0,18.605,190.326,0.418,402,130.411,472.356,0.269,0.34
349,7,0,18.558,190.326,0.419,403,130.214,469.234,0.272,0.344
350,5,0,18.814,190.488,0.419,403,130.158,475.744,0.271,0.36
351,3,0,18.953,190.512,0.42,402,130.14,484.631,0.273,0.374
352,4,0,19.186,190.837,0.42,401,130.025,484.503,0.272,0.389
353,2,0,18.953,190.837,0.417,398,130.142,474.843,0.269,0.363
354,3,0,18.907,190.837,0.416,394,130.326,463.238,0.265,0.347
355,6,0,19.14,190.837,0.415,397,130.265,470.676,0.265,0.364
356,6,0,18.953,190.837,0.416,395,130.438,459.548,0.26,0.333
357,7,0,18.674,191.256,0.416,396,130.359,448.589,0.261,0.318
358,6,0,19.14,190.93,0.417,392,130.316,454.798,0.255,0.331
359,10,0,18.837,191.047,0.415,394,130.204,459.318,0.261,0.326
360,4,0,18.651,191.047,0.414,390,130.304,445.366,0.256,0.299
361,2,0,18.744,191.047,0.414,388,130.29,446.706,0.255,0.302
362,9,0,18.605,191.209,0.413,395,130.098,451.665,0.259,0.305
363,5,0,18.558,191.209,0.413,396,130.127,444.865,0.258,0.3
364,2,0,18.512,191.209,0.412,395,130.13,449.117,0.259,0.299
365,6,0,18.651,191.209,0.412,400,129.917,463.329,0.266,0.33
366,6,0,18.605,191.209,0.411,400,129.945,466.902,0.269,0.336
367,9,0,18.628,191.209,0.412,402,129.929,470.394,0.272,0.346
368,11,0,18.651,191.465,0.416,407,129.787,480.241,0.276,0.363
369,5,1,18.558,191.465,0.416,409,129.755,484.963,0.279,0.365
370,4,0,18.698,191.465,0.415,408,129.757,487.213,0.279,0.373
371,4,0,18.767,191.465,0.414,410,129.739,494.818,0.28,0.383
372,4,2,18.86,191.465,0.415,408,129.783,489.345,0.278,0.384
373,8,0,19.0,191.767,0.42,414,129.68,502.669,0.283,0.412
374,8,0,19.047,191.767,0.421,420,129.643,513.476,0.286,0.425
375,4,0,18.953,191.767,0.424,415,129.705,503.609,0.282,0.404
376,6,0,19.047,191.767,0.422,417,129.566,507.548,0.284,0.417
377,6,0,19.186,191.767,0.423,420,129.524,512.631,0.285,0.43
378,6,0,19.093,191.767,0.427,424,129.546,516.315,0.287,0.43
379,3,0,19.093,191.767,0.425,424,129.501,517.789,0.288,0.434
380,5,0,19.14,191.767,0.425,424,129.469,522.442,0.29,0.445
381,6,0,19.326,191.767,0.427,426,129.43,521.635,0.292,0.465
382,9,1,19.674,191.767,0.434,425,129.598,524.865,0.288,0.479
383,5,0,19.488,191.767,0.432,425,129.594,519.974,0.288,0.466
384,7,0,19.256,191.767,0.428,426,129.581,511.191,0.287,0.444
385,5,0,19.14,191.767,0.431,424,129.57,513.471,0.288,0.438
386,3,1,19.279,191.837,0.433,422,129.589,510.847,0.286,0.444
387,3,0,19.279,191.837,0.434,421,129.653,510.186,0.286,0.441
388,3,0,19.465,191.837,0.433,420,129.752,512.635,0.282,0.443
389,8,0,19.512,192.023,0.432,427,129.597,524.16,0.287,0.463
390,6,0,19.512,192.023,0.431,425,129.644,516.16,0.285,0.457
391,8,0,19.651,192.163,0.432,428,129.554,522.877,0.287,0.475
392,3,0,20.116,192.163,0.433,425,129.509,533.19,0.284,0.498
393,6,0,20.116,192.163,0.433,428,129.516,534.482,0.285,0.502
394,2,1,19.93,190.581,0.431,421,129.6,522.689,0.28,0.471
395,3,0,20.209,190.581,0.434,416,129.636,522.009,0.277,0.481
396,3,0,20.047,190.953,0.433,415,129.658,519.29,0.276,0.464
397,11,0,20.14,190.953,0.43,421,129.531,532.113,0.28,0.485
398,2,0,20.465,190.953,0.431,415,129.6,531.926,0.276,0.496
399,5,0,20.419,190.953,0.429,412,129.675,527.409,0.275,0.492
400,5,0,20.651,190.953,0.43,411,129.643,525.466,0.272,0.498
401,4,0,15.581,190.698,0.391,412,130.816,405.017,0.275,0.181
402,9,0,15.535,190.698,0.392,416,130.94,403.254,0.278,0.186
403,3,1,15.814,190.698,0.404,412,130.927,406.168,0.275,0.192
404,3,0,15.814,190.698,0.403,409,130.924,406.328,0.275,0.192
405,2,0,15.814,190.698,0.403,408,130.962,406.245,0.274,0.191
406,6,0,16.14,190.535,0.41,407,130.95,409.141,0.272,0.202
407,2,0,16.372,190.535,0.413,407,130.926,420.439,0.274,0.218
408,9,0,16.163,190.535,0.409,413,130.913,418.562,0.277,0.214
409,5,0,16.395,190.535,0.411,412,130.853,419.84,0.275,0.222
410,6,0,16.349,189.884,0.409,410,130.793,417.251,0.274,0.216
411,5,0,16.674,189.884,0.413,409,130.742,422.84,0.274,0.233
412,6,0,16.953,189.884,0.42,408,130.691,420.478,0.272,0.243
413,6,0,16.977,192.977,0.421,411,130.706,424.846,0.272,0.246
414,4,0,17.186,192.977,0.424,410,130.625,425.492,0.271,0.254
415,3,0,17.047,192.977,0.424,409,130.731,423.367,0.269,0.242
416,7,1,17.0,192.977,0.423,412,130.592,426.776,0.273,0.249
417,3,0,17.233,193.163,0.422,410,130.506,433.659,0.273,0.261
418,4,0,17.465,193.163,0.423,407,130.43,443.42,0.273,0.275
419,0,0,17.558,193.163,0.424,402,130.455,441.995,0.271,0.276
420,6,0,17.465,193.488,0.422,407,130.346,443.783,0.275,0.28
421,5,0,17.791,193.488,0.421,408,130.301,450.494,0.275,0.303
422,6,0,17.651,193.488,0.422,412,130.226,448.884,0.278,0.303
423,5,0,17.698,193.488,0.422,411,130.218,450.388,0.279,0.308
424,2,0,18.07,193.488,0.425,408,130.232,457.471,0.277,0.325
425,4,0,17.953,193.488,0.428,407,130.308,455.847,0.275,0.314
426,7,0,17.814,193.488,0.426,412,130.262,453.708,0.277,0.311
427,8,1,18.186,193.488,0.429,411,130.232,462.326,0.276,0.33
428,3,0,18.465,193.651,0.43,406,130.232,462.181,0.27,0.332
429,3,0,18.558,193.651,0.431,404,130.235,465.078,0.27,0.338
430,3,0,18.512,193.651,0.43,406,130.235,470.244,0.272,0.342
431,3,0,18.535,193.651,0.431,404,130.203,465.646,0.272,0.341
432,3,0,18.674,193.651,0.434,403,130.088,468.351,0.271,0.349
433,0,0,18.86,193.651,0.435,399,130.19,469.688,0.268,0.351
434,9,0,18.977,193.791,0.438,405,130.214,472.415,0.271,0.37
435,6,0,18.93,193.791,0.437,406,130.165,471.31,0.271,0.367
436,5,0,19.14,193.233,0.44,405,130.146,474.31,0.269,0.375
437,7,0,19.279,193.233,0.442,405,129.965,489.653,0.273,0.399
438,10,0,19.186,193.372,0.441,413,129.785,494.316,0.28,0.414
439,3,0,19.256,193.372,0.443,410,129.834,492.155,0.276,0.407
440,3,0,19.07,193.419,0.44,405,129.859,483.354,0.272,0.38
441,6,0,19.047,193.419,0.44,407,129.843,484.18,0.274,0.383
442,2,0,19.07,192.814,0.44,403,129.859,478.539,0.271,0.373
443,4,0,18.93,192.814,0.44,402,129.904,473.671,0.269,0.36
444,5,0,18.86,192.814,0.439,402,130.05,469.24,0.267,0.347
445,2,0,18.535,192.814,0.44,396,130.156,455.066,0.263,0.312
446,2,0,18.628,192.814,0.44,394,130.207,456.491,0.262,0.316
447,5,0,18.581,192.814,0.44,391,130.238,454.321,0.261,0.309
448,4,0,18.488,192.814,0.441,394,130.202,454.101,0.263,0.309
449,6,0,18.488,192.814,0.442,397,130.112,464.788,0.266,0.319
450,6,0,18.721,192.814,0.442,400,129.996,475.116,0.269,0.344
451,7,1,18.814,192.814,0.443,405,129.802,488.696,0.274,0.365
452,4,0,18.837,191.023,0.441,406,129.839,488.87,0.275,0.371
453,7,0,19.047,192.698,0.44,407,129.813,496.866,0.276,0.389
454,4,0,18.907,192.698,0.439,408,129.868,490.685,0.275,0.377
455,13,0,19.14,192.698,0.444,416,129.746,509.9,0.28,0.41
456,3,0,19.186,192.698,0.441,417,129.78,509.378,0.278,0.407
457,2,0,19.186,192.698,0.442,416,129.778,510.148,0.277,0.406
458,4,0,19.186,192.698,0.442,417,129.786,510.481,0.278,0.408
459,4,0,19.279,192.698,0.443,416,129.75,512.929,0.28,0.422
460,6,0,19.14,192.837,0.444,416,129.832,507.713,0.279,0.407
461,5,0,19.163,194.628,0.443,413,129.824,509.162,0.278,0.405
462,8,0,19.116,194.628,0.442,416,129.885,509.13,0.278,0.403
463,8,0,19.674,194.628,0.441,419,129.656,538.81,0.286,0.471
464,3,0,19.465,194.628,0.441,416,129.67,531.721,0.286,0.456
465,7,0,19.442,194.628,0.444,420,129.453,538.968,0.29,0.47
466,7,0,19.674,194.465,0.443,421,129.232,558.621,0.295,0.504
467,5,0,19.674,194.465,0.439,422,129.26,558.148,0.295,0.505
468,6,1,19.953,194.605,0.442,421,129.231,564.759,0.296,0.529
469,3,0,19.907,194.605,0.442,422,129.215,564.572,0.297,0.528
470,0,0,20.0,194.605,0.442,420,129.26,564.677,0.296,0.531
471,7,2,20.372,194.605,0.444,416,129.18,576.85,0.295,0.557
472,7,0,20.279,194.605,0.446,421,129.111,579.425,0.297,0.557
473,8,0,20.14,194.605,0.447,427,129.05,583.281,0.301,0.558
474,4,1,20.093,194.605,0.448,428,129.025,583.88,0.303,0.562
475,1,0,20.14,194.605,0.446,425,129.05,585.074,0.302,0.565
476,4,0,20.233,194.605,0.444,421,128.995,584.472,0.301,0.567
477,4,0,20.233,194.605,0.443,420,129.051,583.251,0.301,0.566
478,5,2,20.279,194.605,0.445,418,129.06,584.904,0.301,0.571
479,2,0,20.279,194.605,0.447,417,129.049,585.145,0.301,0.569
480,5,0,20.14,194.605,0.444,420,129.036,582.438,0.302,0.564
481,3,0,20.047,194.605,0.444,418,129.099,578.113,0.3,0.551
482,6,1,20.093,194.605,0.443,422,128.987,586.165,0.304,0.567
483,4,1,20.372,194.884,0.445,416,128.929,585.021,0.302,0.579
484,6,0,20.372,194.884,0.448,415,128.949,583.391,0.301,0.577
485,8,1,20.791,194.884,0.449,412,128.96,592.434,0.298,0.598
486,7,0,20.791,194.884,0.447,418,128.889,596.352,0.301,0.609
487,4,2,20.837,194.884,0.446,418,128.939,594.505,0.3,0.607
488,9,1,20.791,194.884,0.446,423,128.886,597.406,0.303,0.613
489,5,1,20.698,194.884,0.444,422,128.908,593.407,0.302,0.603
490,4,0,20.605,194.884,0.444,423,128.928,592.562,0.302,0.596
491,4,0,20.884,194.884,0.436,420,129.025,599.689,0.298,0.605
492,3,0,20.884,194.884,0.435,421,129.036,599.056,0.298,0.606
493,2,0,21.07,194.884,0.435,417,129.077,599.239,0.297,0.614
494,8,1,21.07,194.884,0.435,420,129.03,608.735,0.301,0.63
495,3,0,21.023,194.884,0.437,421,128.997,609.744,0.303,0.633
496,1,0,21.07,194.884,0.435,417,129.051,603.818,0.299,0.622
497,6,0,21.186,194.884,0.435,418,129.018,609.268,0.299,0.632
498,3,0,21.0,194.884,0.435,415,128.965,600.51,0.298,0.613
499,4,0,20.814,194.884,0.437,410,129.079,587.117,0.295,0.591
500,6,0,20.767,194.884,0.441,412,128.996,583.873,0.298,0.597
501,4,0,15.465,194.884,0.391,411,129.933,424.337,0.298,0.224
502,4,0,15.674,195.047,0.391,411,129.933,430.226,0.298,0.238
503,3,0,15.953,194.209,0.391,406,130.111,435.94,0.294,0.244
504,1,0,16.233,194.209,0.393,404,130.015,441.095,0.293,0.256
505,4,0,16.233,194.209,0.395,402,130.057,436.122,0.29,0.249
506,2,0,16.465,194.209,0.396,400,129.991,444.845,0.29,0.26
507,4,0,16.837,194.209,0.402,392,130.027,454.199,0.286,0.272
508,5,0,16.86,192.419,0.402,395,129.989,458.104,0.287,0.277
509,7,0,17.186,192.419,0.403,398,129.989,463.766,0.286,0.296
510,7,0,17.395,192.419,0.403,400,129.903,476.868,0.289,0.316
511,4,0,17.488,192.419,0.403,401,129.852,479.346,0.29,0.325
512,5,0,17.349,192.419,0.399,401,129.938,476.847,0.289,0.313
513,7,0,17.395,191.721,0.401,403,129.888,478.321,0.29,0.321
514,8,0,17.442,191.674,0.407,402,129.812,476.854,0.289,0.319
515,4,0,17.558,191.674,0.409,399,129.903,471.405,0.286,0.32
516,4,0,17.605,191.674,0.407,400,129.782,479.182,0.288,0.328
517,3,0,17.605,191.674,0.409,399,129.756,479.243,0.288,0.327
518,6,0,17.837,191.674,0.416,400,129.75,486.336,0.29,0.349
519,5,0,18.256,191.163,0.42,397,129.639,494.407,0.29,0.38
520,4,0,18.302,191.163,0.421,397,129.585,495.448,0.289,0.379
521,5,0,18.419,191.047,0.423,394,129.582,497.015,0.288,0.384
522,6,1,18.93,191.047,0.424,393,129.633,504.379,0.286,0.416
523,3,0,19.023,191.419,0.426,391,129.654,506.71,0.285,0.419
524,9,0,19.116,191.767,0.423,396,129.585,517.006,0.288,0.438
525,5,0,19.116,191.767,0.422,399,129.538,526.423,0.291,0.446
526,4,0,19.163,191.442,0.425,399,129.417,524.995,0.29,0.445
527,4,0,19.14,190.698,0.425,398,129.461,516.573,0.288,0.437
528,5,0,19.186,190.698,0.424,399,129.458,519.386,0.289,0.443
529,9,0,19.209,190.698,0.424,402,129.479,520.62,0.288,0.445
530,6,0,19.372,190.698,0.426,403,129.447,522.67,0.287,0.452
531,5,0,19.395,187.721,0.425,402,129.453,523.721,0.285,0.445
532,4,0,19.581,188.628,0.427,403,129.309,530.15,0.288,0.47
533,6,0,19.465,188.628,0.427,401,129.36,528.889,0.288,0.462
534,5,0,19.535,188.442,0.423,400,129.425,530.248,0.288,0.467
535,3,0,19.395,188.442,0.423,397,129.456,521.825,0.287,0.452
536,7,0,19.256,189.186,0.423,398,129.557,515.261,0.287,0.443
537,5,1,19.302,189.512,0.424,399,129.492,517.003,0.287,0.448
538,3,0,19.419,188.953,0.425,398,129.494,516.717,0.285,0.448
539,6,0,19.372,189.419,0.423,400,129.492,517.157,0.287,0.451
540,2,0,19.651,189.419,0.424,396,129.502,520.172,0.284,0.461
541,7,0,19.372,189.419,0.423,399,129.457,515.529,0.286,0.447
542,5,0,19.465,192.14,0.423,400,129.55,518.458,0.287,0.459
543,5,1,19.279,192.14,0.424,401,129.553,514.711,0.287,0.445
544,13,0,19.372,192.14,0.422,409,129.206,536.334,0.298,0.491
545,12,0,19.442,192.628,0.434,416,128.911,556.776,0.307,0.526
546,7,1,19.395,192.628,0.433,414,128.824,559.523,0.309,0.528
547,6,0,19.256,192.628,0.433,415,128.842,550.087,0.308,0.514
548,5,1,19.419,192.628,0.433,412,128.827,554.538,0.306,0.52
549,3,1,19.326,192.628,0.431,409,128.908,550.006,0.305,0.509
550,3,0,19.326,192.279,0.432,408,129.01,549.372,0.302,0.501
551,1,0,19.14,192.279,0.433,402,129.182,535.326,0.298,0.472
552,2,0,19.047,192.279,0.432,404,129.296,533.141,0.298,0.467
553,3,1,19.186,192.279,0.435,399,129.38,533.874,0.295,0.465
554,6,0,19.465,192.279,0.435,401,129.231,543.607,0.299,0.5
555,5,1,19.698,192.279,0.436,396,129.24,549.4,0.296,0.508
556,13,0,19.721,192.279,0.437,403,129.067,560.301,0.299,0.52
557,7,0,19.674,192.279,0.436,408,129.018,567.881,0.302,0.527
558,3,0,19.767,192.837,0.436,406,129.063,563.142,0.3,0.528
559,2,0,20.0,192.837,0.436,403,129.089,564.518,0.296,0.532
560,6,0,19.884,192.837,0.437,405,129.077,563.872,0.297,0.525
561,7,0,20.07,192.837,0.441,407,128.971,568.36,0.3,0.55
562,4,0,20.0,192.837,0.444,404,129.056,562.412,0.297,0.535
563,3,0,20.14,192.744,0.445,403,129.101,565.402,0.297,0.545
564,6,0,20.326,192.744,0.448,402,129.079,571.368,0.298,0.562
565,3,0,20.372,192.535,0.449,400,129.028,571.071,0.295,0.556
566,4,0,20.419,192.535,0.448,398,129.025,571.732,0.294,0.556
567,2,0,20.767,192.535,0.45,394,129.059,574.164,0.291,0.572
568,4,1,20.767,192.535,0.45,397,128.949,582.366,0.294,0.582
569,4,0,20.86,192.535,0.448,396,128.919,584.644,0.295,0.591
570,3,0,20.721,192.698,0.447,396,128.952,576.249,0.292,0.572
571,4,0,20.907,192.698,0.446,396,128.95,581.158,0.291,0.581
572,8,0,21.0,192.698,0.45,401,128.815,593.172,0.297,0.608
573,8,0,20.953,192.698,0.449,405,128.802,595.661,0.3,0.614
574,2,0,20.907,192.698,0.449,400,129.078,590.75,0.293,0.59
575,11,0,20.767,192.791,0.447,408,129.004,590.377,0.297,0.593
576,3,0,20.767,192.791,0.447,409,129.005,590.139,0.297,0.593
577,7,0,20.674,192.791,0.448,407,128.991,582.504,0.296,0.582
578,4,0,20.767,192.047,0.449,407,128.983,582.122,0.295,0.585
579,6,0,20.86,192.233,0.451,408,129.103,584.083,0.295,0.591
580,10,0,20.605,193.14,0.449,413,129.049,583.513,0.297,0.579
581,5,0,20.651,193.14,0.452,413,128.998,587.982,0.299,0.59
582,4,1,21.047,193.14,0.454,407,128.997,583.568,0.292,0.595
583,5,0,20.907,192.953,0.455,401,129.135,574.97,0.288,0.57
584,4,0,20.93,192.953,0.455,401,129.124,575.781,0.287,0.57
585,13,0,20.93,192.953,0.451,413,128.953,593.429,0.296,0.601
586,1,0,20.93,192.953,0.447,407,129.127,574.577,0.29,0.581
587,7,0,20.837,193.372,0.446,409,129.048,578.929,0.293,0.582
588,5,0,20.605,193.372,0.446,411,129.257,570.882,0.293,0.568
589,6,0,20.535,193.372,0.446,412,129.243,570.777,0.294,0.566
590,1,0,20.674,193.372,0.446,409,129.277,567.48,0.293,0.572
591,5,0,20.721,193.372,0.447,409,129.263,572.781,0.292,0.574
592,3,0,20.814,193.0,0.449,408,129.285,568.839,0.291,0.577
593,2,0,20.767,193.0,0.45,406,129.306,566.652,0.29,0.571
594,4,0,21.116,194.558,0.448,405,129.144,574.301,0.291,0.599
595,8,1,21.023,194.558,0.446,408,129.112,581.63,0.293,0.6
596,6,0,20.93,194.558,0.449,411,129.096,584.686,0.295,0.599
597,7,1,20.674,195.023,0.449,413,129.075,575.167,0.296,0.581
598,5,0,20.977,193.698,0.45,411,129.104,580.185,0.295,0.6
599,5,0,20.837,193.698,0.45,413,129.053,580.245,0.297,0.597
600,3,1,20.465,193.698,0.447,409,129.114,565.763,0.294,0.559
601,4,0,15.605,192.605,0.409,410,129.483,433.383,0.293,0.218
602,7,0,15.837,192.744,0.406,411,129.456,438.456,0.293,0.23
603,1,0,16.023,192.907,0.408,409,129.464,441.344,0.291,0.235
604,5,0,16.163,192.907,0.412,409,129.452,447.313,0.291,0.242
605,5,0,16.814,194.07,0.415,405,129.45,460.292,0.287,0.27
606,0,0,16.953,194.07,0.415,399,129.513,454.998,0.283,0.268
607,4,0,16.907,194.07,0.415,397,129.648,451.614,0.281,0.26
608,7,0,17.326,194.07,0.419,398,129.599,461.304,0.282,0.29
609,3,0,17.605,194.07,0.421,394,129.548,467.719,0.281,0.303
610,4,0,17.698,194.07,0.421,391,129.665,467.087,0.28,0.307
611,6,0,17.837,194.07,0.422,395,129.545,471.557,0.282,0.323
612,3,0,18.302,193.256,0.425,389,129.668,474.558,0.276,0.336
613,6,0,18.023,193.256,0.423,391,129.672,470.17,0.278,0.323
614,2,0,17.977,193.256,0.423,390,129.735,467.728,0.276,0.314
615,9,0,18.209,193.442,0.425,391,129.75,470.017,0.275,0.327
616,5,0,18.302,193.442,0.424,390,129.814,472.347,0.274,0.331
617,2,0,18.395,193.116,0.425,388,129.881,470.327,0.272,0.331
618,5,0,18.442,193.116,0.424,389,129.809,473.971,0.274,0.34
619,8,0,18.791,192.605,0.423,391,129.69,485.313,0.275,0.366
620,8,0,19.442,192.605,0.425,390,129.586,500.147,0.276,0.418
621,5,0,19.698,192.605,0.428,388,129.658,494.23,0.271,0.419
622,10,1,19.977,192.419,0.431,392,129.654,500.682,0.27,0.439
623,8,0,20.209,192.488,0.433,398,129.464,517.01,0.275,0.473
624,3,0,19.977,192.488,0.433,398,129.497,509.893,0.275,0.455
625,6,0,20.116,192.488,0.435,401,129.513,513.941,0.275,0.466
626,0,0,20.163,192.488,0.437,395,129.591,504.367,0.271,0.455
627,2,0,20.116,192.488,0.437,388,129.728,500.385,0.267,0.44
628,4,0,19.884,192.488,0.439,389,129.802,494.041,0.266,0.416
629,3,0,19.884,192.488,0.439,392,129.77,495.921,0.267,0.422
630,4,0,19.837,192.488,0.438,392,129.779,495.951,0.268,0.42
631,8,0,19.558,192.488,0.438,394,129.862,487.75,0.268,0.4
632,2,0,19.837,192.488,0.439,392,129.874,492.25,0.266,0.416
633,8,0,19.86,191.605,0.44,390,129.946,487.337,0.264,0.41
634,5,0,19.814,191.605,0.438,392,129.927,482.182,0.264,0.407
635,5,0,19.674,192.047,0.436,394,129.904,482.147,0.264,0.396
636,5,0,19.674,192.209,0.438,398,129.862,488.683,0.267,0.405
637,6,0,19.395,192.372,0.437,399,129.995,477.94,0.267,0.384
638,7,0,19.628,193.907,0.435,402,129.879,486.319,0.27,0.413
639,3,0,19.86,193.907,0.435,400,129.894,486.917,0.268,0.424
640,8,0,19.721,193.907,0.435,403,129.951,486.182,0.27,0.422
641,3,0,19.86,194.186,0.436,403,129.964,488.757,0.269,0.428
642,3,0,19.907,194.186,0.435,405,129.961,488.608,0.27,0.436
643,5,0,20.14,194.186,0.435,407,129.931,494.44,0.271,0.455
644,8,0,20.326,194.186,0.437,411,129.822,501.126,0.273,0.476
645,6,0,20.047,194.186,0.438,413,129.922,500.769,0.275,0.462
646,5,0,20.093,194.186,0.437,413,129.925,493.939,0.273,0.46
647,4,0,20.233,194.186,0.437,413,129.947,493.451,0.272,0.468
648,5,0,20.186,194.186,0.438,413,129.93,493.706,0.273,0.467
649,4,0,20.326,194.186,0.438,415,129.883,496.093,0.273,0.476
650,3,0,20.419,194.326,0.439,412,129.941,496.147,0.269,0.472
651,0,0,20.419,194.326,0.442,406,130.023,484.248,0.264,0.453
652,4,0,20.419,194.326,0.442,406,129.98,480.339,0.263,0.45
653,2,0,20.372,194.349,0.441,405,129.999,477.613,0.263,0.444
654,8,0,20.651,194.349,0.443,408,129.929,484.683,0.263,0.468
655,4,0,20.698,194.349,0.445,409,129.948,489.433,0.265,0.477
656,5,0,20.419,193.07,0.446,406,130.18,466.68,0.258,0.432
657,7,0,20.326,193.07,0.445,411,130.167,466.6,0.26,0.43
658,6,1,20.465,193.302,0.445,410,130.181,467.414,0.259,0.438
659,2,0,20.698,193.302,0.445,410,130.165,472.282,0.258,0.455
660,4,0,20.512,193.302,0.444,408,130.284,469.336,0.259,0.444
661,3,0,20.465,193.302,0.444,408,130.34,465.854,0.257,0.434
662,5,0,20.372,192.581,0.443,403,130.398,456.286,0.255,0.419
663,6,0,20.302,192.581,0.439,404,130.431,454.814,0.254,0.41
664,5,1,19.977,192.581,0.441,402,130.543,443.294,0.251,0.376
665,3,0,19.953,192.581,0.441,398,130.593,436.539,0.249,0.369
666,4,0,20.0,192.558,0.441,398,130.583,436.436,0.249,0.371
667,9,0,20.209,195.233,0.442,404,130.447,452.273,0.253,0.4
668,3,0,20.163,195.233,0.442,404,130.373,452.614,0.253,0.397
669,5,0,20.047,195.233,0.443,401,130.502,443.503,0.249,0.374
670,3,0,20.0,195.233,0.443,398,130.547,438.132,0.246,0.362
671,7,0,19.86,193.837,0.443,400,130.581,437.94,0.245,0.349
672,5,0,20.0,193.837,0.442,401,130.645,441.958,0.246,0.362
673,1,0,19.977,193.837,0.442,398,130.698,436.142,0.244,0.353
674,5,0,19.837,193.837,0.442,396,130.738,433.541,0.244,0.345
675,6,0,20.186,194.488,0.441,390,130.682,436.02,0.241,0.359
676,7,0,20.209,194.209,0.44,393,130.595,445.421,0.245,0.375
677,4,0,20.07,194.395,0.441,393,130.831,438.014,0.245,0.364
678,2,0,20.419,194.395,0.441,389,130.862,439.067,0.242,0.381
679,7,0,20.442,194.674,0.44,391,130.799,449.008,0.245,0.392
680,2,0,20.581,194.674,0.441,390,130.784,452.224,0.245,0.401
681,4,0,20.465,194.674,0.442,388,130.883,439.022,0.241,0.38
682,5,0,20.419,194.674,0.442,386,131.021,432.547,0.24,0.373
683,4,0,20.512,194.674,0.442,388,130.992,435.248,0.24,0.383
684,7,0,20.698,194.651,0.442,388,130.971,437.642,0.24,0.395
685,4,0,20.93,194.651,0.442,388,130.979,439.885,0.238,0.405
686,6,0,20.605,194.651,0.442,389,131.064,434.307,0.238,0.383
687,2,0,20.372,194.651,0.443,387,131.108,427.805,0.236,0.358
688,4,0,20.372,194.651,0.441,385,131.074,425.014,0.235,0.356
689,0,0,20.349,194.651,0.442,381,131.093,422.929,0.234,0.35
690,7,0,20.279,194.651,0.44,385,131.08,418.465,0.234,0.346
691,4,0,20.395,194.395,0.441,383,131.106,418.258,0.232,0.346
692,1,0,20.256,194.395,0.442,379,131.202,407.321,0.228,0.324
693,4,0,20.116,194.395,0.44,375,131.315,401.917,0.226,0.309
694,5,0,20.395,194.395,0.439,376,131.164,410.841,0.228,0.334
695,8,0,20.279,194.395,0.433,378,131.148,416.318,0.232,0.339
696,5,0,20.14,194.395,0.432,379,131.298,414.568,0.232,0.332
697,4,0,20.047,194.395,0.433,377,131.359,411.001,0.232,0.324
698,3,0,20.256,194.395,0.433,373,131.394,407.474,0.229,0.329
699,7,0,20.209,194.395,0.432,372,131.42,404.866,0.225,0.314
700,4,0,20.442,194.395,0.433,371,131.393,405.885,0.223,0.323
701,3,0,15.395,194.326,0.408,371,132.851,294.543,0.22,0.09
702,1,0,15.395,194.326,0.408,370,132.894,294.413,0.22,0.09
703,3,0,15.465,194.047,0.409,367,132.966,294.577,0.22,0.092
704,5,0,15.837,194.047,0.41,368,132.741,308.228,0.224,0.107
705,4,0,15.977,194.791,0.41,369,132.664,315.329,0.226,0.114
706,3,0,16.116,194.698,0.408,364,132.789,316.411,0.222,0.113
707,3,0,16.302,194.698,0.409,361,132.691,317.578,0.221,0.117
708,6,0,16.395,194.698,0.409,360,132.65,319.642,0.22,0.119
709,4,0,16.256,194.698,0.409,359,132.652,315.746,0.221,0.115
710,7,0,16.442,194.698,0.409,361,132.605,321.771,0.222,0.122
711,10,0,16.721,194.698,0.412,368,132.45,335.842,0.225,0.138
712,8,0,16.535,194.698,0.41,372,132.422,337.953,0.229,0.137
713,4,0,16.628,194.698,0.41,371,132.425,335.811,0.228,0.139
714,4,0,16.721,194.698,0.41,373,132.328,342.355,0.23,0.145
715,4,0,16.767,194.698,0.409,374,132.268,346.362,0.231,0.149
716,7,0,16.698,194.698,0.409,372,132.286,346.509,0.231,0.146
717,4,0,16.884,194.698,0.409,373,132.19,352.282,0.232,0.156
718,8,0,16.814,194.698,0.408,376,132.042,358.88,0.237,0.161
719,2,0,16.907,194.698,0.408,374,132.027,359.66,0.235,0.162
720,7,0,16.953,194.698,0.406,376,131.879,365.436,0.239,0.172
721,3,0,17.093,194.698,0.408,373,131.994,365.03,0.236,0.172
722,6,0,17.186,194.698,0.398,375,131.922,369.274,0.238,0.18
723,6,0,17.047,194.698,0.397,376,131.903,368.103,0.239,0.175
724,4,0,17.093,194.698,0.397,376,131.808,378.146,0.244,0.187
725,4,0,17.465,194.698,0.402,377,131.543,393.888,0.248,0.215
726,5,0,17.465,194.605,0.402,378,131.617,390.278,0.247,0.214
727,8,0,17.419,194.605,0.401,379,131.541,397.635,0.251,0.22
728,7,0,17.233,194.651,0.399,381,131.505,394.562,0.252,0.213
729,6,0,17.023,193.093,0.398,376,131.542,386.96,0.251,0.199
730,8,0,17.372,193.279,0.398,378,131.337,395.995,0.252,0.218
731,5,0,17.419,192.628,0.398,373,131.459,386.261,0.247,0.209
732,8,0,17.372,192.953,0.397,381,131.283,395.084,0.253,0.222
733,7,0,17.605,192.953,0.407,383,131.243,404.726,0.256,0.241
734,10,0,17.558,192.767,0.406,388,131.089,408.431,0.257,0.241
735,9,0,17.698,193.907,0.405,391,131.041,412.958,0.258,0.25
736,5,0,17.698,193.907,0.405,391,131.158,412.998,0.257,0.249
737,5,0,17.977,193.907,0.409,392,130.951,427.648,0.262,0.278
738,5,0,18.023,193.907,0.408,396,130.911,431.256,0.265,0.289
739,6,0,17.651,193.907,0.406,394,131.086,411.626,0.261,0.257
740,7,0,17.791,193.907,0.407,395,131.107,421.803,0.263,0.272
741,6,0,17.86,194.116,0.406,398,131.089,427.438,0.265,0.282
742,8,0,17.907,194.116,0.405,401,131.274,431.286,0.266,0.289
743,11,0,18.047,194.116,0.405,406,131.23,435.012,0.265,0.296
744,1,0,18.186,194.116,0.406,403,131.191,437.984,0.264,0.301
745,6,0,18.419,194.116,0.413,405,130.972,447.484,0.267,0.324
746,8,0,18.558,194.116,0.413,405,130.899,451.003,0.268,0.335
747,2,0,18.372,194.116,0.412,399,130.964,444.408,0.266,0.318
748,5,0,18.093,194.116,0.406,399,131.317,437.334,0.264,0.293
749,8,0,18.419,194.116,0.405,400,130.869,449.114,0.264,0.314
750,4,0,18.302,194.116,0.406,398,130.879,445.911,0.263,0.301
751,8,0,18.372,194.116,0.406,403,130.789,452.267,0.266,0.316
752,5,0,18.442,194.116,0.406,406,130.704,455.142,0.267,0.324
753,2,0,18.349,194.116,0.407,401,130.85,447.667,0.262,0.302
754,7,0,18.535,194.116,0.407,405,130.578,457.334,0.268,0.331
755,7,0,18.791,194.116,0.403,402,130.715,462.022,0.267,0.348
756,6,0,18.884,194.116,0.401,402,130.705,464.607,0.265,0.347
757,8,0,19.07,194.116,0.407,404,130.567,471.079,0.268,0.37
758,4,0,18.93,194.116,0.407,403,130.572,468.458,0.27,0.365
759,3,0,18.884,194.116,0.408,403,130.484,462.958,0.268,0.356
760,5,0,19.07,194.279,0.406,407,130.247,476.819,0.272,0.38
761,6,0,19.209,194.279,0.405,407,130.203,480.532,0.274,0.398
762,3,0,19.116,194.349,0.405,404,130.244,475.934,0.272,0.385
763,7,0,18.93,194.349,0.4,403,130.303,470.556,0.27,0.366
764,5,0,18.884,194.349,0.394,404,130.342,465.252,0.269,0.358
765,6,0,19.163,194.349,0.397,404,130.238,477.342,0.269,0.377
766,8,0,19.163,194.349,0.396,407,130.03,483.068,0.272,0.388
767,3,0,19.163,194.349,0.399,407,129.992,484.586,0.273,0.391
768,4,0,19.256,194.349,0.399,406,129.999,486.15,0.274,0.4
769,4,0,19.326,194.535,0.403,405,129.97,495.704,0.275,0.409
770,2,0,19.651,194.535,0.405,403,129.942,501.96,0.275,0.435
771,5,0,19.558,194.535,0.401,401,130.139,493.491,0.273,0.422
772,6,1,19.512,194.535,0.402,402,130.084,489.311,0.273,0.418
773,5,0,19.512,194.791,0.401,402,129.993,488.908,0.274,0.42
774,6,0,19.233,194.791,0.401,402,130.067,483.654,0.272,0.394
775,4,0,18.953,194.791,0.4,398,130.141,471.822,0.27,0.364
776,5,0,19.0,193.628,0.4,400,130.049,473.358,0.271,0.371
777,4,0,19.279,193.628,0.4,399,129.972,485.049,0.273,0.398
778,4,0,19.233,193.628,0.4,399,129.968,485.334,0.273,0.395
779,7,0,19.395,194.163,0.4,399,129.974,486.429,0.271,0.401
780,4,0,19.581,194.163,0.401,398,129.951,489.06,0.27,0.41
781,6,0,19.535,194.163,0.401,399,129.979,488.187,0.271,0.41
782,2,0,19.442,194.163,0.401,401,129.962,487.277,0.272,0.407
783,5,0,19.465,194.163,0.399,405,129.896,492.438,0.274,0.417
784,4,0,19.395,194.163,0.397,403,129.961,485.809,0.272,0.404
785,3,0,19.302,194.163,0.396,401,130.069,481.284,0.271,0.394
786,7,0,19.512,194.163,0.396,403,129.903,487.591,0.274,0.42
787,6,1,19.372,194.163,0.394,403,129.928,481.811,0.274,0.407
788,4,0,19.558,194.163,0.394,403,129.915,484.602,0.272,0.416
789,6,1,19.651,194.163,0.397,406,129.825,493.13,0.275,0.434
790,5,0,19.744,194.349,0.398,404,129.814,493.196,0.275,0.439
791,4,0,20.07,194.349,0.399,402,129.822,498.107,0.273,0.457
792,6,0,20.256,194.465,0.396,399,129.65,505.553,0.272,0.465
793,2,1,20.349,194.465,0.395,395,129.636,506.818,0.27,0.467
794,7,0,20.442,194.465,0.396,395,129.667,509.52,0.271,0.477
795,7,0,20.535,194.465,0.401,400,129.572,514.095,0.276,0.502
796,4,0,20.581,194.465,0.399,402,129.533,522.767,0.278,0.512
797,1,0,20.535,194.465,0.401,396,129.666,511.089,0.273,0.492
798,9,0,20.372,193.814,0.401,399,129.706,516.677,0.276,0.491
799,3,0,20.372,193.814,0.401,396,129.692,510.758,0.275,0.486
800,6,0,20.326,193.814,0.398,401,129.524,518.96,0.28,0.499
801,6,0,15.442,194.372,0.376,399,130.683,392.191,0.277,0.179
802,1,0,15.442,194.372,0.378,398,130.616,392.383,0.277,0.178
803,8,0,15.535,194.372,0.378,400,130.484,397.002,0.279,0.186
804,4,0,16.07,194.372,0.385,397,130.36,407.328,0.277,0.207
805,3,0,16.093,194.372,0.385,395,130.277,411.538,0.279,0.213
806,6,0,16.233,194.372,0.384,396,130.223,415.875,0.281,0.224
807,4,0,16.651,194.372,0.384,390,130.045,424.949,0.28,0.245
808,6,0,16.86,194.372,0.389,390,130.025,430.454,0.28,0.258
809,2,0,17.023,194.047,0.39,386,130.034,426.605,0.277,0.258
810,5,0,17.116,194.047,0.385,388,129.944,433.11,0.28,0.273
811,4,0,17.256,194.047,0.386,388,129.941,435.635,0.281,0.282
812,8,0,17.419,194.047,0.39,391,129.789,445.11,0.284,0.301
813,1,0,17.698,194.047,0.395,386,129.899,444.658,0.281,0.312
814,6,0,18.163,194.047,0.402,389,129.771,460.174,0.284,0.354
815,9,0,18.256,194.047,0.405,395,129.727,466.912,0.287,0.368
816,0,0,18.233,194.047,0.407,388,129.799,457.662,0.282,0.351
817,5,0,18.302,194.047,0.407,389,129.877,455.952,0.279,0.348
818,4,0,18.349,194.047,0.406,388,129.966,448.883,0.275,0.338
819,5,0,18.279,193.907,0.403,388,129.863,453.689,0.276,0.335
820,7,0,18.233,193.907,0.402,391,129.84,454.345,0.277,0.335
821,7,0,18.372,193.907,0.404,397,129.763,460.883,0.28,0.353
822,4,0,18.047,193.907,0.404,391,129.941,449.599,0.275,0.317
823,6,0,18.279,193.907,0.41,393,129.973,455.971,0.275,0.333
824,6,0,18.233,193.558,0.409,391,130.113,448.615,0.272,0.321
825,6,0,18.605,193.628,0.41,389,130.012,457.485,0.273,0.35
826,2,0,18.698,193.628,0.412,382,130.256,447.995,0.267,0.339
827,6,0,18.791,193.488,0.412,385,130.146,457.118,0.271,0.357
828,4,0,18.651,193.488,0.412,387,130.204,455.418,0.271,0.348
829,5,0,18.791,193.488,0.409,389,130.054,461.539,0.274,0.366
830,3,0,18.744,193.488,0.411,384,130.295,454.304,0.269,0.349
831,8,0,18.721,193.488,0.413,384,130.327,451.717,0.27,0.35
832,4,0,18.767,193.488,0.413,384,130.328,445.56,0.267,0.343
833,4,0,18.977,193.488,0.418,383,130.177,449.404,0.266,0.352
834,5,0,19.116,193.488,0.416,385,130.127,456.336,0.267,0.366
835,7,0,19.279,193.581,0.414,388,130.065,462.869,0.269,0.385
836,3,0,19.512,193.581,0.419,389,129.956,470.677,0.271,0.408
837,2,0,19.465,193.581,0.417,386,129.947,469.924,0.27,0.402
838,2,0,19.605,193.581,0.418,383,129.96,473.785,0.268,0.406
839,10,1,19.605,193.581,0.417,390,129.832,487.853,0.275,0.43
840,6,0,19.814,193.581,0.419,390,129.86,485.582,0.271,0.429
841,5,0,19.907,193.581,0.419,393,129.776,488.826,0.273,0.444
842,7,0,20.0,194.0,0.414,396,129.704,500.483,0.276,0.46
843,5,1,20.0,193.14,0.414,396,129.685,501.065,0.276,0.463
844,1,0,19.767,193.14,0.414,392,129.748,494.31,0.274,0.438
845,4,0,19.721,193.14,0.413,395,129.712,496.548,0.277,0.442
846,3,0,19.767,193.14,0.413,393,129.687,497.725,0.277,0.447
847,5,0,19.767,193.233,0.414,395,129.751,499.248,0.277,0.448
848,5,0,19.977,193.233,0.416,396,129.678,504.804,0.279,0.472
849,6,0,19.977,193.233,0.411,398,129.827,502.563,0.278,0.469
850,5,0,19.907,193.233,0.414,399,129.832,494.874,0.277,0.458
851,5,0,19.953,193.233,0.413,404,129.798,498.204,0.279,0.47
852,6,0,20.186,193.233,0.412,405,129.749,502.405,0.28,0.491
853,4,0,20.14,193.233,0.411,406,129.689,506.678,0.281,0.493
854,7,0,20.442,193.233,0.412,405,129.712,506.194,0.279,0.507
855,4,1,20.349,193.233,0.41,404,129.697,509.227,0.28,0.503
856,6,0,20.256,193.233,0.41,403,129.709,509.789,0.281,0.502
857,6,0,20.0,193.047,0.414,406,129.645,509.268,0.286,0.498
858,6,0,19.837,193.047,0.416,408,129.64,506.056,0.285,0.482
859,6,0,19.744,193.047,0.416,409,129.616,504.747,0.285,0.475
860,3,0,20.116,193.209,0.415,401,129.597,502.704,0.279,0.479
861,5,0,19.884,193.163,0.411,403,129.585,500.986,0.281,0.469
862,3,0,19.977,193.163,0.415,399,129.652,498.868,0.277,0.465
863,9,0,19.884,193.163,0.413,405,129.547,501.325,0.282,0.472
864,7,0,20.116,193.163,0.413,407,129.414,509.238,0.284,0.5
865,4,0,20.163,193.163,0.414,403,129.421,508.326,0.283,0.499
866,8,0,20.07,193.163,0.413,403,129.422,504.678,0.282,0.487
867,8,0,20.07,193.326,0.414,397,129.57,496.373,0.276,0.466
868,2,0,20.07,193.326,0.414,394,129.565,496.016,0.275,0.461
869,4,0,19.884,193.326,0.414,393,129.617,487.498,0.274,0.444
870,4,0,19.93,193.326,0.415,393,129.661,486.238,0.273,0.446
871,5,0,19.93,193.326,0.416,392,129.735,489.971,0.273,0.447
872,5,0,20.302,193.326,0.413,391,129.66,498.325,0.274,0.478
873,4,0,20.395,193.721,0.41,389,127.897,494.142,0.273,0.467
874,2,0,20.395,193.721,0.41,387,127.9,495.753,0.273,0.466
875,3,0,20.535,193.14,0.408,385,128.031,493.049,0.269,0.463
876,2,0,20.581,193.14,0.407,385,128.018,493.883,0.269,0.469
877,3,0,20.442,192.442,0.404,381,128.074,489.763,0.266,0.447
878,4,0,20.395,192.442,0.404,376,128.085,478.435,0.263,0.432
879,7,0,20.116,191.791,0.405,376,128.282,465.284,0.259,0.398
880,6,0,20.209,191.791,0.407,378,128.157,466.911,0.258,0.402
881,9,0,20.07,191.791,0.405,385,128.137,470.4,0.262,0.402
882,6,0,20.209,191.953,0.405,387,128.026,478.112,0.264,0.422
883,13,0,20.07,192.372,0.403,393,127.986,483.145,0.267,0.422
884,1,0,20.233,192.209,0.404,386,128.057,479.43,0.264,0.424
885,5,0,20.14,192.209,0.402,384,128.13,477.369,0.265,0.418
886,2,0,20.14,192.209,0.403,384,128.173,476.576,0.263,0.414
887,7,0,20.186,192.209,0.405,384,128.073,488.983,0.267,0.431
888,4,0,20.186,192.791,0.411,378,127.929,482.518,0.265,0.422
889,1,0,20.093,191.907,0.411,369,128.346,457.86,0.254,0.378
890,4,0,20.442,191.907,0.412,368,128.333,460.115,0.253,0.399
891,2,0,20.488,191.907,0.42,367,128.219,467.643,0.255,0.409
892,1,0,20.535,191.907,0.421,366,128.216,467.527,0.255,0.413
893,4,0,20.372,191.349,0.415,364,130.148,459.063,0.249,0.395
894,6,0,20.14,192.233,0.414,363,130.222,452.262,0.248,0.376
895,3,0,19.907,192.233,0.414,363,130.238,447.748,0.249,0.363
896,9,0,19.721,192.233,0.413,368,130.22,448.052,0.251,0.357
897,2,0,19.721,192.233,0.414,366,130.227,442.481,0.248,0.347
898,7,0,19.674,192.233,0.413,372,130.156,449.514,0.253,0.358
899,9,0,19.837,192.233,0.42,371,130.145,450.727,0.255,0.377
900,5,0,19.512,191.791,0.417,373,130.177,448.962,0.255,0.356
901,8,0,14.791,187.163,0.399,378,131.112,348.767,0.258,0.12
902,5,0,15.07,188.767,0.399,379,130.913,353.827,0.259,0.13
903,7,0,15.395,188.651,0.399,379,130.867,359.767,0.259,0.142
904,2,0,15.395,188.651,0.4,379,130.948,357.309,0.259,0.141
905,3,0,15.488,188.651,0.403,375,130.913,355.102,0.256,0.141
906,7,0,15.651,188.651,0.403,375,130.971,356.082,0.255,0.145
907,12,0,16.023,189.023,0.404,384,130.789,371.477,0.259,0.167
908,5,0,16.0,189.023,0.403,384,130.782,371.06,0.26,0.168
909,5,0,16.093,189.023,0.402,386,130.755,373.891,0.261,0.173
910,6,0,16.116,189.023,0.402,389,130.645,383.322,0.266,0.186
911,4,0,16.209,189.023,0.403,389,130.661,383.112,0.265,0.188
912,5,0,16.14,189.163,0.402,388,130.644,384.467,0.267,0.189
913,4,0,16.14,189.163,0.402,388,130.639,381.605,0.266,0.187
914,4,0,16.14,189.163,0.404,388,130.733,382.133,0.265,0.186
915,6,0,16.186,189.86,0.404,388,130.747,383.112,0.267,0.191
916,5,0,16.233,189.86,0.405,387,130.72,381.767,0.268,0.195
917,2,0,16.372,189.86,0.406,385,130.782,383.888,0.266,0.199
918,8,0,16.558,190.023,0.408,387,130.88,384.61,0.265,0.205
919,4,0,16.605,190.023,0.408,385,130.978,378.785,0.262,0.202
920,7,0,16.512,190.023,0.411,387,130.992,374.177,0.261,0.195
921,2,0,16.651,190.023,0.412,386,130.971,377.516,0.26,0.2
922,4,0,16.837,190.023,0.414,384,130.96,375.715,0.256,0.2
923,3,0,16.884,190.023,0.415,383,130.974,379.804,0.257,0.203
924,2,0,16.837,190.023,0.415,381,130.983,376.497,0.256,0.2
925,6,0,17.07,191.884,0.414,381,130.85,392.86,0.258,0.216
926,10,0,16.744,191.93,0.41,385,130.896,389.229,0.262,0.207
927,5,0,16.605,191.93,0.41,385,130.961,386.016,0.263,0.204
928,5,0,16.605,191.93,0.408,386,130.923,386.662,0.262,0.202
929,3,0,16.884,191.93,0.41,381,130.771,390.202,0.261,0.211
930,3,0,17.163,191.93,0.412,378,130.685,398.857,0.26,0.223
931,3,0,17.209,191.93,0.414,376,130.683,400.131,0.258,0.222
932,6,0,17.581,191.93,0.415,374,130.464,409.726,0.259,0.244
933,7,0,17.814,191.93,0.415,375,130.25,419.309,0.261,0.26
934,5,0,17.814,191.93,0.415,374,130.232,420.421,0.262,0.264
935,6,0,17.674,191.93,0.415,375,130.218,422.802,0.263,0.259
936,3,0,18.0,191.93,0.419,374,130.245,422.444,0.259,0.266
937,5,0,17.953,191.93,0.418,377,130.178,431.357,0.263,0.274
938,5,0,17.767,192.07,0.416,377,130.314,424.397,0.262,0.262
939,7,0,17.512,192.07,0.417,378,130.389,422.555,0.264,0.251
940,10,0,17.512,192.07,0.413,383,130.168,434.867,0.269,0.266
941,3,0,17.698,192.07,0.414,379,130.196,439.34,0.266,0.27
942,6,0,17.744,192.07,0.415,382,130.171,444.315,0.268,0.276
943,5,0,17.884,192.07,0.417,385,130.112,449.813,0.27,0.29
944,4,0,17.721,192.07,0.415,382,130.263,440.302,0.266,0.271
945,3,0,17.581,191.884,0.417,381,130.337,432.802,0.264,0.257
946,3,0,17.581,191.884,0.42,375,130.468,421.027,0.259,0.242
947,5,0,17.721,191.884,0.419,377,130.356,432.476,0.262,0.259
948,5,0,17.535,191.884,0.419,377,130.353,430.21,0.263,0.251
949,1,0,17.628,191.884,0.42,373,130.395,432.408,0.261,0.252
950,4,0,17.442,191.884,0.415,373,130.476,426.437,0.261,0.242
951,6,0,17.581,191.93,0.415,376,130.347,432.008,0.264,0.257
952,5,0,17.744,191.767,0.419,373,130.235,439.658,0.265,0.269
953,3,0,17.698,191.767,0.416,372,130.246,442.945,0.266,0.27
954,9,1,17.744,191.767,0.416,374,130.2,442.671,0.267,0.274
955,1,0,17.744,191.605,0.416,368,130.39,431.727,0.262,0.261
956,6,0,17.884,192.163,0.416,373,130.273,436.592,0.263,0.273
957,2,0,17.791,192.163,0.417,369,130.451,431.454,0.261,0.261
958,6,0,18.0,192.465,0.419,369,130.444,430.786,0.26,0.272
959,5,0,18.0,192.581,0.419,369,130.427,431.197,0.26,0.272
960,5,0,18.186,193.581,0.42,371,130.281,438.233,0.261,0.285
961,2,0,18.326,193.581,0.421,369,130.266,437.836,0.26,0.29
962,5,0,18.465,193.721,0.422,368,130.269,433.744,0.258,0.294
963,4,1,18.326,193.116,0.423,364,130.464,421.473,0.253,0.27
964,7,0,18.465,193.14,0.423,367,130.402,423.489,0.255,0.285
965,9,0,18.442,193.93,0.421,372,130.334,425.479,0.258,0.293
966,3,0,18.395,193.93,0.421,373,130.303,431.657,0.26,0.294
967,5,0,18.395,193.93,0.418,373,130.363,430.41,0.26,0.297
968,4,0,18.442,193.93,0.418,374,130.345,432.39,0.261,0.302
969,1,0,18.349,193.93,0.419,370,130.58,422.644,0.259,0.291
970,12,0,18.721,193.0,0.419,376,130.334,438.941,0.262,0.323
971,1,0,18.767,193.0,0.42,370,130.494,431.437,0.258,0.316
972,5,1,18.721,193.0,0.42,369,130.515,427.809,0.258,0.311
973,10,0,18.674,191.023,0.422,374,130.487,426.802,0.258,0.308
974,6,0,18.721,191.023,0.421,376,130.421,429.416,0.259,0.315
975,7,0,18.86,191.023,0.419,379,130.486,443.638,0.264,0.34
976,5,0,18.953,190.953,0.418,381,130.298,454.961,0.268,0.358
977,5,0,18.814,190.86,0.416,379,130.538,445.095,0.268,0.35
978,4,0,18.721,190.86,0.416,376,130.628,442.052,0.266,0.338
979,8,0,18.628,190.698,0.422,376,130.518,439.928,0.266,0.33
980,3,0,18.581,190.698,0.42,370,130.626,431.339,0.26,0.31
981,2,0,18.628,190.698,0.421,369,130.671,428.867,0.258,0.308
982,7,0,18.884,190.744,0.419,367,130.931,431.531,0.256,0.319
983,5,0,18.837,190.93,0.419,370,130.891,432.326,0.259,0.325
984,4,0,18.814,190.93,0.418,367,130.926,428.232,0.257,0.316
985,6,0,18.814,191.047,0.417,370,130.872,429.529,0.258,0.321
986,1,0,18.86,191.047,0.418,364,130.908,423.034,0.253,0.308
987,3,0,18.837,191.047,0.418,362,130.868,422.864,0.253,0.306
988,7,0,19.186,190.93,0.424,363,130.724,438.362,0.256,0.338
989,4,0,19.186,190.93,0.426,364,130.468,441.525,0.255,0.335
990,6,0,19.419,190.93,0.426,362,130.432,449.947,0.256,0.353
991,5,0,19.465,190.93,0.427,363,130.486,455.107,0.257,0.361
992,2,0,19.558,190.93,0.428,361,130.55,454.057,0.255,0.361
993,1,0,19.558,190.93,0.428,358,130.59,446.421,0.254,0.356
994,4,0,19.558,190.744,0.429,359,130.589,446.016,0.252,0.351
995,8,0,19.535,189.163,0.429,361,130.649,449.403,0.254,0.357
996,2,0,19.442,188.605,0.428,356,130.801,439.656,0.248,0.33
997,3,0,19.581,188.744,0.428,357,130.668,446.371,0.25,0.345
998,9,0,19.256,188.907,0.429,363,130.529,453.051,0.257,0.346
999,5,0,19.209,188.907,0.43,363,130.521,453.738,0.259,0.349
1000,0,0,19.302,188.349,0.432,357,130.572,445.825,0.254,0.338
