1,4,0,0.349,1.372,0.0,4,347.942,0.0,0.005,0.044
2,6,0,0.744,2.86,0.001,10,325.021,0.06,0.009,0.025
3,8,0,1.023,5.814,0.003,18,316.056,0.222,0.016,0.023
4,4,0,1.209,7.372,0.004,21,297.108,0.383,0.019,0.014
5,6,0,1.488,10.233,0.008,27,269.343,0.792,0.024,0.006
6,4,0,1.674,12.535,0.011,31,256.104,1.175,0.027,0.005
7,8,0,2.698,16.814,0.017,38,189.665,2.767,0.034,0.001
8,10,0,3.209,22.884,0.026,47,168.21,4.773,0.043,0.001
9,8,0,3.767,27.023,0.032,54,151.199,6.61,0.05,0.0
10,3,0,3.674,27.791,0.034,55,155.758,6.913,0.049,0.0
11,6,0,3.907,31.791,0.044,59,152.367,7.037,0.051,0.0
12,8,0,4.186,35.698,0.05,66,138.168,8.832,0.057,0.0
13,6,0,4.605,39.209,0.06,69,119.714,9.937,0.058,0.0
14,3,0,4.744,39.744,0.06,72,117.734,10.506,0.059,0.0
15,2,0,4.837,40.372,0.062,73,117.034,10.61,0.06,0.0
16,8,0,4.977,43.488,0.064,81,111.905,12.506,0.067,0.0
17,6,0,5.023,45.047,0.063,87,108.809,13.848,0.072,0.0
18,7,0,5.279,45.628,0.065,91,106.021,15.416,0.072,0.0
19,2,0,5.372,47.047,0.069,91,104.598,14.786,0.072,0.0
20,7,0,5.651,49.744,0.071,97,98.801,17.666,0.078,0.0
21,5,0,6.07,55.977,0.085,101,92.909,20.368,0.085,0.0
22,9,0,6.628,62.698,0.095,109,83.659,24.077,0.095,0.0
23,13,0,7.14,69.116,0.105,121,74.019,28.298,0.106,0.0
24,7,0,7.14,69.93,0.104,128,73.645,29.803,0.109,0.0
25,4,0,7.279,70.558,0.103,130,73.159,30.226,0.111,0.0
26,10,0,7.977,80.047,0.121,137,67.092,38.342,0.124,0.0
27,4,0,8.233,82.233,0.125,139,64.121,40.161,0.128,0.0
28,7,0,8.326,87.791,0.137,143,60.527,43.269,0.132,0.0
29,7,0,8.512,88.233,0.135,149,59.455,44.62,0.136,0.0
30,9,0,8.837,92.372,0.141,156,57.006,48.298,0.143,0.0
31,8,0,8.814,95.651,0.148,162,57.298,49.158,0.147,0.0
32,6,0,9.233,98.767,0.15,168,53.497,54.897,0.155,0.0
33,1,0,9.372,98.767,0.154,166,53.241,54.254,0.152,0.0
34,7,0,10.023,105.07,0.169,169,50.169,63.507,0.158,0.0
35,5,0,10.395,109.047,0.176,174,46.503,69.277,0.164,0.001
36,4,0,10.535,109.86,0.177,176,46.286,71.894,0.165,0.001
37,5,0,10.953,112.977,0.184,179,44.778,75.196,0.169,0.001
38,5,0,10.977,113.0,0.182,183,45.407,75.316,0.171,0.001
39,6,0,11.349,117.093,0.191,187,44.005,79.165,0.175,0.001
40,6,0,11.535,116.558,0.187,192,44.726,83.123,0.179,0.001
41,3,0,11.628,116.395,0.187,191,44.96,83.727,0.179,0.001
42,6,0,11.767,119.163,0.196,194,46.351,82.966,0.18,0.001
43,2,0,11.767,119.279,0.197,195,46.433,81.867,0.179,0.001
44,5,0,11.791,120.605,0.195,198,44.289,85.278,0.184,0.001
45,7,0,12.163,123.721,0.201,202,43.272,90.875,0.188,0.001
46,6,0,12.814,123.0,0.2,203,42.392,96.835,0.188,0.001
47,7,0,13.0,123.535,0.2,208,42.191,100.137,0.189,0.001
48,6,0,13.116,125.302,0.206,210,42.069,103.478,0.191,0.002
49,6,0,13.326,125.86,0.205,215,41.472,105.983,0.194,0.002
50,7,0,13.372,129.814,0.214,221,41.02,106.849,0.199,0.002
51,9,0,13.744,133.023,0.218,227,44.949,114.516,0.207,0.003
52,8,0,13.698,133.721,0.22,230,44.928,112.145,0.208,0.003
53,7,0,14.023,136.814,0.229,233,43.732,114.994,0.212,0.003
54,3,0,13.884,134.93,0.224,234,43.981,113.857,0.21,0.003
55,4,0,14.209,138.488,0.235,233,43.032,119.511,0.213,0.003
56,9,0,14.535,143.791,0.246,239,41.522,127.328,0.22,0.004
57,6,0,15.14,150.791,0.265,243,40.203,134.941,0.227,0.005
58,9,0,15.535,159.814,0.289,248,33.497,144.757,0.234,0.005
59,4,0,15.814,160.0,0.285,250,32.684,149.668,0.238,0.005
60,9,0,15.628,160.884,0.283,256,32.611,149.203,0.244,0.005
61,4,0,15.349,161.326,0.292,253,33.28,141.689,0.238,0.005
62,4,0,15.395,161.907,0.293,255,33.104,142.813,0.239,0.005
63,7,0,15.558,164.674,0.302,256,32.804,149.219,0.243,0.005
64,8,0,15.651,164.791,0.303,259,32.379,149.47,0.242,0.005
65,4,0,15.698,164.907,0.302,260,32.39,149.283,0.244,0.006
66,10,0,15.628,166.302,0.303,267,32.366,150.866,0.249,0.006
67,5,0,16.0,173.023,0.323,269,30.62,155.843,0.253,0.007
68,8,0,16.279,176.116,0.329,276,29.667,162.695,0.26,0.008
69,8,0,16.419,176.767,0.326,282,29.101,171.67,0.266,0.009
70,7,0,16.465,180.0,0.333,288,28.047,174.862,0.27,0.009
71,7,0,16.581,180.674,0.334,293,27.956,176.804,0.273,0.01
72,3,0,17.186,182.605,0.341,291,27.324,180.57,0.274,0.012
73,9,0,17.558,189.163,0.359,300,26.571,190.211,0.281,0.014
74,1,0,17.884,188.977,0.362,298,26.228,192.8,0.279,0.015
75,4,0,17.814,188.977,0.363,297,26.439,188.232,0.276,0.014
76,5,0,17.953,189.907,0.365,299,25.814,191.95,0.278,0.015
77,11,0,18.093,191.07,0.365,307,25.503,199.329,0.285,0.017
78,4,0,18.372,192.651,0.372,306,25.107,202.072,0.284,0.018
79,9,0,19.047,206.465,0.417,314,22.432,219.054,0.291,0.022
80,4,0,19.0,206.488,0.416,318,22.414,219.216,0.292,0.022
81,6,0,18.953,207.209,0.414,321,22.085,222.83,0.296,0.023
82,8,0,19.07,207.488,0.413,328,22.23,227.577,0.299,0.025
83,11,0,19.372,209.698,0.416,334,21.456,235.947,0.305,0.03
84,3,0,19.698,209.698,0.419,333,21.426,240.686,0.303,0.031
85,6,0,19.884,210.744,0.424,335,21.257,238.211,0.302,0.033
86,2,0,20.209,211.953,0.427,336,20.898,243.578,0.302,0.036
87,10,0,20.349,217.326,0.443,342,20.389,252.434,0.31,0.041
88,6,0,21.0,218.628,0.443,346,19.838,266.545,0.317,0.054
89,2,0,21.116,222.977,0.461,339,19.736,264.143,0.313,0.053
90,7,0,21.349,225.698,0.467,342,18.905,275.199,0.319,0.06
91,5,0,21.349,227.512,0.472,345,17.043,279.366,0.321,0.058
92,6,0,21.372,230.814,0.486,347,16.827,283.699,0.324,0.06
93,4,0,21.372,230.814,0.487,349,16.791,283.216,0.324,0.06
94,7,0,21.605,234.0,0.497,352,16.524,285.457,0.326,0.066
95,7,0,21.744,236.209,0.504,354,16.241,290.616,0.33,0.072
96,6,0,21.93,236.047,0.504,353,16.273,291.6,0.329,0.075
97,12,0,22.488,243.093,0.524,361,15.577,303.977,0.342,0.102
98,4,0,22.488,241.326,0.519,361,15.724,300.77,0.339,0.099
99,8,0,22.977,241.326,0.513,366,15.18,314.874,0.346,0.123
100,5,0,22.884,242.047,0.519,365,15.492,311.703,0.343,0.115
101,6,0,20.023,214.326,0.409,363,19.587,263.053,0.339,0.054
102,7,0,20.07,214.953,0.411,366,19.572,264.097,0.339,0.055
103,7,0,20.442,216.116,0.413,369,19.248,270.45,0.343,0.065
104,6,0,20.953,216.953,0.42,369,19.055,279.312,0.341,0.073
105,7,0,21.14,217.442,0.419,374,18.958,282.366,0.344,0.08
106,6,0,21.465,220.349,0.431,375,18.73,291.021,0.346,0.089
107,4,0,21.465,221.721,0.439,375,18.765,294.708,0.345,0.087
108,4,0,21.558,221.721,0.44,373,19.132,292.972,0.343,0.089
109,2,0,22.023,221.721,0.445,367,19.064,296.228,0.338,0.095
110,9,0,22.442,230.977,0.48,368,18.389,312.725,0.345,0.115
111,3,0,22.442,231.116,0.482,367,18.265,312.201,0.344,0.113
112,6,0,22.744,233.023,0.491,365,18.172,311.698,0.343,0.121
113,4,0,23.256,235.302,0.499,365,17.876,321.691,0.345,0.141
114,10,0,23.302,242.884,0.519,373,16.249,332.356,0.354,0.152
115,7,0,23.581,245.256,0.523,376,14.232,345.768,0.361,0.169
116,5,0,23.907,248.628,0.535,378,14.046,353.441,0.365,0.191
117,4,0,23.86,248.814,0.536,378,13.886,354.112,0.364,0.187
118,4,0,23.93,249.349,0.536,379,13.822,356.325,0.366,0.195
119,8,0,24.535,251.86,0.542,384,13.203,379.114,0.374,0.242
120,2,0,24.488,251.674,0.543,382,13.418,375.562,0.372,0.236
121,4,0,24.628,254.535,0.552,384,12.865,378.534,0.372,0.242
122,7,0,24.814,255.767,0.553,388,12.663,385.238,0.379,0.269
123,6,0,24.884,257.14,0.556,391,12.5,393.592,0.384,0.288
124,6,0,25.023,258.791,0.562,394,12.312,398.224,0.388,0.31
125,4,0,25.349,258.791,0.566,394,12.387,401.896,0.384,0.319
126,6,0,25.581,258.791,0.566,396,12.292,403.077,0.384,0.333
127,3,0,25.488,258.791,0.57,397,12.319,393.948,0.382,0.322
128,9,0,25.442,259.279,0.573,401,12.31,397.153,0.384,0.325
129,9,0,25.395,260.721,0.577,403,12.122,391.484,0.388,0.334
130,5,0,25.488,260.86,0.573,405,12.276,394.941,0.391,0.349
131,4,0,25.86,261.605,0.578,402,12.286,396.508,0.389,0.369
132,5,0,25.767,261.953,0.586,402,12.044,399.052,0.39,0.365
133,5,0,25.907,262.14,0.59,397,12.025,396.124,0.385,0.358
134,6,0,26.14,261.14,0.584,401,11.941,399.894,0.388,0.383
135,5,0,26.233,262.07,0.588,402,11.892,401.385,0.388,0.392
136,6,0,26.233,262.07,0.587,404,11.92,399.159,0.39,0.398
137,6,0,26.233,261.047,0.581,405,11.861,396.543,0.392,0.406
138,3,0,26.326,260.651,0.582,399,12.405,391.061,0.387,0.397
139,6,0,26.326,260.023,0.583,394,12.594,388.633,0.382,0.381
140,3,0,25.93,260.023,0.584,393,12.751,379.159,0.38,0.348
141,9,0,25.791,260.302,0.58,399,12.619,385.453,0.386,0.359
142,4,0,26.0,264.767,0.601,397,12.538,389.269,0.387,0.377
143,7,0,26.0,265.558,0.6,401,12.322,391.827,0.394,0.4
144,3,0,26.047,265.558,0.6,403,12.284,392.358,0.394,0.401
145,5,0,26.698,265.651,0.6,401,11.838,406.259,0.393,0.445
146,12,0,27.372,271.233,0.615,406,10.681,426.685,0.404,0.528
147,6,0,27.558,272.651,0.621,408,10.598,435.527,0.408,0.557
148,8,0,27.651,280.721,0.648,413,10.621,431.055,0.414,0.585
149,7,0,27.791,283.116,0.648,417,10.075,444.038,0.423,0.622
150,3,0,27.93,284.326,0.652,419,9.967,450.56,0.426,0.641
151,5,0,28.256,285.977,0.661,418,9.947,451.269,0.424,0.66
152,10,0,28.953,290.419,0.673,421,9.833,469.154,0.428,0.718
153,3,0,28.86,290.419,0.677,422,9.883,462.217,0.427,0.708
154,6,1,28.86,291.116,0.677,423,9.879,467.721,0.428,0.71
155,5,0,29.419,292.628,0.69,422,9.802,476.655,0.431,0.753
156,3,0,29.395,292.0,0.687,420,9.785,475.328,0.429,0.745
157,6,0,29.395,292.0,0.688,422,9.723,471.683,0.427,0.739
158,6,0,29.442,292.0,0.69,423,9.782,471.552,0.423,0.733
159,6,0,29.605,294.512,0.696,428,9.653,481.367,0.431,0.762
160,9,0,29.581,295.86,0.702,434,9.607,481.366,0.434,0.77
161,8,0,29.512,295.953,0.699,436,9.535,483.049,0.436,0.77
162,5,0,29.791,293.93,0.694,433,9.578,491.435,0.434,0.782
163,11,0,30.093,303.791,0.714,441,9.36,500.787,0.441,0.812
164,8,0,30.372,304.698,0.715,443,9.327,503.735,0.44,0.822
165,4,0,30.419,304.698,0.715,444,9.337,504.345,0.44,0.824
166,4,0,30.628,304.698,0.716,441,9.367,506.094,0.437,0.828
167,7,0,30.767,304.767,0.715,447,9.239,514.124,0.442,0.843
168,2,0,30.86,304.767,0.716,447,9.271,514.849,0.439,0.842
169,6,0,31.0,308.581,0.724,449,9.709,511.562,0.439,0.85
170,9,0,30.814,308.581,0.721,456,9.202,516.194,0.444,0.848
171,7,0,30.907,307.558,0.72,459,9.229,514.859,0.443,0.851
172,5,0,31.093,307.86,0.719,460,9.186,518.839,0.445,0.861
173,6,0,31.0,310.465,0.721,464,9.073,524.025,0.45,0.866
174,5,0,30.953,313.86,0.733,462,9.059,518.469,0.449,0.862
175,5,0,30.907,314.023,0.736,460,9.273,513.006,0.444,0.852
176,4,0,31.093,316.488,0.736,459,9.693,517.06,0.442,0.859
177,5,0,31.186,317.512,0.735,461,9.624,521.433,0.446,0.868
178,1,0,31.605,317.512,0.735,457,9.633,525.573,0.443,0.877
179,3,0,31.744,317.512,0.734,456,9.581,529.108,0.444,0.884
180,6,0,31.884,317.512,0.732,459,9.598,535.609,0.446,0.892
181,2,0,32.07,317.86,0.736,455,9.656,537.863,0.445,0.895
182,4,0,32.023,318.628,0.737,455,9.583,538.53,0.448,0.898
183,4,0,31.884,318.698,0.737,457,9.58,537.117,0.449,0.896
184,7,0,32.14,319.14,0.741,459,9.576,543.19,0.45,0.904
185,4,0,32.186,319.14,0.74,459,9.503,545.792,0.452,0.907
186,5,0,32.419,319.14,0.743,455,9.429,538.339,0.446,0.906
187,3,0,32.233,318.93,0.742,452,9.515,533.937,0.444,0.899
188,6,0,32.093,318.93,0.74,453,9.417,535.537,0.445,0.895
189,4,0,31.837,318.93,0.745,447,9.603,521.926,0.439,0.879
190,6,1,31.605,318.93,0.744,450,9.61,520.814,0.441,0.875
191,7,0,31.465,318.93,0.746,452,9.522,517.526,0.439,0.866
192,11,0,31.86,322.233,0.748,458,9.319,529.433,0.445,0.889
193,11,1,31.884,322.837,0.748,464,9.088,544.694,0.452,0.898
194,7,0,31.674,326.186,0.75,466,8.735,544.867,0.453,0.893
195,8,0,31.465,326.186,0.75,468,9.956,525.231,0.447,0.881
196,5,0,31.558,325.419,0.755,468,10.052,522.016,0.441,0.874
197,5,0,31.93,327.233,0.758,469,9.912,531.33,0.445,0.892
198,7,0,32.395,327.209,0.76,467,9.782,537.31,0.445,0.904
199,10,0,32.581,327.977,0.762,473,9.628,549.446,0.45,0.916
200,6,0,32.535,327.977,0.763,475,9.611,555.004,0.452,0.916
201,13,0,26.837,286.512,0.635,480,10.89,431.398,0.448,0.647
202,5,0,26.93,288.953,0.642,485,10.704,438.152,0.452,0.665
203,2,0,27.07,288.953,0.643,481,10.739,438.95,0.45,0.667
204,11,0,27.279,296.651,0.647,489,10.543,449.257,0.46,0.711
205,1,0,27.419,296.651,0.649,486,10.537,452.1,0.458,0.713
206,8,0,27.698,298.907,0.661,486,10.684,459.669,0.457,0.731
207,4,0,27.837,298.907,0.66,483,10.761,457.409,0.453,0.729
208,5,0,28.116,298.907,0.665,483,10.646,469.747,0.458,0.756
209,3,0,27.953,295.465,0.665,480,10.708,466.91,0.455,0.741
210,6,0,28.116,295.581,0.666,482,10.559,471.424,0.456,0.752
211,5,0,27.791,293.907,0.661,486,10.629,467.821,0.459,0.741
212,1,0,28.023,293.907,0.667,484,10.634,468.453,0.457,0.75
213,8,0,28.07,298.837,0.678,491,10.424,472.927,0.461,0.762
214,3,0,28.302,298.93,0.681,491,10.422,475.216,0.459,0.768
215,4,0,28.372,300.558,0.683,489,10.505,473.623,0.454,0.761
216,8,0,28.977,301.07,0.681,494,10.137,492.725,0.463,0.812
217,5,0,28.93,300.953,0.683,490,9.544,490.977,0.459,0.798
218,6,0,29.302,301.558,0.692,490,9.566,496.326,0.457,0.812
219,5,1,29.698,302.047,0.692,487,9.505,504.952,0.458,0.83
220,4,0,30.163,302.86,0.696,481,9.653,512.592,0.449,0.834
221,6,0,29.884,303.186,0.695,479,9.568,504.896,0.45,0.823
222,4,0,30.395,306.256,0.711,475,9.501,507.205,0.442,0.829
223,5,0,30.698,306.256,0.714,476,9.498,513.255,0.441,0.84
224,5,0,31.116,309.884,0.715,479,9.1,526.092,0.447,0.865
225,5,1,31.163,309.884,0.714,475,9.167,519.112,0.442,0.859
226,7,0,31.163,312.953,0.717,478,9.051,529.124,0.447,0.867
227,5,0,31.302,312.953,0.718,478,9.11,529.786,0.447,0.872
228,10,0,31.674,314.116,0.722,480,8.952,544.892,0.45,0.888
229,3,0,31.814,313.953,0.723,477,8.976,542.195,0.446,0.887
230,6,1,32.047,314.093,0.731,478,8.844,551.385,0.447,0.896
231,3,0,32.0,314.093,0.731,480,8.833,553.852,0.449,0.897
232,7,1,32.047,314.093,0.729,480,8.596,557.553,0.45,0.899
233,5,0,32.233,311.163,0.73,477,8.552,558.225,0.45,0.903
234,3,0,32.326,312.512,0.731,477,8.492,563.558,0.452,0.908
235,6,1,32.372,312.535,0.729,474,8.621,560.125,0.447,0.904
236,5,0,32.419,309.14,0.727,475,8.666,561.842,0.447,0.905
237,1,0,32.581,309.14,0.729,470,8.909,557.689,0.445,0.907
238,6,0,33.047,307.256,0.726,462,8.636,552.862,0.435,0.906
239,6,0,33.047,307.302,0.727,467,8.613,556.563,0.437,0.909
240,11,0,33.163,308.907,0.733,471,8.622,551.648,0.44,0.916
241,6,0,33.488,309.605,0.735,472,8.27,567.577,0.445,0.927
242,6,0,33.302,308.047,0.731,476,8.274,563.802,0.446,0.924
243,7,1,33.767,309.442,0.734,477,8.2,572.1,0.447,0.935
244,3,0,34.233,312.14,0.742,475,8.177,577.7,0.443,0.939
245,7,2,34.558,312.14,0.742,476,8.131,579.972,0.443,0.945
246,4,0,34.721,312.14,0.74,474,8.197,574.542,0.44,0.946
247,5,1,34.721,312.326,0.741,475,7.939,578.897,0.441,0.946
248,6,1,34.767,310.047,0.738,471,8.203,569.469,0.434,0.941
249,6,1,34.791,309.767,0.736,472,8.201,571.729,0.433,0.941
250,5,2,34.698,309.767,0.737,470,8.289,562.111,0.43,0.937
251,6,0,34.558,309.767,0.739,469,8.325,560.681,0.429,0.933
252,5,0,34.907,309.767,0.741,463,8.22,556.32,0.424,0.936
253,7,1,35.093,309.93,0.739,463,8.234,556.939,0.423,0.938
254,1,0,35.186,309.93,0.742,460,8.275,556.438,0.419,0.936
255,5,0,34.93,309.93,0.742,460,8.277,549.358,0.419,0.931
256,2,0,35.442,309.93,0.743,454,8.386,543.08,0.411,0.934
257,6,0,35.558,313.907,0.749,455,8.306,550.081,0.414,0.939
258,3,0,35.233,313.93,0.75,449,8.435,543.122,0.41,0.929
259,5,0,35.233,313.93,0.751,448,8.755,529.879,0.407,0.927
260,6,0,35.047,314.14,0.746,449,8.731,528.088,0.411,0.927
261,4,0,35.209,314.326,0.749,446,8.916,524.559,0.407,0.927
262,7,0,35.256,316.302,0.75,446,8.886,531.236,0.407,0.928
263,3,0,35.186,315.419,0.751,446,8.897,530.512,0.406,0.926
264,6,0,35.326,317.628,0.757,449,8.8,532.021,0.41,0.932
265,10,0,35.512,317.814,0.757,455,8.67,543.483,0.415,0.939
266,9,0,35.651,318.047,0.756,459,8.651,557.477,0.42,0.946
267,3,1,35.535,315.977,0.756,453,8.801,545.194,0.413,0.939
268,9,0,35.814,316.535,0.761,455,8.488,554.309,0.42,0.948
269,5,0,35.628,316.535,0.762,454,8.582,549.665,0.414,0.94
270,5,0,34.953,316.535,0.764,451,8.759,535.896,0.407,0.92
271,9,0,35.116,316.535,0.76,455,8.682,536.016,0.41,0.927
272,6,1,35.07,316.814,0.759,460,8.626,540.847,0.414,0.93
273,2,0,34.977,316.581,0.757,456,8.656,535.265,0.41,0.924
274,6,0,35.047,316.581,0.757,460,8.582,541.871,0.414,0.93
275,6,0,34.581,316.907,0.757,461,8.63,533.044,0.415,0.921
276,8,1,34.488,319.442,0.758,460,8.736,525.085,0.413,0.917
277,5,0,34.581,319.488,0.759,462,8.572,531.116,0.415,0.921
278,7,0,35.023,319.488,0.757,460,8.577,533.148,0.41,0.925
279,6,0,34.837,319.651,0.756,464,8.522,530.219,0.412,0.923
280,6,0,34.837,319.977,0.767,469,8.082,538.496,0.419,0.929
281,6,1,34.558,319.977,0.772,469,8.145,535.922,0.419,0.924
282,3,0,34.419,319.977,0.773,466,8.187,531.549,0.417,0.918
283,9,0,34.605,320.163,0.772,469,8.141,537.98,0.418,0.923
284,5,0,34.791,324.791,0.771,470,8.278,543.762,0.419,0.929
285,5,0,34.977,324.791,0.775,468,8.366,544.362,0.418,0.931
286,10,0,35.14,327.256,0.775,472,8.134,556.48,0.428,0.943
287,6,0,35.256,327.953,0.774,474,8.088,559.799,0.432,0.948
288,6,1,35.372,327.953,0.774,474,8.049,557.333,0.433,0.95
289,5,0,35.512,327.953,0.774,476,7.992,561.9,0.435,0.953
290,6,0,35.256,327.953,0.774,477,8.069,558.505,0.435,0.95
291,6,0,35.093,328.512,0.775,482,8.034,559.381,0.439,0.95
292,6,1,34.721,328.581,0.774,481,8.022,554.891,0.441,0.946
293,7,0,34.907,329.023,0.777,481,7.844,558.567,0.444,0.95
294,6,0,34.581,329.116,0.779,479,7.979,552.287,0.44,0.943
295,9,0,34.907,330.256,0.785,484,7.789,566.572,0.446,0.952
296,7,0,34.907,330.349,0.784,485,7.64,573.051,0.448,0.953
297,7,0,34.721,330.349,0.779,482,7.735,560.59,0.444,0.948
298,5,0,34.721,330.349,0.779,478,7.795,559.699,0.443,0.947
299,2,0,34.488,330.349,0.78,475,7.876,557.372,0.44,0.941
300,8,0,34.302,330.442,0.782,479,7.813,560.903,0.447,0.943
301,8,0,27.977,305.907,0.724,482,8.941,454.1,0.447,0.706
302,8,0,28.023,305.907,0.721,486,9.01,453.266,0.447,0.708
303,6,0,28.209,307.14,0.722,490,8.882,460.505,0.451,0.731
304,4,0,28.953,307.605,0.727,486,8.908,468.92,0.444,0.757
305,8,0,28.907,308.023,0.724,492,8.779,475.889,0.45,0.77
306,2,0,29.093,308.023,0.727,489,8.89,472.844,0.444,0.765
307,3,0,29.186,308.023,0.73,487,8.972,472.702,0.44,0.761
308,5,0,29.465,308.651,0.73,488,8.883,476.386,0.44,0.774
309,7,0,29.93,308.837,0.728,485,9.004,472.953,0.439,0.797
310,5,0,29.93,308.907,0.729,487,8.974,471.785,0.438,0.794
311,7,0,29.884,309.744,0.729,490,8.873,473.632,0.44,0.798
312,4,0,29.93,313.488,0.73,491,8.774,478.906,0.444,0.807
313,5,0,30.023,313.488,0.73,489,8.747,477.27,0.443,0.809
314,7,0,30.163,313.488,0.73,492,8.502,487.359,0.447,0.825
315,6,0,30.721,313.674,0.734,488,8.509,493.742,0.443,0.84
316,4,0,30.721,313.419,0.735,486,8.6,487.386,0.439,0.833
317,6,0,31.14,313.419,0.736,486,8.512,492.759,0.44,0.852
318,4,0,31.442,313.791,0.738,486,8.414,496.622,0.441,0.865
319,3,0,31.488,313.791,0.742,483,8.778,502.644,0.44,0.866
320,3,0,31.488,315.581,0.743,482,8.807,496.374,0.438,0.862
321,9,0,31.488,315.581,0.741,487,8.724,499.91,0.44,0.866
322,5,0,31.581,315.581,0.741,488,8.722,498.576,0.44,0.869
323,5,0,31.628,316.512,0.742,484,8.723,499.931,0.44,0.871
324,5,0,31.488,312.814,0.746,481,8.877,490.909,0.435,0.857
325,6,0,31.395,312.814,0.745,482,8.947,490.29,0.435,0.855
326,5,0,31.558,315.884,0.746,482,9.016,495.653,0.434,0.858
327,0,0,31.884,315.884,0.747,478,8.981,499.56,0.432,0.867
328,7,0,32.233,315.721,0.748,478,8.859,504.403,0.433,0.88
329,3,0,32.419,315.721,0.747,476,8.888,511.2,0.432,0.885
330,4,0,32.279,315.256,0.744,474,9.112,501.366,0.426,0.871
331,3,0,32.419,315.767,0.741,472,9.218,498.112,0.423,0.872
332,7,0,32.558,316.674,0.746,477,9.643,504.943,0.428,0.886
333,8,0,32.14,316.674,0.746,476,9.744,498.132,0.426,0.869
334,8,0,32.233,317.744,0.747,479,9.655,500.376,0.428,0.876
335,5,0,32.186,317.86,0.75,479,9.847,500.921,0.429,0.875
336,7,0,31.86,317.86,0.75,478,9.781,498.596,0.426,0.859
337,2,0,32.0,317.86,0.75,475,9.779,498.876,0.423,0.858
338,8,0,32.14,319.349,0.742,475,9.622,506.774,0.428,0.872
339,7,0,32.093,321.86,0.745,476,9.583,506.199,0.428,0.87
340,3,0,31.674,321.767,0.744,474,9.789,493.834,0.422,0.844
341,6,0,32.0,322.233,0.745,475,9.593,506.558,0.424,0.86
342,1,0,32.093,322.233,0.745,475,9.645,506.542,0.423,0.862
343,3,0,32.047,322.233,0.747,472,9.721,500.076,0.42,0.854
344,8,0,32.302,322.233,0.751,476,9.573,511.165,0.425,0.872
345,5,0,32.442,322.07,0.75,475,9.342,516.768,0.425,0.877
346,9,0,32.535,321.488,0.747,476,8.669,527.631,0.428,0.881
347,7,0,32.628,321.488,0.747,477,9.092,533.276,0.431,0.89
348,4,0,32.628,321.953,0.75,477,9.187,538.478,0.43,0.889
349,2,0,32.907,321.953,0.751,473,9.251,535.412,0.427,0.893
350,5,0,32.721,320.256,0.751,471,9.39,528.689,0.423,0.883
351,6,0,33.047,323.023,0.751,470,8.851,534.205,0.422,0.889
352,5,0,32.744,328.419,0.752,471,8.907,531.191,0.424,0.882
353,6,0,32.674,328.628,0.752,472,8.896,535.666,0.423,0.879
354,7,0,32.605,328.628,0.753,473,9.043,529.906,0.421,0.874
355,8,0,32.651,330.116,0.759,470,9.037,528.617,0.421,0.875
356,10,1,32.837,330.279,0.761,475,8.772,538.945,0.428,0.891
357,5,0,32.535,330.279,0.76,474,8.882,529.015,0.424,0.876
358,5,0,32.395,329.349,0.76,471,9.009,522.541,0.421,0.866
359,5,0,32.442,329.744,0.759,475,8.848,530.76,0.426,0.876
360,5,0,32.302,329.744,0.767,474,8.971,524.796,0.426,0.871
361,13,1,32.047,336.279,0.763,481,8.885,532.847,0.43,0.87
362,2,1,32.047,336.279,0.764,480,8.892,530.648,0.43,0.869
363,11,1,32.233,336.279,0.763,487,8.533,547.417,0.437,0.885
364,5,1,32.209,336.279,0.763,484,8.572,544.191,0.437,0.884
365,13,1,32.372,336.279,0.763,490,8.349,557.309,0.443,0.897
366,8,0,32.186,333.279,0.759,493,8.442,550.417,0.441,0.889
367,4,0,32.233,333.558,0.757,494,8.501,547.103,0.44,0.89
368,2,0,32.279,333.558,0.757,492,8.461,548.128,0.44,0.89
369,5,0,32.0,332.209,0.75,491,8.55,548.053,0.437,0.878
370,9,0,32.047,328.0,0.748,495,8.6,551.613,0.439,0.882
371,5,0,32.279,328.0,0.749,496,8.585,554.458,0.437,0.886
372,7,0,32.256,328.0,0.75,495,8.662,551.624,0.434,0.882
373,6,0,32.349,327.233,0.753,496,8.632,558.595,0.435,0.887
374,8,1,32.372,327.233,0.754,498,8.563,560.43,0.437,0.89
375,10,0,32.233,327.233,0.746,502,8.564,556.773,0.44,0.889
376,5,0,32.256,327.047,0.749,503,8.697,554.792,0.439,0.89
377,10,0,32.512,326.558,0.754,505,8.671,552.989,0.436,0.892
378,3,0,32.047,325.581,0.752,500,8.888,548.299,0.43,0.869
379,3,0,32.233,325.395,0.751,499,8.969,547.853,0.426,0.869
380,3,0,32.233,325.395,0.751,497,8.921,552.612,0.429,0.873
381,5,0,32.0,325.465,0.75,497,8.942,549.22,0.431,0.869
382,3,0,32.047,325.721,0.752,494,8.999,549.65,0.43,0.869
383,5,0,32.233,325.721,0.75,494,8.814,554.103,0.43,0.875
384,9,0,32.186,325.605,0.749,501,8.809,556.107,0.435,0.881
385,5,0,32.605,327.0,0.75,500,8.717,564.154,0.435,0.894
386,3,0,32.512,327.0,0.749,501,8.71,563.355,0.436,0.893
387,9,0,32.372,328.14,0.754,504,8.554,570.87,0.441,0.895
388,3,0,32.512,328.14,0.756,501,8.602,569.455,0.439,0.896
389,8,0,32.744,328.326,0.756,505,8.515,580.158,0.44,0.905
390,6,1,33.302,329.953,0.758,505,8.352,594.63,0.443,0.922
391,5,1,33.395,330.07,0.76,504,8.392,599.814,0.442,0.922
392,4,0,33.605,329.884,0.76,501,8.384,602.191,0.44,0.924
393,10,1,33.349,329.884,0.764,499,8.214,603.686,0.442,0.92
394,5,0,33.535,328.651,0.765,498,8.211,606.414,0.441,0.924
395,2,0,33.814,330.977,0.766,495,8.161,608.462,0.44,0.929
396,3,0,33.698,330.977,0.766,490,8.196,602.435,0.438,0.925
397,7,0,33.721,330.977,0.767,495,8.09,610.333,0.442,0.929
398,4,0,33.512,337.442,0.769,494,8.235,603.703,0.443,0.925
399,9,0,33.837,341.884,0.772,494,8.095,619.063,0.448,0.937
400,6,1,33.884,341.233,0.774,495,8.107,616.98,0.447,0.937
401,12,0,26.791,310.0,0.665,500,10.549,475.361,0.454,0.659
402,6,0,27.302,313.279,0.68,500,10.282,485.101,0.458,0.706
403,3,0,27.721,314.674,0.691,500,10.175,491.806,0.46,0.736
404,2,0,27.86,315.14,0.691,499,10.179,491.459,0.458,0.739
405,8,0,28.419,319.14,0.699,503,9.937,508.148,0.466,0.791
406,6,0,28.512,319.14,0.699,503,9.53,512.329,0.468,0.797
407,1,0,28.884,317.372,0.698,493,9.736,514.946,0.458,0.793
408,9,2,29.116,317.907,0.701,498,9.601,525.03,0.462,0.815
409,5,0,29.256,317.721,0.702,498,9.55,528.173,0.464,0.824
410,5,0,29.047,324.093,0.702,500,9.887,526.709,0.466,0.82
411,5,0,29.605,325.907,0.703,498,9.752,539.429,0.466,0.844
412,6,0,29.977,325.907,0.711,500,9.583,557.022,0.47,0.866
413,6,0,30.256,325.907,0.713,501,9.553,564.858,0.47,0.875
414,11,1,30.279,327.326,0.717,507,9.39,570.586,0.477,0.887
415,10,2,30.442,331.233,0.717,511,9.409,573.273,0.477,0.891
416,7,0,30.535,327.349,0.718,511,9.536,564.138,0.47,0.885
417,7,1,30.721,327.349,0.705,508,9.596,568.046,0.466,0.884
418,4,0,30.86,327.581,0.706,510,9.058,573.364,0.465,0.886
419,8,0,31.233,326.953,0.712,511,8.972,571.615,0.464,0.895
420,8,3,31.186,327.093,0.715,509,8.978,573.56,0.465,0.895
421,4,0,31.233,327.302,0.717,511,8.863,575.372,0.467,0.899
422,8,2,31.558,327.302,0.717,512,8.839,580.175,0.466,0.906
423,5,1,31.884,327.302,0.719,508,8.843,578.837,0.462,0.91
424,6,1,31.744,327.302,0.717,510,8.761,578.67,0.467,0.913
425,9,0,32.116,337.07,0.72,516,8.598,591.136,0.472,0.926
426,6,0,32.07,337.07,0.721,517,8.609,591.172,0.469,0.922
427,3,0,32.116,337.07,0.72,520,8.582,595.529,0.471,0.924
428,6,0,32.186,334.395,0.72,519,8.587,596.567,0.47,0.925
429,3,0,32.488,334.395,0.722,515,8.542,597.478,0.466,0.927
430,4,0,32.395,334.395,0.722,518,8.535,595.551,0.466,0.926
431,11,1,32.581,334.395,0.721,526,8.389,608.063,0.47,0.933
432,5,1,32.86,334.395,0.723,525,8.435,608.347,0.467,0.936
433,5,0,33.047,334.395,0.724,525,8.414,607.588,0.466,0.939
434,5,0,33.256,337.698,0.723,528,8.387,609.019,0.469,0.944
435,6,0,33.116,337.698,0.722,529,8.371,609.802,0.47,0.943
436,7,1,33.442,335.93,0.72,528,8.432,616.6,0.469,0.948
437,8,1,33.674,335.93,0.721,532,8.309,627.111,0.474,0.954
438,10,2,33.767,335.93,0.725,538,8.153,638.755,0.479,0.958
439,7,0,34.0,336.0,0.731,540,8.199,641.03,0.476,0.959
440,7,0,33.814,336.0,0.73,538,8.295,638.204,0.471,0.954
441,8,0,33.814,336.0,0.735,539,8.226,641.095,0.474,0.956
442,11,1,34.047,336.07,0.738,548,8.083,657.835,0.481,0.963
443,7,0,34.419,336.256,0.74,552,7.936,670.022,0.485,0.968
444,4,0,34.535,330.023,0.736,551,7.943,672.95,0.485,0.969
445,9,0,34.535,330.023,0.743,548,8.132,667.274,0.48,0.967
446,7,1,35.0,330.023,0.746,545,8.161,674.109,0.478,0.971
447,1,0,35.186,330.419,0.746,541,8.169,676.718,0.474,0.971
448,4,0,35.116,330.419,0.747,532,8.342,667.287,0.463,0.965
449,6,1,35.186,330.419,0.745,531,8.273,670.147,0.463,0.966
450,5,0,35.465,330.419,0.75,531,8.305,667.637,0.46,0.967
451,6,2,35.419,330.419,0.751,525,8.393,656.078,0.453,0.963
452,8,1,35.372,330.116,0.748,525,8.417,660.199,0.457,0.965
453,6,1,35.372,330.116,0.747,529,8.327,661.122,0.461,0.967
454,7,0,35.488,330.837,0.745,528,8.317,662.399,0.46,0.967
455,8,0,35.721,332.279,0.743,532,8.195,673.703,0.467,0.972
456,3,1,35.674,332.279,0.743,527,8.223,666.049,0.462,0.97
457,3,0,35.93,332.279,0.744,520,8.261,670.798,0.46,0.971
458,7,0,36.279,333.047,0.741,522,8.209,678.391,0.46,0.974
459,6,2,36.233,333.047,0.741,525,8.149,683.118,0.463,0.975
460,2,0,36.047,333.047,0.74,521,8.287,672.629,0.457,0.971
461,5,0,36.256,333.047,0.742,519,8.353,670.289,0.454,0.972
462,7,0,36.163,333.047,0.739,523,8.279,667.392,0.457,0.972
463,7,1,36.419,337.837,0.743,524,8.17,671.344,0.456,0.974
464,4,0,36.233,337.837,0.74,525,8.155,668.231,0.457,0.973
465,5,0,36.047,335.07,0.74,525,8.207,663.085,0.455,0.97
466,7,1,35.977,335.07,0.744,527,8.044,670.123,0.46,0.972
467,7,2,36.326,335.07,0.744,525,8.068,673.347,0.458,0.974
468,8,0,36.093,336.349,0.744,528,8.019,666.167,0.459,0.972
469,9,0,36.326,336.349,0.744,531,7.945,668.652,0.463,0.975
470,9,2,36.326,336.349,0.739,529,8.05,651.555,0.458,0.974
471,11,0,36.256,334.07,0.74,533,7.696,661.228,0.463,0.975
472,2,0,36.07,334.07,0.741,528,7.77,653.17,0.46,0.972
473,8,0,35.93,335.581,0.755,532,7.507,657.523,0.463,0.972
474,6,1,35.93,333.651,0.756,536,7.37,658.198,0.466,0.973
475,9,0,36.488,334.093,0.759,535,7.284,671.331,0.465,0.977
476,3,1,36.93,334.093,0.76,529,7.284,678.09,0.46,0.978
477,7,0,36.86,334.093,0.759,531,7.264,680.296,0.463,0.979
478,5,0,37.0,334.093,0.759,534,7.145,696.435,0.469,0.981
479,8,0,37.14,334.209,0.761,535,7.171,700.625,0.468,0.982
480,6,1,36.953,334.279,0.761,538,7.217,698.483,0.467,0.98
481,4,0,37.302,334.279,0.759,535,7.183,705.297,0.466,0.982
482,3,0,37.302,334.279,0.76,534,7.201,701.644,0.465,0.982
483,6,0,37.302,339.512,0.765,529,6.823,697.898,0.462,0.981
484,4,1,37.163,339.512,0.762,530,6.833,693.961,0.461,0.98
485,5,1,37.395,340.581,0.768,528,6.824,696.266,0.46,0.981
486,8,1,37.349,340.581,0.764,531,6.74,697.004,0.461,0.981
487,7,0,37.419,340.721,0.765,531,6.768,700.229,0.458,0.98
488,4,1,37.721,340.721,0.765,527,6.791,703.112,0.454,0.981
489,6,0,37.721,340.721,0.765,527,6.777,704.738,0.456,0.981
490,6,0,37.953,341.047,0.77,530,6.663,717.429,0.462,0.984
491,8,0,37.535,341.047,0.769,534,6.65,713.218,0.461,0.982
492,7,0,37.442,340.651,0.764,532,6.681,710.126,0.459,0.981
493,5,1,37.256,340.651,0.764,529,6.676,709.523,0.46,0.98
494,6,0,37.023,340.186,0.766,530,6.658,703.9,0.46,0.978
495,7,0,37.488,340.186,0.762,529,6.555,714.536,0.461,0.981
496,2,0,37.581,340.186,0.755,528,6.588,709.226,0.461,0.982
497,6,0,37.395,342.535,0.761,529,6.608,697.588,0.461,0.981
498,5,0,37.395,342.535,0.768,526,6.742,693.19,0.458,0.98
499,6,1,37.581,342.535,0.767,528,6.593,705.42,0.462,0.982
500,13,0,37.442,342.233,0.766,531,6.576,696.194,0.464,0.982
501,11,0,31.326,304.419,0.698,536,7.434,593.763,0.463,0.892
502,5,0,31.605,305.372,0.706,537,7.395,601.496,0.467,0.905
503,5,0,31.907,311.186,0.712,534,7.465,602.656,0.465,0.911
504,8,1,32.465,315.512,0.718,536,7.3,631.772,0.473,0.931
505,6,0,32.814,309.744,0.716,537,7.293,632.969,0.469,0.935
506,4,0,32.907,313.93,0.719,538,7.26,638.786,0.473,0.939
507,6,0,33.14,319.419,0.73,536,7.209,640.56,0.472,0.943
508,4,0,33.0,319.419,0.729,535,7.208,635.636,0.472,0.941
509,5,0,32.953,321.605,0.73,533,7.273,636.184,0.47,0.938
510,11,0,33.465,322.628,0.727,537,7.112,653.079,0.474,0.949
511,4,1,33.558,322.628,0.726,536,7.066,657.524,0.476,0.952
512,4,0,33.698,323.07,0.737,538,6.964,670.097,0.479,0.956
513,10,3,33.651,323.07,0.74,536,6.914,670.687,0.481,0.956
514,12,1,33.837,328.0,0.75,544,6.726,681.71,0.492,0.964
515,6,2,33.558,328.093,0.752,541,6.778,670.852,0.49,0.96
516,9,0,33.93,328.093,0.754,546,6.65,679.717,0.495,0.967
517,9,2,33.977,328.093,0.755,546,6.708,680.407,0.495,0.967
518,6,1,34.581,330.791,0.757,542,6.659,695.643,0.496,0.973
519,6,1,34.349,330.791,0.759,543,6.681,692.936,0.495,0.971
520,4,0,35.07,330.791,0.763,536,6.696,695.799,0.49,0.975
521,6,2,35.116,330.791,0.767,534,6.731,686.627,0.488,0.974
522,3,0,34.837,331.163,0.767,533,6.759,682.269,0.487,0.972
523,3,0,34.651,330.558,0.753,529,6.87,661.647,0.481,0.967
524,5,2,34.581,330.558,0.753,528,6.923,657.348,0.48,0.967
525,3,0,34.674,330.558,0.755,529,6.884,658.803,0.481,0.968
526,4,0,34.721,330.744,0.757,528,6.669,655.466,0.479,0.967
527,6,0,34.837,330.93,0.758,527,6.699,651.867,0.475,0.966
528,4,1,34.93,330.93,0.76,522,6.845,640.293,0.469,0.965
529,9,3,34.977,332.86,0.766,524,7.261,642.947,0.473,0.967
530,12,0,34.93,332.86,0.764,527,7.312,643.37,0.473,0.967
531,4,0,35.395,332.86,0.764,526,7.403,639.472,0.468,0.969
532,9,0,35.326,336.047,0.767,532,7.341,647.186,0.473,0.971
533,6,0,35.814,345.14,0.776,536,7.158,664.036,0.478,0.976
534,5,0,35.674,345.14,0.775,536,7.15,659.254,0.475,0.974
535,4,0,35.837,343.651,0.776,535,7.116,664.294,0.475,0.975
536,8,0,35.93,343.442,0.776,533,6.901,664.012,0.471,0.975
537,6,0,35.651,343.465,0.774,532,6.931,656.224,0.47,0.972
538,8,0,35.744,343.581,0.777,537,6.829,668.847,0.477,0.975
539,4,0,35.512,343.581,0.778,540,6.857,666.13,0.477,0.973
540,8,0,35.884,343.581,0.779,543,6.706,679.293,0.48,0.977
541,9,0,35.535,343.628,0.779,546,6.689,670.728,0.482,0.975
542,7,1,35.791,344.256,0.782,542,6.69,669.826,0.48,0.976
543,5,0,35.605,344.395,0.784,545,6.674,669.992,0.483,0.976
544,9,2,35.558,344.395,0.783,548,6.586,669.124,0.486,0.977
545,12,0,35.512,344.395,0.779,550,6.548,674.885,0.486,0.976
546,3,0,35.372,342.209,0.777,550,6.627,667.429,0.482,0.974
547,6,0,35.465,342.209,0.779,552,6.671,672.006,0.488,0.977
548,7,1,35.535,341.465,0.78,553,6.658,676.966,0.487,0.977
549,4,0,35.488,341.465,0.774,553,6.725,674.069,0.484,0.976
550,8,0,35.442,341.465,0.776,555,6.747,672.7,0.482,0.975
551,1,0,35.535,341.116,0.778,548,6.847,664.065,0.475,0.973
552,4,0,36.093,341.116,0.775,546,6.868,671.218,0.471,0.976
553,5,0,35.86,341.116,0.774,540,6.947,659.179,0.466,0.972
554,7,0,35.488,341.116,0.778,538,6.966,656.598,0.468,0.97
555,9,0,35.674,341.116,0.787,542,6.877,672.97,0.473,0.973
556,6,0,36.047,341.116,0.789,542,6.894,683.494,0.474,0.976
557,5,1,36.419,341.116,0.784,542,6.802,693.54,0.479,0.981
558,8,1,36.465,341.116,0.78,545,6.708,701.937,0.483,0.982
559,7,1,36.791,342.07,0.778,543,6.506,712.673,0.484,0.984
560,6,0,36.837,342.372,0.781,543,6.472,708.309,0.483,0.984
561,6,0,36.698,342.372,0.782,544,6.456,703.996,0.483,0.983
562,3,0,36.767,342.372,0.778,539,6.456,700.979,0.479,0.982
563,9,0,36.535,342.186,0.778,541,6.5,683.868,0.482,0.982
564,7,0,36.907,342.186,0.779,543,6.547,691.538,0.483,0.984
565,8,0,37.0,343.814,0.78,542,6.594,692.922,0.48,0.984
566,10,0,37.372,343.814,0.782,545,6.5,702.792,0.486,0.987
567,7,1,37.512,343.93,0.789,548,6.477,704.699,0.487,0.987
568,6,1,37.14,343.93,0.789,546,6.512,696.706,0.486,0.986
569,5,2,37.14,343.93,0.789,546,6.531,698.603,0.486,0.986
570,7,0,37.186,344.372,0.789,550,6.529,692.629,0.488,0.986
571,4,1,37.349,344.372,0.79,545,6.66,690.907,0.484,0.986
572,8,0,37.442,344.372,0.793,548,6.643,696.925,0.484,0.987
573,6,0,37.465,344.372,0.793,545,6.457,697.805,0.482,0.986
574,7,2,37.395,344.372,0.796,547,6.389,694.525,0.484,0.986
575,6,1,37.209,344.372,0.796,545,6.409,693.165,0.482,0.985
576,10,0,37.814,344.442,0.794,548,6.215,714.764,0.49,0.989
577,7,2,37.581,344.535,0.794,550,6.158,715.113,0.492,0.988
578,4,1,37.209,344.535,0.793,549,6.197,707.216,0.493,0.987
579,6,1,37.047,343.07,0.792,551,6.215,692.256,0.492,0.986
580,3,1,37.116,343.07,0.793,547,6.344,688.38,0.486,0.985
581,4,0,37.558,343.07,0.795,541,6.419,681.48,0.483,0.987
582,5,0,37.512,343.233,0.798,543,6.403,675.105,0.483,0.987
583,6,1,37.512,344.163,0.794,540,6.6,672.2,0.484,0.987
584,8,2,37.233,344.163,0.789,538,6.809,660.523,0.479,0.985
585,9,0,37.093,344.163,0.788,542,6.81,658.738,0.481,0.985
586,8,1,36.791,344.163,0.786,546,6.794,655.487,0.484,0.984
587,5,0,36.721,342.535,0.789,541,6.946,648.743,0.479,0.982
588,9,0,36.93,342.535,0.797,547,6.719,663.808,0.485,0.985
589,7,2,36.837,342.535,0.798,548,6.746,661.455,0.484,0.984
590,10,0,37.395,345.93,0.8,554,6.577,681.387,0.487,0.987
591,10,1,37.86,345.93,0.803,558,6.542,690.341,0.486,0.989
592,5,0,38.14,345.93,0.808,552,6.565,689.194,0.483,0.989
593,7,0,38.186,345.93,0.812,555,6.475,695.723,0.485,0.989
594,7,0,38.326,345.93,0.812,561,6.429,703.331,0.488,0.99
595,5,1,38.0,345.93,0.812,559,6.484,696.874,0.485,0.989
596,6,0,37.791,337.419,0.813,554,6.707,679.793,0.478,0.987
597,4,0,37.419,337.419,0.809,552,6.818,669.118,0.474,0.984
598,4,0,37.698,337.419,0.808,551,6.853,668.327,0.473,0.986
599,5,1,37.279,343.093,0.805,551,6.71,661.113,0.472,0.983
600,8,0,37.279,344.14,0.805,557,6.464,673.983,0.479,0.985
601,7,0,28.07,308.744,0.667,560,8.495,503.372,0.477,0.791
602,5,0,28.256,310.023,0.675,560,8.457,506.312,0.476,0.799
603,3,0,28.209,310.395,0.683,558,8.248,511.429,0.475,0.794
604,5,0,28.535,310.256,0.695,556,8.281,512.746,0.469,0.795
605,4,0,28.767,310.558,0.697,556,8.241,513.348,0.469,0.806
606,7,0,29.093,312.372,0.702,560,8.011,528.408,0.475,0.833
607,10,0,29.884,315.442,0.726,563,7.758,555.98,0.484,0.878
608,10,0,30.651,317.767,0.731,568,7.57,562.919,0.486,0.903
609,3,0,30.605,315.093,0.731,565,7.707,551.712,0.481,0.896
610,6,0,30.744,315.093,0.732,565,7.681,555.736,0.481,0.9
611,3,0,31.023,315.186,0.732,565,7.675,559.225,0.479,0.906
612,12,0,31.605,318.651,0.743,569,7.391,574.124,0.488,0.928
613,4,1,31.884,319.605,0.745,567,7.427,577.973,0.487,0.933
614,1,0,32.209,319.767,0.749,560,7.478,581.141,0.482,0.935
615,6,0,32.535,319.302,0.754,558,7.48,587.805,0.481,0.94
616,7,1,32.628,318.465,0.751,559,7.494,591.144,0.481,0.942
617,9,1,32.209,319.116,0.75,561,7.704,591.46,0.478,0.932
618,6,0,32.302,319.953,0.746,560,7.594,602.02,0.479,0.934
619,6,0,32.512,319.953,0.748,557,7.581,599.417,0.475,0.934
620,5,0,32.372,323.512,0.748,559,7.553,597.788,0.476,0.933
621,2,0,32.512,323.419,0.749,555,7.68,592.1,0.47,0.931
622,3,0,32.326,323.512,0.749,551,7.828,574.456,0.464,0.92
623,4,0,32.372,323.512,0.755,549,7.82,574.744,0.463,0.92
624,3,0,32.512,323.698,0.753,546,7.847,572.025,0.46,0.92
625,6,0,32.605,323.698,0.755,543,7.905,568.736,0.456,0.918
626,4,0,32.674,323.698,0.753,542,7.818,576.254,0.459,0.923
627,3,0,32.86,323.791,0.751,540,7.743,583.808,0.461,0.929
628,2,0,33.372,323.884,0.753,534,7.781,586.13,0.456,0.934
629,9,0,33.419,324.047,0.752,539,7.743,585.255,0.459,0.937
630,3,0,33.279,321.93,0.748,540,7.741,585.488,0.46,0.936
631,3,0,33.558,324.093,0.751,539,7.654,592.936,0.461,0.942
632,9,1,33.093,324.209,0.75,539,7.714,578.977,0.461,0.933
633,3,0,33.093,325.209,0.751,539,7.713,581.759,0.463,0.935
634,13,0,33.14,323.744,0.757,544,7.491,590.77,0.467,0.939
635,8,0,33.093,328.372,0.76,548,7.23,598.08,0.47,0.94
636,9,0,33.023,330.814,0.759,554,7.22,595.692,0.472,0.94
637,2,0,33.209,330.488,0.76,552,7.274,597.518,0.469,0.941
638,4,0,33.256,330.488,0.754,550,7.323,595.343,0.467,0.941
639,5,0,33.023,330.488,0.754,550,7.375,591.29,0.466,0.935
640,6,0,32.93,330.488,0.752,545,7.344,593.358,0.461,0.929
641,6,0,33.116,330.419,0.754,544,7.31,594.535,0.46,0.932
642,5,0,32.512,330.488,0.747,545,7.431,578.457,0.46,0.92
643,3,0,32.605,330.674,0.747,545,7.525,580.918,0.461,0.923
644,6,0,32.488,329.721,0.745,542,7.49,573.51,0.46,0.919
645,7,0,32.256,328.884,0.745,541,7.55,575.203,0.462,0.916
646,8,0,32.07,328.884,0.744,544,7.646,573.42,0.463,0.912
647,3,1,32.395,328.884,0.745,541,7.612,574.237,0.458,0.915
648,5,0,32.721,329.256,0.743,538,7.652,576.695,0.454,0.918
649,13,0,32.907,330.605,0.742,543,7.595,584.616,0.455,0.923
650,6,1,33.047,330.605,0.744,543,7.343,592.287,0.461,0.932
651,3,0,33.093,330.605,0.747,538,7.437,591.975,0.457,0.929
652,4,0,33.186,329.814,0.743,537,7.499,592.884,0.455,0.929
653,4,0,33.628,329.721,0.744,531,7.577,595.691,0.451,0.934
654,7,1,34.0,329.721,0.75,530,7.533,600.514,0.452,0.942
655,4,1,34.186,329.721,0.75,524,7.624,598.571,0.449,0.943
656,13,1,34.233,329.721,0.754,530,7.502,609.722,0.452,0.945
657,7,0,34.372,329.86,0.758,530,7.535,614.687,0.449,0.945
658,3,0,34.558,329.86,0.758,529,7.514,621.862,0.45,0.949
659,3,0,34.791,330.674,0.758,529,7.499,631.29,0.451,0.953
660,7,0,35.186,330.814,0.758,531,7.303,640.902,0.455,0.96
661,4,0,35.186,330.302,0.758,531,7.266,645.719,0.457,0.961
662,6,1,35.442,330.302,0.759,528,7.075,653.669,0.457,0.964
663,9,1,35.674,330.302,0.761,532,6.976,658.801,0.459,0.967
664,9,0,35.488,330.814,0.766,534,6.801,665.02,0.464,0.968
665,7,0,35.721,330.814,0.766,536,6.713,671.978,0.466,0.971
666,6,1,35.628,330.814,0.766,538,6.705,672.255,0.467,0.97
667,5,0,35.721,332.302,0.782,538,6.627,678.553,0.474,0.974
668,12,2,35.814,334.977,0.785,541,6.785,676.613,0.478,0.976
669,2,0,35.721,334.977,0.779,534,7.127,667.628,0.475,0.975
670,3,1,35.907,334.977,0.779,529,7.114,668.613,0.471,0.975
671,4,0,35.721,335.767,0.782,528,7.213,671.3,0.47,0.973
672,4,0,35.698,335.767,0.781,526,7.239,666.387,0.468,0.972
673,5,0,35.465,335.605,0.783,523,7.463,651.218,0.464,0.968
674,7,1,35.186,335.605,0.786,523,7.656,647.08,0.465,0.966
675,6,0,35.186,335.605,0.785,528,7.599,648.859,0.467,0.967
676,3,0,35.093,335.605,0.785,527,7.661,644.52,0.465,0.965
677,8,0,35.07,335.791,0.784,530,7.452,651.949,0.468,0.966
678,4,1,35.395,335.791,0.786,527,7.445,657.215,0.464,0.968
679,7,1,35.721,335.791,0.786,527,7.47,661.701,0.463,0.97
680,5,0,35.837,335.791,0.788,527,7.399,664.307,0.465,0.972
681,5,0,35.698,335.791,0.791,528,7.399,662.414,0.467,0.972
682,6,0,35.698,332.628,0.792,528,7.379,660.561,0.466,0.971
683,5,1,35.651,332.628,0.793,530,7.303,666.126,0.469,0.972
684,7,2,36.0,333.721,0.793,530,7.118,684.193,0.472,0.976
685,7,1,36.093,332.698,0.791,529,7.022,695.733,0.474,0.977
686,9,0,36.465,334.814,0.794,533,6.852,706.38,0.479,0.981
687,10,2,36.558,334.814,0.789,533,6.879,706.497,0.476,0.98
688,7,0,36.721,332.372,0.787,532,6.963,710.34,0.473,0.981
689,4,0,36.721,332.372,0.782,532,7.012,707.601,0.469,0.979
690,8,0,36.628,332.372,0.789,531,7.055,713.162,0.47,0.979
691,2,0,36.512,332.372,0.787,521,7.187,700.319,0.462,0.976
692,6,0,36.256,332.372,0.781,517,7.309,690.516,0.456,0.972
693,6,0,35.86,332.372,0.776,512,7.493,672.002,0.45,0.966
694,10,0,36.047,332.512,0.779,518,7.4,682.789,0.455,0.97
695,4,0,36.0,332.512,0.776,519,7.531,683.052,0.455,0.969
696,8,0,36.14,332.512,0.776,524,7.466,688.456,0.457,0.971
697,9,0,36.512,332.698,0.779,530,7.253,708.587,0.463,0.976
698,7,0,36.837,333.814,0.781,530,7.297,710.55,0.459,0.977
699,13,0,36.93,333.814,0.779,538,7.152,720.595,0.466,0.98
700,6,0,36.744,332.442,0.78,538,7.206,705.571,0.465,0.979
701,11,0,29.605,302.047,0.684,538,9.577,549.768,0.461,0.833
702,4,0,29.605,301.767,0.684,537,9.603,547.625,0.459,0.829
703,5,0,29.837,301.767,0.685,537,9.656,549.658,0.456,0.834
704,7,0,29.953,304.93,0.697,541,9.425,562.46,0.461,0.848
705,4,0,30.326,309.023,0.701,537,9.344,573.507,0.462,0.864
706,8,0,30.721,309.023,0.706,536,9.155,592.317,0.463,0.879
707,9,0,31.209,315.395,0.72,535,9.234,595.75,0.46,0.89
708,5,0,31.488,317.442,0.723,532,9.267,588.656,0.455,0.891
709,5,0,31.628,317.488,0.721,532,9.37,591.701,0.453,0.893
710,5,1,31.535,317.279,0.717,531,9.396,585.189,0.452,0.889
711,7,0,31.558,317.535,0.715,532,9.028,593.166,0.457,0.895
712,6,0,31.651,318.442,0.721,533,9.081,596.476,0.455,0.896
713,8,0,31.814,318.442,0.722,534,9.173,591.86,0.454,0.898
714,5,0,32.0,321.023,0.727,532,9.13,592.767,0.451,0.9
715,10,0,32.465,321.023,0.722,535,9.061,601.126,0.451,0.911
716,6,0,32.651,321.209,0.72,537,8.363,613.777,0.455,0.919
717,3,0,32.605,321.209,0.721,537,8.405,612.25,0.453,0.917
718,4,0,32.791,323.512,0.727,535,8.309,622.869,0.458,0.925
719,8,0,33.023,323.512,0.734,539,8.13,632.119,0.463,0.934
720,12,0,33.023,323.512,0.73,546,7.858,646.698,0.473,0.942
721,4,0,33.488,323.512,0.735,538,8.481,652.587,0.468,0.947
722,10,3,33.442,323.349,0.74,539,8.404,648.128,0.467,0.946
723,8,1,34.209,325.372,0.752,539,8.166,659.065,0.469,0.958
724,5,0,34.209,325.372,0.749,534,8.28,652.471,0.464,0.955
725,11,1,34.256,325.512,0.75,541,8.177,656.218,0.469,0.958
726,11,1,34.0,323.302,0.75,544,8.184,647.979,0.469,0.955
727,5,1,34.279,321.814,0.745,542,8.246,644.514,0.465,0.956
728,5,0,34.14,321.744,0.745,544,8.263,643.779,0.469,0.957
729,10,3,34.442,321.558,0.745,545,9.068,639.033,0.471,0.963
730,5,0,34.419,321.372,0.742,546,9.102,638.458,0.471,0.962
731,8,1,34.837,322.628,0.747,546,8.129,648.552,0.469,0.965
732,10,1,35.209,322.628,0.748,547,8.191,655.613,0.468,0.968
733,8,2,35.488,326.233,0.749,551,8.029,668.861,0.471,0.972
734,12,1,35.512,326.512,0.741,553,8.103,662.029,0.473,0.973
735,4,1,35.14,326.512,0.743,551,8.259,651.531,0.469,0.968
736,8,0,35.372,328.395,0.753,556,8.11,661.687,0.475,0.973
737,4,0,35.163,329.977,0.753,557,8.15,653.814,0.475,0.971
738,5,1,35.512,332.395,0.758,557,8.099,662.081,0.476,0.974
739,4,0,35.791,332.395,0.758,552,8.112,663.722,0.473,0.975
740,6,0,35.837,332.395,0.758,555,9.0,666.557,0.474,0.977
741,4,0,36.023,332.395,0.758,556,8.953,674.225,0.477,0.979
742,5,0,35.721,332.395,0.76,556,8.942,676.703,0.479,0.977
743,9,2,35.674,333.023,0.759,558,8.872,678.621,0.479,0.977
744,12,2,35.953,333.14,0.768,563,8.7,693.653,0.483,0.98
745,5,0,36.512,333.14,0.77,557,8.71,699.577,0.479,0.982
746,6,2,36.628,333.14,0.771,556,8.651,700.596,0.477,0.982
747,8,1,37.0,333.14,0.77,557,8.523,707.369,0.48,0.985
748,7,0,36.953,333.14,0.772,560,8.541,704.047,0.483,0.985
749,2,0,36.814,333.14,0.772,558,8.594,695.987,0.479,0.984
750,7,1,37.0,333.14,0.771,560,8.5,705.046,0.481,0.985
751,7,1,37.0,334.116,0.77,560,8.554,697.184,0.479,0.984
752,2,0,37.14,333.791,0.772,554,8.697,685.751,0.471,0.983
753,7,0,37.326,333.791,0.769,556,8.656,679.556,0.471,0.984
754,7,2,37.349,333.791,0.767,553,10.728,668.428,0.466,0.984
755,4,1,37.07,333.512,0.77,548,10.982,658.22,0.461,0.982
756,3,0,37.116,333.512,0.769,546,10.934,660.036,0.459,0.981
757,10,0,36.837,333.512,0.766,546,11.162,635.244,0.453,0.978
758,5,1,36.605,333.372,0.768,544,11.274,629.03,0.451,0.976
759,6,0,36.651,332.907,0.773,546,11.137,631.052,0.453,0.977
760,6,0,36.86,332.907,0.773,544,11.161,628.866,0.452,0.978
761,5,1,37.326,333.349,0.775,542,11.139,637.579,0.452,0.981
762,9,0,37.279,333.349,0.787,545,11.111,636.269,0.455,0.981
763,5,1,37.047,333.651,0.787,539,11.246,616.059,0.449,0.978
764,6,0,36.907,333.651,0.786,536,11.525,605.204,0.447,0.977
765,4,0,36.721,333.651,0.787,534,11.519,599.888,0.448,0.976
766,4,0,36.953,333.93,0.789,532,11.523,600.041,0.447,0.977
767,2,0,37.0,333.93,0.788,529,11.509,596.038,0.443,0.976
768,5,0,36.791,333.93,0.787,529,11.374,589.638,0.444,0.975
769,8,1,36.884,334.0,0.786,533,11.325,593.527,0.446,0.976
770,10,0,36.977,334.0,0.785,541,11.224,603.523,0.45,0.978
771,8,0,36.791,334.0,0.784,545,11.21,605.668,0.452,0.978
772,6,0,37.256,334.372,0.784,539,11.187,610.111,0.452,0.98
773,2,0,37.209,334.0,0.785,535,11.301,602.039,0.446,0.979
774,3,1,36.837,337.465,0.787,529,11.645,582.549,0.441,0.974
775,8,0,36.558,337.465,0.784,535,11.668,576.533,0.445,0.974
776,8,0,36.767,337.465,0.787,538,11.64,577.488,0.446,0.976
777,3,0,36.791,337.419,0.788,530,11.73,569.749,0.441,0.974
778,6,0,37.209,337.698,0.786,530,11.652,575.303,0.441,0.977
779,6,0,37.488,337.047,0.787,528,11.617,573.386,0.439,0.978
780,10,0,37.558,335.419,0.785,533,11.578,581.117,0.442,0.98
781,4,0,37.419,334.86,0.783,530,11.535,575.796,0.439,0.978
782,4,0,37.558,334.86,0.784,529,11.452,583.485,0.442,0.98
783,1,0,37.372,334.86,0.783,525,11.647,573.133,0.436,0.977
784,4,0,37.419,334.86,0.784,523,11.721,570.115,0.434,0.976
785,5,0,37.372,334.86,0.788,522,11.853,563.618,0.433,0.976
786,4,0,37.209,334.791,0.786,519,12.001,558.668,0.431,0.974
787,6,0,36.884,334.791,0.779,514,12.261,545.212,0.421,0.967
788,9,0,36.605,335.07,0.78,516,12.284,542.767,0.422,0.965
789,3,0,36.767,334.884,0.779,511,12.546,536.633,0.415,0.963
790,7,0,36.581,334.884,0.777,513,12.58,539.085,0.414,0.96
791,10,0,36.256,338.372,0.782,519,12.367,547.793,0.419,0.959
792,13,0,36.628,338.907,0.782,528,12.068,571.553,0.43,0.969
793,5,0,36.86,338.907,0.787,527,11.974,579.365,0.43,0.971
794,6,0,37.047,339.093,0.788,527,11.805,592.177,0.433,0.973
795,4,0,36.767,339.093,0.788,526,11.929,582.206,0.434,0.971
796,8,0,36.674,339.093,0.782,529,11.711,578.617,0.431,0.969
797,10,0,36.628,339.093,0.782,533,11.685,583.736,0.435,0.97
798,3,0,36.721,339.163,0.783,532,11.729,578.785,0.431,0.969
799,12,0,36.279,341.0,0.78,538,11.698,583.549,0.439,0.969
800,4,1,36.116,341.0,0.78,534,11.782,581.058,0.438,0.967
801,11,0,30.163,309.465,0.679,539,10.261,491.226,0.44,0.818
802,5,0,30.256,310.14,0.677,537,10.101,489.809,0.441,0.822
803,6,0,30.372,311.651,0.679,538,9.578,495.647,0.444,0.833
804,6,0,31.14,311.721,0.684,539,9.487,503.488,0.443,0.86
805,2,0,31.512,311.721,0.686,533,9.581,503.304,0.439,0.868
806,6,0,31.558,312.86,0.683,536,9.239,501.999,0.442,0.873
807,6,0,32.163,312.86,0.691,535,9.22,504.607,0.437,0.886
808,9,0,32.163,313.0,0.696,538,9.182,509.844,0.441,0.891
809,4,0,32.302,311.047,0.693,533,9.37,499.803,0.433,0.883
810,4,1,32.233,314.116,0.702,533,9.109,506.408,0.435,0.884
811,6,0,32.488,315.884,0.703,534,8.975,513.75,0.436,0.893
812,6,0,32.465,320.93,0.703,538,8.965,513.552,0.438,0.895
813,6,1,32.465,320.93,0.704,534,9.026,514.424,0.436,0.893
814,2,0,32.558,320.977,0.706,532,9.054,511.065,0.433,0.891
815,6,0,33.07,316.674,0.708,529,9.546,514.969,0.429,0.902
816,8,0,32.953,318.698,0.71,532,9.438,523.425,0.434,0.905
817,6,0,33.186,318.698,0.71,533,9.421,526.489,0.436,0.914
818,5,0,33.465,318.698,0.71,529,9.271,531.74,0.437,0.92
819,7,0,33.628,321.907,0.706,531,9.073,547.095,0.442,0.929
820,3,0,34.047,321.791,0.715,526,9.122,550.404,0.438,0.934
821,1,0,34.0,321.791,0.718,521,9.214,542.304,0.434,0.929
822,10,0,34.233,321.977,0.72,526,8.96,554.931,0.439,0.938
823,3,0,34.442,321.977,0.721,522,9.015,556.887,0.435,0.938
824,12,0,34.651,320.465,0.724,527,8.815,565.524,0.436,0.942
825,1,0,34.651,320.465,0.726,522,8.912,562.526,0.433,0.94
826,4,0,34.419,320.465,0.726,518,8.945,556.917,0.43,0.933
827,4,0,34.558,320.465,0.727,515,8.958,560.945,0.429,0.935
828,8,0,34.558,322.14,0.734,516,8.863,567.702,0.432,0.938
829,2,0,34.558,322.14,0.734,513,8.915,564.805,0.43,0.935
830,6,0,34.256,322.023,0.73,512,8.99,562.196,0.426,0.926
831,6,0,34.302,323.884,0.731,514,8.955,557.893,0.427,0.928
832,2,0,34.302,323.884,0.731,515,8.933,557.779,0.428,0.928
833,7,0,34.023,325.465,0.737,515,8.931,550.15,0.427,0.922
834,8,0,34.023,326.233,0.744,513,8.823,549.125,0.429,0.923
835,9,0,34.605,325.558,0.761,513,8.603,567.12,0.434,0.939
836,7,0,34.791,325.558,0.762,514,8.636,571.849,0.434,0.942
837,2,0,34.605,327.326,0.763,507,8.878,559.07,0.428,0.935
838,8,0,35.093,329.907,0.762,510,8.795,564.275,0.43,0.945
839,6,0,34.907,329.907,0.762,510,8.953,557.678,0.43,0.942
840,6,0,35.14,329.907,0.766,511,8.879,565.026,0.434,0.948
841,7,0,34.791,329.907,0.765,512,8.994,554.204,0.432,0.942
842,5,0,34.744,329.907,0.764,515,8.986,556.869,0.434,0.942
843,4,0,34.93,329.907,0.762,516,8.764,573.347,0.438,0.948
844,6,0,34.884,329.907,0.761,519,8.663,574.355,0.444,0.952
845,2,0,35.116,329.907,0.761,516,8.697,574.055,0.441,0.953
846,6,2,34.814,329.907,0.762,517,8.695,571.981,0.443,0.95
847,10,0,35.0,336.209,0.766,524,8.752,586.273,0.451,0.958
848,6,0,35.093,337.279,0.767,522,8.732,585.383,0.45,0.958
849,10,1,35.651,337.279,0.766,528,8.552,604.199,0.456,0.968
850,5,0,35.698,341.535,0.773,528,8.16,598.626,0.454,0.967
851,1,0,36.07,341.535,0.774,523,8.189,598.883,0.451,0.969
852,6,0,36.395,341.535,0.773,524,8.158,604.917,0.45,0.971
853,7,0,35.884,341.535,0.771,525,8.173,600.953,0.45,0.967
854,3,0,35.837,342.488,0.772,520,8.257,588.442,0.447,0.964
855,5,0,36.023,342.488,0.77,520,8.249,588.94,0.445,0.965
856,6,0,36.163,342.488,0.768,519,8.192,592.233,0.447,0.968
857,6,0,36.14,342.488,0.77,518,8.129,595.921,0.451,0.969
858,5,0,36.047,342.488,0.77,516,8.187,583.76,0.446,0.966
859,5,0,35.953,342.488,0.771,514,8.231,582.392,0.443,0.964
860,9,0,35.814,342.488,0.771,513,8.182,587.114,0.447,0.964
861,5,0,36.0,342.953,0.772,515,8.027,592.912,0.451,0.968
862,6,0,35.721,342.953,0.777,516,7.868,589.973,0.454,0.967
863,6,0,36.256,342.953,0.775,517,7.704,597.5,0.455,0.972
864,3,0,35.884,342.953,0.771,516,8.197,588.247,0.457,0.969
865,5,0,36.14,342.651,0.769,507,8.508,578.443,0.445,0.967
866,9,2,36.419,342.651,0.768,509,8.409,586.012,0.447,0.97
867,4,0,36.163,342.651,0.767,510,8.402,584.861,0.447,0.968
868,7,1,36.256,342.791,0.772,512,8.328,596.659,0.45,0.97
869,9,3,36.512,340.977,0.772,510,8.384,604.392,0.448,0.972
870,4,0,37.163,340.977,0.777,503,8.481,611.048,0.443,0.975
871,5,0,37.07,342.349,0.779,503,8.189,620.833,0.445,0.975
872,4,0,36.93,342.349,0.777,506,8.217,617.584,0.449,0.975
873,6,0,36.605,342.349,0.776,509,8.215,605.711,0.447,0.972
874,6,0,36.605,342.349,0.769,505,8.745,594.918,0.443,0.971
875,4,0,36.744,342.907,0.772,504,8.713,600.902,0.443,0.972
876,7,0,36.791,342.86,0.772,505,8.666,600.943,0.445,0.973
877,5,0,36.744,344.651,0.771,510,8.625,601.596,0.448,0.974
878,7,0,36.884,343.698,0.771,512,8.595,607.339,0.448,0.975
879,3,0,37.256,343.698,0.772,512,8.587,609.392,0.445,0.977
880,5,0,37.116,343.884,0.772,515,8.524,612.664,0.45,0.977
881,9,0,37.349,343.884,0.772,521,8.399,618.756,0.454,0.98
882,5,0,36.791,343.884,0.767,520,9.139,608.651,0.454,0.977
883,3,0,36.93,345.209,0.767,521,9.08,613.434,0.455,0.978
884,5,1,36.837,345.209,0.768,522,9.11,608.13,0.454,0.977
885,6,0,36.93,345.209,0.769,519,9.218,602.006,0.448,0.976
886,5,1,36.837,345.209,0.774,515,9.163,594.726,0.445,0.974
887,7,0,36.744,345.209,0.769,519,10.527,598.662,0.451,0.976
888,10,1,36.744,345.209,0.768,525,10.504,600.413,0.452,0.977
889,8,0,36.791,345.209,0.768,530,10.42,606.543,0.457,0.979
890,4,0,36.884,344.651,0.767,528,10.487,604.562,0.455,0.979
891,10,0,36.884,344.651,0.768,532,10.314,612.411,0.459,0.98
892,6,1,37.163,344.651,0.769,529,10.258,613.76,0.457,0.981
893,4,1,37.209,344.651,0.77,529,10.29,610.649,0.454,0.98
894,2,0,37.116,344.651,0.769,525,10.489,596.223,0.448,0.978
895,6,0,37.209,344.651,0.77,529,10.482,595.075,0.449,0.979
896,9,0,37.07,344.651,0.77,526,10.495,596.777,0.447,0.977
897,9,0,37.023,344.977,0.767,533,10.38,606.319,0.453,0.979
898,7,0,36.512,344.977,0.768,535,10.465,602.903,0.453,0.975
899,4,0,36.953,344.977,0.773,535,10.411,606.516,0.453,0.978
900,6,0,37.14,343.628,0.773,538,10.313,604.217,0.453,0.98
901,9,0,30.163,310.581,0.663,539,12.041,508.248,0.45,0.846
902,8,0,29.837,324.558,0.68,540,10.509,506.445,0.451,0.827
903,8,0,30.186,328.512,0.687,541,10.262,511.477,0.45,0.838
904,7,0,30.605,328.512,0.694,546,10.163,522.441,0.452,0.86
905,3,0,30.884,328.837,0.699,544,10.127,526.636,0.453,0.872
906,7,0,31.07,328.93,0.703,548,10.021,532.804,0.457,0.884
907,5,0,31.186,323.558,0.699,547,9.955,530.61,0.458,0.888
908,6,0,31.116,322.721,0.701,546,10.015,519.224,0.452,0.877
909,6,0,31.302,324.023,0.703,543,9.942,524.818,0.453,0.885
910,5,0,31.395,324.163,0.707,541,9.955,521.924,0.451,0.885
911,6,0,32.047,324.86,0.707,541,9.916,536.678,0.452,0.904
912,6,0,32.349,325.977,0.708,542,9.87,548.072,0.453,0.914
913,5,0,32.628,325.977,0.709,540,9.89,544.649,0.452,0.919
914,5,0,32.279,327.163,0.713,534,10.073,531.799,0.444,0.902
915,4,0,32.465,329.93,0.713,531,10.01,539.039,0.444,0.906
916,9,0,32.651,321.186,0.714,535,10.032,547.307,0.444,0.912
917,6,0,32.651,322.93,0.717,533,10.054,546.394,0.443,0.91
918,3,0,32.977,322.93,0.718,529,10.171,547.621,0.438,0.912
919,3,0,33.14,323.047,0.719,524,10.251,544.452,0.432,0.91
920,6,0,33.0,323.047,0.716,529,10.081,548.791,0.437,0.912
921,7,0,32.884,323.163,0.72,529,9.971,546.153,0.438,0.91
922,4,0,33.116,323.163,0.725,531,9.871,556.754,0.442,0.92
923,6,0,33.372,323.302,0.729,530,9.723,565.608,0.445,0.928
924,5,0,33.558,322.884,0.726,528,9.814,562.648,0.444,0.931
925,13,0,34.0,323.465,0.727,539,9.545,588.517,0.455,0.947
926,5,0,34.093,323.465,0.727,536,9.868,588.486,0.453,0.948
927,7,2,34.372,327.744,0.729,532,9.219,597.24,0.454,0.952
928,8,0,34.349,327.744,0.728,536,9.119,597.163,0.459,0.955
929,9,1,34.419,327.791,0.727,539,9.179,598.5,0.46,0.956
930,7,0,34.558,327.791,0.726,541,9.104,603.202,0.463,0.96
931,4,1,34.512,327.791,0.726,540,9.255,597.489,0.459,0.957
932,1,0,35.093,323.93,0.73,530,9.346,597.777,0.449,0.958
933,4,0,34.907,323.93,0.73,531,9.433,593.638,0.448,0.956
934,5,0,34.86,321.977,0.731,529,9.475,589.51,0.445,0.953
935,4,0,35.186,321.977,0.731,527,9.511,589.85,0.442,0.955
936,6,1,35.186,321.977,0.731,526,9.477,590.687,0.441,0.955
937,6,1,35.279,323.116,0.732,528,9.493,592.121,0.442,0.957
938,2,0,35.372,323.116,0.731,526,9.441,595.356,0.44,0.957
939,4,0,35.465,324.395,0.736,527,9.305,602.471,0.442,0.959
940,5,0,35.791,324.395,0.739,525,9.385,608.766,0.439,0.961
941,8,0,35.93,331.465,0.742,529,8.581,621.33,0.446,0.965
942,7,0,36.047,329.535,0.744,532,8.502,620.052,0.447,0.967
943,4,0,36.186,330.093,0.744,531,8.434,631.153,0.448,0.969
944,7,0,36.372,330.093,0.743,534,8.357,637.379,0.45,0.971
945,7,1,36.279,330.093,0.743,531,8.36,631.698,0.449,0.97
946,6,0,36.163,333.651,0.742,533,8.358,632.935,0.45,0.969
947,7,0,36.116,333.953,0.74,530,8.44,633.308,0.448,0.968
948,0,0,36.209,333.953,0.74,522,8.524,621.601,0.442,0.966
949,8,1,36.349,333.953,0.742,525,8.491,632.395,0.446,0.97
950,5,0,36.07,333.953,0.742,526,8.553,628.437,0.448,0.968
951,2,0,35.977,333.953,0.742,521,8.601,620.249,0.445,0.965
952,3,0,35.977,333.953,0.743,518,8.592,618.821,0.442,0.964
953,5,0,35.837,333.953,0.739,520,8.59,619.303,0.444,0.963
954,8,1,35.698,333.953,0.738,520,8.661,619.513,0.443,0.961
955,9,2,35.465,333.953,0.739,521,8.592,617.89,0.447,0.961
956,5,0,35.465,333.953,0.737,522,8.554,622.145,0.447,0.961
957,8,0,35.581,330.395,0.738,522,8.434,627.655,0.449,0.963
958,1,0,35.674,330.209,0.739,516,8.481,618.593,0.445,0.962
959,7,0,35.395,330.326,0.741,514,8.9,606.11,0.445,0.959
960,4,0,35.349,330.07,0.741,511,9.197,594.23,0.44,0.956
961,6,0,35.349,330.07,0.742,512,9.184,595.859,0.442,0.958
962,4,0,35.558,330.07,0.745,512,9.085,604.564,0.445,0.961
963,11,1,35.326,330.186,0.74,518,9.075,594.392,0.445,0.959
964,4,0,35.395,329.535,0.745,515,9.163,599.105,0.441,0.957
965,7,2,35.488,329.535,0.749,515,9.191,599.812,0.441,0.958
966,5,1,35.419,329.535,0.749,514,9.196,599.328,0.44,0.957
967,8,0,35.186,329.651,0.751,519,9.103,601.663,0.445,0.957
968,5,0,35.047,329.651,0.752,521,9.075,605.993,0.448,0.957
969,4,0,34.814,329.651,0.751,522,9.023,603.26,0.448,0.954
970,5,2,34.953,324.349,0.745,520,9.478,600.997,0.442,0.953
971,5,1,34.674,324.349,0.747,515,9.355,592.105,0.435,0.943
972,6,0,34.581,329.977,0.753,520,8.84,596.163,0.44,0.944
973,6,0,34.791,331.442,0.765,521,8.759,606.454,0.443,0.95
974,4,1,34.651,331.442,0.763,519,8.918,601.361,0.441,0.946
975,7,0,34.651,331.442,0.76,522,8.85,603.946,0.443,0.948
976,3,0,34.651,331.442,0.755,520,8.646,604.356,0.442,0.947
977,10,0,34.744,331.605,0.76,526,8.455,622.403,0.452,0.955
978,6,0,35.302,331.605,0.761,525,8.47,631.723,0.452,0.961
979,4,0,35.558,331.605,0.761,526,8.218,644.258,0.454,0.965
980,6,0,35.512,331.721,0.764,529,8.149,642.746,0.454,0.965
981,6,0,35.884,331.721,0.766,527,8.16,644.926,0.453,0.968
982,7,0,35.837,331.721,0.764,532,8.048,650.332,0.456,0.969
983,8,0,36.302,334.419,0.771,535,7.807,661.449,0.463,0.975
984,6,0,36.233,334.767,0.77,536,7.756,660.337,0.466,0.976
985,7,2,36.605,337.163,0.779,533,7.491,673.189,0.465,0.978
986,12,1,36.419,337.372,0.78,540,7.025,684.001,0.473,0.979
987,6,1,36.419,337.372,0.779,540,6.973,679.614,0.471,0.978
988,4,2,36.419,337.372,0.778,540,6.959,676.754,0.472,0.978
989,6,1,36.744,337.372,0.779,540,6.935,684.675,0.473,0.981
990,10,2,36.814,337.419,0.781,542,6.91,688.346,0.474,0.981
991,6,0,36.837,337.419,0.786,541,6.887,688.226,0.474,0.982
992,10,0,36.512,337.837,0.785,545,6.769,685.039,0.479,0.981
993,13,3,36.605,338.023,0.785,550,6.631,689.73,0.481,0.982
994,7,0,36.884,338.023,0.789,548,6.645,692.623,0.479,0.983
995,7,2,36.628,338.023,0.787,548,6.537,681.665,0.48,0.982
996,7,2,37.047,338.814,0.786,542,6.429,688.731,0.477,0.983
997,3,0,37.047,338.814,0.786,540,6.449,690.782,0.475,0.983
998,7,1,36.953,337.581,0.787,536,6.668,681.924,0.472,0.981
999,9,1,36.581,338.558,0.784,535,6.638,673.872,0.473,0.979
1000,0,0,36.698,338.488,0.785,527,6.728,664.561,0.467,0.978
