1,10,0,0.571,2.381,0.0,10,343.504,0.0,0.008,0.043
2,3,0,0.762,3.619,0.002,13,338.565,0.0,0.011,0.04
3,3,0,1.048,5.476,0.002,16,312.542,0.0,0.015,0.02
4,3,0,1.238,8.476,0.005,19,296.248,0.013,0.021,0.014
5,4,0,1.667,10.429,0.006,23,263.514,0.118,0.026,0.006
6,7,0,2.238,15.952,0.01,29,233.207,0.222,0.039,0.003
7,5,0,2.524,19.952,0.014,34,215.035,0.418,0.046,0.002
8,5,0,2.952,24.0,0.022,38,195.203,0.555,0.05,0.001
9,5,0,3.524,31.857,0.036,42,162.589,0.864,0.06,0.001
10,3,0,3.81,35.381,0.042,45,158.804,0.937,0.064,0.001
11,6,0,3.571,36.524,0.04,51,173.93,0.96,0.07,0.001
12,9,0,3.857,41.905,0.043,59,146.478,1.231,0.082,0.001
13,4,0,4.0,43.905,0.042,63,141.52,1.358,0.089,0.001
14,4,0,4.095,45.238,0.043,67,140.311,1.415,0.092,0.001
15,3,0,4.19,45.714,0.04,70,131.682,1.533,0.096,0.0
16,8,0,4.905,52.905,0.055,77,109.841,2.089,0.103,0.0
17,4,0,5.286,61.0,0.071,81,99.665,2.559,0.112,0.0
18,4,0,5.571,63.238,0.07,85,95.559,2.889,0.119,0.0
19,7,0,6.095,68.81,0.077,91,80.539,3.815,0.13,0.0
20,8,0,6.667,73.381,0.082,98,71.661,4.519,0.138,0.0
21,3,0,6.952,75.857,0.09,98,72.729,4.66,0.138,0.0
22,3,0,7.238,77.952,0.097,98,69.129,4.959,0.138,0.0
23,3,0,7.429,80.286,0.101,101,66.766,5.289,0.142,0.0
24,3,0,7.429,80.571,0.099,104,66.078,5.205,0.145,0.0
25,5,0,7.714,87.857,0.112,108,61.867,5.597,0.156,0.0
26,6,0,7.524,89.19,0.11,113,61.199,5.631,0.161,0.0
27,8,0,8.286,97.667,0.124,119,55.276,6.449,0.174,0.0
28,6,0,8.476,100.857,0.125,125,53.093,7.364,0.183,0.0
29,3,0,8.476,102.048,0.127,127,52.108,7.759,0.186,0.0
30,3,0,8.381,102.667,0.125,130,52.314,7.808,0.189,0.0
31,5,0,9.048,103.143,0.129,130,47.378,8.358,0.187,0.0
32,8,0,9.429,110.571,0.146,137,43.727,8.62,0.195,0.001
33,3,0,9.905,115.476,0.157,139,41.175,9.263,0.2,0.001
34,4,0,10.286,120.19,0.17,143,39.305,9.944,0.204,0.001
35,6,0,10.857,126.571,0.183,148,37.035,10.894,0.214,0.001
36,3,0,10.857,127.048,0.181,151,36.39,11.367,0.218,0.001
37,9,0,11.429,127.048,0.169,157,35.48,12.927,0.228,0.001
38,0,0,11.619,127.048,0.174,154,35.317,12.633,0.224,0.001
39,6,0,12.19,127.714,0.176,157,34.887,13.188,0.225,0.002
40,2,0,12.095,128.571,0.175,159,35.012,13.193,0.229,0.002
41,2,0,12.095,128.571,0.174,161,34.695,13.338,0.229,0.002
42,3,0,12.19,128.571,0.176,162,35.16,13.306,0.228,0.002
43,7,0,12.095,124.667,0.154,168,35.418,13.797,0.234,0.002
44,7,0,12.19,127.81,0.16,173,37.553,14.43,0.24,0.002
45,4,0,12.571,130.81,0.173,175,35.785,15.135,0.238,0.002
46,8,0,12.81,133.476,0.175,180,34.21,15.339,0.245,0.002
47,3,0,13.095,133.714,0.174,179,31.519,15.503,0.247,0.003
48,10,0,13.571,141.619,0.188,187,28.737,16.461,0.261,0.003
49,8,0,14.524,151.381,0.217,192,24.593,19.511,0.27,0.004
50,2,0,15.095,151.381,0.223,190,23.836,19.866,0.264,0.005
51,7,0,15.19,152.095,0.218,196,23.482,20.498,0.272,0.005
52,4,0,15.19,152.238,0.22,198,23.226,20.739,0.271,0.005
53,6,0,15.667,153.476,0.22,202,22.27,22.074,0.275,0.006
54,2,0,15.571,154.048,0.222,203,22.237,21.845,0.276,0.006
55,5,0,16.048,157.381,0.236,204,21.778,22.012,0.277,0.007
56,6,0,16.048,158.429,0.233,209,21.528,22.292,0.282,0.008
57,5,0,16.476,161.143,0.239,212,20.899,23.193,0.286,0.009
58,5,0,16.952,162.952,0.239,215,19.869,25.07,0.294,0.011
59,7,0,17.238,164.476,0.24,218,19.474,25.929,0.297,0.013
60,8,0,17.619,167.143,0.245,224,18.936,26.138,0.302,0.015
61,1,0,17.81,168.762,0.257,221,18.915,26.042,0.297,0.015
62,6,0,17.619,168.952,0.251,225,18.529,26.176,0.302,0.015
63,6,0,17.524,169.381,0.249,228,18.627,26.354,0.306,0.016
64,5,0,18.0,171.667,0.252,231,18.119,27.383,0.312,0.019
65,3,0,18.0,171.667,0.251,230,18.114,27.576,0.313,0.02
66,7,0,18.095,173.048,0.255,235,17.946,27.904,0.314,0.02
67,3,0,18.381,175.048,0.263,235,17.685,29.386,0.315,0.022
68,6,0,19.238,181.524,0.283,238,16.778,30.052,0.319,0.03
69,6,0,19.714,189.0,0.303,242,15.731,32.345,0.328,0.038
70,5,0,20.19,191.905,0.31,244,15.032,33.243,0.333,0.046
71,8,0,20.571,193.0,0.305,252,14.374,34.859,0.343,0.057
72,8,0,20.857,199.238,0.322,257,14.048,35.877,0.348,0.067
73,5,0,20.571,200.524,0.331,257,14.179,35.491,0.347,0.06
74,6,0,20.667,202.143,0.336,258,13.998,35.738,0.349,0.064
75,7,0,20.524,204.476,0.341,262,13.878,35.873,0.354,0.065
76,5,0,20.429,204.476,0.337,264,13.427,36.666,0.358,0.066
77,5,0,20.429,204.476,0.335,266,13.25,36.4,0.36,0.068
78,5,0,20.905,204.524,0.339,268,13.022,36.87,0.357,0.074
79,3,0,20.905,205.667,0.34,268,12.917,36.479,0.361,0.078
80,3,0,20.81,206.762,0.342,271,12.889,37.202,0.364,0.079
81,2,0,20.476,206.762,0.35,269,13.17,35.868,0.357,0.066
82,3,0,20.952,208.429,0.36,269,12.872,36.072,0.355,0.073
83,8,0,20.762,210.667,0.365,275,12.875,36.651,0.361,0.074
84,2,0,20.762,210.952,0.367,275,12.876,36.754,0.361,0.074
85,6,0,20.571,212.905,0.366,279,12.622,37.924,0.37,0.079
86,5,0,20.571,214.19,0.364,282,12.299,39.014,0.376,0.085
87,5,0,21.143,215.762,0.367,281,11.621,41.278,0.38,0.103
88,4,0,21.333,219.762,0.375,284,11.271,42.861,0.39,0.123
89,9,0,22.048,225.333,0.39,291,10.488,45.62,0.399,0.164
90,5,0,22.429,226.19,0.395,292,10.246,46.157,0.4,0.182
91,3,0,22.952,226.762,0.401,290,10.146,46.662,0.397,0.199
92,5,0,23.333,229.143,0.406,290,10.062,46.806,0.402,0.231
93,5,0,23.952,230.429,0.412,288,9.637,48.157,0.402,0.264
94,5,0,24.143,232.476,0.419,290,9.736,47.659,0.403,0.281
95,5,0,24.333,233.619,0.425,292,9.731,48.004,0.406,0.3
96,1,0,24.429,233.619,0.427,289,9.888,46.683,0.402,0.297
97,5,0,24.619,234.667,0.429,291,9.959,47.061,0.404,0.315
98,3,0,25.19,235.143,0.43,290,9.701,48.43,0.407,0.362
99,5,0,25.19,235.286,0.428,292,9.636,48.739,0.408,0.366
100,5,0,25.286,237.048,0.428,295,9.495,48.942,0.416,0.401
101,4,0,25.857,238.048,0.43,295,8.978,51.442,0.419,0.452
102,7,0,25.857,238.048,0.427,299,8.655,52.078,0.424,0.467
103,4,0,26.048,239.286,0.437,297,8.91,51.223,0.421,0.472
104,4,0,26.714,241.333,0.449,296,8.752,52.721,0.42,0.518
105,5,0,26.619,244.286,0.464,297,8.756,52.811,0.422,0.517
106,4,0,26.619,246.857,0.476,295,8.552,54.222,0.422,0.517
107,2,0,27.095,246.762,0.479,293,8.401,55.336,0.418,0.54
108,8,0,27.0,246.762,0.475,297,8.326,55.403,0.424,0.551
109,2,0,26.857,246.762,0.477,294,8.352,55.079,0.422,0.534
110,3,0,27.381,245.19,0.469,293,8.219,56.395,0.421,0.569
111,5,0,28.238,248.381,0.484,294,7.899,58.058,0.424,0.641
112,6,0,28.143,248.381,0.477,298,7.727,59.189,0.43,0.653
113,7,0,28.667,248.381,0.485,300,7.809,59.582,0.423,0.668
114,2,0,28.19,248.381,0.489,296,8.027,58.354,0.419,0.623
115,5,0,28.381,248.381,0.491,296,8.198,58.268,0.417,0.629
116,6,0,27.81,249.476,0.492,298,8.104,57.804,0.422,0.605
117,4,0,27.905,249.476,0.498,298,8.18,57.131,0.415,0.589
118,2,0,27.81,249.476,0.504,295,8.47,55.873,0.411,0.568
119,8,0,27.905,250.333,0.498,301,8.093,56.473,0.423,0.616
120,4,0,28.19,250.333,0.499,302,8.071,56.665,0.422,0.634
121,4,0,28.571,250.333,0.504,301,8.028,57.535,0.418,0.646
122,9,0,28.095,251.524,0.496,307,7.813,57.892,0.431,0.653
123,5,0,28.095,252.333,0.497,307,7.663,58.109,0.434,0.665
124,6,0,27.81,252.333,0.497,308,7.836,56.363,0.434,0.644
125,4,0,27.524,253.095,0.505,308,8.03,55.602,0.43,0.612
126,5,0,27.143,253.952,0.509,312,8.159,54.298,0.431,0.588
127,4,0,26.952,253.095,0.509,313,8.349,53.142,0.427,0.561
128,9,0,27.048,262.143,0.537,317,7.768,55.148,0.44,0.608
129,8,0,26.857,262.905,0.538,321,7.808,55.138,0.445,0.613
130,5,0,26.476,263.143,0.538,323,7.846,54.357,0.448,0.594
131,6,0,26.476,263.143,0.53,328,7.675,55.02,0.456,0.623
132,7,0,26.857,265.238,0.535,332,7.396,57.268,0.465,0.678
133,6,0,26.952,268.81,0.548,336,7.191,57.368,0.472,0.704
134,5,0,27.429,270.667,0.557,335,7.072,59.222,0.471,0.73
135,6,0,27.905,271.381,0.554,340,6.699,60.729,0.478,0.774
136,5,0,28.143,270.048,0.551,340,6.705,61.236,0.473,0.776
137,4,0,28.714,270.048,0.546,341,6.339,63.971,0.479,0.816
138,5,0,28.905,269.476,0.548,343,6.33,64.898,0.475,0.816
139,8,0,29.19,270.619,0.543,350,6.049,67.411,0.484,0.847
140,7,0,29.286,270.619,0.543,352,6.074,67.153,0.484,0.851
141,8,0,29.095,273.905,0.551,358,6.135,66.888,0.493,0.859
142,5,0,28.905,273.905,0.547,360,6.122,66.91,0.496,0.858
143,11,0,29.19,277.857,0.571,361,5.934,68.871,0.497,0.869
144,7,0,29.286,277.857,0.568,365,5.703,70.28,0.503,0.882
145,5,0,29.571,278.619,0.571,364,5.619,71.711,0.505,0.893
146,7,0,29.667,278.619,0.573,366,5.714,70.658,0.504,0.895
147,6,0,30.524,283.238,0.599,368,5.575,71.804,0.505,0.919
148,5,0,31.19,283.238,0.599,369,5.456,73.686,0.508,0.935
149,5,0,31.286,284.19,0.606,369,5.641,72.748,0.507,0.936
150,8,0,31.762,284.19,0.606,373,5.446,75.611,0.51,0.947
151,2,0,32.429,283.238,0.601,369,5.261,77.665,0.509,0.955
152,11,0,32.619,288.619,0.62,375,4.719,80.154,0.522,0.964
153,2,0,32.524,288.619,0.621,373,4.81,79.222,0.519,0.962
154,2,0,32.905,288.619,0.63,369,4.92,78.671,0.509,0.961
155,4,0,32.619,290.286,0.641,369,4.916,78.313,0.508,0.957
156,4,0,32.619,291.0,0.65,369,5.037,78.416,0.505,0.955
157,8,0,32.81,293.048,0.656,369,4.983,77.606,0.514,0.962
158,4,0,32.952,294.714,0.66,371,4.839,78.812,0.52,0.967
159,5,0,32.952,294.714,0.657,373,4.796,78.65,0.522,0.967
160,4,0,33.143,294.714,0.659,368,4.802,78.886,0.515,0.966
161,5,0,33.524,295.0,0.664,364,4.819,79.468,0.508,0.967
162,1,0,34.19,295.0,0.669,359,4.821,78.833,0.503,0.971
163,3,0,34.0,295.0,0.675,355,5.064,77.386,0.494,0.965
164,4,0,34.286,295.0,0.682,350,5.142,77.967,0.485,0.964
165,4,0,34.286,295.0,0.682,351,5.155,77.435,0.486,0.964
166,4,0,34.0,294.476,0.681,349,5.292,76.315,0.48,0.958
167,2,0,34.0,294.476,0.686,347,5.347,75.662,0.476,0.955
168,4,0,34.095,294.476,0.687,347,5.187,78.513,0.477,0.957
169,5,0,34.286,294.857,0.689,350,5.162,78.879,0.479,0.961
170,5,0,34.286,295.095,0.686,355,5.057,79.876,0.486,0.964
171,2,0,34.095,295.095,0.687,353,5.119,79.312,0.484,0.961
172,3,0,34.381,296.095,0.692,350,5.115,79.404,0.482,0.963
173,8,0,35.238,299.857,0.708,350,5.179,80.311,0.481,0.971
174,3,0,35.714,299.857,0.71,349,5.142,80.812,0.481,0.975
175,5,0,35.238,299.857,0.707,353,5.089,81.171,0.486,0.973
176,2,0,35.333,299.857,0.711,349,5.26,79.63,0.478,0.971
177,5,0,34.571,301.905,0.72,345,5.485,78.618,0.474,0.961
178,6,0,34.667,303.667,0.729,344,5.432,79.216,0.473,0.962
179,6,0,34.762,303.667,0.731,345,5.394,80.377,0.471,0.962
180,2,0,35.048,303.667,0.734,339,5.496,79.451,0.466,0.962
181,5,0,35.524,303.667,0.735,337,5.475,79.575,0.463,0.966
182,7,0,35.81,304.81,0.736,340,5.241,82.78,0.467,0.971
183,2,0,36.143,304.143,0.736,337,5.319,82.811,0.46,0.971
184,10,0,36.333,304.143,0.733,345,5.127,84.576,0.466,0.974
185,8,0,35.857,304.143,0.73,351,4.977,85.297,0.471,0.972
186,2,0,36.048,304.143,0.733,349,4.996,85.462,0.464,0.971
187,7,0,36.619,306.143,0.741,352,4.77,87.453,0.469,0.977
188,5,0,36.238,304.857,0.738,352,4.874,85.429,0.466,0.974
189,3,0,36.143,304.571,0.734,349,4.911,85.544,0.465,0.972
190,8,0,36.333,305.381,0.739,353,4.794,86.747,0.472,0.976
191,1,0,36.143,305.381,0.739,354,4.788,86.524,0.473,0.975
192,6,0,36.238,306.429,0.741,356,4.638,89.012,0.479,0.978
193,6,0,36.048,306.429,0.735,361,4.531,90.071,0.489,0.98
194,7,0,35.762,306.905,0.735,365,4.485,89.333,0.495,0.98
195,8,0,36.905,306.905,0.733,364,4.267,93.286,0.5,0.986
196,5,0,36.714,308.19,0.737,363,4.217,94.864,0.501,0.986
197,2,0,37.0,312.095,0.756,362,4.168,95.813,0.502,0.987
198,7,0,36.476,312.095,0.762,362,4.218,92.641,0.5,0.985
199,4,0,36.429,312.095,0.761,364,4.164,93.878,0.503,0.985
200,2,0,36.143,312.095,0.761,366,4.067,94.273,0.509,0.985
201,2,0,36.048,312.095,0.76,365,4.033,94.719,0.511,0.985
202,5,0,36.048,312.333,0.763,366,4.086,94.214,0.508,0.984
203,4,0,36.238,313.095,0.769,369,4.032,95.211,0.511,0.986
204,5,0,36.429,313.095,0.767,370,3.942,96.501,0.514,0.987
205,6,0,36.143,313.81,0.769,374,3.909,96.955,0.518,0.987
206,5,0,35.857,314.143,0.772,371,4.124,94.63,0.51,0.984
207,4,0,36.048,314.143,0.773,372,4.016,96.877,0.514,0.986
208,4,0,36.048,318.762,0.779,374,4.029,96.673,0.516,0.986
209,3,0,36.238,318.762,0.778,376,3.974,97.564,0.518,0.987
210,12,0,36.286,321.238,0.784,383,3.92,97.571,0.523,0.988
211,6,0,36.476,321.238,0.789,383,3.997,95.833,0.518,0.988
212,3,0,36.762,321.238,0.792,380,4.167,94.94,0.506,0.987
213,5,0,37.143,321.429,0.791,384,4.086,95.621,0.509,0.989
214,1,0,37.0,321.429,0.793,378,4.201,94.524,0.502,0.987
215,1,0,36.81,321.238,0.789,369,4.44,91.261,0.491,0.984
216,2,0,37.095,321.238,0.791,367,4.514,90.39,0.487,0.985
217,5,0,36.905,321.857,0.789,363,4.943,85.808,0.474,0.981
218,4,0,36.905,321.857,0.789,362,4.955,85.443,0.473,0.98
219,7,0,36.905,321.857,0.791,362,4.941,85.738,0.473,0.98
220,4,0,37.095,321.857,0.79,364,4.895,86.48,0.475,0.982
221,6,0,36.905,324.238,0.782,367,4.78,88.089,0.483,0.983
222,5,0,36.905,324.238,0.785,370,4.722,89.144,0.488,0.984
223,3,0,36.952,320.524,0.778,362,4.892,87.061,0.478,0.982
224,5,0,36.952,323.571,0.78,355,4.905,86.503,0.473,0.981
225,7,0,36.762,330.286,0.781,358,4.859,87.885,0.479,0.981
226,10,0,36.571,330.286,0.779,364,4.699,87.671,0.485,0.982
227,5,0,36.19,330.286,0.776,368,4.562,87.652,0.491,0.981
228,5,0,36.19,330.286,0.778,368,4.408,88.517,0.498,0.983
229,4,0,36.286,333.667,0.781,370,4.257,89.913,0.506,0.985
230,4,0,36.381,333.286,0.781,367,4.26,91.819,0.506,0.986
231,2,0,36.619,333.286,0.78,364,4.279,92.704,0.505,0.986
232,3,0,36.762,333.286,0.778,361,4.344,92.657,0.499,0.986
233,6,0,36.762,332.81,0.782,362,4.406,90.64,0.497,0.985
234,2,0,36.571,332.905,0.781,362,4.434,90.176,0.498,0.985
235,1,0,36.571,332.905,0.782,359,4.433,89.403,0.496,0.984
236,1,0,36.762,334.619,0.791,355,4.496,88.467,0.492,0.984
237,5,0,36.571,336.81,0.79,354,4.421,89.972,0.496,0.984
238,3,0,36.952,337.143,0.79,351,4.411,90.922,0.494,0.986
239,3,0,37.238,337.143,0.792,350,4.325,92.05,0.496,0.987
240,4,0,37.429,337.143,0.792,353,4.295,92.39,0.497,0.988
241,6,0,37.429,337.143,0.792,356,4.237,92.82,0.499,0.988
242,8,0,37.81,337.143,0.795,358,4.071,96.543,0.5,0.99
243,4,0,38.095,337.143,0.794,358,4.088,96.249,0.498,0.99
244,8,0,37.429,337.143,0.787,360,4.082,96.45,0.501,0.989
245,3,0,37.524,337.143,0.787,356,4.224,94.335,0.492,0.987
246,6,0,37.429,337.286,0.786,356,4.184,93.247,0.495,0.988
247,10,0,36.905,337.286,0.781,366,4.041,94.047,0.508,0.988
248,7,0,36.81,337.571,0.781,371,3.999,95.433,0.511,0.988
249,7,0,36.905,337.714,0.778,374,3.916,96.462,0.512,0.989
250,6,0,36.905,337.714,0.778,376,3.912,98.471,0.512,0.988
251,5,0,37.667,341.381,0.777,376,3.7,100.719,0.517,0.992
252,5,0,38.143,341.381,0.781,375,3.751,102.153,0.511,0.992
253,4,0,38.381,341.381,0.779,374,3.649,102.505,0.514,0.993
254,3,0,38.238,341.381,0.779,375,3.586,102.725,0.519,0.993
255,7,0,38.19,341.381,0.781,381,3.493,103.479,0.528,0.994
256,6,0,37.81,341.381,0.777,377,3.685,99.541,0.517,0.992
257,3,0,38.286,341.381,0.778,375,3.62,101.541,0.516,0.993
258,3,0,38.0,341.381,0.772,374,3.694,101.187,0.514,0.992
259,2,0,37.905,341.381,0.77,373,3.693,101.465,0.515,0.992
260,3,0,37.714,341.381,0.772,371,3.798,101.001,0.51,0.991
261,7,0,37.619,341.381,0.771,373,3.791,102.239,0.512,0.991
262,3,0,37.524,341.381,0.766,373,3.839,101.314,0.508,0.99
263,8,0,37.905,343.714,0.762,376,3.663,102.938,0.517,0.992
264,3,0,37.905,343.905,0.761,379,3.623,103.134,0.52,0.992
265,2,0,38.095,346.238,0.761,375,3.67,102.699,0.516,0.992
266,5,0,38.524,346.238,0.774,375,3.512,105.863,0.525,0.994
267,5,0,38.476,346.238,0.783,376,3.468,106.3,0.528,0.994
268,7,0,39.048,346.238,0.786,376,3.382,108.418,0.532,0.996
269,4,0,39.19,344.524,0.786,372,3.392,108.147,0.529,0.995
270,3,0,38.81,344.143,0.791,369,3.452,106.78,0.527,0.995
271,5,0,38.476,344.143,0.784,368,3.395,107.12,0.532,0.995
272,3,0,38.619,344.143,0.786,365,3.411,106.584,0.53,0.995
273,9,0,39.286,344.143,0.79,365,3.493,108.475,0.527,0.996
274,5,0,39.381,344.143,0.787,367,3.39,109.899,0.533,0.996
275,4,0,39.714,341.81,0.787,364,3.416,109.715,0.529,0.996
276,3,0,40.095,341.81,0.792,363,3.436,110.22,0.525,0.996
277,7,0,39.238,341.81,0.792,367,3.563,108.796,0.524,0.995
278,6,0,39.524,341.81,0.802,369,3.554,109.189,0.524,0.996
279,6,0,39.619,343.714,0.801,374,3.308,112.137,0.535,0.996
280,5,0,39.857,343.714,0.802,375,3.329,111.698,0.532,0.997
281,5,0,40.0,346.429,0.799,372,3.436,109.645,0.53,0.997
282,6,0,39.905,346.429,0.796,376,3.309,110.765,0.539,0.997
283,0,0,39.81,346.429,0.799,368,3.421,110.264,0.531,0.996
284,2,0,40.095,346.429,0.802,363,3.513,109.581,0.525,0.996
285,5,0,39.524,346.429,0.809,358,3.797,103.585,0.509,0.995
286,7,0,39.524,346.429,0.808,360,3.708,105.519,0.51,0.995
287,7,0,39.667,346.429,0.805,364,3.612,106.838,0.517,0.995
288,4,0,39.286,346.429,0.804,364,3.719,104.848,0.514,0.995
289,6,0,38.429,346.81,0.813,362,3.829,99.843,0.515,0.993
290,8,0,38.81,346.81,0.816,363,3.757,100.356,0.519,0.994
291,3,0,38.476,346.81,0.816,360,3.756,100.132,0.518,0.994
292,6,0,38.143,346.81,0.816,361,3.852,99.297,0.517,0.993
293,3,0,38.0,346.429,0.814,361,3.942,99.031,0.517,0.992
294,0,0,38.19,346.143,0.816,356,3.998,98.3,0.512,0.992
295,5,0,38.19,346.143,0.814,356,4.015,97.788,0.509,0.992
296,4,0,37.905,346.143,0.813,359,3.965,97.904,0.512,0.992
297,8,0,38.0,346.143,0.808,361,3.925,99.39,0.513,0.992
298,4,0,38.238,346.143,0.81,360,4.015,99.234,0.505,0.992
299,4,0,38.714,346.143,0.814,356,3.899,101.011,0.509,0.993
300,8,0,38.095,346.143,0.814,359,3.911,101.344,0.511,0.992
301,5,0,38.762,346.143,0.814,356,3.904,101.564,0.508,0.993
302,6,0,39.048,346.143,0.812,360,3.748,105.771,0.516,0.994
303,3,0,38.857,346.143,0.807,360,3.786,104.406,0.515,0.994
304,4,0,38.857,343.571,0.806,361,3.782,102.723,0.513,0.994
305,6,0,38.571,344.048,0.804,365,3.784,101.99,0.518,0.994
306,3,0,38.571,344.048,0.804,368,3.755,102.606,0.522,0.994
307,4,0,38.667,345.19,0.798,369,3.706,103.252,0.525,0.994
308,2,0,39.238,345.19,0.802,362,3.807,101.455,0.512,0.994
309,5,0,39.333,345.19,0.799,365,3.755,101.791,0.514,0.995
310,2,0,39.286,345.19,0.796,363,3.882,100.008,0.507,0.994
311,6,0,39.476,345.19,0.796,368,3.752,102.471,0.513,0.995
312,3,0,39.476,345.19,0.792,369,3.663,104.81,0.52,0.995
313,7,0,39.476,345.19,0.787,371,3.603,105.089,0.526,0.996
314,6,0,39.19,345.19,0.783,375,3.61,104.421,0.526,0.995
315,7,0,39.381,345.524,0.779,376,3.55,107.393,0.532,0.996
316,6,0,39.0,345.524,0.775,379,3.516,106.22,0.537,0.996
317,4,0,38.81,345.524,0.775,379,3.589,104.177,0.534,0.995
318,6,0,38.524,344.857,0.785,380,3.531,103.627,0.535,0.995
319,3,0,38.81,344.857,0.786,380,3.6,103.751,0.53,0.995
320,2,0,39.095,344.857,0.789,378,3.674,101.394,0.526,0.995
321,2,0,39.381,345.048,0.801,374,3.683,102.729,0.523,0.995
322,8,0,39.0,345.048,0.801,378,3.687,102.054,0.524,0.995
323,6,0,39.381,345.048,0.801,380,3.51,104.254,0.532,0.996
324,3,0,39.286,345.048,0.803,377,3.658,102.208,0.526,0.996
325,4,0,39.857,345.048,0.8,376,3.643,104.092,0.524,0.996
326,9,0,39.762,345.048,0.799,385,3.442,107.618,0.537,0.997
327,5,0,39.81,346.19,0.798,388,3.429,108.023,0.54,0.997
328,4,0,40.095,346.0,0.793,388,3.381,109.42,0.541,0.997
329,5,0,39.81,346.0,0.792,389,3.342,109.296,0.545,0.997
330,6,0,39.714,346.0,0.787,391,3.32,111.905,0.55,0.997
331,4,0,39.333,346.048,0.786,393,3.316,111.843,0.553,0.997
332,4,0,40.0,346.048,0.785,390,3.351,113.748,0.547,0.997
333,3,0,40.524,346.048,0.785,388,3.315,114.747,0.547,0.998
334,6,0,40.429,346.048,0.781,392,3.209,116.069,0.555,0.998
335,12,0,40.524,346.048,0.776,397,3.148,118.511,0.557,0.998
336,5,0,40.905,346.048,0.777,399,3.122,119.508,0.557,0.998
337,6,0,40.952,346.048,0.782,403,3.026,120.817,0.563,0.998
338,11,0,40.857,345.81,0.787,403,3.151,119.395,0.555,0.998
339,4,0,40.667,345.81,0.794,400,3.263,116.065,0.55,0.998
340,4,0,41.048,345.81,0.791,397,3.212,117.28,0.546,0.998
341,6,0,40.762,345.81,0.809,396,3.186,116.225,0.544,0.998
342,7,0,40.286,345.81,0.81,397,3.184,114.443,0.544,0.997
343,2,0,40.19,345.81,0.808,394,3.319,112.037,0.54,0.997
344,6,0,40.429,345.81,0.806,395,3.237,115.436,0.543,0.998
345,7,0,40.714,345.81,0.81,400,3.034,120.217,0.552,0.998
346,6,0,40.524,345.81,0.81,403,3.012,118.752,0.556,0.998
347,5,0,40.81,345.81,0.81,405,3.008,118.931,0.556,0.998
348,7,0,40.429,345.857,0.81,404,3.061,118.051,0.55,0.998
349,7,0,39.952,343.714,0.814,405,3.122,117.682,0.553,0.998
350,5,0,39.476,344.048,0.812,405,3.233,115.155,0.551,0.997
351,3,0,39.381,344.048,0.817,404,3.234,114.396,0.553,0.997
352,4,0,39.476,344.048,0.814,403,3.293,113.127,0.549,0.997
353,2,0,39.048,344.048,0.811,400,3.42,110.217,0.544,0.996
354,3,0,39.143,344.048,0.812,396,3.471,108.257,0.539,0.996
355,6,0,39.333,343.571,0.806,399,3.417,108.344,0.539,0.996
356,6,0,39.238,343.571,0.81,397,3.555,105.367,0.533,0.996
357,7,0,39.714,343.571,0.805,398,3.396,106.93,0.542,0.997
358,6,0,39.571,343.571,0.808,394,3.648,103.81,0.528,0.996
359,10,0,39.333,344.0,0.806,396,3.549,104.806,0.535,0.996
360,4,0,39.905,344.0,0.811,392,3.602,104.135,0.528,0.996
361,2,0,39.81,344.0,0.811,390,3.615,104.656,0.524,0.996
362,9,0,39.619,344.0,0.81,397,3.49,106.068,0.532,0.996
363,5,0,39.381,344.0,0.809,398,3.388,105.125,0.535,0.996
364,2,0,39.571,344.0,0.809,397,3.328,106.064,0.537,0.996
365,6,0,39.762,344.81,0.807,402,3.229,107.659,0.548,0.997
366,6,0,40.048,344.81,0.816,402,3.284,107.934,0.546,0.997
367,9,0,39.952,344.81,0.815,404,3.179,108.673,0.55,0.997
368,11,0,40.238,344.81,0.814,409,3.04,113.422,0.559,0.998
369,5,1,40.048,340.762,0.82,411,3.044,111.346,0.56,0.998
370,4,0,40.238,340.762,0.825,410,3.087,111.202,0.556,0.998
371,4,1,40.048,340.762,0.826,411,3.107,111.028,0.557,0.998
372,4,0,39.952,339.238,0.814,411,3.102,110.904,0.562,0.998
373,8,0,40.333,342.81,0.82,417,2.932,113.617,0.572,0.998
374,8,1,40.095,342.81,0.817,422,2.998,112.183,0.573,0.998
375,4,0,40.714,339.905,0.817,417,3.02,112.98,0.568,0.998
376,6,0,40.714,341.095,0.813,419,2.962,114.72,0.57,0.998
377,6,0,40.905,341.095,0.812,422,2.932,114.736,0.571,0.999
378,6,0,40.381,341.095,0.813,426,2.891,114.405,0.576,0.998
379,3,0,40.476,341.095,0.815,426,2.932,113.359,0.575,0.998
380,5,0,40.571,341.095,0.817,426,2.944,113.885,0.574,0.998
381,6,0,40.381,340.048,0.815,428,2.933,113.656,0.577,0.998
382,9,1,40.952,340.048,0.816,427,2.971,113.5,0.57,0.999
383,5,0,40.857,340.048,0.809,428,2.929,114.318,0.573,0.999
384,7,0,40.667,340.619,0.808,430,2.937,114.115,0.573,0.999
385,5,1,41.286,341.095,0.813,427,2.902,114.979,0.575,0.999
386,3,0,41.095,341.095,0.815,426,2.856,116.362,0.575,0.999
387,3,0,40.905,341.095,0.813,425,2.883,114.852,0.573,0.999
388,3,0,40.905,339.381,0.808,424,2.886,114.957,0.569,0.999
389,8,1,40.143,339.381,0.802,430,2.803,113.275,0.579,0.998
390,6,0,40.524,339.667,0.809,428,2.884,112.597,0.572,0.998
391,8,0,40.857,339.952,0.806,431,2.797,113.138,0.577,0.999
392,3,0,41.048,339.952,0.803,428,2.828,112.977,0.574,0.999
393,6,0,40.81,339.952,0.804,431,2.861,112.619,0.576,0.999
394,2,0,40.905,339.952,0.807,425,2.9,112.471,0.572,0.999
395,3,0,41.143,341.048,0.813,421,2.986,112.139,0.564,0.999
396,3,0,41.286,341.048,0.814,420,2.984,112.229,0.563,0.999
397,11,0,40.857,344.667,0.814,425,2.901,111.666,0.569,0.998
398,2,0,40.952,344.667,0.821,419,3.001,109.444,0.563,0.998
399,5,0,41.238,344.667,0.826,416,2.99,110.301,0.563,0.999
400,5,0,41.333,344.667,0.825,415,3.07,109.249,0.559,0.999
401,4,0,41.048,344.667,0.823,416,3.06,108.821,0.561,0.998
402,9,0,40.619,344.667,0.821,420,3.086,107.592,0.568,0.998
403,3,0,41.095,344.667,0.817,417,3.034,108.158,0.568,0.999
404,3,0,41.0,344.667,0.816,413,3.035,108.483,0.565,0.998
405,2,0,41.286,344.667,0.818,412,3.045,109.09,0.561,0.999
406,6,0,40.333,345.857,0.811,411,3.141,105.766,0.56,0.998
407,2,0,40.571,346.238,0.813,411,3.083,107.477,0.564,0.998
408,9,0,41.048,346.238,0.824,416,2.991,109.142,0.565,0.998
409,5,0,41.524,346.524,0.826,415,2.997,110.648,0.56,0.999
410,6,0,41.905,346.524,0.828,413,2.942,111.521,0.558,0.999
411,5,1,42.476,346.524,0.829,410,2.997,111.673,0.551,0.999
412,6,0,42.19,346.524,0.832,409,3.011,109.118,0.554,0.999
413,6,0,42.095,346.524,0.824,412,3.008,109.643,0.553,0.999
414,4,0,41.619,346.857,0.82,411,3.06,108.079,0.551,0.998
415,3,0,41.619,346.857,0.811,410,3.131,107.282,0.547,0.998
416,7,1,42.19,346.952,0.826,413,3.042,109.06,0.553,0.999
417,3,0,42.238,346.952,0.826,411,2.979,111.67,0.554,0.999
418,4,0,42.143,346.952,0.824,408,2.972,110.973,0.556,0.999
419,0,0,42.143,346.952,0.825,403,2.999,110.09,0.554,0.999
420,6,1,42.238,346.952,0.824,407,2.971,111.167,0.556,0.999
421,5,0,42.667,345.619,0.823,408,2.928,111.735,0.56,0.999
422,6,0,42.762,345.619,0.823,412,2.853,112.693,0.566,0.999
423,5,1,43.048,345.619,0.824,410,2.834,113.443,0.565,0.999
424,2,1,42.571,345.619,0.825,406,2.961,111.13,0.56,0.999
425,4,0,42.476,345.619,0.825,405,2.928,111.368,0.561,0.999
426,7,0,42.429,346.0,0.829,410,2.86,112.839,0.566,0.999
427,8,0,42.524,346.0,0.827,410,2.789,113.269,0.568,0.999
428,3,0,42.714,346.333,0.829,405,2.828,113.416,0.558,0.999
429,3,0,42.714,346.333,0.828,403,2.912,112.639,0.556,0.999
430,3,0,42.905,346.333,0.828,405,2.82,113.568,0.562,0.999
431,3,0,43.19,346.333,0.83,403,2.85,112.939,0.558,0.999
432,3,0,43.0,346.333,0.83,402,2.873,112.877,0.559,0.999
433,0,0,42.81,345.714,0.83,398,3.005,110.338,0.55,0.999
434,9,0,41.571,345.381,0.826,404,2.924,109.48,0.56,0.999
435,6,0,41.571,345.381,0.823,406,2.948,109.224,0.56,0.999
436,5,0,41.857,345.381,0.822,405,2.963,109.382,0.557,0.999
437,7,0,42.524,345.381,0.821,405,2.887,111.919,0.561,0.999
438,10,2,42.905,345.381,0.821,411,2.751,113.897,0.57,0.999
439,3,0,42.81,345.381,0.813,408,2.815,113.061,0.564,0.999
440,3,0,43.19,345.381,0.813,403,2.83,112.407,0.559,0.999
441,6,1,43.095,345.381,0.806,404,2.814,114.481,0.56,0.999
442,2,0,43.333,345.381,0.811,400,2.797,114.885,0.557,0.999
443,4,1,43.524,345.381,0.812,398,2.809,115.125,0.552,0.999
444,5,0,43.667,345.381,0.815,397,2.889,115.4,0.543,0.999
445,2,0,44.143,345.381,0.817,391,2.945,116.214,0.534,0.999
446,2,0,44.0,345.381,0.817,389,2.957,115.358,0.534,0.999
447,5,0,43.81,345.381,0.813,386,3.053,112.975,0.528,0.999
448,4,0,43.81,345.381,0.812,389,3.031,113.091,0.532,0.999
449,6,0,43.524,345.381,0.809,392,2.958,114.161,0.542,0.999
450,6,0,43.619,345.381,0.812,395,2.861,116.885,0.549,0.999
451,7,0,43.524,345.381,0.817,400,2.664,120.26,0.563,0.999
452,4,0,44.0,345.381,0.816,401,2.577,122.073,0.567,0.999
453,7,0,43.429,346.143,0.81,402,2.586,120.865,0.57,0.999
454,4,1,43.524,346.143,0.816,402,2.559,120.953,0.569,0.999
455,13,1,43.524,346.143,0.821,409,2.441,124.415,0.578,0.999
456,3,0,43.429,346.143,0.824,410,2.456,124.399,0.577,0.999
457,2,0,43.429,346.143,0.825,409,2.494,124.162,0.574,0.999
458,4,0,43.143,346.143,0.825,410,2.504,123.029,0.576,0.999
459,4,1,43.0,346.143,0.82,408,2.583,121.076,0.576,0.999
460,6,0,43.095,346.143,0.821,408,2.612,121.486,0.574,0.999
461,5,0,42.333,346.143,0.811,404,2.712,119.441,0.568,0.999
462,8,0,41.952,346.143,0.81,407,2.707,118.86,0.569,0.999
463,8,1,42.619,346.143,0.81,409,2.543,122.267,0.579,0.999
464,3,0,42.905,346.143,0.812,406,2.546,122.753,0.577,0.999
465,7,1,42.429,346.143,0.812,409,2.512,122.774,0.581,0.999
466,7,1,42.952,346.143,0.824,409,2.345,130.786,0.587,0.999
467,5,0,43.286,346.143,0.822,410,2.325,132.334,0.586,0.999
468,6,0,42.952,346.143,0.823,410,2.346,130.742,0.59,0.999
469,3,0,42.857,346.143,0.824,411,2.371,129.562,0.59,0.999
470,0,0,43.143,346.143,0.825,409,2.394,130.299,0.587,0.999
471,7,3,43.714,346.143,0.837,404,2.352,134.765,0.587,1.0
472,7,0,43.619,346.143,0.837,409,2.298,135.751,0.592,1.0
473,8,1,43.571,346.143,0.834,414,2.241,135.796,0.597,1.0
474,4,0,43.476,346.143,0.832,416,2.21,136.26,0.6,1.0
475,1,0,43.381,348.095,0.832,413,2.256,134.728,0.6,1.0
476,4,1,43.667,344.19,0.829,410,2.248,136.537,0.599,1.0
477,4,0,43.333,344.19,0.826,410,2.274,136.402,0.598,1.0
478,5,3,43.429,344.19,0.831,406,2.34,136.744,0.592,1.0
479,2,0,43.429,344.19,0.833,405,2.364,136.65,0.59,0.999
480,5,1,43.238,344.19,0.832,407,2.401,134.668,0.591,0.999
481,3,0,43.048,344.333,0.833,405,2.446,133.08,0.587,0.999
482,6,0,43.524,344.333,0.834,410,2.299,137.784,0.598,1.0
483,4,1,43.524,344.333,0.835,405,2.363,135.101,0.593,1.0
484,6,1,43.429,344.333,0.835,403,2.353,135.769,0.591,1.0
485,8,2,43.476,345.476,0.836,401,2.366,135.323,0.588,0.999
486,7,1,43.381,345.476,0.834,406,2.366,135.387,0.591,0.999
487,4,1,42.81,345.476,0.831,408,2.351,133.533,0.595,0.999
488,9,1,42.619,345.476,0.825,413,2.323,133.905,0.599,0.999
489,5,1,42.476,345.476,0.816,412,2.318,133.245,0.602,0.999
490,4,0,42.381,344.667,0.819,413,2.309,133.975,0.597,0.999
491,4,1,42.19,344.667,0.818,409,2.388,130.908,0.59,0.999
492,3,0,41.905,344.667,0.817,410,2.44,130.699,0.587,0.999
493,2,0,42.0,344.667,0.821,406,2.521,129.351,0.581,0.999
494,8,3,41.905,344.286,0.821,407,2.466,129.136,0.585,0.999
495,3,0,41.905,344.286,0.823,408,2.461,128.55,0.587,0.999
496,1,0,42.19,344.286,0.826,403,2.591,126.938,0.574,0.999
497,6,0,42.0,344.286,0.825,404,2.582,126.333,0.573,0.999
498,3,0,41.524,344.286,0.821,401,2.663,125.108,0.569,0.999
499,4,0,41.714,343.905,0.817,396,2.72,125.016,0.564,0.999
500,6,0,41.857,343.905,0.824,398,2.659,127.488,0.57,0.999
501,4,0,41.952,343.905,0.823,397,2.635,127.54,0.573,0.999
502,4,0,41.286,343.905,0.822,397,2.666,123.807,0.574,0.999
503,3,1,41.286,343.905,0.826,391,2.82,121.331,0.563,0.999
504,1,0,41.571,343.905,0.825,389,2.816,121.459,0.561,0.999
505,4,0,42.524,343.81,0.832,387,2.776,123.529,0.56,0.999
506,2,0,42.81,343.81,0.83,385,2.858,123.921,0.554,0.999
507,4,0,43.048,342.429,0.835,378,2.965,122.381,0.545,0.999
508,5,0,42.857,342.429,0.83,380,2.976,122.48,0.546,0.999
509,7,0,43.286,342.905,0.832,383,2.918,123.813,0.548,0.999
510,7,0,43.143,342.905,0.824,385,2.894,123.295,0.55,0.999
511,4,0,43.524,342.905,0.822,386,2.835,124.996,0.553,0.999
512,5,0,43.524,340.381,0.822,386,2.85,124.26,0.55,0.999
513,7,0,43.476,344.714,0.825,389,2.757,125.152,0.558,0.999
514,8,0,42.619,344.714,0.826,389,2.915,124.431,0.552,0.999
515,4,0,42.333,344.714,0.815,386,3.023,120.215,0.547,0.999
516,4,0,42.81,344.714,0.822,387,2.949,121.999,0.553,0.999
517,3,0,43.0,344.714,0.828,386,2.889,122.333,0.555,0.999
518,6,0,42.81,345.476,0.824,387,2.881,123.605,0.555,0.999
519,5,0,42.857,341.381,0.824,384,2.912,122.435,0.55,0.999
520,4,0,42.667,342.857,0.823,384,2.912,122.502,0.551,0.999
521,5,0,42.333,342.857,0.814,381,2.976,120.873,0.547,0.999
522,6,1,42.905,342.857,0.815,380,3.039,120.919,0.541,0.999
523,3,0,42.619,343.048,0.819,378,3.05,119.149,0.539,0.999
524,9,0,42.333,343.048,0.82,385,2.948,119.943,0.549,0.999
525,5,0,42.095,343.333,0.822,388,2.93,120.661,0.553,0.999
526,4,1,42.429,343.333,0.829,387,3.0,118.934,0.55,0.999
527,4,0,42.714,343.333,0.833,386,3.082,117.562,0.543,0.999
528,5,0,43.333,341.857,0.833,387,2.941,120.3,0.547,0.999
529,9,0,42.857,342.0,0.833,390,2.914,118.947,0.551,0.999
530,6,0,42.381,342.0,0.831,391,2.986,116.094,0.549,0.999
531,5,0,42.762,343.19,0.83,390,3.056,116.324,0.55,0.999
532,4,0,42.905,343.19,0.832,391,3.02,117.256,0.553,0.999
533,6,0,43.143,343.19,0.83,389,2.884,119.077,0.555,0.999
534,5,0,42.571,343.19,0.819,388,2.93,117.067,0.556,0.999
535,3,0,42.857,343.19,0.817,385,2.918,117.613,0.552,0.999
536,7,0,42.143,343.19,0.811,386,3.018,115.633,0.549,0.999
537,5,0,42.429,343.048,0.818,388,2.926,116.196,0.555,0.999
538,3,0,42.619,342.857,0.823,386,2.941,116.032,0.548,0.999
539,6,0,42.714,343.524,0.822,388,2.947,116.326,0.552,0.999
540,2,0,43.143,343.524,0.827,384,2.948,117.171,0.547,0.999
541,7,0,42.952,343.524,0.822,387,2.769,120.126,0.559,0.999
542,5,0,43.333,343.524,0.823,387,2.753,121.069,0.559,0.999
543,5,0,43.619,343.524,0.824,389,2.694,122.903,0.562,0.999
544,13,1,43.905,343.524,0.825,396,2.555,125.364,0.574,0.999
545,12,1,44.143,343.524,0.828,402,2.356,130.97,0.587,1.0
546,7,1,43.476,343.524,0.83,400,2.4,131.046,0.585,0.999
547,6,0,43.095,343.524,0.828,400,2.503,128.739,0.581,0.999
548,5,1,43.524,343.524,0.831,398,2.498,129.523,0.582,0.999
549,3,0,44.19,343.524,0.837,397,2.473,131.184,0.583,1.0
550,3,0,44.238,342.333,0.831,395,2.494,132.134,0.577,1.0
551,1,0,43.952,342.333,0.831,389,2.599,129.926,0.569,0.999
552,2,0,43.952,342.333,0.831,391,2.594,129.926,0.57,0.999
553,3,0,43.952,341.143,0.833,387,2.591,130.642,0.568,0.999
554,6,0,44.429,342.238,0.835,388,2.477,132.768,0.574,1.0
555,5,0,43.857,342.238,0.832,384,2.611,128.964,0.568,0.999
556,13,0,43.429,343.286,0.828,392,2.594,129.598,0.576,0.999
557,7,0,43.143,343.286,0.827,397,2.509,130.857,0.582,0.999
558,3,0,42.762,343.286,0.827,395,2.584,127.893,0.575,0.999
559,2,0,43.429,343.286,0.831,391,2.648,127.857,0.565,0.999
560,6,0,43.333,342.095,0.821,393,2.582,129.394,0.568,0.999
561,7,0,43.571,342.714,0.822,394,2.579,129.038,0.566,0.999
562,4,0,43.524,342.714,0.819,391,2.637,126.798,0.562,0.999
563,3,0,43.143,342.714,0.82,391,2.639,127.231,0.562,0.999
564,6,0,43.143,342.714,0.821,390,2.689,124.044,0.563,0.999
565,3,0,42.286,342.714,0.82,388,2.746,123.412,0.562,0.999
566,4,0,41.524,342.714,0.808,385,2.815,121.339,0.558,0.999
567,2,0,41.143,342.714,0.81,381,2.925,120.235,0.552,0.998
568,4,0,41.333,342.714,0.812,385,2.81,122.421,0.561,0.999
569,4,0,40.476,342.714,0.813,384,2.883,120.525,0.558,0.998
570,3,0,40.19,342.714,0.808,385,2.918,120.067,0.557,0.998
571,4,0,40.476,342.714,0.809,385,2.892,121.713,0.558,0.998
572,8,0,40.762,342.714,0.814,390,2.7,126.207,0.57,0.998
573,8,0,40.952,342.714,0.812,394,2.649,126.404,0.571,0.999
574,2,0,41.238,342.714,0.82,391,2.664,126.881,0.568,0.999
575,11,0,41.143,342.714,0.817,400,2.564,128.271,0.58,0.999
576,3,0,41.429,342.714,0.817,401,2.51,128.958,0.582,0.999
577,7,1,42.0,342.714,0.814,399,2.481,129.578,0.58,0.999
578,4,0,42.476,342.714,0.813,399,2.475,130.638,0.581,0.999
579,6,0,42.286,342.714,0.811,401,2.43,131.763,0.585,0.999
580,10,0,42.095,343.0,0.81,406,2.384,130.749,0.589,0.999
581,5,1,42.0,343.0,0.815,405,2.38,131.117,0.59,0.999
582,4,1,41.714,343.0,0.816,399,2.56,128.155,0.58,0.999
583,5,0,42.286,344.571,0.827,393,2.591,128.149,0.571,0.999
584,4,0,42.095,344.571,0.825,393,2.578,126.544,0.57,0.999
585,13,0,42.381,345.571,0.829,405,2.344,131.972,0.587,0.999
586,1,0,43.048,345.571,0.83,398,2.516,129.469,0.572,0.999
587,7,0,42.857,345.571,0.829,399,2.46,131.222,0.579,0.999
588,5,0,42.857,345.571,0.825,401,2.385,134.138,0.583,0.999
589,6,0,43.0,345.571,0.821,402,2.484,134.184,0.581,0.999
590,1,0,43.19,345.571,0.821,399,2.559,133.014,0.576,0.999
591,5,1,42.524,345.571,0.821,398,2.659,131.666,0.572,0.999
592,3,0,42.333,349.286,0.819,397,2.655,130.34,0.573,0.999
593,2,0,42.19,349.286,0.82,395,2.7,129.923,0.573,0.999
594,4,0,42.857,349.286,0.819,394,2.716,131.652,0.571,0.999
595,8,0,42.762,349.286,0.815,397,2.682,131.49,0.576,0.999
596,6,0,42.381,349.286,0.813,400,2.618,132.678,0.581,0.999
597,7,0,42.476,349.667,0.809,404,2.526,133.344,0.587,0.999
598,5,0,42.286,349.667,0.806,401,2.588,130.25,0.582,0.999
599,5,0,42.381,349.667,0.806,403,2.546,130.896,0.585,0.999
600,3,1,42.238,347.19,0.806,399,2.577,129.267,0.581,0.999
601,4,0,42.143,347.19,0.817,400,2.601,127.836,0.578,0.999
602,7,0,42.238,346.429,0.818,401,2.59,127.184,0.579,0.999
603,1,0,42.048,346.429,0.816,399,2.638,125.504,0.578,0.999
604,5,1,41.952,346.429,0.815,398,2.729,124.141,0.573,0.999
605,5,0,42.524,346.81,0.818,394,2.807,124.053,0.565,0.999
606,0,0,42.619,346.81,0.819,389,2.837,124.425,0.56,0.999
607,4,0,43.095,346.81,0.818,387,2.874,123.635,0.555,0.999
608,7,0,43.857,347.19,0.822,387,2.847,124.917,0.552,0.999
609,3,0,43.667,346.905,0.829,384,2.89,123.542,0.549,0.999
610,4,0,43.19,346.571,0.831,381,2.93,121.994,0.545,0.999
611,6,0,43.095,346.571,0.837,385,2.908,122.266,0.549,0.999
612,3,0,43.0,346.571,0.835,379,3.039,121.066,0.541,0.999
613,6,0,42.905,346.571,0.829,381,2.969,121.031,0.547,0.999
614,2,0,42.714,346.571,0.83,380,3.062,120.02,0.543,0.999
615,9,0,42.524,346.571,0.823,381,3.13,118.687,0.541,0.999
616,5,0,42.857,346.571,0.824,380,3.136,118.644,0.538,0.999
617,2,0,42.524,346.571,0.824,378,3.263,116.244,0.532,0.998
618,5,0,42.238,346.571,0.828,379,3.211,116.234,0.538,0.998
619,8,0,42.238,346.667,0.83,381,3.202,115.199,0.539,0.998
620,8,0,41.714,347.524,0.824,380,3.258,114.761,0.54,0.998
621,5,0,42.0,347.524,0.824,378,3.353,113.796,0.532,0.998
622,10,0,41.905,347.524,0.822,383,3.253,115.49,0.538,0.998
623,8,0,41.476,347.524,0.822,389,3.159,115.126,0.548,0.998
624,3,0,41.286,347.524,0.824,389,3.153,114.939,0.547,0.998
625,6,0,41.095,347.524,0.827,392,3.103,114.299,0.55,0.998
626,0,0,41.714,347.524,0.83,386,3.168,115.276,0.542,0.998
627,2,0,42.095,347.524,0.829,379,3.285,114.709,0.531,0.998
628,4,0,42.429,347.524,0.83,380,3.273,115.302,0.531,0.998
629,3,0,42.429,347.524,0.829,383,3.228,115.555,0.534,0.998
630,4,0,42.524,347.524,0.825,383,3.226,116.439,0.533,0.998
631,8,0,42.429,347.524,0.823,385,3.256,115.039,0.534,0.998
632,2,0,42.048,347.524,0.816,383,3.314,113.934,0.533,0.998
633,8,0,41.762,347.524,0.814,382,3.325,112.929,0.532,0.998
634,5,0,41.286,346.381,0.808,384,3.348,110.982,0.534,0.998
635,5,0,41.19,345.905,0.804,386,3.354,111.539,0.537,0.998
636,5,0,40.952,345.905,0.802,390,3.266,112.061,0.542,0.998
637,6,0,41.238,345.905,0.818,391,3.244,111.966,0.546,0.998
638,7,2,41.143,345.905,0.821,392,3.184,112.91,0.549,0.998
639,3,0,41.048,345.905,0.822,390,3.247,111.018,0.545,0.998
640,8,0,41.048,345.905,0.826,393,3.147,112.079,0.553,0.998
641,3,0,40.905,344.476,0.826,393,3.196,111.36,0.55,0.998
642,3,0,41.0,345.048,0.826,395,3.136,111.739,0.554,0.998
643,5,0,41.0,345.048,0.826,397,3.138,112.121,0.555,0.998
644,8,0,41.095,345.048,0.826,400,3.097,112.354,0.554,0.998
645,6,0,41.381,345.667,0.818,402,3.045,113.206,0.556,0.998
646,5,0,41.286,345.571,0.822,403,3.11,112.109,0.553,0.998
647,4,0,41.762,345.571,0.819,403,3.116,112.79,0.552,0.999
648,5,0,42.571,345.571,0.82,403,3.099,114.054,0.55,0.999
649,4,0,42.667,345.571,0.821,405,3.07,114.7,0.553,0.999
650,3,0,43.429,345.571,0.824,402,3.075,115.816,0.548,0.999
651,0,0,43.429,345.571,0.821,397,3.187,114.601,0.539,0.999
652,4,0,43.524,345.571,0.822,397,3.222,112.921,0.538,0.999
653,2,0,43.381,345.571,0.822,396,3.251,112.459,0.536,0.999
654,8,0,42.81,345.571,0.819,401,3.166,113.006,0.544,0.999
655,4,1,42.524,345.571,0.816,401,3.214,111.986,0.544,0.999
656,5,0,42.81,344.571,0.82,398,3.347,110.591,0.535,0.999
657,7,0,42.714,344.952,0.819,403,3.3,110.299,0.542,0.999
658,6,0,42.667,346.286,0.814,403,3.239,111.468,0.545,0.999
659,2,0,42.81,346.286,0.814,403,3.227,111.728,0.545,0.999
660,4,0,42.905,346.286,0.814,401,3.23,112.255,0.547,0.999
661,3,0,42.619,346.286,0.816,401,3.284,110.59,0.542,0.999
662,5,0,42.048,345.048,0.813,396,3.399,108.184,0.539,0.998
663,6,0,41.762,345.048,0.813,397,3.461,107.975,0.539,0.998
664,5,0,41.476,345.048,0.813,396,3.528,105.529,0.535,0.998
665,3,0,41.381,345.048,0.813,394,3.527,105.544,0.533,0.998
666,4,0,41.095,345.048,0.806,395,3.544,104.356,0.537,0.998
667,9,0,41.0,345.048,0.807,401,3.4,105.381,0.544,0.998
668,3,0,41.095,345.048,0.808,401,3.391,106.104,0.545,0.998
669,5,0,41.381,345.048,0.807,399,3.477,105.847,0.536,0.998
670,3,0,41.524,346.905,0.811,396,3.539,104.228,0.53,0.998
671,7,0,41.143,346.905,0.812,398,3.564,104.048,0.529,0.998
672,5,0,41.381,346.905,0.81,399,3.446,106.418,0.534,0.998
673,1,0,41.571,346.905,0.814,396,3.637,103.362,0.526,0.998
674,5,0,41.286,346.905,0.821,394,3.592,102.845,0.527,0.998
675,6,0,41.143,346.905,0.818,388,3.597,103.481,0.519,0.997
676,7,0,41.333,346.905,0.817,391,3.561,104.141,0.523,0.997
677,4,0,41.143,346.905,0.816,391,3.557,103.193,0.524,0.997
678,2,0,41.048,346.714,0.816,387,3.584,102.095,0.522,0.997
679,7,0,41.048,346.714,0.819,389,3.47,105.394,0.528,0.997
680,2,0,41.143,346.714,0.822,388,3.475,106.247,0.528,0.998
681,4,0,41.333,346.714,0.817,387,3.592,104.029,0.52,0.997
682,5,0,42.0,346.714,0.819,386,3.55,105.08,0.52,0.998
683,4,0,42.0,346.714,0.817,388,3.491,106.846,0.526,0.998
684,7,0,42.381,346.714,0.815,388,3.466,108.158,0.526,0.998
685,4,0,42.762,346.714,0.815,388,3.466,109.699,0.527,0.998
686,6,0,42.857,346.714,0.813,389,3.393,109.814,0.528,0.999
687,2,0,42.857,346.714,0.809,386,3.546,106.601,0.519,0.998
688,4,0,42.476,346.667,0.806,384,3.606,104.818,0.519,0.998
689,0,0,42.476,346.667,0.803,380,3.658,104.27,0.515,0.998
690,7,0,41.905,346.667,0.793,384,3.779,102.612,0.512,0.998
691,4,0,42.19,346.667,0.795,382,3.833,101.837,0.507,0.998
692,1,0,42.0,346.048,0.79,379,3.897,100.655,0.502,0.997
693,4,0,41.524,345.619,0.791,375,3.902,99.687,0.501,0.997
694,5,0,41.524,345.619,0.788,375,3.879,99.688,0.502,0.997
695,8,0,41.0,342.571,0.783,377,3.789,100.055,0.512,0.997
696,5,0,41.0,342.571,0.781,378,3.835,99.053,0.51,0.997
697,4,0,40.905,342.571,0.782,376,3.957,98.822,0.505,0.996
698,3,0,41.381,342.571,0.783,373,3.976,98.99,0.502,0.997
699,7,0,41.381,340.524,0.793,372,4.05,98.016,0.501,0.997
700,4,0,40.905,340.524,0.793,371,4.151,96.192,0.495,0.996
701,3,0,40.524,340.0,0.795,371,4.201,95.882,0.491,0.995
702,1,0,40.333,340.0,0.795,370,4.218,95.528,0.49,0.995
703,3,0,40.143,340.952,0.802,367,4.236,95.402,0.492,0.994
704,5,0,39.571,341.0,0.796,368,4.22,95.586,0.497,0.994
705,4,0,39.571,341.0,0.794,369,4.178,97.323,0.502,0.994
706,3,0,39.905,341.0,0.795,364,4.277,95.509,0.494,0.994
707,3,0,40.476,341.0,0.797,361,4.349,94.578,0.487,0.995
708,6,0,40.476,340.381,0.797,360,4.371,93.326,0.481,0.994
709,4,0,40.429,340.381,0.796,358,4.44,92.736,0.478,0.994
710,7,0,40.619,340.095,0.795,360,4.374,94.921,0.483,0.994
711,10,0,41.238,345.095,0.798,367,4.2,96.481,0.492,0.996
712,8,0,40.952,345.095,0.795,371,4.017,98.943,0.503,0.996
713,4,0,40.952,345.238,0.797,370,4.075,99.143,0.5,0.996
714,4,0,40.952,345.238,0.797,372,4.001,99.98,0.507,0.996
715,4,0,40.952,345.524,0.795,373,3.966,100.367,0.509,0.997
716,7,0,41.143,345.762,0.801,371,3.927,101.553,0.51,0.997
717,4,0,41.238,345.762,0.804,372,3.798,103.427,0.515,0.997
718,8,0,41.381,345.762,0.814,375,3.66,106.148,0.526,0.998
719,2,0,41.667,345.762,0.815,373,3.674,105.658,0.523,0.998
720,7,1,41.476,345.762,0.814,374,3.67,105.445,0.522,0.998
721,3,0,41.667,345.762,0.815,371,3.696,104.872,0.519,0.998
722,6,0,42.143,345.762,0.814,373,3.577,108.293,0.521,0.998
723,6,0,42.048,345.762,0.805,374,3.702,105.571,0.518,0.998
724,4,0,41.571,343.286,0.807,374,3.556,107.164,0.527,0.998
725,4,0,41.571,343.286,0.815,375,3.33,109.803,0.535,0.998
726,5,0,41.571,343.286,0.815,376,3.271,110.039,0.536,0.998
727,8,0,41.762,343.286,0.817,377,3.143,113.487,0.544,0.998
728,7,0,41.19,343.286,0.814,379,3.134,112.247,0.547,0.998
729,6,0,41.905,343.714,0.82,375,2.992,116.631,0.546,0.998
730,8,0,41.429,343.714,0.819,377,2.976,115.601,0.551,0.998
731,5,0,41.19,343.714,0.818,372,3.111,113.45,0.542,0.998
732,8,0,40.952,345.19,0.815,380,2.973,113.682,0.555,0.998
733,7,0,41.048,345.19,0.817,382,2.934,112.138,0.558,0.998
734,10,0,41.571,345.19,0.816,387,2.88,115.571,0.558,0.999
735,9,0,41.19,346.571,0.815,390,2.837,115.353,0.561,0.998
736,5,0,41.286,343.095,0.817,390,2.864,115.213,0.559,0.998
737,5,0,41.381,344.238,0.818,391,2.806,117.133,0.566,0.999
738,5,0,41.095,344.238,0.811,395,2.766,116.571,0.571,0.999
739,6,0,41.667,344.238,0.817,393,2.755,116.64,0.568,0.999
740,7,0,41.714,344.238,0.817,394,2.758,117.737,0.57,0.999
741,6,0,41.429,344.238,0.816,397,2.737,117.471,0.575,0.999
742,8,0,42.0,344.238,0.816,400,2.638,118.369,0.579,0.999
743,11,0,42.381,347.0,0.819,405,2.604,120.079,0.581,0.999
744,1,0,42.667,347.0,0.821,402,2.586,120.834,0.58,0.999
745,6,0,42.667,347.0,0.818,404,2.564,122.003,0.584,0.999
746,8,1,42.381,347.0,0.809,403,2.708,119.377,0.581,0.999
747,2,0,42.476,347.0,0.802,397,2.816,117.914,0.576,0.999
748,5,0,42.571,346.714,0.805,397,2.843,117.126,0.57,0.999
749,8,1,42.667,346.381,0.804,397,2.754,118.321,0.57,0.999
750,4,0,42.0,346.381,0.803,396,2.798,116.941,0.568,0.999
751,8,0,41.238,346.381,0.811,401,2.72,117.479,0.576,0.999
752,5,0,41.143,346.381,0.814,404,2.666,118.155,0.58,0.999
753,2,0,41.238,346.381,0.814,399,2.862,114.717,0.567,0.999
754,7,0,41.429,346.762,0.812,403,2.756,117.288,0.575,0.999
755,7,0,41.714,346.762,0.82,400,2.762,116.621,0.571,0.999
756,6,1,41.381,346.762,0.822,399,2.877,113.613,0.562,0.999
757,8,0,41.19,346.762,0.818,402,2.739,114.224,0.573,0.999
758,4,0,41.952,346.762,0.819,401,2.643,116.711,0.572,0.999
759,3,0,42.143,346.381,0.821,401,2.708,116.742,0.567,0.999
760,5,0,42.19,346.381,0.823,405,2.619,118.802,0.573,0.999
761,6,0,42.19,346.381,0.82,405,2.64,118.553,0.574,0.999
762,3,0,42.048,346.381,0.818,402,2.683,117.679,0.569,0.999
763,7,0,42.524,348.19,0.819,401,2.645,118.741,0.569,0.999
764,5,0,42.429,348.19,0.818,402,2.715,116.872,0.563,0.999
765,6,0,42.667,348.19,0.821,402,2.643,118.89,0.565,0.999
766,8,0,42.476,348.19,0.827,405,2.584,120.336,0.57,0.999
767,3,0,42.667,348.19,0.826,405,2.546,122.274,0.57,0.999
768,4,0,42.381,348.19,0.826,404,2.595,121.774,0.57,0.999
769,4,0,41.905,345.905,0.823,403,2.58,121.905,0.572,0.999
770,2,0,42.0,346.762,0.828,401,2.613,120.054,0.572,0.999
771,5,0,42.667,348.0,0.831,399,2.629,121.014,0.566,0.999
772,6,1,42.476,348.0,0.832,400,2.692,119.558,0.563,0.999
773,5,0,42.286,348.0,0.832,400,2.683,119.181,0.564,0.999
774,6,0,41.952,348.762,0.83,400,2.731,117.846,0.563,0.999
775,4,0,42.048,348.762,0.831,396,2.826,116.041,0.554,0.999
776,5,0,41.571,348.762,0.829,398,2.862,114.78,0.557,0.999
777,4,0,42.143,348.905,0.83,397,2.791,117.137,0.558,0.999
778,4,0,42.238,348.762,0.834,397,2.742,118.476,0.559,0.999
779,7,0,42.0,348.905,0.836,397,2.815,116.105,0.555,0.999
780,4,0,42.381,348.905,0.835,396,2.817,116.12,0.555,0.999
781,6,0,42.762,348.905,0.837,397,2.793,117.71,0.555,0.999
782,2,0,42.762,348.905,0.84,399,2.765,118.364,0.558,0.999
783,5,0,42.762,348.905,0.842,403,2.693,119.168,0.565,0.999
784,4,0,42.952,348.905,0.842,401,2.768,116.996,0.559,0.999
785,3,2,43.143,348.905,0.843,397,2.854,116.84,0.553,0.999
786,7,0,43.048,348.905,0.837,399,2.796,117.725,0.557,0.999
787,6,1,42.857,348.762,0.839,399,2.793,116.768,0.56,0.999
788,4,0,42.429,347.19,0.83,399,2.824,115.924,0.556,0.999
789,6,0,42.143,347.19,0.834,402,2.808,116.826,0.56,0.999
790,5,0,42.19,347.429,0.831,400,2.813,117.384,0.56,0.999
791,4,0,42.333,347.429,0.829,398,2.866,115.659,0.559,0.999
792,6,1,42.333,347.429,0.832,394,2.98,115.878,0.55,0.999
793,2,0,42.333,347.429,0.831,391,2.994,114.924,0.549,0.999
794,7,0,42.381,347.429,0.83,391,2.912,116.06,0.551,0.999
795,7,1,42.381,347.429,0.827,395,2.857,117.115,0.556,0.999
796,4,0,42.048,347.429,0.825,397,2.749,117.383,0.565,0.999
797,1,0,42.524,347.429,0.823,392,2.816,117.53,0.557,0.999
798,9,0,42.81,347.429,0.829,395,2.661,119.423,0.564,0.999
799,3,0,42.81,347.429,0.826,392,2.689,118.709,0.56,0.999
800,6,1,42.238,347.429,0.829,395,2.723,117.666,0.56,0.999
801,6,0,42.048,347.429,0.828,394,2.821,116.208,0.559,0.999
802,1,0,41.952,347.429,0.829,393,2.921,113.126,0.555,0.999
803,8,0,42.667,347.429,0.825,395,2.821,115.562,0.562,0.999
804,4,1,43.143,347.429,0.824,391,2.785,116.781,0.56,0.999
805,3,0,43.238,348.095,0.823,389,2.744,118.463,0.56,0.999
806,6,0,43.048,348.095,0.823,390,2.688,119.344,0.562,0.999
807,4,0,42.429,348.571,0.825,384,2.803,117.076,0.56,0.999
808,6,0,42.619,348.571,0.82,384,2.827,116.985,0.558,0.999
809,2,0,42.048,348.571,0.822,380,2.976,114.658,0.551,0.999
810,5,0,41.762,348.571,0.819,382,2.905,114.406,0.559,0.999
811,4,0,41.952,345.714,0.813,382,2.852,115.137,0.562,0.999
812,8,0,42.048,345.714,0.817,385,2.871,116.09,0.563,0.999
813,1,0,42.048,345.714,0.818,380,2.952,114.732,0.558,0.999
814,6,0,41.857,345.952,0.806,383,2.903,114.147,0.566,0.999
815,9,1,41.762,345.952,0.806,388,2.764,116.207,0.576,0.999
816,0,0,41.762,345.952,0.799,381,2.922,113.099,0.564,0.999
817,5,0,41.0,346.476,0.8,382,3.001,110.507,0.561,0.998
818,4,0,40.81,346.476,0.8,382,3.094,108.33,0.554,0.998
819,5,0,40.524,346.476,0.8,382,3.137,108.598,0.553,0.998
820,7,0,40.524,346.476,0.797,385,3.095,110.318,0.555,0.998
821,7,0,40.667,346.476,0.797,391,3.04,110.719,0.56,0.998
822,4,0,40.762,346.476,0.798,385,3.098,111.611,0.554,0.998
823,6,0,40.762,347.429,0.795,387,3.027,111.781,0.557,0.998
824,6,0,40.857,347.429,0.797,385,3.098,110.992,0.553,0.998
825,6,0,41.333,347.286,0.794,383,3.082,112.569,0.552,0.998
826,2,0,41.238,347.286,0.795,377,3.184,110.582,0.545,0.998
827,6,1,41.429,346.952,0.803,379,3.135,111.263,0.55,0.998
828,4,0,41.429,346.952,0.804,381,3.13,111.186,0.55,0.998
829,5,0,41.048,347.048,0.801,384,3.09,111.6,0.557,0.998
830,3,0,41.095,347.048,0.804,379,3.175,111.92,0.547,0.998
831,8,0,40.81,347.048,0.808,379,3.303,108.522,0.548,0.998
832,4,0,40.762,347.048,0.8,379,3.378,108.383,0.543,0.998
833,4,0,40.952,347.429,0.805,378,3.391,108.083,0.538,0.998
834,5,0,40.476,347.429,0.804,380,3.368,108.244,0.541,0.997
835,7,0,40.429,346.286,0.8,383,3.266,108.219,0.546,0.998
836,3,0,40.714,347.0,0.807,384,3.232,108.832,0.55,0.998
837,2,0,40.333,347.0,0.809,381,3.273,107.313,0.549,0.998
838,2,0,40.714,347.0,0.808,378,3.329,107.989,0.545,0.998
839,10,0,41.286,347.0,0.805,386,3.091,110.742,0.558,0.998
840,6,0,40.81,347.0,0.803,386,3.192,108.728,0.553,0.998
841,5,0,40.333,347.0,0.799,389,3.136,108.857,0.56,0.998
842,7,0,40.333,347.0,0.798,392,3.048,111.56,0.564,0.998
843,5,0,40.524,347.0,0.798,393,2.982,111.692,0.566,0.998
844,1,0,40.333,347.0,0.795,389,3.047,110.646,0.562,0.998
845,4,1,40.429,347.0,0.794,391,3.0,112.947,0.566,0.998
846,3,0,40.429,347.0,0.795,389,3.024,111.979,0.564,0.998
847,5,0,40.048,347.0,0.795,391,3.035,110.816,0.566,0.998
848,5,0,40.0,347.0,0.797,392,3.041,111.298,0.569,0.998
849,6,0,40.095,346.857,0.799,395,3.037,111.911,0.57,0.998
850,5,0,39.857,348.0,0.799,396,3.088,111.527,0.571,0.998
851,5,0,39.476,348.0,0.798,401,3.039,111.004,0.575,0.998
852,6,0,39.571,348.0,0.799,402,2.994,112.545,0.575,0.998
853,4,1,39.714,348.476,0.798,402,2.966,112.517,0.576,0.998
854,7,0,40.714,348.476,0.805,401,2.994,113.926,0.575,0.999
855,4,1,40.762,348.476,0.807,400,3.008,112.191,0.573,0.999
856,6,0,40.095,348.476,0.808,400,3.067,107.184,0.578,0.998
857,6,0,39.619,346.286,0.807,403,3.076,107.129,0.584,0.998
858,6,0,39.905,346.286,0.809,405,3.067,107.863,0.583,0.998
859,6,0,40.095,347.571,0.8,407,2.982,109.226,0.591,0.999
860,3,0,40.476,347.571,0.804,399,3.15,109.839,0.576,0.998
861,5,0,40.095,347.571,0.801,401,3.104,109.6,0.581,0.998
862,3,0,39.81,347.571,0.796,397,3.173,108.694,0.575,0.998
863,9,0,39.619,347.762,0.79,403,3.071,109.303,0.585,0.998
864,7,0,39.524,347.762,0.798,405,2.974,110.817,0.591,0.998
865,4,1,39.714,347.762,0.803,400,3.037,110.311,0.584,0.998
866,8,0,39.714,347.333,0.804,400,3.269,106.933,0.577,0.998
867,8,0,39.905,347.667,0.783,395,3.387,106.023,0.577,0.998
868,2,0,39.81,347.667,0.785,392,3.409,105.318,0.573,0.998
869,4,0,39.81,347.667,0.79,391,3.446,104.473,0.571,0.998
870,4,0,39.429,347.667,0.79,391,3.494,102.683,0.57,0.998
871,5,0,40.095,347.667,0.791,390,3.465,104.757,0.57,0.998
872,5,0,40.095,347.667,0.793,389,3.551,104.268,0.569,0.998
873,4,0,39.905,345.429,0.79,388,3.68,103.472,0.566,0.998
874,2,0,40.048,345.429,0.796,386,3.598,105.421,0.568,0.998
875,3,0,40.286,345.429,0.797,384,3.621,105.288,0.563,0.998
876,2,0,40.095,345.429,0.792,384,3.613,104.811,0.563,0.998
877,3,0,39.524,345.429,0.789,380,3.564,103.451,0.561,0.997
878,4,0,39.81,345.429,0.781,375,3.53,103.76,0.551,0.997
879,7,0,39.048,344.905,0.788,375,3.617,102.21,0.548,0.997
880,6,0,39.238,345.381,0.791,377,3.589,103.091,0.549,0.997
881,9,0,39.333,345.381,0.79,384,3.379,105.849,0.559,0.997
882,6,0,39.143,345.381,0.785,386,3.36,108.195,0.561,0.997
883,13,0,38.857,345.381,0.786,392,3.372,107.107,0.566,0.997
884,1,0,39.524,345.381,0.791,385,3.368,108.079,0.558,0.997
885,5,0,39.714,345.0,0.792,383,3.394,108.064,0.556,0.997
886,2,0,39.619,345.0,0.792,383,3.373,108.336,0.558,0.997
887,7,0,39.476,343.667,0.795,383,3.356,107.971,0.562,0.997
888,4,0,40.857,343.667,0.8,378,3.405,110.567,0.554,0.998
889,1,0,40.429,338.429,0.792,369,3.654,105.719,0.534,0.997
890,4,0,39.857,338.429,0.791,368,3.67,104.292,0.535,0.997
891,2,0,40.048,338.429,0.79,367,3.629,105.157,0.536,0.997
892,1,0,40.143,338.429,0.789,366,3.632,105.143,0.536,0.997
893,4,0,40.238,338.429,0.785,364,3.848,104.549,0.526,0.997
894,6,0,40.429,339.0,0.785,363,3.846,104.254,0.523,0.997
895,3,0,40.333,339.0,0.783,363,3.795,105.451,0.527,0.997
896,9,0,40.81,345.19,0.783,368,3.513,109.81,0.54,0.998
897,2,0,40.905,345.19,0.785,366,3.589,108.091,0.536,0.998
898,7,0,40.905,345.19,0.782,372,3.465,109.779,0.545,0.998
899,9,0,41.429,345.571,0.783,371,3.297,111.507,0.555,0.998
900,5,0,41.429,345.571,0.783,372,3.357,112.086,0.55,0.998
901,8,0,40.762,345.571,0.779,377,3.343,109.408,0.553,0.998
902,5,0,40.19,345.571,0.783,378,3.346,108.804,0.555,0.998
903,7,0,40.286,345.571,0.783,378,3.38,108.481,0.551,0.998
904,2,0,40.286,345.571,0.784,378,3.391,108.383,0.55,0.998
905,3,0,39.81,345.571,0.783,374,3.523,105.252,0.546,0.997
906,7,0,38.857,345.905,0.785,373,3.721,101.228,0.54,0.996
907,12,0,38.714,347.048,0.791,382,3.572,101.49,0.546,0.996
908,5,0,38.952,347.048,0.79,382,3.53,102.91,0.549,0.996
909,5,0,38.476,347.048,0.789,383,3.558,101.325,0.549,0.996
910,6,0,38.667,347.048,0.787,386,3.488,103.243,0.558,0.997
911,4,0,39.048,347.048,0.787,386,3.449,104.184,0.559,0.997
912,5,0,39.571,347.048,0.791,385,3.4,105.676,0.56,0.997
913,4,0,39.762,347.048,0.792,385,3.458,103.539,0.558,0.998
914,4,0,39.762,347.048,0.797,385,3.533,103.381,0.554,0.997
915,6,0,39.714,348.048,0.803,385,3.444,103.1,0.56,0.998
916,5,0,39.667,346.905,0.808,384,3.409,103.697,0.561,0.998
917,2,0,39.333,347.667,0.8,382,3.614,99.813,0.559,0.997
918,8,0,38.952,345.952,0.798,384,3.794,96.701,0.554,0.997
919,4,0,39.095,344.857,0.795,382,3.947,95.844,0.548,0.997
920,7,0,39.0,344.857,0.789,384,3.905,95.376,0.547,0.996
921,2,0,39.238,344.857,0.791,383,3.921,95.868,0.543,0.996
922,4,0,38.619,345.238,0.79,381,4.032,93.967,0.536,0.995
923,3,0,38.524,345.238,0.793,380,4.133,94.006,0.535,0.995
924,2,0,39.0,345.238,0.793,378,4.065,96.066,0.535,0.996
925,6,0,39.524,345.238,0.795,378,3.928,99.232,0.539,0.997
926,10,0,40.143,345.238,0.796,382,3.865,101.082,0.54,0.997
927,5,0,39.762,345.238,0.795,382,3.932,99.025,0.542,0.997
928,5,0,39.286,345.238,0.797,383,4.174,96.852,0.542,0.996
929,3,0,40.048,345.238,0.802,378,4.151,98.237,0.537,0.997
930,3,0,39.952,345.238,0.799,375,4.235,97.276,0.531,0.997
931,3,0,40.048,345.238,0.8,373,4.391,96.953,0.525,0.996
932,6,0,39.714,345.238,0.802,371,4.464,97.583,0.526,0.996
933,7,0,40.571,345.238,0.806,372,4.296,100.924,0.53,0.997
934,5,0,40.571,345.238,0.804,371,4.404,101.981,0.532,0.997
935,6,0,40.143,343.286,0.803,372,4.415,101.829,0.535,0.997
936,3,0,40.429,343.667,0.805,371,4.438,101.097,0.529,0.997
937,5,0,40.238,343.857,0.804,374,4.287,104.931,0.537,0.997
938,5,0,40.81,343.857,0.804,374,4.223,105.228,0.536,0.998
939,7,1,40.81,343.429,0.804,374,4.158,105.234,0.538,0.998
940,10,0,40.238,345.619,0.797,379,3.886,106.694,0.552,0.998
941,3,0,40.381,345.381,0.798,375,3.863,107.361,0.55,0.998
942,6,0,40.286,345.381,0.79,378,3.782,107.394,0.553,0.998
943,5,0,40.286,345.381,0.792,381,3.794,107.917,0.555,0.998
944,4,0,40.952,344.524,0.797,378,3.83,109.118,0.546,0.998
945,3,0,41.048,345.286,0.792,377,3.912,108.942,0.544,0.998
946,3,0,41.333,345.286,0.798,371,3.871,107.476,0.532,0.998
947,5,0,41.524,345.286,0.799,373,3.851,109.632,0.539,0.998
948,5,0,42.048,345.286,0.798,373,3.722,110.407,0.54,0.998
949,1,0,42.048,345.286,0.801,369,3.756,110.131,0.535,0.998
950,4,1,42.0,345.286,0.802,368,3.745,109.558,0.533,0.998
951,6,0,42.286,345.286,0.801,371,3.655,110.17,0.539,0.999
952,5,1,42.381,345.095,0.807,367,3.771,108.213,0.534,0.998
953,3,0,41.81,340.952,0.806,366,3.806,106.161,0.535,0.998
954,9,0,42.381,340.952,0.803,369,3.693,109.648,0.539,0.999
955,1,0,42.19,340.952,0.795,363,3.836,106.524,0.531,0.998
956,6,0,41.714,340.952,0.794,368,3.887,106.454,0.534,0.998
957,2,0,41.905,341.238,0.798,365,3.954,105.523,0.529,0.998
958,6,0,41.905,341.238,0.801,365,4.048,104.631,0.527,0.998
959,5,0,41.571,341.238,0.807,365,3.989,104.132,0.529,0.998
960,5,0,41.571,341.238,0.803,367,3.949,104.862,0.532,0.998
961,2,0,41.19,341.238,0.803,365,4.044,103.391,0.528,0.998
962,5,0,40.286,340.857,0.805,364,4.146,100.407,0.527,0.997
963,4,0,40.476,340.857,0.809,361,4.143,99.285,0.524,0.997
964,7,0,40.667,340.857,0.803,364,4.085,99.705,0.529,0.997
965,9,0,40.762,340.857,0.812,370,3.972,103.298,0.535,0.998
966,3,0,40.667,340.857,0.811,371,3.981,103.376,0.537,0.998
967,5,0,40.524,341.714,0.812,371,3.918,103.338,0.536,0.997
968,4,0,40.619,342.095,0.809,371,3.958,102.837,0.532,0.997
969,1,0,40.524,342.095,0.813,367,4.032,100.717,0.526,0.997
970,12,0,40.524,342.095,0.811,373,3.955,103.073,0.528,0.997
971,1,0,40.905,342.095,0.814,367,4.112,101.273,0.518,0.997
972,5,0,40.429,342.095,0.819,368,4.069,100.827,0.522,0.997
973,10,0,40.857,342.095,0.823,373,4.02,101.952,0.524,0.997
974,6,0,41.238,342.095,0.823,375,3.951,102.859,0.526,0.998
975,7,0,41.524,342.095,0.82,378,3.747,104.745,0.533,0.998
976,5,0,41.905,342.095,0.824,380,3.571,106.927,0.541,0.998
977,5,0,41.81,342.095,0.817,378,3.503,108.119,0.544,0.998
978,4,0,41.81,342.095,0.816,375,3.535,106.444,0.541,0.998
979,8,0,41.238,342.095,0.815,375,3.566,105.481,0.543,0.998
980,3,0,41.095,342.095,0.807,369,3.737,102.692,0.534,0.998
981,2,0,41.095,341.429,0.804,369,3.749,102.364,0.532,0.998
982,7,0,40.905,341.429,0.803,368,3.707,103.31,0.532,0.998
983,5,0,40.81,341.714,0.802,371,3.734,102.034,0.534,0.998
984,4,0,40.905,341.714,0.804,368,3.76,102.796,0.53,0.997
985,6,0,40.762,341.714,0.804,371,3.751,102.88,0.531,0.997
986,1,0,40.714,341.714,0.807,365,3.867,101.695,0.524,0.997
987,3,0,40.667,341.714,0.807,363,3.828,101.806,0.524,0.997
988,7,1,40.714,341.714,0.806,363,3.782,104.208,0.527,0.997
989,4,0,40.619,341.714,0.807,365,3.865,102.54,0.528,0.997
990,6,0,40.714,341.714,0.807,363,3.776,106.019,0.524,0.997
991,5,0,40.524,341.714,0.808,364,3.773,106.873,0.525,0.997
992,2,0,40.524,341.714,0.808,362,3.787,106.66,0.523,0.997
993,1,0,40.381,341.714,0.809,359,3.851,105.74,0.521,0.997
994,4,0,40.381,341.714,0.809,360,3.866,106.249,0.52,0.997
995,8,0,40.19,341.714,0.812,362,3.903,105.248,0.523,0.996
996,2,0,39.333,341.714,0.806,357,4.086,99.774,0.511,0.995
997,3,0,39.238,341.714,0.803,358,4.119,98.996,0.514,0.995
998,9,0,39.238,341.714,0.798,364,3.985,101.593,0.524,0.995
999,5,0,39.571,343.619,0.803,364,3.956,101.671,0.524,0.996
1000,0,0,40.048,343.619,0.8,358,4.033,101.203,0.516,0.996
