1,10,0,0.571,2.381,0.0,10,343.504,0.0,0.008,0.043
2,3,0,0.762,3.619,0.002,13,338.565,0.0,0.011,0.04
3,3,0,1.048,5.476,0.002,16,312.542,0.0,0.015,0.02
4,3,0,1.238,8.476,0.005,19,296.248,0.013,0.021,0.014
5,4,0,1.667,10.429,0.006,23,263.514,0.118,0.026,0.006
6,7,0,2.238,15.952,0.01,29,233.207,0.222,0.039,0.003
7,5,0,2.524,19.952,0.014,34,215.035,0.418,0.046,0.002
8,5,0,2.952,24.0,0.022,38,195.203,0.555,0.05,0.001
9,5,0,3.524,31.857,0.036,42,162.589,0.864,0.06,0.001
10,3,0,3.81,35.381,0.042,45,158.804,0.937,0.064,0.001
11,6,0,3.571,36.524,0.04,51,173.93,0.96,0.07,0.001
12,9,0,3.857,41.905,0.043,59,146.478,1.231,0.082,0.001
13,4,0,4.0,43.905,0.042,63,141.52,1.358,0.089,0.001
14,4,0,4.095,45.238,0.043,67,140.311,1.415,0.092,0.001
15,3,0,4.19,45.714,0.04,70,131.682,1.533,0.096,0.0
16,8,0,4.905,52.905,0.055,77,109.841,2.089,0.103,0.0
17,4,0,5.286,61.0,0.071,81,99.665,2.559,0.112,0.0
18,4,0,5.571,63.238,0.07,85,95.559,2.889,0.119,0.0
19,7,0,6.095,68.81,0.077,91,80.539,3.815,0.13,0.0
20,8,0,6.667,73.381,0.082,98,71.661,4.519,0.138,0.0
21,3,0,6.952,75.857,0.09,98,72.729,4.66,0.138,0.0
22,3,0,7.238,77.952,0.097,98,69.129,4.959,0.138,0.0
23,3,0,7.429,80.286,0.101,101,66.766,5.289,0.142,0.0
24,3,0,7.429,80.571,0.099,104,66.078,5.205,0.145,0.0
25,5,0,7.714,87.857,0.112,108,61.867,5.597,0.156,0.0
26,6,0,7.524,89.19,0.11,113,61.199,5.631,0.161,0.0
27,8,0,8.286,97.667,0.124,119,55.276,6.449,0.174,0.0
28,6,0,8.476,100.857,0.125,125,53.093,7.364,0.183,0.0
29,3,0,8.476,102.048,0.127,127,52.108,7.759,0.186,0.0
30,3,0,8.381,102.667,0.125,130,52.314,7.808,0.189,0.0
31,5,0,9.048,103.143,0.129,130,47.378,8.358,0.187,0.0
32,8,0,9.429,110.571,0.146,137,43.727,8.62,0.195,0.001
33,3,0,9.905,115.476,0.157,139,41.175,9.263,0.2,0.001
34,4,0,10.286,120.19,0.17,143,39.305,9.944,0.204,0.001
35,6,0,10.857,126.571,0.183,148,37.035,10.894,0.214,0.001
36,3,0,10.857,127.048,0.181,151,36.39,11.367,0.218,0.001
37,9,0,11.429,127.048,0.169,157,35.48,12.927,0.228,0.001
38,0,0,11.619,127.048,0.174,154,35.317,12.633,0.224,0.001
39,6,0,12.19,127.714,0.176,157,34.887,13.188,0.225,0.002
40,2,0,12.095,128.571,0.175,159,35.012,13.193,0.229,0.002
41,2,0,12.095,128.571,0.174,161,34.695,13.338,0.229,0.002
42,3,0,12.19,128.571,0.176,162,35.16,13.306,0.228,0.002
43,7,0,12.095,124.667,0.154,168,35.418,13.797,0.234,0.002
44,7,0,12.19,127.81,0.16,173,37.553,14.43,0.24,0.002
45,4,0,12.571,130.81,0.173,175,35.785,15.135,0.238,0.002
46,8,0,12.81,133.476,0.175,180,34.21,15.339,0.245,0.002
47,3,0,13.095,133.714,0.174,179,31.519,15.503,0.247,0.003
48,10,0,13.571,141.619,0.188,187,28.737,16.461,0.261,0.003
49,8,0,14.524,151.381,0.217,192,24.593,19.511,0.27,0.004
50,2,0,15.095,151.381,0.223,190,23.836,19.866,0.264,0.005
51,7,0,15.19,152.095,0.218,196,23.482,20.498,0.272,0.005
52,4,0,15.19,152.238,0.22,198,23.226,20.739,0.271,0.005
53,6,0,15.667,153.476,0.22,202,22.27,22.074,0.275,0.006
54,2,0,15.571,154.048,0.222,203,22.237,21.845,0.276,0.006
55,5,0,16.048,157.381,0.236,204,21.778,22.012,0.277,0.007
56,6,0,16.048,158.429,0.233,209,21.528,22.292,0.282,0.008
57,5,0,16.476,161.143,0.239,212,20.899,23.193,0.286,0.009
58,5,0,16.952,162.952,0.239,215,19.869,25.07,0.294,0.011
59,7,0,17.238,164.476,0.24,218,19.474,25.929,0.297,0.013
60,8,0,17.619,167.143,0.245,224,18.936,26.138,0.302,0.015
61,1,0,17.81,168.762,0.257,221,18.915,26.042,0.297,0.015
62,6,0,17.619,168.952,0.251,225,18.529,26.176,0.302,0.015
63,6,0,17.524,169.381,0.249,228,18.627,26.354,0.306,0.016
64,5,0,18.0,171.667,0.252,231,18.119,27.383,0.312,0.019
65,3,0,18.0,171.667,0.251,230,18.114,27.576,0.313,0.02
66,7,0,18.095,173.048,0.255,235,17.946,27.904,0.314,0.02
67,3,0,18.381,175.048,0.263,235,17.685,29.386,0.315,0.022
68,6,0,19.238,181.524,0.283,238,16.778,30.052,0.319,0.03
69,6,0,19.714,189.0,0.303,242,15.731,32.345,0.328,0.038
70,5,0,20.19,191.905,0.31,244,15.032,33.243,0.333,0.046
71,8,0,20.571,193.0,0.305,252,14.374,34.859,0.343,0.057
72,8,0,20.857,199.238,0.322,257,14.048,35.877,0.348,0.067
73,5,0,20.571,200.524,0.331,257,14.179,35.491,0.347,0.06
74,6,0,20.667,202.143,0.336,258,13.998,35.738,0.349,0.064
75,7,0,20.524,204.476,0.341,262,13.878,35.873,0.354,0.065
76,5,0,20.429,204.476,0.337,264,13.427,36.666,0.358,0.066
77,5,0,20.429,204.476,0.335,266,13.25,36.4,0.36,0.068
78,5,0,20.905,204.524,0.339,268,13.022,36.87,0.357,0.074
79,3,0,20.905,205.667,0.34,268,12.917,36.479,0.361,0.078
80,3,0,20.81,206.762,0.342,271,12.889,37.202,0.364,0.079
81,2,0,20.476,206.762,0.35,269,13.17,35.868,0.357,0.066
82,3,0,20.952,208.429,0.36,269,12.872,36.072,0.355,0.073
83,8,0,20.762,210.667,0.365,275,12.875,36.651,0.361,0.074
84,2,0,20.762,210.952,0.367,275,12.876,36.754,0.361,0.074
85,6,0,20.571,212.905,0.366,279,12.622,37.924,0.37,0.079
86,5,0,20.571,214.19,0.364,282,12.299,39.014,0.376,0.085
87,5,0,21.143,215.762,0.367,281,11.621,41.278,0.38,0.103
88,4,0,21.333,219.762,0.375,284,11.271,42.861,0.39,0.123
89,9,0,22.048,225.333,0.39,291,10.488,45.62,0.399,0.164
90,5,0,22.429,226.19,0.395,292,10.246,46.157,0.4,0.182
91,3,0,22.952,226.762,0.401,290,10.146,46.662,0.397,0.199
92,5,0,23.333,229.143,0.406,290,10.062,46.806,0.402,0.231
93,5,0,23.952,230.429,0.412,288,9.637,48.157,0.402,0.264
94,5,0,24.143,232.476,0.419,290,9.736,47.659,0.403,0.281
95,5,0,24.333,233.619,0.425,292,9.731,48.004,0.406,0.3
96,1,0,24.429,233.619,0.427,289,9.888,46.683,0.402,0.297
97,5,0,24.619,234.667,0.429,291,9.959,47.061,0.404,0.315
98,3,0,25.19,235.143,0.43,290,9.701,48.43,0.407,0.362
99,5,0,25.19,235.286,0.428,292,9.636,48.739,0.408,0.366
100,5,0,25.286,237.048,0.428,295,9.495,48.942,0.416,0.401
101,4,0,25.857,238.048,0.43,295,8.978,51.442,0.419,0.452
102,7,0,25.857,238.048,0.427,299,8.655,52.078,0.424,0.467
103,4,0,26.048,239.286,0.437,297,8.91,51.223,0.421,0.472
104,4,0,26.714,241.333,0.449,296,8.752,52.721,0.42,0.518
105,5,0,26.619,244.286,0.464,297,8.756,52.811,0.422,0.517
106,4,0,26.619,246.857,0.476,295,8.552,54.222,0.422,0.517
107,2,0,27.095,246.762,0.479,293,8.401,55.336,0.418,0.54
108,8,0,27.0,246.762,0.475,297,8.326,55.403,0.424,0.551
109,2,0,26.857,246.762,0.477,294,8.352,55.079,0.422,0.534
110,3,0,27.381,245.19,0.469,293,8.219,56.395,0.421,0.569
111,5,0,28.238,248.381,0.484,294,7.899,58.058,0.424,0.641
112,6,0,28.143,248.381,0.477,298,7.727,59.189,0.43,0.653
113,7,0,28.667,248.381,0.485,300,7.809,59.582,0.423,0.668
114,2,0,28.19,248.381,0.489,296,8.027,58.354,0.419,0.623
115,5,0,28.381,248.381,0.491,296,8.198,58.268,0.417,0.629
116,6,0,27.81,249.476,0.492,298,8.104,57.804,0.422,0.605
117,4,0,27.905,249.476,0.498,298,8.18,57.131,0.415,0.589
118,2,0,27.81,249.476,0.504,295,8.47,55.873,0.411,0.568
119,8,0,27.905,250.333,0.498,301,8.093,56.473,0.423,0.616
120,4,0,28.19,250.333,0.499,302,8.071,56.665,0.422,0.634
121,4,0,28.571,250.333,0.504,301,8.028,57.535,0.418,0.646
122,9,0,28.095,251.524,0.496,307,7.813,57.892,0.431,0.653
123,5,0,28.095,252.333,0.497,307,7.663,58.109,0.434,0.665
124,6,0,27.81,252.333,0.497,308,7.836,56.363,0.434,0.644
125,4,0,27.524,253.095,0.505,308,8.03,55.602,0.43,0.612
126,5,0,27.143,253.952,0.509,312,8.159,54.298,0.431,0.588
127,4,0,26.952,253.095,0.509,313,8.349,53.142,0.427,0.561
128,9,0,27.048,262.143,0.537,317,7.768,55.148,0.44,0.608
129,8,0,26.857,262.905,0.538,321,7.808,55.138,0.445,0.613
130,5,0,26.476,263.143,0.538,323,7.846,54.357,0.448,0.594
131,6,0,26.476,263.143,0.53,328,7.675,55.02,0.456,0.623
132,7,0,26.857,265.238,0.535,332,7.396,57.268,0.465,0.678
133,6,0,26.952,268.81,0.548,336,7.191,57.368,0.472,0.704
134,5,0,27.429,270.667,0.557,335,7.072,59.222,0.471,0.73
135,6,0,27.905,271.381,0.554,340,6.699,60.729,0.478,0.774
136,5,0,28.143,270.048,0.551,340,6.705,61.236,0.473,0.776
137,4,0,28.714,270.048,0.546,341,6.339,63.971,0.479,0.816
138,5,0,28.905,269.476,0.548,343,6.33,64.898,0.475,0.816
139,8,0,29.19,270.619,0.543,350,6.049,67.411,0.484,0.847
140,7,0,29.286,270.619,0.543,352,6.074,67.153,0.484,0.851
141,8,0,29.095,273.905,0.551,358,6.135,66.888,0.493,0.859
142,5,0,28.905,273.905,0.547,360,6.122,66.91,0.496,0.858
143,11,0,29.19,277.857,0.571,361,5.934,68.871,0.497,0.869
144,7,0,29.286,277.857,0.568,365,5.703,70.28,0.503,0.882
145,5,0,29.571,278.619,0.571,364,5.619,71.711,0.505,0.893
146,7,0,29.667,278.619,0.573,366,5.714,70.658,0.504,0.895
147,6,0,30.524,283.238,0.599,368,5.575,71.804,0.505,0.919
148,5,0,31.19,283.238,0.599,369,5.456,73.686,0.508,0.935
149,5,0,31.286,284.19,0.606,369,5.641,72.748,0.507,0.936
150,8,0,31.762,284.19,0.606,373,5.446,75.611,0.51,0.947
151,2,0,32.429,283.238,0.601,369,5.261,77.665,0.509,0.955
152,11,0,32.619,288.619,0.62,375,4.719,80.154,0.522,0.964
153,2,0,32.524,288.619,0.621,373,4.81,79.222,0.519,0.962
154,2,0,32.905,288.619,0.63,369,4.92,78.671,0.509,0.961
155,4,0,32.619,290.286,0.641,369,4.916,78.313,0.508,0.957
156,4,0,32.619,291.0,0.65,369,5.037,78.416,0.505,0.955
157,8,0,32.81,293.048,0.656,369,4.983,77.606,0.514,0.962
158,4,0,32.952,294.714,0.66,371,4.839,78.812,0.52,0.967
159,5,0,32.952,294.714,0.657,373,4.796,78.65,0.522,0.967
160,4,0,33.143,294.714,0.659,368,4.802,78.886,0.515,0.966
161,5,0,33.524,295.0,0.664,364,4.819,79.468,0.508,0.967
162,1,0,34.19,295.0,0.669,359,4.821,78.833,0.503,0.971
163,3,0,34.0,295.0,0.675,355,5.064,77.386,0.494,0.965
164,4,0,34.286,295.0,0.682,350,5.142,77.967,0.485,0.964
165,4,0,34.286,295.0,0.682,351,5.155,77.435,0.486,0.964
166,4,0,34.0,294.476,0.681,349,5.292,76.315,0.48,0.958
167,2,0,34.0,294.476,0.686,347,5.347,75.662,0.476,0.955
168,4,0,34.095,294.476,0.687,347,5.187,78.513,0.477,0.957
169,5,0,34.286,294.857,0.689,350,5.162,78.879,0.479,0.961
170,5,0,34.286,295.095,0.686,355,5.057,79.876,0.486,0.964
171,2,0,34.095,295.095,0.687,353,5.119,79.312,0.484,0.961
172,3,0,34.381,296.095,0.692,350,5.115,79.404,0.482,0.963
173,8,0,35.238,299.857,0.708,350,5.179,80.311,0.481,0.971
174,3,0,35.714,299.857,0.71,349,5.142,80.812,0.481,0.975
175,5,0,35.238,299.857,0.707,353,5.089,81.171,0.486,0.973
176,2,0,35.333,299.857,0.711,349,5.26,79.63,0.478,0.971
177,5,0,34.571,301.905,0.72,345,5.485,78.618,0.474,0.961
178,6,0,34.667,303.667,0.729,344,5.432,79.216,0.473,0.962
179,6,0,34.762,303.667,0.731,345,5.394,80.377,0.471,0.962
180,2,0,35.048,303.667,0.734,339,5.496,79.451,0.466,0.962
181,5,0,35.524,303.667,0.735,337,5.475,79.575,0.463,0.966
182,7,0,35.81,304.81,0.736,340,5.241,82.78,0.467,0.971
183,2,0,36.143,304.143,0.736,337,5.319,82.811,0.46,0.971
184,10,0,36.333,304.143,0.733,345,5.127,84.576,0.466,0.974
185,8,0,35.857,304.143,0.73,351,4.977,85.297,0.471,0.972
186,2,0,36.048,304.143,0.733,349,4.996,85.462,0.464,0.971
187,7,0,36.619,306.143,0.741,352,4.77,87.453,0.469,0.977
188,5,0,36.238,304.857,0.738,352,4.874,85.429,0.466,0.974
189,3,0,36.143,304.571,0.734,349,4.911,85.544,0.465,0.972
190,8,0,36.333,305.381,0.739,353,4.794,86.747,0.472,0.976
191,1,0,36.143,305.381,0.739,354,4.788,86.524,0.473,0.975
192,6,0,36.238,306.429,0.741,356,4.638,89.012,0.479,0.978
193,6,0,36.048,306.429,0.735,361,4.531,90.071,0.489,0.98
194,7,0,35.762,306.905,0.735,365,4.485,89.333,0.495,0.98
195,8,0,36.905,306.905,0.733,364,4.267,93.286,0.5,0.986
196,5,0,36.714,308.19,0.737,363,4.217,94.864,0.501,0.986
197,2,0,37.0,312.095,0.756,362,4.168,95.813,0.502,0.987
198,7,0,36.476,312.095,0.762,362,4.218,92.641,0.5,0.985
199,4,0,36.429,312.095,0.761,364,4.164,93.878,0.503,0.985
200,2,0,36.143,312.095,0.761,366,4.067,94.273,0.509,0.985
201,2,0,36.048,312.095,0.76,365,4.033,94.719,0.511,0.985
202,5,0,36.048,312.333,0.763,366,4.086,94.214,0.508,0.984
203,4,0,36.238,313.095,0.769,369,4.032,95.211,0.511,0.986
204,5,0,36.429,313.095,0.767,370,3.942,96.501,0.514,0.987
205,6,0,36.143,313.81,0.769,374,3.909,96.955,0.518,0.987
206,5,0,35.857,314.143,0.772,371,4.124,94.63,0.51,0.984
207,4,0,36.048,314.143,0.773,372,4.016,96.877,0.514,0.986
208,4,0,36.048,318.762,0.779,374,4.029,96.673,0.516,0.986
209,3,0,36.238,318.762,0.778,376,3.974,97.564,0.518,0.987
210,12,0,36.286,321.238,0.784,383,3.92,97.571,0.523,0.988
211,6,0,36.476,321.238,0.789,383,3.997,95.833,0.518,0.988
212,3,0,36.762,321.238,0.792,380,4.167,94.94,0.506,0.987
213,5,0,37.143,321.429,0.791,384,4.086,95.621,0.509,0.989
214,1,0,37.0,321.429,0.793,378,4.201,94.524,0.502,0.987
215,1,0,36.81,321.238,0.789,369,4.44,91.261,0.491,0.984
216,2,0,37.095,321.238,0.791,367,4.514,90.39,0.487,0.985
217,5,0,36.905,321.857,0.789,363,4.943,85.808,0.474,0.981
218,4,0,36.905,321.857,0.789,362,4.955,85.443,0.473,0.98
219,7,0,36.905,321.857,0.791,362,4.941,85.738,0.473,0.98
220,4,0,37.095,321.857,0.79,364,4.895,86.48,0.475,0.982
221,6,0,36.905,324.238,0.782,367,4.78,88.089,0.483,0.983
222,5,0,36.905,324.238,0.785,370,4.722,89.144,0.488,0.984
223,3,0,36.952,320.524,0.778,362,4.892,87.061,0.478,0.982
224,5,0,36.952,323.571,0.78,355,4.905,86.503,0.473,0.981
225,7,0,36.762,330.286,0.781,358,4.859,87.885,0.479,0.981
226,10,0,36.571,330.286,0.779,364,4.699,87.671,0.485,0.982
227,5,0,36.19,330.286,0.776,368,4.562,87.652,0.491,0.981
228,5,0,36.19,330.286,0.778,368,4.408,88.517,0.498,0.983
229,4,0,36.286,333.667,0.781,370,4.257,89.913,0.506,0.985
230,4,0,36.381,333.286,0.781,367,4.26,91.819,0.506,0.986
231,2,0,36.619,333.286,0.78,364,4.279,92.704,0.505,0.986
232,3,0,36.762,333.286,0.778,361,4.344,92.657,0.499,0.986
233,6,0,36.762,332.81,0.782,362,4.406,90.64,0.497,0.985
234,2,0,36.571,332.905,0.781,362,4.434,90.176,0.498,0.985
235,1,0,36.571,332.905,0.782,359,4.433,89.403,0.496,0.984
236,1,0,36.762,334.619,0.791,355,4.496,88.467,0.492,0.984
237,5,0,36.571,336.81,0.79,354,4.421,89.972,0.496,0.984
238,3,0,36.952,337.143,0.79,351,4.411,90.922,0.494,0.986
239,3,0,37.238,337.143,0.792,350,4.325,92.05,0.496,0.987
240,4,0,37.429,337.143,0.792,353,4.295,92.39,0.497,0.988
241,6,0,37.429,337.143,0.792,356,4.237,92.82,0.499,0.988
242,8,0,37.81,337.143,0.795,358,4.071,96.543,0.5,0.99
243,4,0,38.095,337.143,0.794,358,4.088,96.249,0.498,0.99
244,8,0,37.429,337.143,0.787,360,4.082,96.45,0.501,0.989
245,3,0,37.524,337.143,0.787,356,4.224,94.335,0.492,0.987
246,6,0,37.429,337.286,0.786,356,4.184,93.247,0.495,0.988
247,10,0,36.905,337.286,0.781,366,4.041,94.047,0.508,0.988
248,7,0,36.81,337.571,0.781,371,3.999,95.433,0.511,0.988
249,7,0,36.905,337.714,0.778,374,3.916,96.462,0.512,0.989
250,6,0,36.905,337.714,0.778,376,3.912,98.471,0.512,0.988
251,5,0,37.667,341.381,0.777,376,3.7,100.719,0.517,0.992
252,5,0,38.143,341.381,0.781,375,3.751,102.153,0.511,0.992
253,4,0,38.381,341.381,0.779,374,3.649,102.505,0.514,0.993
254,3,0,38.238,341.381,0.779,375,3.586,102.725,0.519,0.993
255,7,0,38.19,341.381,0.781,381,3.493,103.479,0.528,0.994
256,6,0,37.81,341.381,0.777,377,3.685,99.541,0.517,0.992
257,3,0,38.286,341.381,0.778,375,3.62,101.541,0.516,0.993
258,3,0,38.0,341.381,0.772,374,3.694,101.187,0.514,0.992
259,2,0,37.905,341.381,0.77,373,3.693,101.465,0.515,0.992
260,3,0,37.714,341.381,0.772,371,3.798,101.001,0.51,0.991
261,7,0,37.619,341.381,0.771,373,3.791,102.239,0.512,0.991
262,3,0,37.524,341.381,0.766,373,3.839,101.314,0.508,0.99
263,8,0,37.905,343.714,0.762,376,3.663,102.938,0.517,0.992
264,3,0,37.905,343.905,0.761,379,3.623,103.134,0.52,0.992
265,2,0,38.095,346.238,0.761,375,3.67,102.699,0.516,0.992
266,5,0,38.524,346.238,0.774,375,3.512,105.863,0.525,0.994
267,5,0,38.476,346.238,0.783,376,3.468,106.3,0.528,0.994
268,7,0,39.048,346.238,0.786,376,3.382,108.418,0.532,0.996
269,4,0,39.19,344.524,0.786,372,3.392,108.147,0.529,0.995
270,3,0,38.81,344.143,0.791,369,3.452,106.78,0.527,0.995
271,5,0,38.476,344.143,0.784,368,3.395,107.12,0.532,0.995
272,3,0,38.619,344.143,0.786,365,3.411,106.584,0.53,0.995
273,9,0,39.286,344.143,0.79,365,3.493,108.475,0.527,0.996
274,5,0,39.381,344.143,0.787,367,3.39,109.899,0.533,0.996
275,4,0,39.714,341.81,0.787,364,3.416,109.715,0.529,0.996
276,3,0,40.095,341.81,0.792,363,3.436,110.22,0.525,0.996
277,7,0,39.238,341.81,0.792,367,3.563,108.796,0.524,0.995
278,6,0,39.524,341.81,0.802,369,3.554,109.189,0.524,0.996
279,6,0,39.619,343.714,0.801,374,3.308,112.137,0.535,0.996
280,5,0,39.857,343.714,0.802,375,3.329,111.698,0.532,0.997
281,5,0,40.0,346.429,0.799,372,3.436,109.645,0.53,0.997
282,6,0,39.905,346.429,0.796,376,3.309,110.765,0.539,0.997
283,0,0,39.81,346.429,0.799,368,3.421,110.264,0.531,0.996
284,2,0,40.095,346.429,0.802,363,3.513,109.581,0.525,0.996
285,5,0,39.524,346.429,0.809,358,3.797,103.585,0.509,0.995
286,7,0,39.524,346.429,0.808,360,3.708,105.519,0.51,0.995
287,7,0,39.667,346.429,0.805,364,3.612,106.838,0.517,0.995
288,4,0,39.286,346.429,0.804,364,3.719,104.848,0.514,0.995
289,6,0,38.429,346.81,0.813,362,3.829,99.843,0.515,0.993
290,8,0,38.81,346.81,0.816,363,3.757,100.356,0.519,0.994
291,3,0,38.476,346.81,0.816,360,3.756,100.132,0.518,0.994
292,6,0,38.143,346.81,0.816,361,3.852,99.297,0.517,0.993
293,3,0,38.0,346.429,0.814,361,3.942,99.031,0.517,0.992
294,0,0,38.19,346.143,0.816,356,3.998,98.3,0.512,0.992
295,5,0,38.19,346.143,0.814,356,4.015,97.788,0.509,0.992
296,4,0,37.905,346.143,0.813,359,3.965,97.904,0.512,0.992
297,8,0,38.0,346.143,0.808,361,3.925,99.39,0.513,0.992
298,4,0,38.238,346.143,0.81,360,4.015,99.234,0.505,0.992
299,4,0,38.714,346.143,0.814,356,3.899,101.011,0.509,0.993
300,8,0,38.095,346.143,0.814,359,3.911,101.344,0.511,0.992
301,5,0,38.762,346.143,0.814,356,3.904,101.564,0.508,0.993
302,6,0,39.048,346.143,0.812,360,3.748,105.771,0.516,0.994
303,3,0,38.857,346.143,0.807,360,3.786,104.406,0.515,0.994
304,4,0,38.857,343.571,0.806,361,3.782,102.723,0.513,0.994
305,6,0,38.571,344.048,0.804,365,3.784,101.99,0.518,0.994
306,3,0,38.571,344.048,0.804,368,3.755,102.606,0.522,0.994
307,4,0,38.667,345.19,0.798,369,3.706,103.252,0.525,0.994
308,2,0,39.238,345.19,0.802,362,3.807,101.455,0.512,0.994
309,5,0,39.333,345.19,0.799,365,3.755,101.791,0.514,0.995
310,2,0,39.286,345.19,0.796,363,3.882,100.008,0.507,0.994
311,6,0,39.476,345.19,0.796,368,3.752,102.471,0.513,0.995
312,3,0,39.476,345.19,0.792,369,3.663,104.81,0.52,0.995
313,7,0,39.476,345.19,0.787,371,3.603,105.089,0.526,0.996
314,6,0,39.19,345.19,0.783,375,3.61,104.421,0.526,0.995
315,7,0,39.381,345.524,0.779,376,3.55,107.393,0.532,0.996
316,6,0,39.0,345.524,0.775,379,3.516,106.22,0.537,0.996
317,4,0,38.81,345.524,0.775,379,3.589,104.177,0.534,0.995
318,6,0,38.524,344.857,0.785,380,3.531,103.627,0.535,0.995
319,3,0,38.81,344.857,0.786,380,3.6,103.751,0.53,0.995
320,2,0,39.095,344.857,0.789,378,3.674,101.394,0.526,0.995
321,2,0,39.381,345.048,0.801,374,3.683,102.729,0.523,0.995
322,8,0,39.0,345.048,0.801,378,3.687,102.054,0.524,0.995
323,6,0,39.381,345.048,0.801,380,3.51,104.254,0.532,0.996
324,3,0,39.286,345.048,0.803,377,3.658,102.208,0.526,0.996
325,4,0,39.857,345.048,0.8,376,3.643,104.092,0.524,0.996
326,9,0,39.762,345.048,0.799,385,3.442,107.618,0.537,0.997
327,5,0,39.81,346.19,0.798,388,3.429,108.023,0.54,0.997
328,4,0,40.095,346.0,0.793,388,3.381,109.42,0.541,0.997
329,5,0,39.81,346.0,0.792,389,3.342,109.296,0.545,0.997
330,6,0,39.714,346.0,0.787,391,3.32,111.905,0.55,0.997
331,4,0,39.333,346.048,0.786,393,3.316,111.843,0.553,0.997
332,4,0,40.0,346.048,0.785,390,3.351,113.748,0.547,0.997
333,3,0,40.524,346.048,0.785,388,3.315,114.747,0.547,0.998
334,6,0,40.429,346.048,0.781,392,3.209,116.069,0.555,0.998
335,12,0,40.524,346.048,0.776,397,3.148,118.511,0.557,0.998
336,5,0,40.905,346.048,0.777,399,3.122,119.508,0.557,0.998
337,6,0,40.952,346.048,0.782,403,3.026,120.817,0.563,0.998
338,11,0,40.857,345.81,0.787,403,3.151,119.395,0.555,0.998
339,4,0,40.667,345.81,0.794,400,3.263,116.065,0.55,0.998
340,4,0,41.048,345.81,0.791,397,3.212,117.28,0.546,0.998
341,6,0,40.762,345.81,0.809,396,3.186,116.225,0.544,0.998
342,7,0,40.286,345.81,0.81,397,3.184,114.443,0.544,0.997
343,2,0,40.19,345.81,0.808,394,3.319,112.037,0.54,0.997
344,6,0,40.429,345.81,0.806,395,3.237,115.436,0.543,0.998
345,7,0,40.714,345.81,0.81,400,3.034,120.217,0.552,0.998
346,6,0,40.524,345.81,0.81,403,3.012,118.752,0.556,0.998
347,5,0,40.81,345.81,0.81,405,3.008,118.931,0.556,0.998
348,7,0,40.429,345.857,0.81,404,3.061,118.051,0.55,0.998
349,7,0,39.952,343.714,0.814,405,3.122,117.682,0.553,0.998
350,5,0,39.476,344.048,0.812,405,3.233,115.155,0.551,0.997
351,3,0,39.381,344.048,0.817,404,3.234,114.396,0.553,0.997
352,4,0,39.476,344.048,0.814,403,3.293,113.127,0.549,0.997
353,2,0,39.048,344.048,0.811,400,3.42,110.217,0.544,0.996
354,3,0,39.143,344.048,0.812,396,3.471,108.257,0.539,0.996
355,6,0,39.333,343.571,0.806,399,3.417,108.344,0.539,0.996
356,6,0,39.238,343.571,0.81,397,3.555,105.367,0.533,0.996
357,7,0,39.714,343.571,0.805,398,3.396,106.93,0.542,0.997
358,6,0,39.571,343.571,0.808,394,3.648,103.81,0.528,0.996
359,10,0,39.333,344.0,0.806,396,3.549,104.806,0.535,0.996
360,4,0,39.905,344.0,0.811,392,3.602,104.135,0.528,0.996
361,2,0,39.81,344.0,0.811,390,3.615,104.656,0.524,0.996
362,9,0,39.619,344.0,0.81,397,3.49,106.068,0.532,0.996
363,5,0,39.381,344.0,0.809,398,3.388,105.125,0.535,0.996
364,2,0,39.571,344.0,0.809,397,3.328,106.064,0.537,0.996
365,6,0,39.762,344.81,0.807,402,3.229,107.659,0.548,0.997
366,6,0,40.048,344.81,0.816,402,3.284,107.934,0.546,0.997
367,9,0,39.952,344.81,0.815,404,3.179,108.673,0.55,0.997
368,11,0,40.238,344.81,0.814,409,3.04,113.422,0.559,0.998
