1,10,0,0.791,4.349,0.003,10,310.491,0.227,0.011,0.016
2,8,0,1.256,7.767,0.007,18,275.241,0.705,0.017,0.007
3,6,0,1.581,11.814,0.013,24,247.514,1.385,0.023,0.003
4,7,0,2.186,15.488,0.017,30,221.815,2.31,0.03,0.002
5,6,0,2.465,20.023,0.023,36,205.28,3.343,0.037,0.001
6,13,0,3.186,24.372,0.029,46,183.246,5.966,0.045,0.001
7,2,0,3.233,25.674,0.031,48,179.201,6.385,0.046,0.001
8,6,0,3.581,27.395,0.031,54,167.252,7.838,0.051,0.001
9,8,0,3.767,30.302,0.033,62,152.635,9.369,0.058,0.0
10,4,0,3.907,32.116,0.037,65,143.313,9.832,0.059,0.0
11,9,0,4.349,34.884,0.038,73,132.837,11.894,0.066,0.0
12,7,0,4.791,38.047,0.042,80,124.52,13.831,0.072,0.0
13,3,0,5.023,40.977,0.05,81,118.655,14.349,0.073,0.0
14,12,0,5.488,46.628,0.06,91,105.686,17.932,0.08,0.0
15,12,0,6.233,58.116,0.081,102,91.982,21.68,0.094,0.0
16,7,0,6.186,58.791,0.08,107,93.462,22.094,0.097,0.0
17,7,0,6.605,62.721,0.087,112,91.374,22.556,0.102,0.0
18,6,0,6.884,66.698,0.093,118,88.33,26.069,0.109,0.0
19,5,0,7.186,67.907,0.097,118,81.385,27.778,0.109,0.0
20,8,0,7.581,73.209,0.108,124,76.696,29.937,0.115,0.0
21,10,0,7.907,77.953,0.114,134,70.623,33.496,0.124,0.0
22,8,0,8.163,79.628,0.115,139,69.179,35.664,0.129,0.0
23,6,0,8.349,80.209,0.113,145,67.724,37.574,0.133,0.0
24,10,0,8.581,85.116,0.119,154,64.205,43.693,0.143,0.0
25,5,0,8.814,88.279,0.124,158,60.435,46.879,0.148,0.0
26,4,0,9.047,91.047,0.129,160,58.319,48.94,0.153,0.0
27,8,0,9.186,93.349,0.132,167,57.001,51.333,0.157,0.0
28,7,0,9.791,105.256,0.164,171,51.358,59.37,0.164,0.001
29,6,0,9.744,105.442,0.16,177,51.401,60.046,0.167,0.001
30,10,0,9.93,108.047,0.161,186,49.967,65.63,0.175,0.001
31,12,0,10.488,120.698,0.187,195,46.193,76.426,0.191,0.001
32,7,0,10.86,126.023,0.198,200,44.261,83.264,0.199,0.001
33,10,0,10.953,128.186,0.204,204,43.538,85.577,0.2,0.001
34,11,0,10.977,129.093,0.201,212,42.416,89.432,0.206,0.001
35,9,0,11.581,133.744,0.211,218,37.595,98.729,0.213,0.001
36,5,0,11.884,137.512,0.221,222,36.46,102.676,0.216,0.001
37,9,0,11.791,139.14,0.224,228,35.954,104.6,0.218,0.001
38,9,0,12.349,143.558,0.231,236,33.906,112.736,0.227,0.002
39,11,0,13.186,154.814,0.263,244,31.898,123.958,0.235,0.002
40,6,0,13.372,156.395,0.271,247,31.734,126.033,0.232,0.002
41,6,0,13.558,156.395,0.271,251,31.351,129.415,0.234,0.002
42,5,0,13.744,157.605,0.271,253,30.778,132.02,0.238,0.003
43,6,0,13.837,158.233,0.269,258,30.302,133.79,0.242,0.003
44,4,0,13.977,156.791,0.269,256,30.134,132.135,0.238,0.003
45,7,0,14.209,158.186,0.272,260,29.6,135.129,0.241,0.003
46,5,0,14.535,166.093,0.296,263,28.702,140.573,0.246,0.004
47,4,0,15.186,169.256,0.305,263,27.543,147.491,0.248,0.004
48,13,0,15.698,169.721,0.303,272,26.998,154.708,0.252,0.005
49,10,0,16.163,172.465,0.308,277,25.589,164.954,0.259,0.006
50,9,0,16.535,179.884,0.327,283,24.537,175.832,0.27,0.008
51,8,0,16.488,179.977,0.324,287,24.151,177.602,0.273,0.008
52,4,0,16.628,185.302,0.344,285,24.021,174.926,0.273,0.009
53,3,0,16.86,186.023,0.347,285,23.878,179.95,0.273,0.009
54,9,0,16.907,187.14,0.345,292,22.935,186.602,0.278,0.01
55,5,0,16.814,187.698,0.348,296,23.629,182.201,0.278,0.01
56,8,0,16.953,190.674,0.356,301,23.308,186.023,0.281,0.01
57,9,0,17.047,194.86,0.371,307,22.418,190.462,0.284,0.011
58,11,0,17.326,197.163,0.378,311,22.654,193.087,0.286,0.012
59,11,0,17.628,202.465,0.391,320,21.947,206.153,0.298,0.016
60,6,0,17.721,214.372,0.422,323,21.547,209.717,0.306,0.018
61,9,0,18.14,219.488,0.439,330,20.57,224.669,0.311,0.022
62,5,0,18.186,219.953,0.439,333,20.529,225.921,0.314,0.023
63,8,0,18.233,220.512,0.439,339,19.899,229.876,0.316,0.023
64,4,0,18.372,222.0,0.446,338,19.68,229.964,0.314,0.023
65,13,0,18.977,227.814,0.457,346,18.706,244.454,0.326,0.032
66,9,0,19.163,230.372,0.472,349,18.548,249.451,0.326,0.034
67,2,0,19.302,230.023,0.475,346,18.701,251.58,0.322,0.034
68,7,0,19.791,230.86,0.479,347,18.577,259.318,0.322,0.039
69,5,0,19.884,230.488,0.481,345,18.739,259.394,0.318,0.038
70,8,0,19.907,230.488,0.479,348,18.611,261.479,0.321,0.039
71,5,0,19.721,234.465,0.49,350,18.55,259.639,0.322,0.038
72,6,0,20.116,234.93,0.498,349,17.975,257.114,0.316,0.039
73,13,0,20.302,236.721,0.498,359,17.145,269.14,0.326,0.046
74,8,0,20.674,242.349,0.516,365,16.538,277.469,0.333,0.055
75,13,0,20.814,245.093,0.522,375,16.265,283.364,0.338,0.062
76,5,0,21.256,245.093,0.524,374,16.16,284.302,0.338,0.069
77,8,0,22.163,248.488,0.54,375,15.346,301.467,0.342,0.093
78,13,0,22.442,250.14,0.541,385,15.204,314.543,0.351,0.113
79,12,0,23.233,252.442,0.544,391,14.691,332.892,0.359,0.152
80,7,0,23.512,260.023,0.563,395,13.929,345.984,0.366,0.175
81,10,0,23.907,260.116,0.558,400,13.511,348.131,0.37,0.2
82,9,0,24.14,260.512,0.558,406,13.14,354.572,0.373,0.219
83,3,0,24.302,260.907,0.56,404,13.003,361.037,0.374,0.23
84,4,0,24.302,263.163,0.571,401,13.196,355.357,0.372,0.226
85,8,0,24.395,260.326,0.559,400,13.195,354.635,0.37,0.224
86,8,0,24.558,261.535,0.563,407,12.86,363.74,0.376,0.248
87,10,0,24.814,261.86,0.561,411,12.461,377.397,0.382,0.279
88,5,0,25.07,261.977,0.567,405,12.663,372.03,0.377,0.279
89,5,0,25.047,261.977,0.569,406,12.741,372.838,0.374,0.271
90,5,0,25.116,264.093,0.574,405,12.677,376.007,0.375,0.278
91,10,0,25.535,265.698,0.573,407,12.43,383.431,0.381,0.32
92,13,0,25.93,269.884,0.58,413,12.054,397.54,0.386,0.364
93,10,0,26.163,277.488,0.609,418,11.879,406.685,0.394,0.408
94,9,0,26.233,278.744,0.617,423,11.234,413.944,0.399,0.424
95,10,0,26.581,279.512,0.62,429,10.744,429.155,0.406,0.472
96,4,0,26.721,280.581,0.621,429,10.739,430.239,0.406,0.483
97,7,0,26.767,280.721,0.618,431,10.601,438.897,0.411,0.507
98,7,0,26.953,280.721,0.616,434,10.974,443.563,0.414,0.534
99,10,0,27.419,285.209,0.641,436,10.983,449.322,0.413,0.567
100,6,0,27.837,286.349,0.645,433,10.95,454.468,0.415,0.603
101,4,0,28.209,288.442,0.648,433,10.889,459.492,0.414,0.627
102,4,0,28.302,288.442,0.65,432,10.926,460.705,0.413,0.632
103,8,0,28.605,290.558,0.65,434,11.776,467.17,0.417,0.672
104,6,0,28.419,290.395,0.65,435,11.909,461.382,0.413,0.648
105,4,0,28.465,289.488,0.65,430,12.072,457.589,0.406,0.627
106,13,0,28.721,303.279,0.655,435,11.864,470.999,0.415,0.677
107,12,0,28.86,307.93,0.663,442,11.918,476.133,0.419,0.696
108,7,0,29.14,308.14,0.66,447,11.865,488.674,0.422,0.725
109,11,0,29.488,312.605,0.68,453,11.538,505.189,0.43,0.764
110,12,0,29.349,312.605,0.681,459,11.343,513.063,0.436,0.773
111,6,0,29.07,312.628,0.682,459,11.43,506.127,0.436,0.756
112,6,0,28.837,312.0,0.68,461,11.561,499.858,0.433,0.736
113,12,2,28.674,311.558,0.675,467,18.99,497.724,0.44,0.79
114,10,1,24.07,321.163,0.675,469,22.611,431.334,0.445,0.519
115,9,0,24.721,320.14,0.678,471,22.614,441.942,0.443,0.562
116,7,0,24.86,320.14,0.688,470,22.695,440.353,0.44,0.564
117,8,0,25.186,320.14,0.686,472,22.819,447.515,0.439,0.586
118,9,0,25.442,321.512,0.699,478,22.531,460.566,0.445,0.624
119,4,0,26.233,321.674,0.707,475,22.215,471.561,0.444,0.675
120,6,0,26.465,321.674,0.715,475,22.054,476.353,0.446,0.695
121,4,0,27.07,321.674,0.716,472,21.881,486.161,0.443,0.724
122,5,0,27.349,321.674,0.706,468,21.911,487.07,0.442,0.736
123,13,0,27.395,321.977,0.709,474,21.572,492.037,0.447,0.753
124,6,0,27.023,321.977,0.708,478,21.627,489.502,0.449,0.737
125,11,0,26.884,322.279,0.712,485,21.668,490.582,0.454,0.741
126,4,0,27.349,322.279,0.716,483,21.645,491.166,0.45,0.759
127,9,0,28.047,322.116,0.726,483,21.713,501.672,0.448,0.792
128,5,0,27.93,321.814,0.719,484,21.69,496.263,0.447,0.784
129,11,0,28.07,322.186,0.722,489,21.481,495.993,0.448,0.792
130,5,0,28.07,322.209,0.725,489,21.36,496.506,0.45,0.796
131,8,0,28.302,320.977,0.717,488,21.578,501.338,0.447,0.802
132,6,1,27.465,318.256,0.706,488,25.983,472.314,0.444,0.776
133,2,0,27.326,318.395,0.7,484,26.163,465.71,0.438,0.753
134,7,0,27.186,318.395,0.708,490,22.346,467.087,0.442,0.729
135,11,0,27.093,318.907,0.705,496,22.161,466.126,0.446,0.736
136,3,0,27.465,320.674,0.71,493,22.124,467.351,0.445,0.754
137,12,0,27.628,324.837,0.73,501,16.177,478.895,0.451,0.745
138,10,0,28.116,327.186,0.732,502,14.618,492.025,0.453,0.767
139,7,0,28.442,325.372,0.735,499,15.94,495.143,0.45,0.785
140,9,0,28.535,325.372,0.735,505,15.732,504.426,0.455,0.802
141,13,1,28.349,327.047,0.727,512,17.71,506.307,0.461,0.815
142,10,0,29.0,334.279,0.731,511,17.439,519.93,0.465,0.851
143,5,0,29.093,334.279,0.73,508,17.505,525.102,0.462,0.85
144,8,0,28.279,332.023,0.725,511,20.868,512.982,0.468,0.841
145,5,0,28.326,330.163,0.727,507,21.045,518.364,0.463,0.836
146,5,1,27.907,330.977,0.727,504,25.417,509.842,0.458,0.827
147,9,1,28.698,330.977,0.735,507,24.954,525.694,0.461,0.863
148,12,0,29.302,331.837,0.739,510,24.831,537.63,0.464,0.888
149,10,1,29.0,331.977,0.735,514,24.99,544.447,0.47,0.888
150,7,1,29.233,331.023,0.736,513,19.333,546.584,0.468,0.872
151,7,1,29.465,328.07,0.739,508,25.001,550.271,0.468,0.899
152,7,0,29.884,328.163,0.74,502,25.006,553.506,0.464,0.905
153,8,1,29.605,329.419,0.739,501,25.087,544.362,0.463,0.897
154,13,2,29.558,329.419,0.74,509,24.983,550.285,0.466,0.899
155,10,1,29.837,324.698,0.731,512,25.327,555.888,0.468,0.91
156,7,3,29.558,324.349,0.723,511,22.452,552.45,0.468,0.893
157,10,1,28.674,333.186,0.712,516,27.276,535.459,0.466,0.879
158,6,0,28.953,333.186,0.71,516,27.227,543.342,0.467,0.889
159,9,4,29.233,333.186,0.709,516,27.181,548.641,0.467,0.898
160,7,0,29.233,333.186,0.71,519,27.066,552.329,0.469,0.899
161,9,2,29.233,333.186,0.71,524,27.034,555.017,0.471,0.902
162,7,0,29.326,333.86,0.713,526,26.973,552.86,0.472,0.906
163,3,0,29.744,333.86,0.717,525,26.87,559.26,0.471,0.915
164,10,1,29.651,333.86,0.716,527,26.899,563.638,0.474,0.917
165,2,1,29.744,333.86,0.717,524,26.911,561.832,0.472,0.916
166,6,0,29.698,333.86,0.719,527,22.937,558.955,0.473,0.906
167,8,0,25.791,338.977,0.712,530,27.238,494.89,0.475,0.771
168,9,0,26.395,338.977,0.716,535,26.772,514.334,0.482,0.816
169,4,1,26.953,338.698,0.72,529,22.98,509.909,0.476,0.811
170,6,0,27.233,338.698,0.727,530,22.905,517.452,0.476,0.823
171,6,0,27.512,336.256,0.726,529,21.396,526.015,0.475,0.826
172,9,0,27.558,336.256,0.734,530,21.383,523.483,0.479,0.835
173,13,2,26.512,331.326,0.727,535,21.308,490.975,0.48,0.787
174,9,2,26.512,329.907,0.72,541,25.474,503.151,0.485,0.822
175,7,2,27.07,329.907,0.723,540,25.451,513.166,0.483,0.842
176,6,1,27.023,329.907,0.723,541,25.46,514.55,0.485,0.845
177,5,0,27.163,329.767,0.724,540,25.513,513.561,0.482,0.844
178,11,1,27.256,329.837,0.728,541,25.383,517.179,0.482,0.847
179,5,0,27.814,329.837,0.737,534,25.593,516.964,0.472,0.851
180,5,0,27.767,329.837,0.737,536,25.533,514.219,0.475,0.855
181,6,0,28.047,329.837,0.731,535,25.605,519.569,0.473,0.862
182,13,1,28.186,329.837,0.729,542,25.303,535.493,0.483,0.882
183,7,1,28.419,329.837,0.731,542,25.673,533.4,0.481,0.888
184,13,1,28.512,329.791,0.734,552,25.405,540.495,0.49,0.903
185,11,2,28.419,329.791,0.733,557,25.233,542.643,0.496,0.907
186,13,2,28.419,329.791,0.732,563,25.269,544.107,0.499,0.91
187,12,0,28.721,329.791,0.733,567,25.238,552.277,0.5,0.92
188,8,3,28.721,329.791,0.732,566,25.266,546.217,0.497,0.915
189,5,1,29.0,330.047,0.731,565,25.177,550.171,0.497,0.922
190,10,1,29.558,329.977,0.735,561,25.236,561.732,0.493,0.931
191,7,1,29.884,329.977,0.745,560,25.208,563.745,0.494,0.937
192,5,1,30.349,329.977,0.747,557,25.16,565.592,0.489,0.941
193,12,0,30.233,330.163,0.743,561,24.67,567.068,0.493,0.941
194,11,1,30.977,330.163,0.744,564,24.562,589.232,0.494,0.953
195,6,1,31.279,330.163,0.744,562,24.566,595.31,0.491,0.956
196,8,1,31.651,330.163,0.749,561,24.652,593.116,0.487,0.958
197,10,1,32.116,330.209,0.751,562,24.487,601.294,0.493,0.966
198,5,0,32.302,330.209,0.751,559,24.571,597.624,0.488,0.966
199,5,1,32.302,330.023,0.751,556,24.557,594.917,0.487,0.966
200,5,0,32.07,330.023,0.75,555,24.645,587.476,0.486,0.962
201,13,1,32.186,329.884,0.743,562,24.51,590.603,0.488,0.965
202,6,3,32.372,329.884,0.746,556,24.506,592.181,0.485,0.965
203,10,2,32.047,329.907,0.749,559,24.384,586.865,0.489,0.963
204,8,1,32.14,330.023,0.751,555,24.269,581.933,0.481,0.96
205,11,3,32.023,328.767,0.752,556,24.161,579.364,0.48,0.958
206,6,1,32.116,328.767,0.75,558,24.042,584.121,0.484,0.961
207,9,1,32.349,328.767,0.75,562,24.013,586.743,0.484,0.964
208,3,0,32.209,328.651,0.752,557,24.399,576.828,0.48,0.961
209,8,1,32.256,328.395,0.75,557,24.405,576.241,0.481,0.962
210,13,1,32.651,329.023,0.75,563,24.153,586.3,0.488,0.969
211,13,2,32.837,329.023,0.752,566,24.158,585.616,0.487,0.97
212,9,0,33.256,329.023,0.758,565,24.085,592.425,0.486,0.973
213,9,2,33.256,334.605,0.763,565,19.726,587.903,0.487,0.97
214,6,0,33.023,334.605,0.762,567,19.777,581.43,0.487,0.968
215,13,1,32.86,332.884,0.76,572,18.506,591.617,0.494,0.968
216,7,1,32.86,330.023,0.75,574,23.804,594.579,0.497,0.974
217,4,0,33.372,330.209,0.755,572,23.772,597.054,0.496,0.978
218,6,0,33.279,330.209,0.756,572,23.784,597.964,0.494,0.976
219,4,0,33.233,330.209,0.756,572,23.884,599.971,0.493,0.976
220,8,0,33.279,330.953,0.758,574,23.836,603.55,0.494,0.976
221,7,1,33.372,330.953,0.758,570,23.846,597.279,0.489,0.975
222,5,0,33.0,330.953,0.758,568,23.881,596.051,0.487,0.971
223,7,1,33.0,329.977,0.758,566,23.893,596.744,0.486,0.971
224,6,2,33.279,328.953,0.764,557,24.283,597.269,0.476,0.97
225,7,0,33.279,328.953,0.763,558,24.186,599.315,0.479,0.971
226,4,0,32.953,328.326,0.765,557,24.219,584.981,0.475,0.966
227,7,0,33.093,328.326,0.763,562,24.147,589.137,0.479,0.969
228,7,0,33.279,328.326,0.765,557,24.191,588.861,0.477,0.97
229,4,1,33.605,328.326,0.766,548,24.172,587.572,0.473,0.971
230,6,0,33.837,330.233,0.775,551,19.69,598.323,0.477,0.971
231,12,1,33.767,336.93,0.77,554,23.596,604.85,0.484,0.976
232,7,0,33.512,336.93,0.77,553,23.644,595.77,0.482,0.974
233,3,1,33.791,336.93,0.772,549,23.708,592.497,0.475,0.973
234,4,1,33.977,336.93,0.773,548,23.691,594.104,0.473,0.974
235,8,3,34.209,336.93,0.773,548,23.542,601.273,0.475,0.976
236,10,1,34.581,336.93,0.771,550,19.243,599.222,0.472,0.974
237,5,0,33.698,336.93,0.753,550,23.483,581.942,0.471,0.97
238,12,0,33.93,337.581,0.756,550,23.342,591.43,0.474,0.973
239,10,0,33.837,337.581,0.756,553,23.293,596.408,0.478,0.974
240,11,0,34.047,337.581,0.761,550,23.362,597.519,0.475,0.975
241,13,0,34.07,337.581,0.765,555,17.934,605.782,0.478,0.972
242,3,0,33.791,337.372,0.761,548,23.685,595.216,0.475,0.973
243,5,0,33.93,336.744,0.765,542,23.636,595.024,0.471,0.973
244,9,1,34.0,336.744,0.764,544,23.526,600.984,0.475,0.975
245,11,4,33.209,342.326,0.77,546,14.141,598.174,0.485,0.962
246,12,3,33.279,336.674,0.755,550,19.637,601.136,0.49,0.971
247,8,2,32.674,329.767,0.754,553,19.863,587.461,0.49,0.966
248,7,0,32.767,328.977,0.754,552,18.477,586.389,0.488,0.964
249,7,0,32.721,329.233,0.755,551,18.616,579.196,0.482,0.961
250,6,0,32.721,329.233,0.758,551,20.054,572.675,0.48,0.961
251,7,0,32.907,329.233,0.759,552,20.008,582.61,0.482,0.964
252,8,1,32.953,327.0,0.759,554,24.119,570.654,0.481,0.969
253,7,1,33.465,327.0,0.765,554,24.022,584.229,0.482,0.974
254,12,1,33.442,326.814,0.767,555,24.067,578.814,0.481,0.973
255,10,1,34.233,329.86,0.768,562,23.745,609.235,0.489,0.981
256,7,1,34.163,328.86,0.764,565,23.697,614.623,0.493,0.982
257,2,1,34.302,328.744,0.766,561,24.148,613.701,0.487,0.981
258,4,0,34.349,329.651,0.767,559,24.038,614.19,0.485,0.981
259,10,1,34.535,330.279,0.768,555,23.896,622.513,0.483,0.981
260,11,3,34.907,330.279,0.765,558,23.846,627.193,0.486,0.984
261,7,2,34.953,330.279,0.769,553,23.961,621.23,0.483,0.983
262,8,1,34.953,330.279,0.768,555,23.893,622.94,0.485,0.984
263,5,0,35.047,330.279,0.767,553,23.996,624.287,0.483,0.984
264,5,0,35.0,330.279,0.769,549,24.001,623.779,0.481,0.983
265,7,0,35.837,330.279,0.769,548,23.825,642.779,0.482,0.987
266,9,0,35.698,330.372,0.765,553,23.481,649.473,0.484,0.987
267,12,2,35.279,330.372,0.766,557,23.553,651.184,0.486,0.985
268,10,2,35.349,330.465,0.768,558,23.629,649.725,0.483,0.985
269,4,0,35.349,330.465,0.769,559,23.588,656.048,0.487,0.986
270,12,2,34.884,330.326,0.767,563,23.647,651.439,0.488,0.984
271,12,0,35.047,330.326,0.765,570,23.48,654.818,0.497,0.987
272,4,0,35.233,330.326,0.769,567,23.478,653.659,0.494,0.987
273,6,0,35.279,330.442,0.771,568,23.513,656.264,0.494,0.987
274,11,2,35.349,330.628,0.77,570,23.614,651.872,0.495,0.987
275,13,0,35.442,330.628,0.77,576,23.446,672.067,0.503,0.989
276,11,0,35.349,331.233,0.767,582,23.388,675.196,0.508,0.99
277,9,1,35.488,331.07,0.77,585,19.225,674.285,0.509,0.989
278,3,1,35.326,330.93,0.767,579,23.482,657.99,0.504,0.989
279,12,2,35.698,334.14,0.776,580,19.234,668.877,0.501,0.988
280,12,3,35.326,329.419,0.762,584,23.412,668.138,0.505,0.989
281,7,1,35.279,329.442,0.765,586,23.47,662.687,0.503,0.989
282,7,0,35.419,329.442,0.766,582,23.58,658.397,0.501,0.989
283,8,1,35.326,329.558,0.766,585,23.651,653.871,0.499,0.988
284,8,2,35.372,329.558,0.77,584,23.613,657.844,0.498,0.988
285,12,4,35.628,329.605,0.769,585,23.532,659.853,0.498,0.989
286,9,0,35.814,329.605,0.769,587,23.548,665.799,0.499,0.99
287,12,0,36.0,329.605,0.776,593,23.409,668.211,0.503,0.991
288,6,0,36.372,329.605,0.779,593,23.243,680.016,0.504,0.992
289,6,2,36.721,329.605,0.781,594,23.094,691.627,0.506,0.993
290,5,1,36.837,329.767,0.782,592,23.069,692.896,0.505,0.993
291,11,1,36.465,329.767,0.78,598,23.012,689.758,0.508,0.993
292,6,2,36.605,329.767,0.78,592,23.082,689.661,0.504,0.992
293,11,0,37.047,328.163,0.778,597,23.072,701.258,0.508,0.994
294,10,1,37.116,328.047,0.776,600,23.018,698.261,0.512,0.994
295,4,0,37.349,328.047,0.774,599,22.999,703.593,0.508,0.994
296,12,1,37.047,328.233,0.773,599,22.985,693.028,0.509,0.994
297,10,0,37.395,328.651,0.777,597,23.019,696.504,0.505,0.994
298,6,0,37.0,329.07,0.767,598,23.07,688.914,0.503,0.993
299,6,0,36.907,328.209,0.768,597,23.149,680.177,0.499,0.993
300,7,2,37.512,328.209,0.77,594,23.093,688.644,0.496,0.994
301,11,1,37.465,333.907,0.769,597,17.446,698.766,0.499,0.992
302,13,2,37.163,324.86,0.768,599,23.187,691.997,0.496,0.993
303,2,0,37.209,324.674,0.769,594,23.606,685.9,0.491,0.993
304,8,0,37.767,325.116,0.77,589,17.997,696.027,0.492,0.993
305,4,0,37.628,325.116,0.768,590,18.007,692.5,0.492,0.992
306,6,0,37.907,325.116,0.772,589,18.006,699.179,0.491,0.993
307,10,0,37.907,328.605,0.783,595,15.965,712.188,0.497,0.993
308,9,2,37.837,320.907,0.776,591,23.262,697.84,0.49,0.994
309,8,2,37.651,320.907,0.777,594,23.281,692.921,0.49,0.993
310,5,3,37.86,322.023,0.778,587,23.362,688.294,0.485,0.993
311,7,0,38.093,322.023,0.773,587,23.286,686.502,0.485,0.994
312,5,0,38.093,322.023,0.772,581,23.248,683.653,0.481,0.993
313,9,0,37.698,322.023,0.774,585,23.302,678.355,0.485,0.993
314,7,0,37.884,322.023,0.777,585,23.278,682.824,0.485,0.993
315,7,1,38.209,331.116,0.776,587,22.871,695.876,0.49,0.994
316,6,1,38.023,331.023,0.774,584,22.962,686.975,0.486,0.994
317,4,0,38.116,331.186,0.775,578,22.986,682.027,0.483,0.994
318,7,0,37.977,331.186,0.775,579,23.115,677.235,0.479,0.993
319,13,0,38.256,331.721,0.775,589,22.963,686.863,0.484,0.994
320,3,0,38.349,333.14,0.775,583,23.075,685.906,0.481,0.994
321,11,2,38.395,334.488,0.777,587,23.056,678.463,0.483,0.994
322,6,0,38.256,334.488,0.776,589,23.031,679.352,0.483,0.994
323,12,1,38.581,334.488,0.773,593,17.567,694.296,0.491,0.994
324,7,0,38.953,334.488,0.777,596,17.443,705.666,0.497,0.995
325,7,1,38.744,334.326,0.775,596,22.811,699.658,0.496,0.996
326,6,0,39.349,334.326,0.777,590,22.861,694.32,0.49,0.996
327,13,0,39.395,334.326,0.778,599,22.725,707.304,0.497,0.996
328,4,0,39.488,333.279,0.783,596,18.529,713.571,0.496,0.996
329,4,1,39.442,333.279,0.779,590,22.847,701.611,0.493,0.996
330,13,4,39.581,333.302,0.779,593,22.805,703.661,0.494,0.997
331,4,0,39.419,332.977,0.779,587,22.859,698.334,0.491,0.996
332,5,1,39.535,332.977,0.778,585,17.498,698.199,0.491,0.996
333,4,2,39.209,332.977,0.775,583,22.915,692.262,0.489,0.996
334,10,3,39.767,332.977,0.777,584,22.959,700.259,0.489,0.996
335,7,1,39.814,333.047,0.777,584,22.992,700.773,0.488,0.996
336,5,1,39.163,333.256,0.77,580,23.121,690.2,0.486,0.996
337,8,2,38.977,333.256,0.766,578,23.177,681.749,0.485,0.995
338,6,0,39.326,333.163,0.77,578,19.224,690.233,0.487,0.995
339,5,0,39.186,333.163,0.769,572,19.304,690.13,0.482,0.995
340,8,2,38.791,332.86,0.765,571,23.35,694.758,0.481,0.995
341,8,2,38.884,332.86,0.764,571,23.342,692.378,0.478,0.995
342,8,2,38.372,333.372,0.759,569,23.407,680.78,0.477,0.994
343,13,3,38.744,333.372,0.763,568,23.448,686.63,0.475,0.994
344,11,0,39.721,333.372,0.765,569,23.425,703.007,0.472,0.995
345,8,0,39.442,333.628,0.763,572,23.324,703.591,0.476,0.995
346,5,0,39.721,333.628,0.764,569,23.365,706.339,0.472,0.995
347,12,1,39.953,333.628,0.771,575,23.211,720.642,0.478,0.996
348,11,0,40.023,334.093,0.771,579,23.132,726.416,0.481,0.996
349,10,0,40.047,336.791,0.772,580,23.131,732.025,0.482,0.996
350,3,1,40.116,336.791,0.773,574,23.21,726.552,0.477,0.996
351,5,0,40.395,336.791,0.779,573,18.959,734.158,0.478,0.996
352,7,0,40.047,336.814,0.778,573,18.925,733.008,0.477,0.996
353,6,2,38.721,335.674,0.772,574,19.117,714.316,0.476,0.993
354,6,0,38.628,335.279,0.771,576,19.1,716.643,0.477,0.993
355,10,2,38.209,336.512,0.762,576,23.425,702.034,0.476,0.993
356,10,0,38.349,336.488,0.758,576,23.478,705.599,0.478,0.994
357,6,0,38.163,336.488,0.76,576,23.541,697.268,0.475,0.993
358,1,0,38.442,336.488,0.76,570,23.624,699.358,0.468,0.993
359,13,1,38.791,336.488,0.766,571,19.569,702.149,0.467,0.993
360,8,0,38.605,336.302,0.765,577,19.53,702.416,0.47,0.993
361,8,0,38.698,336.302,0.762,576,19.529,702.149,0.466,0.992
362,13,0,38.977,336.326,0.772,580,19.311,711.956,0.473,0.993
363,6,0,38.953,336.326,0.766,579,17.925,717.664,0.474,0.993
364,7,1,36.209,345.791,0.739,578,22.996,651.702,0.468,0.986
365,7,0,36.07,345.791,0.739,577,22.997,652.608,0.467,0.985
366,5,0,36.535,345.791,0.744,577,22.946,655.125,0.466,0.986
367,8,1,36.163,345.791,0.742,577,22.931,654.547,0.465,0.985
368,6,0,36.767,345.791,0.746,573,22.895,654.607,0.461,0.986
369,9,1,36.953,347.233,0.745,567,19.075,657.021,0.459,0.985
370,2,0,36.907,347.233,0.745,563,19.17,649.648,0.456,0.984
371,11,0,36.953,347.488,0.748,567,19.219,646.455,0.456,0.984
372,8,0,37.372,347.488,0.746,570,13.787,660.409,0.46,0.985
373,7,0,37.465,347.488,0.748,571,13.673,657.415,0.456,0.984
374,6,0,37.419,347.488,0.746,568,13.642,661.637,0.456,0.984
375,9,1,37.465,347.558,0.748,570,18.97,670.888,0.457,0.987
376,6,0,37.14,347.558,0.743,569,19.043,665.956,0.459,0.986
377,13,0,36.884,347.744,0.746,576,22.766,674.995,0.464,0.987
378,7,1,36.791,347.744,0.749,575,22.804,675.08,0.463,0.987
379,5,0,36.837,347.744,0.751,572,22.87,668.854,0.458,0.986
380,8,0,21.209,344.721,0.637,572,27.321,367.235,0.458,0.387
381,6,0,21.628,344.744,0.638,569,27.456,374.627,0.454,0.404
382,8,0,22.372,345.07,0.645,571,27.007,390.981,0.454,0.458
383,11,0,23.256,344.326,0.665,568,22.989,411.19,0.462,0.521
384,6,1,23.814,345.302,0.673,567,22.994,416.931,0.459,0.555
385,5,0,24.558,345.349,0.68,566,22.614,431.347,0.461,0.614
386,6,0,24.977,345.349,0.685,564,22.557,435.372,0.46,0.643
387,10,0,24.93,322.186,0.686,564,27.158,440.63,0.463,0.682
388,4,0,25.395,322.186,0.695,566,27.054,446.912,0.464,0.715
389,11,1,25.907,322.186,0.695,568,26.863,458.103,0.465,0.749
390,10,0,26.14,321.302,0.703,571,26.68,468.448,0.468,0.768
391,7,0,26.698,321.419,0.703,570,26.249,483.313,0.469,0.799
392,7,0,26.395,321.14,0.701,573,26.213,481.143,0.474,0.794
393,5,0,26.767,320.721,0.702,572,26.165,490.435,0.474,0.812
394,6,0,27.233,320.86,0.697,572,25.593,496.748,0.473,0.83
395,10,1,27.907,320.86,0.699,572,25.311,505.501,0.472,0.854
396,9,0,27.953,322.442,0.699,578,24.923,520.114,0.482,0.871
397,5,1,28.349,322.442,0.699,572,24.982,522.149,0.477,0.877
398,6,0,28.767,328.163,0.706,573,20.808,528.797,0.476,0.875
399,5,0,28.907,328.163,0.716,569,15.582,529.569,0.476,0.86
400,8,0,29.465,328.163,0.719,569,15.464,538.583,0.476,0.879
401,2,0,29.651,327.465,0.723,564,15.532,534.255,0.47,0.876
402,2,0,30.116,327.465,0.731,562,14.118,540.116,0.466,0.88
403,9,1,30.14,329.977,0.735,564,19.666,541.707,0.468,0.902
404,7,0,30.581,329.209,0.737,561,18.983,549.938,0.469,0.912
405,12,0,31.233,329.767,0.739,567,18.782,566.1,0.475,0.933
406,8,0,31.302,329.977,0.738,563,18.91,562.472,0.47,0.93
407,6,0,30.791,325.186,0.719,568,24.984,564.807,0.477,0.939
408,6,1,30.93,324.698,0.723,559,25.119,557.934,0.47,0.935
409,11,0,31.907,324.698,0.726,563,24.861,585.33,0.475,0.954
410,4,1,32.093,324.698,0.726,564,24.831,588.93,0.476,0.957
411,13,2,25.698,336.953,0.687,565,29.696,461.94,0.471,0.77
412,3,0,26.512,336.791,0.687,555,29.642,469.261,0.466,0.8
413,6,0,27.0,336.791,0.689,555,29.463,486.745,0.47,0.831
414,5,0,27.14,336.977,0.692,559,29.411,490.953,0.473,0.842
415,9,0,27.605,334.791,0.695,559,29.357,495.526,0.475,0.864
416,12,0,27.791,334.837,0.699,569,29.235,503.53,0.481,0.88
417,13,0,28.674,334.953,0.707,573,23.057,517.495,0.484,0.892
418,5,0,29.233,334.953,0.709,569,23.057,525.123,0.479,0.901
419,6,0,29.651,334.953,0.714,568,22.984,529.721,0.476,0.908
420,2,0,29.674,334.674,0.71,559,23.116,531.8,0.467,0.898
421,4,0,29.488,334.605,0.705,556,23.181,525.151,0.465,0.889
422,6,0,30.372,334.651,0.718,552,20.291,537.988,0.463,0.904
423,7,0,30.628,334.698,0.715,548,20.201,539.812,0.464,0.911
424,5,0,30.977,334.442,0.719,537,20.42,535.711,0.456,0.91
425,6,1,30.465,334.581,0.719,538,25.774,531.448,0.459,0.916
426,11,0,30.93,334.581,0.73,541,24.929,539.067,0.459,0.924
427,13,0,31.209,334.767,0.733,549,24.629,556.717,0.465,0.936
428,9,0,31.814,334.767,0.735,553,24.027,565.325,0.471,0.949
429,9,0,32.116,333.744,0.736,557,23.977,572.119,0.472,0.954
430,4,0,32.163,333.581,0.731,552,24.178,560.867,0.462,0.948
431,13,0,32.326,332.419,0.732,561,20.568,580.591,0.468,0.949
432,7,0,32.558,333.209,0.735,561,20.456,587.821,0.466,0.951
433,12,0,31.465,333.209,0.731,568,24.666,598.585,0.471,0.945
434,10,1,31.698,333.372,0.731,569,24.132,611.33,0.471,0.947
435,10,0,32.209,341.814,0.75,576,20.057,625.64,0.479,0.954
436,9,0,31.977,337.14,0.735,574,23.539,629.166,0.474,0.953
437,11,0,32.186,336.419,0.738,574,23.506,635.84,0.475,0.957
438,10,0,32.163,336.419,0.734,577,23.484,637.013,0.474,0.955
439,6,1,32.349,336.419,0.736,577,23.372,640.494,0.475,0.958
440,13,0,32.791,336.721,0.741,584,17.043,662.066,0.479,0.958
441,5,0,33.07,336.721,0.741,582,17.075,661.52,0.476,0.96
442,3,0,33.395,340.721,0.751,575,13.462,673.568,0.475,0.958
443,4,1,33.535,340.721,0.756,572,13.069,671.941,0.471,0.957
444,7,1,32.093,332.442,0.734,571,23.329,634.211,0.468,0.95
445,5,0,31.535,332.442,0.728,566,23.559,613.235,0.459,0.934
446,6,0,32.14,333.116,0.733,562,23.171,626.325,0.46,0.945
447,4,0,33.116,333.116,0.738,556,23.158,635.969,0.456,0.956
448,7,0,33.116,333.116,0.738,559,23.129,639.122,0.459,0.958
449,11,0,33.395,333.326,0.743,562,22.886,647.595,0.465,0.964
450,4,0,33.698,333.326,0.746,558,19.418,648.088,0.46,0.961
451,7,1,32.302,334.465,0.722,558,23.433,615.747,0.461,0.948
452,5,0,32.256,343.14,0.727,555,19.403,614.675,0.457,0.938
453,5,0,32.395,343.0,0.731,545,19.536,600.864,0.449,0.933
454,8,0,32.535,340.093,0.734,552,19.351,608.866,0.456,0.941
455,11,0,33.186,340.512,0.74,559,19.106,630.552,0.465,0.957
456,8,0,33.512,340.651,0.741,554,19.075,624.999,0.463,0.96
457,9,0,33.93,340.791,0.743,555,19.036,627.713,0.46,0.963
458,10,0,34.302,341.302,0.743,555,18.834,635.657,0.462,0.968
459,11,0,34.512,341.302,0.742,560,18.743,653.885,0.469,0.972
460,5,0,34.605,341.302,0.742,560,18.698,663.692,0.471,0.974
461,5,0,32.116,334.884,0.733,557,22.688,599.993,0.466,0.948
462,8,1,32.116,334.884,0.73,560,19.206,606.813,0.471,0.946
463,11,1,32.581,333.605,0.714,566,22.789,628.701,0.475,0.96
464,13,1,33.186,333.605,0.718,572,22.642,649.103,0.478,0.968
465,12,0,33.837,337.233,0.719,574,17.44,667.864,0.481,0.97
466,7,0,33.884,337.233,0.721,578,17.395,670.96,0.483,0.972
467,11,2,33.558,337.256,0.713,579,22.783,652.63,0.481,0.973
468,13,0,33.651,337.256,0.715,586,22.724,661.388,0.484,0.975
469,9,0,33.535,326.977,0.713,587,22.918,661.773,0.488,0.975
470,7,1,33.674,326.977,0.714,588,22.892,663.749,0.489,0.977
471,12,2,33.791,327.116,0.719,587,22.518,662.94,0.487,0.977
472,9,2,33.791,326.744,0.726,590,22.447,673.285,0.489,0.977
473,13,1,33.419,326.977,0.729,595,22.484,667.328,0.489,0.975
474,5,0,33.488,326.953,0.729,593,22.442,671.845,0.488,0.975
475,9,0,33.14,325.977,0.728,595,22.582,667.942,0.489,0.972
476,13,1,33.186,327.744,0.731,601,22.443,675.55,0.495,0.975
477,8,0,33.512,328.256,0.733,604,22.355,687.7,0.499,0.979
478,11,3,34.023,328.256,0.73,603,18.835,697.15,0.497,0.979
479,10,0,34.07,328.256,0.727,611,18.619,705.593,0.505,0.981
480,11,1,34.256,327.953,0.724,609,22.81,703.983,0.505,0.985
481,13,3,34.884,327.953,0.737,610,22.589,718.257,0.505,0.987
482,5,1,35.442,327.907,0.74,606,22.509,726.994,0.504,0.989
483,9,1,35.907,327.907,0.742,608,22.36,740.894,0.507,0.991
484,9,1,35.767,327.907,0.741,612,22.345,744.07,0.509,0.991
485,4,0,35.907,327.907,0.743,609,22.415,740.893,0.504,0.99
486,4,0,35.977,327.907,0.745,605,22.456,736.944,0.502,0.99
487,12,2,36.0,327.907,0.746,610,17.408,736.349,0.503,0.989
488,13,1,36.442,338.163,0.752,618,18.515,764.586,0.514,0.992
489,12,4,35.721,338.163,0.748,619,22.83,744.197,0.515,0.992
490,9,0,35.535,337.814,0.747,619,22.813,739.012,0.514,0.991
491,5,0,35.419,337.744,0.749,614,22.846,726.554,0.512,0.99
492,10,0,35.07,337.744,0.749,618,22.772,718.257,0.517,0.99
493,5,0,35.023,337.674,0.75,616,22.305,713.144,0.516,0.989
494,7,1,34.884,337.674,0.75,616,22.374,706.112,0.513,0.988
495,7,0,35.163,337.767,0.75,619,22.34,710.713,0.513,0.989
496,10,1,35.395,337.767,0.752,619,22.305,712.755,0.51,0.99
497,11,1,35.07,337.674,0.746,619,22.489,695.654,0.503,0.987
498,3,0,35.163,337.674,0.749,614,22.475,701.42,0.502,0.988
499,9,0,35.256,337.837,0.752,618,21.929,713.254,0.507,0.989
500,12,1,35.256,338.744,0.758,624,21.819,719.507,0.514,0.99
501,4,1,35.512,338.93,0.755,617,21.837,724.523,0.511,0.99
502,6,3,35.674,338.93,0.755,617,16.975,725.66,0.512,0.989
503,6,1,36.023,338.86,0.757,613,22.333,723.725,0.508,0.991
504,6,0,36.116,338.86,0.756,611,22.355,727.747,0.506,0.991
505,8,0,36.488,338.86,0.755,613,22.278,737.105,0.511,0.993
506,9,1,35.767,337.372,0.764,611,22.44,724.625,0.506,0.99
507,9,0,36.093,337.442,0.763,617,22.206,735.093,0.512,0.992
508,12,2,35.907,337.837,0.758,619,22.111,738.169,0.517,0.992
509,6,0,36.14,337.837,0.76,618,22.072,741.181,0.516,0.992
510,3,0,36.977,337.767,0.763,608,22.065,742.595,0.505,0.993
511,3,1,37.023,337.767,0.765,605,22.112,740.414,0.503,0.993
512,13,1,37.628,337.767,0.767,606,22.067,750.001,0.502,0.994
513,8,0,37.326,337.581,0.765,604,22.165,736.203,0.498,0.993
514,9,1,37.372,337.116,0.769,604,22.14,740.252,0.497,0.993
515,13,3,37.605,337.326,0.766,604,22.13,741.491,0.497,0.994
516,10,3,37.419,337.326,0.768,600,22.184,729.334,0.493,0.993
517,12,0,37.116,337.326,0.77,606,22.094,731.732,0.498,0.993
518,9,0,37.233,337.326,0.77,610,22.14,733.24,0.497,0.993
519,4,0,37.558,337.326,0.772,609,22.259,742.755,0.493,0.993
520,6,1,37.512,337.326,0.771,606,22.212,742.04,0.491,0.993
521,10,1,37.744,337.558,0.77,606,22.169,750.034,0.494,0.994
522,7,1,36.907,337.558,0.769,606,22.333,727.189,0.492,0.992
523,6,0,37.209,337.628,0.772,601,22.391,729.549,0.488,0.992
524,8,0,37.302,337.628,0.774,602,18.271,723.514,0.49,0.991
525,11,1,37.279,339.023,0.774,604,18.37,715.087,0.494,0.992
526,9,1,36.116,338.465,0.762,605,22.574,685.916,0.494,0.99
527,10,1,36.581,338.465,0.761,601,22.572,683.779,0.489,0.99
528,7,0,36.488,337.372,0.771,602,18.46,692.463,0.491,0.989
529,7,0,36.581,337.372,0.775,605,18.355,706.48,0.497,0.99
530,2,0,36.605,337.372,0.775,604,18.391,706.201,0.496,0.99
531,8,0,36.791,337.163,0.783,604,17.021,710.646,0.495,0.99
532,8,0,37.256,337.674,0.786,605,16.99,725.287,0.495,0.991
533,7,1,36.186,334.326,0.753,605,22.609,699.07,0.495,0.99
534,11,2,36.233,334.233,0.755,610,18.511,714.964,0.501,0.99
535,11,1,36.419,333.302,0.757,612,22.769,716.492,0.502,0.992
536,7,2,36.558,332.395,0.756,609,22.8,715.111,0.5,0.992
537,4,0,36.791,332.209,0.758,602,22.861,708.614,0.496,0.992
538,10,4,36.744,332.209,0.758,605,22.78,707.112,0.499,0.992
539,9,2,36.605,333.233,0.76,606,17.069,708.998,0.499,0.99
540,7,1,36.837,332.023,0.755,605,22.829,712.142,0.497,0.992
541,9,2,36.674,333.814,0.758,603,22.933,705.84,0.493,0.991
542,10,3,37.047,333.814,0.759,603,22.876,712.526,0.493,0.992
543,8,1,37.093,333.814,0.755,607,22.761,722.407,0.498,0.993
544,7,0,36.953,333.814,0.753,611,22.731,726.487,0.501,0.993
545,7,1,36.907,334.047,0.754,612,22.718,731.062,0.502,0.993
546,8,1,36.86,334.047,0.757,608,19.05,724.617,0.496,0.991
547,11,1,34.163,325.884,0.744,612,19.5,661.137,0.495,0.979
548,6,1,33.907,322.791,0.75,610,23.924,640.297,0.491,0.98
549,8,2,34.326,322.628,0.751,604,24.217,641.366,0.482,0.98
550,8,0,34.465,322.628,0.741,607,24.165,650.282,0.485,0.981
551,2,0,34.814,322.628,0.744,598,24.292,645.082,0.476,0.981
552,8,0,35.326,322.628,0.747,600,24.226,662.63,0.48,0.985
553,6,0,35.302,322.721,0.747,600,24.221,665.812,0.482,0.985
554,10,1,35.279,323.419,0.742,596,24.298,669.49,0.484,0.985
555,6,1,35.884,323.093,0.742,593,24.276,678.564,0.481,0.987
556,9,0,35.837,324.744,0.746,594,24.269,683.267,0.481,0.987
557,9,3,35.465,324.744,0.747,595,24.341,677.789,0.48,0.985
558,12,1,35.977,332.674,0.765,597,18.415,699.333,0.48,0.985
559,3,0,36.116,332.674,0.764,596,18.4,701.339,0.481,0.986
560,8,0,34.302,322.628,0.747,599,24.089,662.271,0.484,0.98
561,11,2,34.442,322.814,0.748,603,23.894,661.16,0.492,0.983
562,5,0,34.86,324.349,0.747,604,23.918,670.539,0.494,0.985
563,9,2,35.279,324.349,0.748,600,24.052,666.97,0.49,0.986
564,4,0,35.14,325.535,0.748,598,24.125,659.692,0.49,0.986
