1,4,21,10,6,76
1,4,21,18,8,70
1,4,5,12,2,44
1,4,23,20,3,57
2,6,5,23,2,6
2,6,2,23,2,51
2,6,12,20,7,145
2,6,7,10,4,523
2,6,12,22,1,26
2,6,20,5,2,22
3,8,10,0,8,31
3,8,8,7,8,50
3,8,14,18,6,114
3,8,12,11,1,81
3,8,23,19,4,88
3,8,22,13,2,61
3,8,19,10,7,2
3,8,7,5,2,26
4,4,23,2,3,6
4,4,16,4,5,7
4,4,19,15,6,135
4,4,9,23,3,10
5,6,18,8,5,4
5,6,5,12,8,30
5,6,19,16,3,26
5,6,0,13,4,15
5,6,6,8,2,100
5,6,16,12,7,23
6,4,3,19,3,14
6,4,15,23,2,101
6,4,16,10,4,8
6,4,10,9,8,10
7,8,6,14,7,58
7,8,10,23,5,188
7,8,18,0,2,52
7,8,3,14,4,42
7,8,20,7,5,55
7,8,2,22,1,99
7,8,7,1,2,6
7,8,20,22,2,104
8,10,19,4,8,4
8,10,5,1,2,15
8,10,15,8,2,18
8,10,4,22,6,3
8,10,10,19,3,55
8,10,17,10,1,108
8,10,10,18,5,11
8,10,5,2,7,89
8,10,19,10,3,70
8,10,0,16,6,382
9,8,8,3,1,221
9,8,23,15,1,59
9,8,7,21,8,53
9,8,9,8,8,44
9,8,7,3,3,30
9,8,2,22,7,212
9,8,6,13,5,64
9,8,8,11,2,43
10,3,4,12,5,37
10,3,6,18,1,32
10,3,0,18,7,24
11,6,22,2,5,82
11,6,23,3,7,8
11,6,23,22,1,10
11,6,4,7,1,1
11,6,7,11,1,31
11,6,18,8,2,71
12,8,10,14,6,37
12,8,1,9,7,49
12,8,4,13,3,151
12,8,11,3,3,15
12,8,22,19,4,2
12,8,8,6,3,84
12,8,13,16,8,204
12,8,2,0,5,70
13,6,11,5,6,35
13,6,20,19,3,75
13,6,20,9,5,175
13,6,8,16,2,178
13,6,9,15,1,186
13,6,17,7,1,139
14,3,9,14,5,24
14,3,8,12,1,153
14,3,6,20,1,75
15,2,20,13,4,61
15,2,13,15,3,295
16,8,19,8,6,48
16,8,14,3,2,277
16,8,3,1,2,27
16,8,5,14,3,40
16,8,8,23,6,32
16,8,12,13,8,15
16,8,2,17,5,142
16,8,3,1,8,74
17,6,13,0,8,62
17,6,11,5,1,162
17,6,14,6,4,92
17,6,2,6,2,48
17,6,20,19,8,99
17,6,10,6,3,284
18,7,4,2,2,49
18,7,9,14,2,49
18,7,2,4,3,17
18,7,15,12,1,99
18,7,4,3,5,122
18,7,18,3,7,44
18,7,13,7,8,1
19,2,22,18,6,11
19,2,12,15,1,78
20,7,3,11,3,7
20,7,23,0,2,46
20,7,1,7,5,76
20,7,10,3,8,2
20,7,5,8,3,42
20,7,10,7,6,466
20,7,8,20,2,12
21,5,16,3,6,157
21,5,6,18,8,81
21,5,9,21,7,14
21,5,23,15,1,119
21,5,21,2,8,105
22,9,13,15,8,63
22,9,15,7,3,51
22,9,16,11,3,86
22,9,21,23,4,411
22,9,8,21,8,430
22,9,2,18,4,4
22,9,22,1,6,79
22,9,4,8,3,31
22,9,16,23,1,57
23,13,9,18,4,23
23,13,22,17,1,193
23,13,20,18,7,29
23,13,7,18,5,26
23,13,5,21,4,67
23,13,23,13,1,27
23,13,2,9,6,9
23,13,2,16,6,88
23,13,11,7,4,61
23,13,6,22,1,50
23,13,23,18,5,4
23,13,14,11,6,305
23,13,10,18,2,199
24,7,21,15,2,11
24,7,22,16,3,78
24,7,13,18,3,173
24,7,15,11,1,83
24,7,13,12,8,64
24,7,8,1,7,114
24,7,9,2,5,71
25,4,14,1,4,118
25,4,8,7,2,148
25,4,18,22,5,4
25,4,16,20,8,72
26,10,1,7,7,83
26,10,6,12,7,59
26,10,18,0,6,12
26,10,5,14,7,14
26,10,18,12,8,39
26,10,12,19,8,82
26,10,8,13,8,84
26,10,8,4,8,47
26,10,18,0,5,153
26,10,20,3,8,41
27,4,17,7,5,98
27,4,7,15,8,166
27,4,19,14,2,312
27,4,16,0,2,379
28,7,7,2,4,6
28,7,4,21,4,13
28,7,15,13,6,81
28,7,11,10,3,97
28,7,16,19,8,1
28,7,1,16,8,16
28,7,23,16,2,14
29,7,6,22,2,66
29,7,9,2,1,17
29,7,9,10,7,13
29,7,15,8,6,77
29,7,15,23,4,242
29,7,12,4,3,109
29,7,11,10,7,94
30,9,6,22,6,75
30,9,19,3,1,17
30,9,21,8,1,146
30,9,5,11,5,24
30,9,1,6,5,133
30,9,13,6,5,75
30,9,23,10,6,166
30,9,6,5,3,7
30,9,9,17,7,175
31,8,4,7,8,116
31,8,11,19,6,38
31,8,22,12,1,33
31,8,6,9,8,94
31,8,18,15,3,137
31,8,13,12,2,153
31,8,6,3,8,25
31,8,20,11,8,154
32,6,1,16,2,68
32,6,7,2,7,97
32,6,12,20,7,30
32,6,14,17,7,5
32,6,14,7,6,72
32,6,10,4,8,82
33,1,9,8,2,32
34,7,0,16,8,9
34,7,18,4,7,120
34,7,0,12,3,77
34,7,21,1,7,156
34,7,18,0,2,22
34,7,17,6,4,89
34,7,22,21,1,156
35,5,11,2,5,18
35,5,4,15,4,218
35,5,22,19,4,22
35,5,21,6,7,24
35,5,7,3,5,17
36,4,21,10,1,94
36,4,11,0,3,11
36,4,2,18,6,23
36,4,4,21,1,71
37,5,20,11,6,222
37,5,22,11,7,89
37,5,4,15,1,10
37,5,22,5,7,65
37,5,11,13,7,182
38,5,14,15,6,55
38,5,2,9,1,315
38,5,23,15,4,18
38,5,14,0,1,292
38,5,13,18,3,215
39,6,4,11,1,1
39,6,20,6,4,233
39,6,17,13,5,6
39,6,14,6,8,12
39,6,20,5,5,167
39,6,20,6,2,46
40,6,7,14,1,99
40,6,0,2,6,9
40,6,5,13,1,16
40,6,7,21,6,406
40,6,11,1,2,57
40,6,16,3,4,50
41,3,5,2,1,20
41,3,11,17,7,2
41,3,5,2,3,34
42,6,19,14,6,82
42,6,9,22,5,51
42,6,20,4,3,18
42,6,6,14,2,49
42,6,21,15,5,125
42,6,3,17,6,111
43,2,1,16,4,147
43,2,13,22,1,23
44,5,0,16,7,50
44,5,9,19,5,32
44,5,0,10,2,57
44,5,21,13,7,3
44,5,1,12,4,60
45,7,0,23,6,23
45,7,19,20,5,30
45,7,4,3,7,53
45,7,6,14,6,19
45,7,19,14,5,12
45,7,9,13,4,1
45,7,6,17,2,19
46,6,23,17,2,73
46,6,13,7,5,52
46,6,12,21,8,86
46,6,8,1,1,16
46,6,20,17,4,56
46,6,6,4,1,16
47,7,2,9,2,306
47,7,21,14,3,55
47,7,10,2,5,84
47,7,12,22,3,7
47,7,17,8,5,71
47,7,5,4,3,30
47,7,22,16,1,171
48,6,10,12,8,24
48,6,15,11,3,114
48,6,2,5,1,28
48,6,9,0,7,148
48,6,6,21,8,6
48,6,22,16,5,170
49,6,21,20,4,8
49,6,7,12,1,41
49,6,4,11,4,14
49,6,18,19,7,98
49,6,21,9,2,403
49,6,20,6,3,30
50,7,3,23,7,37
50,7,15,20,3,82
50,7,0,13,1,60
50,7,12,7,8,5
50,7,9,14,3,103
50,7,22,6,2,20
50,7,17,16,5,219
51,9,3,16,7,201
51,9,16,18,5,125
51,9,1,10,7,86
51,9,3,22,6,118
51,9,4,10,6,125
51,9,5,16,2,7
51,9,23,22,8,3
51,9,4,23,1,57
51,9,11,10,1,10
52,8,12,3,6,61
52,8,15,5,8,219
52,8,22,5,2,30
52,8,11,22,2,82
52,8,13,12,3,141
52,8,12,9,2,32
52,8,14,19,7,12
52,8,12,21,2,67
53,7,23,6,8,2
53,7,13,21,2,101
53,7,9,22,6,32
53,7,22,23,3,71
53,7,3,16,6,77
53,7,5,8,8,59
53,7,23,21,2,109
54,3,22,12,7,244
54,3,6,2,5,128
54,3,10,0,3,18
55,4,15,2,8,202
55,4,21,20,1,212
55,4,20,13,1,163
55,4,13,3,8,184
56,9,16,14,8,162
56,9,13,22,4,4
56,9,7,11,8,286
56,9,6,11,5,357
56,9,20,12,7,12
56,9,19,1,1,150
56,9,14,16,5,143
56,9,16,0,7,30
56,9,8,5,5,73
57,6,19,7,8,119
57,6,16,8,1,33
57,6,2,20,6,23
57,6,16,4,3,205
57,6,22,7,3,22
57,6,15,23,7,33
58,9,4,18,3,129
58,9,0,9,8,106
58,9,13,23,8,20
58,9,23,10,5,1
58,9,23,1,8,7
58,9,5,11,2,43
58,9,16,15,7,26
58,9,3,5,8,228
58,9,7,23,5,78
59,4,12,18,6,106
59,4,3,15,7,105
59,4,0,13,4,18
59,4,20,9,8,30
60,9,2,18,2,38
60,9,16,12,7,51
60,9,4,10,1,258
60,9,13,4,5,62
60,9,20,19,5,49
60,9,4,22,3,289
60,9,15,18,7,68
60,9,17,23,7,155
60,9,3,0,7,200
61,4,16,13,1,133
61,4,16,12,3,208
61,4,9,21,3,95
61,4,8,18,3,35
62,4,17,23,5,11
62,4,17,14,1,72
62,4,5,22,5,79
62,4,2,17,1,39
63,7,4,22,8,44
63,7,11,23,5,25
63,7,9,13,7,121
63,7,12,2,2,3
63,7,5,11,8,220
63,7,18,6,3,37
63,7,22,0,3,142
64,8,15,9,1,87
64,8,7,5,1,91
64,8,3,12,5,316
64,8,15,19,2,28
64,8,6,0,7,12
64,8,5,4,3,70
64,8,13,18,7,75
64,8,18,21,4,82
65,4,10,8,2,133
65,4,10,0,7,62
65,4,12,17,1,121
65,4,23,18,5,79
66,10,21,9,1,37
66,10,23,16,7,331
66,10,8,18,5,30
66,10,16,0,8,9
66,10,23,21,5,18
66,10,5,3,6,78
66,10,8,15,2,160
66,10,18,4,1,532
66,10,1,18,7,133
66,10,12,14,4,123
67,5,22,11,3,164
67,5,22,5,6,151
67,5,15,13,8,76
67,5,4,14,8,32
67,5,19,0,2,92
68,8,16,20,1,34
68,8,5,12,5,27
68,8,1,12,8,155
68,8,18,20,2,332
68,8,22,11,8,84
68,8,8,2,4,185
68,8,17,20,8,177
68,8,18,22,3,181
69,8,19,7,2,1
69,8,1,14,6,7
69,8,6,9,8,74
69,8,5,10,3,63
69,8,1,4,7,17
69,8,18,9,2,64
69,8,14,1,7,106
69,8,12,4,4,208
70,7,21,8,2,193
70,7,2,15,2,108
70,7,2,20,7,91
70,7,14,8,2,8
70,7,5,9,5,59
70,7,4,11,1,43
70,7,9,21,8,38
71,7,22,21,2,96
71,7,15,5,3,82
71,7,16,7,5,60
71,7,10,1,2,36
71,7,7,18,3,178
71,7,1,19,3,261
71,7,22,15,8,19
72,3,17,18,7,30
72,3,15,11,1,132
72,3,22,1,5,117
73,9,1,3,2,57
73,9,12,1,1,178
73,9,3,4,1,147
73,9,6,16,3,61
73,9,18,4,3,85
73,9,22,23,8,67
73,9,23,19,5,148
73,9,3,15,7,256
73,9,15,22,2,6
74,1,3,7,6,27
75,4,1,13,3,48
75,4,18,7,2,54
75,4,20,18,4,183
75,4,8,17,4,36
76,5,2,19,6,71
76,5,1,11,1,94
76,5,7,1,5,160
76,5,13,2,3,100
76,5,1,10,4,107
77,11,8,5,7,28
77,11,17,16,5,17
77,11,7,2,6,9
77,11,21,15,4,171
77,11,11,17,7,147
77,11,14,5,6,220
77,11,4,10,2,73
77,11,16,4,4,234
77,11,7,2,4,27
77,11,8,9,6,20
77,11,16,4,6,56
78,4,10,5,2,22
78,4,10,6,4,8
78,4,8,22,3,104
78,4,0,16,7,5
79,9,1,17,3,67
79,9,13,3,1,13
79,9,1,17,8,104
79,9,14,1,7,67
79,9,20,2,6,226
79,9,19,20,6,64
79,9,6,5,5,11
79,9,4,0,1,37
79,9,20,21,2,69
80,4,13,20,1,63
80,4,22,17,2,29
80,4,12,11,1,94
80,4,12,19,1,32
81,6,0,16,5,24
81,6,10,9,6,65
81,6,23,11,4,106
81,6,1,13,3,314
81,6,7,14,3,16
81,6,21,20,8,15
82,8,16,4,3,57
82,8,6,11,8,16
82,8,18,14,4,111
82,8,17,18,1,8
82,8,3,2,4,31
82,8,11,6,7,50
82,8,4,18,2,31
82,8,18,0,2,120
83,11,0,19,2,98
83,11,11,14,2,5
83,11,13,19,3,591
83,11,2,11,5,238
83,11,14,0,5,134
83,11,7,8,5,212
83,11,2,17,2,165
83,11,9,10,4,49
83,11,0,8,6,210
83,11,19,14,4,173
83,11,10,22,6,251
84,3,3,11,4,53
84,3,14,16,6,34
84,3,6,0,6,163
85,6,2,23,3,189
85,6,20,22,2,25
85,6,8,16,2,6
85,6,23,15,5,25
85,6,8,9,3,53
85,6,18,11,2,122
86,2,8,9,7,5
86,2,17,0,7,183
87,10,22,10,8,12
87,10,15,22,1,23
87,10,7,15,7,33
87,10,4,6,3,146
87,10,11,18,5,12
87,10,23,9,4,113
87,10,7,20,3,190
87,10,4,17,6,16
87,10,17,2,2,6
87,10,21,6,4,173
88,6,6,13,4,77
88,6,2,23,8,195
88,6,10,21,6,27
88,6,0,10,1,147
88,6,18,3,7,7
88,6,4,11,5,148
89,2,23,1,4,177
89,2,6,19,8,49
90,7,21,2,6,71
90,7,5,3,3,135
90,7,11,2,6,85
90,7,18,12,8,131
90,7,5,18,3,30
90,7,0,17,7,44
90,7,15,18,3,54
91,5,10,15,2,89
91,5,2,4,4,446
91,5,11,8,3,39
91,5,1,3,6,51
91,5,3,16,2,97
92,6,22,1,3,171
92,6,9,7,8,45
92,6,0,10,7,5
92,6,19,16,5,67
92,6,10,23,2,22
92,6,0,12,8,36
93,4,1,2,4,16
93,4,3,10,2,41
93,4,10,4,1,17
93,4,13,21,6,18
94,7,22,8,7,211
94,7,3,20,3,9
94,7,8,12,6,154
94,7,13,19,2,72
94,7,19,16,4,183
94,7,0,2,5,161
94,7,2,13,1,316
95,7,6,16,8,240
95,7,2,6,2,25
95,7,1,8,2,133
95,7,0,13,1,24
95,7,1,19,8,324
95,7,17,19,5,80
95,7,18,19,7,39
96,6,9,23,3,81
96,6,0,14,4,19
96,6,5,15,1,8
96,6,12,14,6,34
96,6,14,8,3,138
96,6,11,9,2,246
97,12,3,21,6,16
97,12,18,23,6,48
97,12,23,12,2,338
97,12,1,22,3,102
97,12,21,3,8,32
97,12,4,12,5,4
97,12,12,6,8,2
97,12,11,9,4,29
97,12,10,21,3,164
97,12,19,5,2,30
97,12,9,2,4,132
97,12,22,9,7,13
98,4,4,3,6,50
98,4,0,20,5,29
98,4,8,20,1,164
98,4,3,21,4,291
99,8,2,9,6,64
99,8,4,5,7,170
99,8,23,10,7,372
99,8,10,23,2,58
99,8,6,9,6,13
99,8,2,4,3,295
99,8,1,15,8,41
99,8,4,6,4,42
100,5,14,17,1,13
100,5,5,11,7,113
100,5,13,10,2,118
100,5,6,7,1,11
100,5,17,11,1,149
101,6,23,15,7,252
101,6,10,12,8,121
101,6,7,20,2,118
101,6,3,14,3,25
101,6,19,18,6,1
101,6,1,8,1,13
102,7,16,4,4,54
102,7,4,2,3,22
102,7,6,1,4,37
102,7,3,18,1,34
102,7,6,16,3,65
102,7,10,23,3,198
102,7,22,20,3,1
103,7,16,23,7,89
103,7,14,4,4,10
103,7,11,18,4,36
103,7,5,14,5,8
103,7,16,5,8,56
103,7,23,14,2,86
103,7,23,11,5,2
104,6,8,18,4,91
104,6,7,6,3,223
104,6,14,6,8,13
104,6,0,7,3,76
104,6,9,16,6,30
104,6,15,18,7,204
105,7,6,4,4,68
105,7,19,20,7,29
105,7,19,21,5,149
105,7,8,7,7,121
105,7,16,12,4,171
105,7,5,17,2,179
105,7,15,22,6,35
106,6,16,11,5,27
106,6,8,2,2,33
106,6,2,22,5,88
106,6,21,12,4,10
106,6,17,3,4,15
106,6,8,4,2,44
107,4,14,9,1,7
107,4,7,15,2,39
107,4,20,0,6,15
107,4,7,12,3,20
108,4,23,22,8,54
108,4,5,16,3,13
108,4,20,17,4,25
108,4,1,16,2,2
109,2,7,6,2,63
109,2,12,9,3,4
110,9,11,22,5,47
110,9,22,0,4,69
110,9,5,16,8,72
110,9,14,19,8,31
110,9,7,0,1,36
110,9,2,15,8,86
110,9,15,6,7,167
110,9,1,21,8,55
110,9,15,6,5,75
111,3,13,22,3,1
111,3,3,1,6,591
111,3,0,10,3,188
112,6,14,12,5,243
112,6,8,2,4,116
112,6,5,6,6,63
112,6,10,21,7,170
112,6,10,16,7,119
112,6,20,17,6,74
113,4,20,3,7,106
113,4,9,16,4,232
113,4,4,10,3,74
113,4,13,22,4,88
114,10,14,8,5,274
114,10,2,20,3,158
114,10,6,14,3,85
114,10,23,9,1,26
114,10,13,15,3,48
114,10,1,21,5,137
114,10,8,12,4,145
114,10,22,0,8,21
114,10,8,13,8,207
114,10,0,11,3,26
115,7,21,8,7,51
115,7,2,9,6,3
115,7,6,4,1,86
115,7,10,4,8,17
115,7,1,11,7,83
115,7,2,10,8,278
115,7,6,16,5,32
116,5,3,17,6,141
116,5,22,21,4,368
116,5,18,5,6,24
116,5,22,12,8,2
116,5,18,2,3,5
117,4,12,10,8,185
117,4,19,14,6,93
117,4,3,1,8,4
117,4,15,17,8,121
118,4,16,4,3,12
118,4,21,19,5,44
118,4,20,0,3,230
118,4,1,22,1,63
119,8,17,16,2,37
119,8,13,0,7,120
119,8,6,5,7,70
119,8,9,1,3,20
119,8,0,7,7,71
119,8,3,0,7,30
119,8,3,19,8,152
119,8,18,2,3,113
120,2,14,19,6,77
120,2,12,4,4,88
121,4,21,17,4,45
121,4,22,21,4,21
121,4,2,15,7,87
121,4,13,12,1,35
122,7,16,15,6,16
122,7,22,4,8,65
122,7,11,16,4,154
122,7,20,10,6,33
122,7,2,13,5,31
122,7,21,18,6,124
122,7,8,0,8,8
123,6,22,2,7,156
123,6,2,5,8,9
123,6,23,22,4,29
123,6,7,8,6,18
123,6,10,14,4,34
123,6,5,11,7,16
124,6,11,22,8,33
124,6,15,7,2,19
124,6,14,0,8,174
124,6,8,10,7,135
124,6,14,12,8,112
124,6,21,13,6,71
125,4,8,0,5,11
125,4,14,20,2,194
125,4,13,17,5,6
125,4,10,14,6,31
126,6,12,19,4,119
126,6,2,5,1,113
126,6,13,20,2,27
126,6,11,9,4,11
126,6,19,14,6,103
126,6,7,8,2,14
127,3,18,13,6,7
127,3,14,12,2,127
127,3,19,14,1,231
128,9,2,7,5,7
128,9,3,10,2,114
128,9,15,19,1,258
128,9,10,8,8,43
128,9,16,7,7,35
128,9,1,3,5,49
128,9,19,16,3,43
128,9,19,4,3,32
128,9,3,8,8,18
129,9,10,21,3,48
129,9,3,23,2,30
129,9,18,7,8,73
129,9,22,23,7,110
129,9,7,9,1,178
129,9,7,1,8,67
129,9,21,18,8,98
129,9,18,12,8,47
129,9,15,18,7,90
130,5,19,20,1,144
130,5,0,2,3,33
130,5,6,23,5,125
130,5,20,22,6,307
130,5,7,1,7,51
131,4,3,13,2,56
131,4,23,13,8,54
131,4,17,1,6,110
131,4,17,23,8,2
132,5,8,17,5,178
132,5,17,1,4,152
132,5,22,7,5,88
132,5,7,17,2,4
132,5,20,13,5,57
133,5,13,2,5,116
133,5,1,0,8,90
133,5,9,12,8,39
133,5,6,7,1,149
133,5,2,7,3,62
134,6,23,6,5,19
134,6,6,8,8,176
134,6,3,5,5,15
134,6,12,20,4,306
134,6,21,17,8,212
134,6,6,9,8,41
135,5,19,7,1,5
135,5,17,23,5,88
135,5,10,19,6,102
135,5,8,10,3,55
135,5,14,4,5,62
136,6,4,15,5,56
136,6,21,11,3,43
136,6,11,18,6,153
136,6,23,19,3,80
136,6,12,22,2,50
136,6,7,9,7,19
137,6,23,19,2,63
137,6,20,10,2,11
137,6,22,8,7,152
137,6,3,12,5,184
137,6,7,22,8,55
137,6,7,17,2,104
138,3,6,23,4,34
138,3,20,22,2,192
138,3,1,0,3,9
139,6,8,7,8,9
139,6,20,9,6,1
139,6,14,18,2,113
139,6,11,6,4,78
139,6,0,5,4,56
139,6,10,12,5,28
140,3,3,4,1,50
140,3,11,14,8,67
140,3,23,7,2,432
141,9,3,10,8,29
141,9,22,6,1,34
141,9,21,13,1,63
141,9,0,15,4,682
141,9,2,8,2,1
141,9,7,17,4,26
141,9,18,2,3,6
141,9,4,23,3,157
141,9,4,5,4,380
142,4,9,12,8,32
142,4,23,0,7,73
142,4,7,15,4,220
142,4,2,9,6,253
143,7,14,18,8,112
143,7,11,22,4,34
143,7,18,21,6,90
143,7,9,18,7,9
143,7,20,7,7,275
143,7,18,9,5,125
143,7,13,6,8,49
144,3,17,13,7,55
144,3,16,21,2,75
144,3,9,21,6,72
145,5,1,3,6,94
145,5,23,20,4,12
145,5,7,16,3,516
145,5,3,15,5,383
145,5,21,5,6,119
146,12,17,15,2,36
146,12,2,11,6,3
146,12,9,23,7,13
146,12,2,18,7,12
146,12,3,7,4,4
146,12,23,18,7,124
146,12,6,10,3,39
146,12,21,3,8,234
146,12,13,11,4,44
146,12,19,5,6,93
146,12,18,6,7,68
146,12,3,17,7,6
147,6,15,1,8,51
147,6,4,14,1,276
147,6,23,12,7,189
147,6,5,13,4,28
147,6,16,5,2,11
147,6,0,4,4,5
148,8,3,9,3,51
148,8,4,20,7,7
148,8,22,9,7,138
148,8,2,4,8,21
148,8,22,20,7,112
148,8,13,19,7,15
148,8,2,8,1,310
148,8,15,20,1,39
149,7,10,4,7,128
149,7,19,7,7,113
149,7,13,19,4,91
149,7,2,11,4,4
149,7,2,15,4,105
149,7,1,11,7,97
149,7,10,13,4,104
150,3,16,2,5,290
150,3,9,7,4,79
150,3,13,3,4,41
151,5,21,15,6,151
151,5,1,17,8,96
151,5,14,22,2,14
151,5,18,15,6,176
151,5,4,15,3,379
152,10,0,17,4,4
152,10,19,10,2,177
152,10,4,8,6,93
152,10,1,3,4,432
152,10,17,5,8,35
152,10,21,6,8,20
152,10,1,9,4,9
152,10,0,2,1,18
152,10,7,17,4,77
152,10,10,22,8,71
153,3,13,10,1,229
153,3,21,15,5,67
153,3,20,1,3,9
154,6,9,17,3,59
154,6,21,1,5,230
154,6,14,9,8,92
154,6,4,10,1,9
154,6,12,1,7,67
154,6,22,9,4,13
155,5,21,4,6,161
155,5,13,19,5,161
155,5,16,11,8,66
155,5,16,7,7,119
155,5,5,13,1,143
156,3,10,3,2,83
156,3,1,17,4,43
156,3,19,5,1,118
157,6,16,22,1,78
157,6,22,20,1,7
157,6,0,2,4,6
157,6,8,15,5,41
157,6,20,10,7,13
157,6,9,16,1,243
158,6,6,7,3,7
158,6,14,16,6,21
158,6,9,5,4,35
158,6,3,8,3,136
158,6,3,8,5,213
158,6,6,4,1,361
159,6,4,12,7,14
159,6,16,6,4,548
159,6,22,11,4,85
159,6,11,23,5,217
159,6,21,7,5,85
159,6,7,16,7,71
160,9,21,19,3,135
160,9,5,11,7,44
160,9,20,6,8,70
160,9,11,12,7,114
160,9,5,3,5,171
160,9,6,4,6,28
160,9,21,23,1,20
160,9,2,10,2,93
160,9,19,3,7,37
161,8,18,21,2,204
161,8,20,21,3,164
161,8,20,23,4,12
161,8,19,18,8,149
161,8,6,1,7,80
161,8,9,7,5,65
161,8,21,1,4,350
161,8,4,7,6,19
162,5,11,8,4,21
162,5,14,19,6,272
162,5,22,8,6,42
162,5,16,1,7,34
162,5,3,19,6,67
163,11,1,17,5,47
163,11,0,11,6,22
163,11,20,10,7,107
163,11,13,11,1,23
163,11,11,0,2,59
163,11,23,3,4,60
163,11,19,11,2,36
163,11,1,16,2,13
163,11,14,10,4,78
163,11,4,11,8,107
163,11,16,9,2,157
164,8,19,6,2,26
164,8,8,9,5,316
164,8,17,21,4,111
164,8,8,3,1,130
164,8,20,19,7,188
164,8,7,9,7,83
164,8,13,3,5,94
164,8,11,16,6,1
165,4,10,15,6,423
165,4,9,22,5,74
165,4,20,15,4,136
165,4,12,14,3,101
166,4,12,7,1,40
166,4,16,18,5,76
166,4,16,1,1,17
166,4,10,13,1,16
167,7,5,18,3,38
167,7,22,6,1,212
167,7,17,18,5,182
167,7,2,9,5,23
167,7,13,4,2,98
167,7,0,20,3,138
167,7,14,19,3,21
168,2,23,19,1,43
168,2,0,6,1,34
169,6,6,7,7,99
169,6,11,8,7,84
169,6,14,7,2,180
169,6,22,16,6,82
169,6,19,15,8,38
169,6,22,20,5,386
170,9,13,23,2,285
170,9,21,16,8,317
170,9,21,9,2,478
170,9,23,21,1,40
170,9,1,22,1,30
170,9,0,3,8,7
170,9,6,13,4,233
170,9,15,17,3,32
170,9,13,16,4,195
171,7,12,13,5,56
171,7,19,21,1,11
171,7,1,6,4,153
171,7,20,23,7,45
171,7,20,8,4,46
171,7,22,21,4,73
171,7,23,21,7,65
172,5,0,19,8,62
172,5,15,20,2,21
172,5,10,23,2,81
172,5,16,4,7,16
172,5,10,0,6,81
173,6,9,5,1,203
173,6,23,16,5,56
173,6,18,3,4,5
173,6,16,17,4,219
173,6,16,2,8,298
173,6,1,17,3,33
174,5,23,14,7,28
174,5,6,7,5,14
174,5,4,21,2,47
174,5,3,10,6,59
174,5,2,9,6,104
175,5,21,22,8,89
175,5,8,12,1,281
175,5,7,2,7,49
175,5,3,12,8,133
175,5,19,14,8,134
176,4,13,0,3,202
176,4,13,17,2,193
176,4,20,0,4,80
176,4,10,6,7,251
177,5,11,8,4,27
177,5,2,16,5,197
177,5,7,17,8,154
177,5,13,8,7,25
177,5,19,1,6,82
178,1,4,5,6,126
179,3,1,14,4,11
179,3,13,16,8,101
179,3,16,23,4,143
180,6,18,9,3,7
180,6,2,12,2,116
180,6,21,1,5,99
180,6,21,9,1,27
180,6,4,10,1,59
180,6,6,14,7,20
181,2,13,20,3,6
181,2,23,8,7,30
182,4,14,1,4,27
182,4,14,6,8,42
182,4,4,20,8,15
182,4,2,12,3,27
183,4,21,16,3,25
183,4,21,20,1,63
183,4,22,19,1,55
183,4,22,3,3,122
184,7,22,17,8,29
184,7,22,8,2,68
184,7,18,7,3,85
184,7,5,6,7,50
184,7,13,4,7,32
184,7,7,16,3,115
184,7,21,22,4,27
185,4,10,13,2,281
185,4,21,11,7,194
185,4,14,5,4,43
185,4,14,22,4,61
186,5,7,4,3,36
186,5,13,11,2,260
186,5,19,13,6,137
186,5,9,22,4,155
186,5,3,1,6,131
187,3,14,1,8,5
187,3,4,8,5,114
187,3,20,21,4,47
188,6,12,10,6,40
188,6,19,0,5,42
188,6,6,5,1,95
188,6,10,0,7,47
188,6,14,9,7,20
188,6,0,2,7,45
189,4,14,23,2,40
189,4,19,13,2,22
189,4,6,1,8,283
189,4,6,1,2,45
190,6,9,13,5,166
190,6,2,6,1,31
190,6,20,14,6,290
190,6,15,7,8,69
190,6,21,13,7,105
190,6,1,8,6,537
191,7,2,19,6,92
191,7,18,10,7,18
191,7,4,5,5,16
191,7,1,3,8,71
191,7,16,12,3,46
191,7,1,5,4,3
191,7,8,2,3,19
192,11,13,16,4,9
192,11,8,2,1,57
192,11,10,5,5,16
192,11,7,12,6,28
192,11,5,11,1,90
192,11,12,17,1,2
192,11,17,19,1,38
192,11,21,10,8,51
192,11,20,0,7,59
192,11,23,2,7,10
192,11,20,16,3,35
193,11,3,10,6,110
193,11,0,14,5,63
193,11,5,0,6,38
193,11,6,18,6,43
193,11,12,21,1,44
193,11,17,3,4,165
193,11,20,17,1,72
193,11,2,4,8,147
193,11,14,13,4,27
193,11,0,22,6,60
193,11,2,9,8,8
194,7,7,6,6,65
194,7,2,12,5,268
194,7,0,2,4,143
194,7,5,12,5,24
194,7,20,5,5,51
194,7,12,9,6,44
194,7,16,19,1,91
195,8,3,0,1,94
195,8,16,22,3,171
195,8,11,5,5,272
195,8,17,16,3,1
195,8,11,13,6,12
195,8,12,11,7,13
195,8,1,5,7,92
195,8,0,17,3,27
196,5,1,15,4,370
196,5,9,7,6,463
196,5,1,20,1,281
196,5,21,16,8,14
196,5,15,14,4,13
197,5,3,19,8,5
197,5,10,14,8,53
197,5,20,3,6,211
197,5,12,1,6,41
197,5,14,8,8,215
198,7,9,8,4,38
198,7,13,19,5,70
198,7,1,9,7,9
198,7,13,21,3,154
198,7,10,13,2,165
198,7,5,17,6,59
198,7,17,23,5,55
199,10,18,0,2,133
199,10,5,10,4,27
199,10,21,5,3,9
199,10,10,21,5,11
199,10,5,1,4,58
199,10,20,11,4,147
199,10,11,16,1,27
199,10,12,20,7,73
199,10,3,17,8,235
199,10,18,20,6,71
200,6,16,1,2,38
200,6,2,17,1,63
200,6,14,8,8,15
200,6,10,18,3,134
200,6,11,12,2,63
200,6,14,7,8,26
201,13,19,22,5,33
201,13,14,11,4,38
201,13,4,0,2,37
201,13,7,5,4,97
201,13,7,13,5,94
201,13,20,3,6,11
201,13,5,6,5,27
201,13,20,3,2,84
201,13,5,13,7,166
201,13,16,5,8,17
201,13,17,0,8,157
201,13,13,16,5,3
201,13,11,10,3,77
202,5,18,4,7,34
202,5,17,13,6,47
202,5,22,17,4,107
202,5,1,4,1,354
202,5,8,10,7,16
203,2,19,16,4,41
203,2,11,23,4,76
204,11,5,7,4,57
204,11,2,19,3,22
204,11,12,13,8,127
204,11,12,7,8,575
204,11,10,23,8,80
204,11,23,14,4,202
204,11,10,23,3,82
204,11,18,14,4,16
204,11,8,4,6,353
204,11,7,16,6,55
204,11,18,7,5,60
205,1,1,0,8,194
206,8,9,4,1,3
206,8,5,18,6,19
206,8,12,4,8,17
206,8,19,5,4,96
206,8,16,11,8,17
206,8,21,6,5,1
206,8,15,11,2,36
206,8,7,5,3,27
207,4,6,21,2,13
207,4,23,11,2,79
207,4,4,1,5,110
207,4,21,17,6,52
208,5,19,15,7,76
208,5,0,17,8,41
208,5,16,22,2,58
208,5,0,15,7,111
208,5,15,8,8,94
209,3,13,10,6,89
209,3,20,15,6,73
209,3,15,22,3,13
210,6,12,1,7,12
210,6,0,1,5,127
210,6,6,21,1,29
210,6,20,0,3,9
210,6,16,10,1,248
210,6,16,17,6,12
211,5,2,17,3,38
211,5,18,22,7,430
211,5,14,11,1,83
211,5,21,18,1,57
211,5,16,7,6,15
212,1,4,21,2,49
213,8,14,2,7,138
213,8,15,7,1,119
213,8,6,11,1,8
213,8,7,20,1,26
213,8,20,16,2,281
213,8,3,22,3,58
213,8,3,21,1,356
213,8,19,5,5,124
214,3,17,6,2,19
214,3,6,5,1,16
214,3,20,1,5,7
215,4,12,16,5,37
215,4,11,1,1,6
215,4,3,9,5,35
215,4,7,12,3,373
216,8,13,18,4,110
216,8,19,13,2,299
216,8,13,19,1,186
216,8,7,18,7,280
216,8,8,22,8,207
216,8,16,3,3,41
216,8,1,8,8,7
216,8,15,3,7,78
217,5,7,3,5,10
217,5,0,23,3,12
217,5,2,15,3,103
217,5,14,8,5,30
217,5,5,14,3,35
218,6,19,13,2,75
218,6,1,12,3,43
218,6,6,9,2,44
218,6,17,6,7,233
218,6,7,1,3,43
218,6,12,16,7,89
219,5,12,4,7,97
219,5,4,12,8,52
219,5,3,9,1,177
219,5,12,5,6,41
219,5,9,23,6,263
220,4,19,12,1,406
220,4,16,3,2,67
220,4,16,11,1,40
220,4,0,17,7,105
221,6,14,9,3,18
221,6,2,18,7,249
221,6,1,3,4,32
221,6,14,1,3,147
221,6,20,12,6,105
221,6,20,17,5,220
222,4,15,17,4,160
222,4,23,22,8,64
222,4,2,19,7,27
222,4,0,9,1,101
223,5,11,5,4,35
223,5,15,1,6,185
223,5,11,4,3,158
223,5,5,0,2,49
223,5,13,14,5,1
224,5,16,21,7,7
224,5,13,1,4,55
224,5,1,17,3,13
224,5,19,13,6,55
224,5,15,6,8,17
225,5,8,7,5,190
225,5,7,22,6,74
225,5,21,12,3,115
225,5,5,8,4,69
225,5,5,7,4,72
226,7,13,6,8,8
226,7,18,1,3,42
226,7,8,1,3,90
226,7,20,21,7,15
226,7,16,4,6,398
226,7,22,0,6,24
226,7,10,18,3,45
227,5,23,13,4,85
227,5,20,8,1,31
227,5,0,12,2,117
227,5,11,15,6,9
227,5,14,20,8,139
228,10,9,18,8,84
228,10,5,8,6,186
228,10,0,20,3,296
228,10,23,8,1,119
228,10,20,17,5,72
228,10,17,10,7,57
228,10,12,18,5,35
228,10,1,22,2,26
228,10,0,7,6,122
228,10,2,6,4,6
229,3,14,20,6,12
229,3,7,0,2,322
229,3,1,10,6,80
230,6,7,8,8,46
230,6,12,14,4,96
230,6,12,1,6,73
230,6,19,9,7,82
230,6,12,9,3,82
230,6,17,15,4,17
231,3,8,1,6,28
231,3,22,11,4,139
231,3,12,4,5,58
232,7,9,3,4,82
232,7,9,10,6,136
232,7,21,14,8,118
232,7,17,16,6,234
232,7,19,9,7,130
232,7,1,2,2,64
232,7,7,19,8,31
233,5,3,14,5,22
233,5,17,19,8,213
233,5,14,16,5,45
233,5,9,17,7,123
233,5,22,3,3,92
234,3,3,17,5,9
234,3,3,4,6,8
234,3,9,18,5,68
235,6,11,5,8,121
235,6,5,20,3,30
235,6,7,17,8,1
235,6,19,1,7,4
235,6,13,10,2,9
235,6,15,10,1,59
236,5,16,19,3,51
236,5,0,20,1,103
236,5,5,2,6,62
236,5,19,2,1,74
236,5,4,6,3,123
237,1,22,19,8,222
238,6,19,9,2,151
238,6,12,7,1,31
238,6,6,19,6,127
238,6,20,7,1,4
238,6,10,5,2,37
238,6,8,0,3,132
239,6,3,4,6,272
239,6,4,17,4,75
239,6,18,3,2,40
239,6,6,18,1,53
239,6,21,0,4,59
239,6,16,22,5,138
240,11,11,7,6,12
240,11,20,17,7,76
240,11,16,9,1,23
240,11,1,17,6,10
240,11,17,19,4,130
240,11,3,10,1,7
240,11,3,9,7,47
240,11,23,22,8,28
240,11,10,21,6,161
240,11,23,17,5,263
240,11,18,14,1,30
241,6,0,17,7,98
241,6,16,20,5,131
241,6,15,1,2,334
241,6,6,12,5,13
241,6,16,3,1,235
241,6,0,7,6,305
242,6,17,16,1,37
242,6,2,8,8,96
242,6,23,22,4,9
242,6,5,0,1,11
242,6,19,23,6,80
242,6,8,1,8,15
243,7,12,3,7,19
243,7,22,16,2,138
243,7,5,23,5,2
243,7,8,7,6,191
243,7,21,2,8,31
243,7,15,10,1,23
243,7,9,1,2,102
244,3,17,12,8,319
244,3,3,21,4,274
244,3,2,3,1,121
245,7,0,22,1,60
245,7,17,16,2,61
245,7,4,22,7,19
245,7,5,3,4,51
245,7,13,6,7,203
245,7,16,23,8,39
245,7,2,12,6,22
246,4,22,0,2,144
246,4,16,21,4,113
246,4,8,18,5,74
246,4,9,16,8,161
247,5,0,3,8,38
247,5,19,0,2,99
247,5,9,12,7,52
247,5,18,16,1,10
247,5,16,4,6,39
248,6,5,21,1,203
248,6,21,3,8,83
248,6,19,15,1,39
248,6,8,3,3,86
248,6,3,17,3,99
248,6,1,14,3,4
249,6,23,4,8,145
249,6,0,21,6,25
249,6,17,7,1,47
249,6,15,2,8,28
249,6,6,5,3,87
249,6,16,8,1,79
250,5,18,5,6,8
250,5,11,8,4,40
250,5,4,15,8,159
250,5,6,20,4,47
250,5,7,16,7,9
251,6,14,18,2,96
251,6,14,5,3,9
251,6,12,0,4,21
251,6,2,1,2,16
251,6,11,9,5,357
251,6,17,0,4,16
252,5,23,15,6,27
252,5,19,7,2,5
252,5,10,6,2,25
252,5,9,4,5,45
252,5,9,13,6,39
253,7,13,3,1,1
253,7,4,3,2,26
253,7,16,17,4,14
253,7,7,3,7,176
253,7,4,12,5,48
253,7,9,11,1,3
253,7,19,21,7,69
254,1,16,5,4,64
255,5,6,2,6,95
255,5,23,16,7,35
255,5,13,5,4,136
255,5,3,19,2,141
255,5,18,5,1,1
256,2,12,19,1,3
256,2,12,10,8,30
257,6,3,20,6,87
257,6,8,5,5,137
257,6,0,20,5,11
257,6,21,18,6,48
257,6,21,14,1,499
257,6,18,9,3,42
258,3,6,20,7,12
258,3,2,6,7,98
258,3,15,22,1,9
259,5,9,8,8,27
259,5,18,16,2,3
259,5,12,1,7,143
259,5,23,7,2,114
259,5,12,9,1,186
260,6,19,22,7,11
260,6,10,20,8,84
260,6,7,6,8,27
260,6,4,14,5,20
260,6,17,9,5,123
260,6,16,4,5,37
261,4,1,7,2,94
261,4,5,18,6,169
261,4,4,18,3,141
261,4,16,22,8,139
262,7,19,20,5,35
262,7,11,7,3,167
262,7,0,16,3,146
262,7,15,0,6,59
262,7,14,23,3,51
262,7,8,3,6,37
262,7,14,3,5,53
263,3,23,13,2,70
263,3,15,6,5,132
263,3,19,7,4,61
264,6,18,14,1,50
264,6,15,9,6,4
264,6,12,23,2,271
264,6,18,23,8,115
264,6,12,13,7,30
264,6,3,1,2,17
265,10,0,19,3,53
265,10,3,12,6,199
265,10,9,14,1,136
265,10,17,5,4,67
265,10,16,14,1,35
265,10,5,16,6,348
265,10,15,20,1,34
265,10,11,8,6,26
265,10,6,1,3,66
265,10,10,16,4,58
266,9,20,19,3,69
266,9,2,9,7,82
266,9,12,10,7,42
266,9,0,20,6,213
266,9,3,2,7,10
266,9,3,10,3,5
266,9,12,19,1,23
266,9,5,10,2,22
266,9,22,18,5,210
267,3,14,7,7,123
267,3,5,9,2,126
267,3,10,11,4,48
268,9,23,9,8,120
268,9,7,17,3,146
268,9,4,5,5,1
268,9,16,19,7,14
268,9,9,5,5,79
268,9,22,9,8,86
268,9,1,11,7,62
268,9,13,3,1,185
268,9,0,15,8,59
269,5,14,8,3,7
269,5,23,7,1,223
269,5,1,19,6,24
269,5,13,17,1,130
269,5,18,1,3,49
270,5,23,8,1,177
270,5,10,11,3,139
270,5,5,9,7,1
270,5,3,7,4,57
270,5,2,1,7,87
271,9,9,17,3,6
271,9,2,3,1,83
271,9,3,6,8,43
271,9,2,7,5,135
271,9,20,23,2,32
271,9,5,23,8,145
271,9,12,23,6,282
271,9,1,21,5,29
271,9,21,15,3,110
272,6,14,23,5,52
272,6,5,10,7,76
272,6,21,5,4,45
272,6,15,8,5,32
272,6,16,1,7,180
272,6,8,17,3,76
273,2,21,22,2,121
273,2,18,4,4,37
274,6,13,20,6,175
274,6,6,10,6,25
274,6,14,10,2,101
274,6,17,13,8,19
274,6,0,14,5,55
274,6,7,8,5,21
275,6,22,13,7,41
275,6,1,11,7,82
275,6,3,4,1,136
275,6,20,22,4,138
275,6,22,3,1,112
275,6,3,19,4,32
276,8,16,20,2,7
276,8,3,22,5,297
276,8,10,22,1,30
276,8,9,14,6,42
276,8,14,2,7,32
276,8,2,16,3,374
276,8,20,9,6,238
276,8,11,20,1,71
277,5,0,8,2,234
277,5,1,11,5,91
277,5,15,21,7,6
277,5,21,4,2,31
277,5,18,7,4,179
278,7,20,23,8,194
278,7,0,5,3,13
278,7,6,9,1,83
278,7,22,6,6,139
278,7,19,3,2,10
278,7,2,3,3,55
278,7,21,19,1,42
279,6,16,9,1,31
279,6,8,1,1,57
279,6,14,4,4,12
279,6,13,22,4,104
279,6,20,10,6,55
279,6,14,22,5,142
280,6,2,12,7,171
280,6,22,2,1,313
280,6,16,14,6,306
280,6,5,22,8,240
280,6,15,6,7,10
280,6,12,13,5,28
281,6,23,5,8,120
281,6,2,12,1,113
281,6,14,7,5,17
281,6,17,6,8,103
281,6,21,11,1,43
281,6,22,14,1,7
282,3,21,5,8,242
282,3,14,23,7,112
282,3,13,15,2,33
283,9,21,0,4,367
283,9,8,11,6,10
283,9,21,19,6,96
283,9,3,8,5,5
283,9,7,22,5,22
283,9,23,10,8,140
283,9,13,15,7,1
283,9,3,4,1,18
283,9,7,2,3,305
284,5,13,3,1,74
284,5,9,2,4,157
284,5,13,14,4,77
284,5,10,4,6,133
284,5,0,21,4,248
285,5,18,23,7,88
285,5,10,5,2,244
285,5,4,13,5,58
285,5,16,18,1,85
285,5,1,19,6,111
286,10,19,17,3,186
286,10,12,23,3,235
286,10,0,20,5,79
286,10,6,21,7,55
286,10,4,0,7,50
286,10,19,23,7,21
286,10,3,15,7,21
286,10,13,18,8,152
286,10,11,20,3,13
286,10,9,16,2,27
287,6,23,18,7,50
287,6,0,16,1,40
287,6,14,13,1,29
287,6,6,18,2,32
287,6,20,12,8,48
287,6,18,12,5,353
288,6,23,21,3,74
288,6,8,23,7,86
288,6,16,8,6,3
288,6,6,3,8,72
288,6,15,13,5,12
288,6,15,4,6,67
289,5,10,9,4,6
289,5,18,19,2,78
289,5,17,2,4,10
289,5,13,4,6,23
289,5,11,7,5,187
290,6,10,11,1,122
290,6,14,20,6,54
290,6,0,2,4,28
290,6,10,18,3,84
290,6,12,22,7,44
290,6,1,3,5,21
291,6,23,12,1,33
291,6,19,14,1,82
291,6,19,14,4,64
291,6,18,13,8,29
291,6,20,10,8,227
291,6,22,18,2,4
292,6,19,23,8,11
292,6,3,5,3,42
292,6,19,17,7,55
292,6,16,5,6,191
292,6,1,4,2,79
292,6,13,17,6,135
293,7,18,13,8,175
293,7,22,20,1,12
293,7,15,11,4,139
293,7,20,4,6,2
293,7,21,14,7,311
293,7,15,8,2,36
293,7,22,20,5,303
294,6,12,16,2,36
294,6,10,6,3,34
294,6,18,2,7,139
294,6,23,4,4,23
294,6,11,10,1,148
294,6,9,7,1,62
295,9,13,0,8,117
295,9,8,18,6,201
295,9,3,20,4,42
295,9,0,15,1,29
295,9,1,5,1,160
295,9,6,15,2,74
295,9,2,6,2,505
295,9,18,11,4,147
295,9,1,7,3,221
296,7,21,17,4,48
296,7,19,0,6,39
296,7,21,19,7,90
296,7,9,8,7,175
296,7,0,1,7,289
296,7,15,3,5,342
296,7,19,2,4,167
297,7,10,1,3,1
297,7,2,19,2,202
297,7,14,12,6,64
297,7,18,4,1,161
297,7,23,10,3,87
297,7,7,20,4,152
297,7,11,2,4,45
298,5,4,18,2,241
298,5,12,23,6,42
298,5,3,2,7,24
298,5,1,16,2,159
298,5,4,9,8,216
299,2,5,12,7,26
299,2,0,6,5,122
300,8,6,16,1,37
300,8,21,12,7,195
300,8,17,11,4,39
300,8,23,2,6,78
300,8,20,22,4,26
300,8,2,16,5,149
300,8,19,5,5,10
300,8,4,12,4,10
301,8,15,6,5,244
301,8,12,10,1,57
301,8,1,22,8,30
301,8,20,1,7,58
301,8,20,3,7,8
301,8,6,9,8,22
301,8,11,5,6,534
301,8,1,18,1,25
302,8,21,5,1,64
302,8,2,13,1,17
302,8,14,6,2,13
302,8,12,8,8,15
302,8,13,12,3,139
302,8,6,12,7,8
302,8,23,21,5,145
302,8,3,11,4,145
303,6,3,15,3,46
303,6,3,17,3,26
303,6,19,21,6,11
303,6,20,8,2,10
303,6,4,13,6,235
303,6,7,1,7,26
304,4,9,15,6,10
304,4,16,12,7,12
304,4,17,5,4,144
304,4,5,8,2,20
305,8,4,17,4,79
305,8,9,5,7,12
305,8,5,6,5,60
305,8,6,2,6,46
305,8,19,3,3,88
305,8,0,21,1,33
305,8,21,22,6,174
305,8,3,23,6,312
306,2,4,7,3,313
306,2,22,23,1,101
307,3,9,12,7,82
307,3,21,15,3,7
307,3,13,4,4,98
308,5,14,4,2,122
308,5,9,8,6,84
308,5,16,15,6,33
308,5,4,20,1,17
308,5,7,21,5,235
309,7,23,12,6,132
309,7,11,15,4,284
309,7,22,18,8,7
309,7,13,23,8,54
309,7,4,9,5,420
309,7,14,15,3,91
309,7,18,5,8,2
310,5,10,9,3,240
310,5,8,22,2,51
310,5,4,10,1,14
310,5,0,8,4,25
310,5,18,22,2,49
311,7,17,7,5,35
311,7,14,15,7,45
311,7,6,12,5,35
311,7,8,18,5,251
311,7,16,0,3,378
311,7,9,11,2,146
311,7,6,9,7,21
312,4,2,5,4,53
312,4,19,7,8,13
312,4,4,22,2,55
312,4,11,20,8,192
313,5,8,11,1,257
313,5,3,1,4,86
313,5,16,23,7,23
313,5,12,23,6,84
313,5,0,2,2,225
314,7,12,16,7,157
314,7,4,6,4,94
314,7,0,18,6,62
314,7,3,8,7,26
314,7,11,0,7,207
314,7,10,23,4,188
314,7,4,16,2,15
315,6,6,3,4,41
315,6,11,20,7,22
315,6,5,21,7,1
315,6,23,3,3,236
315,6,22,19,8,55
315,6,20,1,8,109
316,4,18,14,1,8
316,4,0,9,1,78
316,4,4,1,1,75
316,4,14,0,7,213
317,6,16,15,8,176
317,6,23,14,6,3
317,6,3,7,7,8
317,6,7,2,2,25
317,6,1,22,5,88
317,6,15,3,3,86
318,4,19,16,2,149
318,4,21,10,7,219
318,4,16,11,8,137
318,4,12,23,3,60
319,3,14,4,4,184
319,3,4,8,7,12
319,3,4,10,8,213
320,3,5,21,1,92
320,3,8,23,8,370
320,3,18,0,1,8
321,9,11,16,1,13
321,9,20,15,4,76
321,9,15,4,2,16
321,9,7,15,2,26
321,9,9,17,4,321
321,9,18,13,6,336
321,9,3,10,1,253
321,9,8,12,4,131
321,9,3,22,5,38
322,5,14,8,4,12
322,5,15,5,3,23
322,5,18,14,6,12
322,5,19,13,3,8
322,5,21,18,5,16
323,5,10,11,1,16
323,5,6,4,7,2
323,5,12,18,5,17
323,5,21,0,6,29
323,5,23,17,4,16
324,5,5,6,1,94
324,5,15,7,2,24
324,5,6,18,7,120
324,5,11,20,2,383
324,5,1,21,7,177
325,6,7,2,3,96
325,6,12,20,2,13
325,6,9,17,1,72
325,6,13,20,6,29
325,6,10,9,5,212
325,6,14,18,7,180
326,5,10,23,2,182
326,5,4,23,1,680
326,5,13,5,5,104
326,5,12,18,3,18
326,5,4,3,1,300
328,7,9,20,3,31
328,7,20,9,4,11
328,7,7,20,7,28
328,7,0,3,3,102
328,7,8,2,2,24
328,7,15,13,2,78
328,7,21,5,7,42
329,3,6,10,2,32
329,3,0,13,7,67
329,3,21,0,1,52
330,4,7,15,3,212
330,4,1,11,2,47
330,4,15,21,7,376
330,4,12,15,8,236
331,3,12,22,1,49
331,3,17,21,7,24
331,3,2,22,3,20
332,7,8,15,1,41
332,7,14,18,1,30
332,7,20,22,8,20
332,7,14,1,4,45
332,7,8,11,1,384
332,7,4,22,6,18
332,7,2,10,5,67
333,8,21,18,3,7
333,8,9,10,6,45
333,8,3,2,3,17
333,8,9,11,1,13
333,8,13,15,4,39
333,8,23,21,4,12
333,8,15,6,3,163
333,8,17,15,2,6
334,8,12,17,6,19
334,8,2,22,7,17
334,8,12,17,7,57
334,8,21,13,8,4
334,8,5,7,8,234
334,8,14,21,8,17
334,8,12,22,2,7
334,8,9,10,3,90
335,5,1,18,6,22
335,5,3,6,6,89
335,5,2,14,5,36
335,5,17,21,8,340
335,5,2,8,1,243
336,7,10,8,2,61
336,7,18,8,1,30
336,7,8,4,6,228
336,7,3,13,3,33
336,7,8,3,7,16
336,7,23,6,2,223
336,7,21,14,7,321
337,2,3,1,6,19
337,2,14,3,1,63
338,8,18,4,7,40
338,8,4,6,7,66
338,8,23,15,8,13
338,8,0,22,8,3
338,8,19,1,6,163
338,8,17,15,2,35
338,8,8,9,2,86
338,8,16,19,5,330
339,7,2,9,7,138
339,7,11,17,4,42
339,7,7,2,7,65
339,7,9,4,2,20
339,7,3,4,8,188
339,7,17,13,5,15
339,7,7,6,2,105
340,3,8,1,2,270
340,3,3,16,2,2
340,3,20,21,2,94
341,6,22,4,5,6
341,6,18,10,3,25
341,6,3,1,6,388
341,6,17,1,4,92
341,6,4,8,8,59
341,6,5,9,2,106
342,1,2,0,2,33
343,3,19,20,5,103
343,3,21,13,8,37
343,3,7,18,1,8
344,8,22,11,7,347
344,8,20,15,3,10
344,8,16,2,4,18
344,8,16,21,5,136
344,8,0,22,5,128
344,8,6,7,8,39
344,8,11,17,2,318
344,8,15,10,8,35
345,5,12,19,5,116
345,5,4,0,6,101
345,5,6,12,2,31
345,5,1,16,2,11
345,5,18,8,7,19
346,9,3,17,1,2
346,9,16,20,1,42
346,9,2,8,2,4
346,9,20,2,8,86
346,9,10,4,6,15
346,9,10,23,4,40
346,9,0,4,7,374
346,9,14,5,7,170
346,9,16,21,5,13
347,7,18,5,8,20
347,7,3,15,3,42
347,7,14,5,2,8
347,7,2,11,6,88
347,7,7,13,7,11
347,7,20,16,7,243
347,7,9,15,4,77
348,4,7,10,1,27
348,4,17,21,4,55
348,4,2,17,3,173
348,4,12,4,8,434
349,2,6,19,6,6
349,2,5,8,2,99
350,5,13,8,4,50
350,5,6,10,3,516
350,5,18,17,6,77
350,5,18,1,5,35
350,5,4,21,5,102
351,6,15,5,5,273
351,6,5,11,7,202
351,6,7,19,6,16
351,6,8,5,2,51
351,6,19,2,1,148
351,6,1,8,2,1
352,5,19,10,4,112
352,5,23,19,4,19
352,5,19,7,2,57
352,5,16,23,2,77
352,5,20,5,8,84
353,6,22,16,1,65
353,6,5,18,7,158
353,6,19,0,5,393
353,6,16,12,7,178
353,6,23,15,1,3
353,6,9,8,7,68
354,7,9,7,6,104
354,7,14,22,2,95
354,7,5,19,1,3
354,7,8,17,4,144
354,7,22,12,2,51
354,7,0,2,1,33
354,7,23,22,7,76
355,8,21,5,4,55
355,8,8,18,2,20
355,8,8,18,2,95
355,8,5,17,4,38
355,8,17,14,6,78
355,8,10,18,6,159
355,8,15,5,8,92
355,8,5,20,6,107
356,10,6,18,8,198
356,10,1,3,7,201
356,10,6,16,7,6
356,10,20,22,3,153
356,10,23,16,6,278
356,10,14,13,7,81
356,10,22,18,1,22
356,10,0,4,6,30
356,10,7,19,7,235
356,10,11,19,6,42
357,5,21,13,2,95
357,5,17,22,4,29
357,5,10,11,1,115
357,5,22,10,1,110
357,5,22,23,4,169
358,5,11,15,8,18
358,5,8,16,1,36
358,5,23,19,8,34
358,5,3,9,2,98
358,5,14,3,1,58
359,5,23,12,2,51
359,5,0,6,2,214
359,5,4,17,8,18
359,5,13,3,7,7
359,5,8,2,6,186
360,5,12,1,5,108
360,5,10,13,4,87
360,5,13,19,4,262
360,5,19,10,6,194
360,5,16,22,4,489
361,13,7,22,1,76
361,13,7,2,5,10
361,13,9,8,1,270
361,13,19,10,6,3
361,13,12,22,5,75
361,13,10,22,2,76
361,13,17,1,1,25
361,13,15,3,8,57
361,13,6,2,8,81
361,13,2,15,4,40
361,13,16,2,2,3
361,13,0,19,3,87
361,13,13,1,8,22
362,2,23,13,6,87
362,2,22,5,7,70
363,11,15,7,3,120
363,11,16,23,1,26
363,11,18,8,4,15
363,11,2,15,8,159
363,11,15,19,4,86
363,11,14,21,8,203
363,11,11,5,6,164
363,11,8,3,8,180
363,11,20,17,7,9
363,11,0,3,6,48
363,11,0,22,6,438
364,5,23,3,8,258
364,5,3,19,2,8
364,5,18,7,8,56
364,5,23,9,6,105
364,5,0,5,3,54
365,13,23,14,3,323
365,13,18,12,6,113
365,13,17,7,1,124
365,13,15,0,3,11
365,13,5,15,8,331
365,13,13,6,4,39
365,13,4,17,1,105
365,13,18,0,2,296
365,13,8,3,5,183
365,13,19,12,2,77
365,13,4,19,6,8
365,13,10,21,5,80
365,13,2,7,7,81
366,8,15,14,7,28
366,8,0,5,6,47
366,8,23,16,5,17
366,8,12,15,4,3
366,8,22,4,5,52
366,8,4,7,8,76
366,8,0,12,2,8
366,8,12,22,3,33
367,4,14,17,5,53
367,4,22,17,5,18
367,4,13,3,1,21
367,4,15,14,1,12
368,2,21,8,4,56
368,2,3,11,1,5
369,5,21,11,1,39
369,5,20,23,7,65
369,5,7,14,4,50
369,5,23,16,3,19
369,5,9,23,3,56
370,9,14,0,4,14
370,9,12,0,4,90
370,9,3,5,5,116
370,9,11,18,1,311
370,9,11,13,2,4
370,9,18,20,6,3
370,9,23,22,2,114
370,9,2,17,3,92
370,9,9,5,6,54
371,5,14,0,1,242
371,5,7,11,3,11
371,5,9,8,3,18
371,5,2,8,3,41
371,5,15,0,1,43
372,7,14,19,6,426
372,7,3,14,4,21
372,7,5,1,7,144
372,7,23,20,4,3
372,7,5,12,1,57
372,7,5,20,1,45
372,7,17,7,8,143
373,6,4,7,4,117
373,6,9,0,8,124
373,6,13,4,3,54
373,6,6,3,8,29
373,6,6,15,7,5
373,6,10,4,4,147
374,8,17,18,2,122
374,8,20,1,3,114
374,8,13,11,1,20
374,8,13,21,4,67
374,8,14,15,8,5
374,8,22,5,8,89
374,8,12,15,3,169
374,8,6,2,2,190
375,10,19,22,8,86
375,10,15,4,1,322
375,10,22,5,1,115
375,10,4,21,3,8
375,10,15,14,3,40
375,10,22,20,8,19
375,10,9,2,4,22
375,10,0,20,2,132
375,10,23,8,4,15
375,10,10,13,2,200
376,5,17,16,1,17
376,5,11,16,8,51
376,5,22,10,2,26
376,5,8,13,3,280
376,5,0,23,5,44
377,10,6,10,2,205
377,10,3,5,8,11
377,10,14,18,1,6
377,10,15,12,7,72
377,10,9,0,5,5
377,10,0,1,6,5
377,10,6,10,1,14
377,10,12,6,5,74
377,10,18,17,2,2
377,10,1,5,1,20
378,3,19,21,4,80
378,3,12,10,6,22
378,3,9,4,5,59
379,3,0,13,3,186
379,3,18,15,4,16
379,3,12,15,3,38
380,3,18,16,4,12
380,3,5,12,6,118
380,3,16,2,8,170
381,5,6,9,2,52
381,5,11,23,3,101
381,5,5,13,3,119
381,5,10,23,3,15
381,5,18,1,7,74
382,3,16,7,5,128
382,3,3,22,3,135
382,3,13,12,8,68
383,5,13,14,3,35
383,5,11,21,4,29
383,5,18,0,8,200
383,5,1,5,8,14
383,5,1,11,8,281
384,9,12,14,4,145
384,9,15,18,5,141
384,9,5,18,3,10
384,9,22,9,8,73
384,9,13,18,1,153
384,9,3,11,2,85
384,9,10,5,8,65
384,9,0,23,1,125
384,9,2,12,2,119
385,5,9,3,2,125
385,5,7,15,7,10
385,5,8,0,2,18
385,5,2,18,4,104
385,5,9,2,7,67
386,3,6,21,3,36
386,3,3,14,4,6
386,3,3,6,5,150
387,9,23,4,2,13
387,9,17,6,7,180
387,9,22,6,5,36
387,9,8,21,4,6
387,9,5,1,1,55
387,9,4,10,4,108
387,9,5,20,3,71
387,9,11,8,4,30
387,9,10,23,1,20
388,3,22,23,2,406
388,3,4,11,3,2
388,3,15,22,2,20
389,8,6,14,4,21
389,8,9,3,6,307
389,8,16,15,6,32
389,8,11,15,8,82
389,8,3,5,5,21
389,8,10,7,7,171
389,8,6,5,5,2
389,8,7,5,8,18
390,6,0,8,6,5
390,6,10,22,2,26
390,6,2,22,7,30
390,6,17,4,6,82
390,6,12,19,2,184
390,6,17,15,7,57
391,5,13,0,4,100
391,5,6,23,1,12
391,5,21,2,7,136
391,5,22,17,5,17
391,5,17,12,8,45
392,4,3,18,4,22
392,4,16,8,7,16
392,4,4,1,8,65
392,4,2,8,3,112
393,10,5,3,5,36
393,10,16,18,2,222
393,10,5,10,3,87
393,10,8,5,7,62
393,10,21,14,1,107
393,10,5,23,5,56
393,10,5,10,6,9
393,10,21,3,6,68
393,10,0,7,7,115
393,10,17,19,4,59
394,5,17,3,8,110
394,5,6,18,6,86
394,5,8,1,1,82
394,5,23,21,6,47
394,5,5,9,7,31
395,2,11,19,6,56
395,2,2,22,8,158
396,3,22,16,3,27
396,3,20,5,6,50
396,3,18,2,1,7
397,7,16,7,1,10
397,7,10,11,2,24
397,7,18,0,5,189
397,7,19,7,1,166
397,7,6,2,6,1
397,7,19,17,7,21
397,7,2,12,5,50
398,4,0,13,6,95
398,4,23,19,5,145
398,4,4,9,1,22
398,4,10,1,1,106
399,9,21,12,8,167
399,9,11,5,2,25
399,9,9,20,4,27
399,9,22,9,8,50
399,9,14,3,3,45
399,9,2,13,8,18
399,9,0,11,6,88
399,9,0,17,4,224
399,9,4,3,7,189
400,6,19,11,3,1
400,6,10,1,3,13
400,6,11,15,1,270
400,6,9,6,3,8
400,6,0,21,6,152
400,6,17,22,5,111
401,12,14,19,1,45
401,12,13,15,2,83
401,12,16,9,4,142
401,12,23,16,3,21
401,12,0,12,3,20
401,12,14,4,2,36
401,12,17,3,7,139
401,12,4,7,5,11
401,12,14,23,5,157
401,12,0,13,8,170
401,12,4,8,6,19
401,12,18,17,6,28
402,6,18,4,4,63
402,6,2,21,4,82
402,6,20,5,2,5
402,6,20,2,5,195
402,6,22,0,5,6
402,6,0,21,2,6
403,3,13,19,7,56
403,3,12,3,2,55
403,3,19,0,5,163
404,2,20,22,1,14
404,2,20,8,4,102
405,8,17,10,6,11
405,8,8,4,6,359
405,8,23,15,6,51
405,8,23,20,5,221
405,8,20,8,4,131
405,8,21,0,8,71
405,8,14,1,6,36
405,8,7,8,6,45
406,6,3,10,5,9
406,6,8,14,6,49
406,6,2,0,8,322
406,6,23,6,2,53
406,6,11,7,4,56
406,6,2,1,7,133
407,1,22,5,2,61
408,9,18,7,5,45
408,9,20,1,8,21
408,9,3,21,4,194
408,9,0,12,6,236
408,9,12,17,3,159
408,9,1,17,4,68
408,9,6,9,1,74
408,9,9,1,4,6
408,9,17,22,2,3
409,5,19,3,6,79
409,5,18,9,1,297
409,5,15,14,7,16
409,5,0,18,6,133
409,5,22,14,5,227
410,5,9,11,3,111
410,5,0,2,4,35
410,5,13,5,2,91
410,5,3,17,4,19
410,5,10,12,5,256
411,5,15,20,6,36
411,5,20,21,3,113
411,5,19,17,5,170
411,5,1,10,8,29
411,5,18,2,7,15
412,6,18,4,7,282
412,6,2,10,2,141
412,6,15,8,2,107
412,6,4,7,3,46
412,6,12,2,4,53
412,6,4,9,8,136
413,6,11,16,7,102
413,6,9,16,7,86
413,6,8,9,6,55
413,6,4,6,3,41
413,6,4,7,2,97
413,6,8,1,2,63
414,11,11,17,4,102
414,11,8,20,8,71
414,11,11,23,7,39
414,11,1,18,5,280
414,11,12,8,1,39
414,11,10,9,7,58
414,11,23,5,1,36
414,11,12,16,7,278
414,11,7,0,4,84
414,11,10,0,6,1
414,11,23,2,8,52
415,10,22,15,8,22
415,10,3,19,4,2
415,10,22,11,1,86
415,10,2,4,6,175
415,10,10,8,4,5
415,10,16,21,1,38
415,10,23,7,2,34
415,10,1,14,3,34
415,10,16,4,7,72
415,10,3,20,6,50
416,7,5,15,1,30
416,7,10,5,2,198
416,7,10,9,2,20
416,7,4,2,3,57
416,7,6,7,3,184
416,7,21,8,1,197
416,7,13,9,4,139
417,7,9,13,2,135
417,7,5,11,8,135
417,7,3,9,1,160
417,7,13,2,7,54
417,7,22,15,4,100
417,7,12,5,3,135
417,7,21,6,7,123
418,4,2,8,5,236
418,4,14,5,4,95
418,4,19,15,4,22
418,4,17,7,4,494
419,8,21,17,4,157
419,8,6,1,8,203
419,8,10,11,6,34
419,8,3,22,3,39
419,8,22,1,4,22
419,8,20,7,4,42
419,8,13,16,6,75
419,8,20,17,6,114
420,8,13,17,1,57
420,8,1,15,8,131
420,8,11,5,3,157
420,8,10,9,8,92
420,8,18,9,8,261
420,8,2,13,7,112
420,8,20,11,4,11
420,8,1,20,6,135
421,4,7,21,5,49
421,4,7,9,8,25
421,4,19,9,2,69
421,4,16,23,2,133
422,8,20,16,6,8
422,8,11,6,2,96
422,8,17,2,5,30
422,8,3,22,5,270
422,8,15,22,5,4
422,8,5,17,5,130
422,8,6,15,8,360
422,8,23,14,4,101
423,5,18,11,8,29
423,5,5,4,6,226
423,5,8,17,2,91
423,5,17,12,4,105
423,5,12,4,7,63
424,6,22,15,6,12
424,6,13,15,5,64
424,6,15,10,7,103
424,6,8,22,7,139
424,6,9,14,8,237
424,6,21,1,8,199
425,9,3,7,4,50
425,9,11,17,7,167
425,9,13,3,2,21
425,9,15,2,4,204
425,9,9,19,6,262
425,9,15,20,5,14
425,9,2,11,1,47
425,9,21,18,6,161
425,9,8,1,3,84
426,6,1,4,4,75
426,6,1,10,1,43
426,6,0,11,1,103
426,6,4,7,3,56
426,6,2,10,2,209
426,6,7,2,4,190
427,3,5,12,2,22
427,3,8,15,7,15
427,3,1,2,1,218
428,6,18,0,7,41
428,6,6,17,1,52
428,6,18,16,4,208
428,6,13,4,6,27
428,6,3,8,8,2
428,6,4,11,1,130
429,3,12,4,3,67
429,3,14,15,1,81
429,3,16,20,7,45
430,4,5,9,3,43
430,4,13,18,2,66
430,4,21,11,1,198
430,4,22,21,2,11
431,11,7,22,6,62
431,11,11,23,2,7
431,11,0,3,6,40
431,11,14,9,5,166
431,11,7,19,2,47
431,11,11,8,1,85
431,11,0,6,6,43
431,11,5,7,6,81
431,11,0,5,6,344
431,11,21,10,1,55
431,11,10,16,3,62
432,5,12,11,5,52
432,5,9,6,2,26
432,5,18,19,3,56
432,5,21,10,6,42
432,5,15,7,8,42
433,5,18,21,8,7
433,5,1,22,2,167
433,5,14,19,7,55
433,5,15,14,8,109
433,5,20,10,7,178
434,5,22,18,4,32
434,5,23,11,6,266
434,5,12,23,3,5
434,5,16,17,3,364
434,5,7,6,8,140
435,6,0,14,3,10
435,6,2,23,4,67
435,6,15,7,6,153
435,6,8,7,6,139
435,6,13,18,2,192
435,6,12,1,5,161
436,7,9,20,4,124
436,7,20,4,1,28
436,7,0,12,6,39
436,7,8,0,4,41
436,7,14,7,7,166
436,7,21,16,2,72
436,7,8,23,4,2
437,8,6,2,5,20
437,8,9,14,7,198
437,8,17,3,6,332
437,8,4,6,7,202
437,8,6,13,6,8
437,8,2,23,4,97
437,8,11,0,2,117
437,8,4,22,4,53
438,10,18,17,5,277
438,10,14,6,1,36
438,10,2,6,7,286
438,10,18,9,6,131
438,10,4,19,6,90
438,10,8,3,5,23
438,10,6,19,8,22
438,10,19,22,3,107
438,10,2,3,5,73
438,10,14,9,2,111
439,7,5,14,6,190
439,7,15,10,4,75
439,7,10,3,1,47
439,7,16,15,3,92
439,7,15,9,1,123
439,7,16,18,3,31
439,7,13,7,1,507
440,7,6,3,3,53
440,7,6,5,5,24
440,7,14,23,1,50
440,7,9,20,2,3
440,7,9,15,4,12
440,7,16,14,6,42
440,7,20,15,5,22
441,8,14,17,5,136
441,8,2,17,4,105
441,8,15,9,4,36
441,8,6,2,6,71
441,8,11,22,3,5
441,8,10,6,3,28
441,8,17,10,5,32
441,8,17,18,3,16
442,11,12,11,5,40
442,11,1,21,3,100
442,11,21,19,4,183
442,11,14,19,5,64
442,11,1,15,5,56
442,11,10,5,2,63
442,11,16,0,1,421
442,11,4,1,4,123
442,11,19,10,6,261
442,11,8,17,8,6
442,11,13,6,7,79
443,7,6,14,1,118
443,7,3,9,4,50
443,7,21,23,7,38
443,7,0,1,8,118
443,7,14,8,6,7
443,7,18,17,2,54
443,7,23,0,6,206
444,4,0,14,8,508
444,4,18,2,4,58
444,4,20,9,1,15
444,4,19,10,8,95
445,9,2,14,7,307
445,9,12,8,3,38
445,9,12,21,6,32
445,9,8,10,3,23
445,9,8,13,8,103
445,9,18,10,3,257
445,9,7,14,3,28
445,9,4,6,4,207
445,9,15,21,2,19
446,7,21,0,2,7
446,7,18,0,6,83
446,7,17,4,6,38
446,7,1,18,3,48
446,7,18,7,6,24
446,7,7,5,8,92
446,7,13,9,3,217
447,1,19,4,3,24
448,4,17,6,2,114
448,4,22,7,2,2
448,4,23,15,3,20
448,4,12,22,5,128
449,6,4,18,5,43
449,6,8,6,2,75
449,6,17,21,8,14
449,6,16,20,8,6
449,6,3,15,6,12
449,6,0,1,6,224
450,5,8,23,6,46
450,5,21,11,3,43
450,5,9,12,1,39
450,5,21,12,7,35
450,5,9,16,5,12
451,6,14,12,8,71
451,6,8,4,4,346
451,6,20,4,7,414
451,6,2,4,1,86
451,6,2,19,8,6
451,6,14,15,1,38
452,8,2,6,7,47
452,8,19,13,8,98
452,8,9,19,8,131
452,8,15,20,8,18
452,8,14,2,3,25
452,8,14,7,3,168
452,8,23,3,5,43
452,8,2,9,3,24
453,6,0,21,1,34
453,6,23,10,5,39
453,6,10,4,2,47
453,6,7,14,8,2
453,6,9,21,8,94
453,6,17,19,2,8
454,7,18,10,3,100
454,7,3,2,2,45
454,7,14,13,8,242
454,7,13,21,2,5
454,7,4,14,3,217
454,7,11,14,8,112
454,7,11,22,2,40
455,8,1,22,3,18
455,8,6,4,8,195
455,8,21,13,6,2
455,8,22,3,2,94
455,8,12,2,2,162
455,8,4,11,7,6
455,8,23,16,7,200
455,8,0,14,7,247
456,3,7,8,4,46
456,3,16,0,6,197
456,3,15,21,4,223
457,3,16,0,5,35
457,3,11,20,2,11
457,3,18,19,6,37
458,7,5,19,5,26
458,7,19,1,2,7
458,7,4,2,5,4
458,7,16,6,3,134
458,7,3,23,3,85
458,7,8,20,2,51
458,7,17,10,6,136
459,6,11,2,4,4
459,6,13,5,8,60
459,6,11,0,4,95
459,6,16,6,8,137
459,6,14,8,4,252
459,6,12,20,7,162
460,2,18,14,6,20
460,2,21,19,5,6
461,5,1,17,2,102
461,5,17,14,3,12
461,5,2,8,1,10
461,5,8,19,5,327
461,5,15,16,2,17
462,7,15,11,8,4
462,7,4,11,5,161
462,7,17,9,4,66
462,7,4,19,2,84
462,7,20,4,5,164
462,7,14,9,1,5
462,7,21,2,3,122
463,7,4,11,8,7
463,7,16,4,1,186
463,7,15,20,3,169
463,7,22,16,7,56
463,7,4,18,1,163
463,7,14,10,1,49
463,7,4,7,2,262
464,4,5,20,5,206
464,4,22,8,8,134
464,4,18,21,2,35
464,4,22,21,5,81
465,5,19,5,3,13
465,5,2,3,2,150
465,5,12,20,1,282
465,5,16,14,1,114
465,5,12,18,1,45
466,7,4,14,7,29
466,7,0,5,8,113
466,7,17,20,5,48
466,7,9,7,8,11
466,7,7,19,6,21
466,7,6,14,3,32
466,7,21,2,4,18
467,7,7,22,4,65
467,7,7,18,7,191
467,7,2,18,5,39
467,7,0,14,1,214
467,7,1,18,8,12
467,7,17,16,3,265
467,7,17,8,4,77
468,8,7,4,4,159
468,8,2,0,4,102
468,8,1,14,4,8
468,8,23,20,7,263
468,8,11,13,3,105
468,8,20,13,1,75
468,8,13,16,3,113
468,8,2,3,1,40
469,9,8,17,5,257
469,9,22,16,1,1
469,9,17,23,2,187
469,9,7,20,2,171
469,9,23,11,6,20
469,9,4,23,4,37
469,9,17,18,4,24
469,9,0,14,5,136
469,9,0,14,1,35
470,9,2,19,6,52
470,9,8,19,2,51
470,9,10,3,4,165
470,9,5,10,2,78
470,9,12,8,8,16
470,9,21,7,4,106
470,9,22,7,4,123
470,9,14,17,6,118
470,9,0,14,5,27
471,11,4,2,6,101
471,11,6,19,4,149
471,11,4,19,4,12
471,11,19,5,4,51
471,11,10,12,7,113
471,11,22,15,5,165
471,11,23,4,2,105
471,11,8,20,5,145
471,11,0,11,8,305
471,11,2,10,3,7
471,11,23,9,7,2
472,2,23,2,7,9
472,2,16,1,2,17
473,8,13,16,6,341
473,8,12,16,1,18
473,8,14,2,5,92
473,8,11,19,3,166
473,8,6,22,3,173
473,8,14,21,8,58
473,8,1,15,2,95
473,8,13,12,6,124
474,6,15,8,2,111
474,6,3,1,4,27
474,6,7,21,3,289
474,6,1,20,7,108
474,6,17,1,3,305
474,6,19,13,3,63
475,9,22,16,7,55
475,9,9,12,2,9
475,9,9,23,7,11
475,9,10,23,2,71
475,9,6,4,5,1
475,9,2,11,2,46
475,9,13,2,6,33
475,9,6,4,4,91
475,9,22,8,4,27
476,3,9,1,4,171
476,3,19,20,5,40
476,3,2,20,7,94
477,7,22,16,1,188
477,7,12,15,5,92
477,7,22,14,5,206
477,7,14,10,5,37
477,7,23,14,8,22
477,7,6,19,6,12
477,7,16,11,2,353
478,5,8,7,8,46
478,5,0,14,8,6
478,5,0,7,7,50
478,5,13,21,2,5
478,5,18,7,6,127
479,8,0,22,1,12
479,8,19,14,3,137
479,8,5,13,1,9
479,8,17,8,1,100
479,8,22,12,4,44
479,8,12,20,3,80
479,8,23,14,1,35
479,8,10,5,6,5
480,6,0,21,3,10
480,6,23,1,7,183
480,6,18,13,2,24
480,6,6,11,4,2
480,6,3,5,3,14
480,6,16,22,3,13
481,4,3,17,3,127
481,4,4,0,2,136
481,4,2,23,4,347
481,4,23,22,8,22
482,3,5,4,4,73
482,3,19,20,8,301
482,3,20,4,1,135
483,6,1,21,3,97
483,6,2,13,7,157
483,6,5,14,8,5
483,6,13,11,3,25
483,6,1,0,4,186
483,6,0,11,4,47
484,4,21,1,7,6
484,4,15,21,2,23
484,4,16,19,8,110
484,4,6,5,8,41
485,5,4,16,7,34
485,5,22,10,5,42
485,5,13,18,4,258
485,5,0,15,3,138
485,5,18,21,2,36
486,8,9,14,5,51
486,8,5,22,2,37
486,8,5,4,5,15
486,8,1,13,7,14
486,8,23,0,2,202
486,8,8,9,1,121
486,8,15,14,8,122
486,8,2,3,8,18
487,7,11,6,1,155
487,7,1,3,1,8
487,7,14,5,3,168
487,7,5,15,8,66
487,7,12,6,2,278
487,7,2,21,4,26
487,7,4,2,1,9
488,4,12,13,5,17
488,4,9,11,2,77
488,4,23,0,6,49
488,4,18,7,1,67
489,6,20,22,3,162
489,6,21,18,1,32
489,6,14,5,4,22
489,6,0,16,8,210
489,6,3,5,3,130
489,6,15,7,2,46
490,6,21,3,5,3
490,6,6,11,4,61
490,6,21,13,3,89
490,6,17,2,8,44
490,6,20,19,6,41
490,6,12,19,6,20
491,8,12,6,3,75
491,8,11,7,1,211
491,8,1,2,7,218
491,8,16,13,4,50
491,8,8,16,5,63
491,8,10,2,2,505
491,8,22,20,7,3
491,8,0,1,3,160
492,7,22,23,6,204
492,7,7,1,7,9
492,7,9,16,5,201
492,7,0,4,5,37
492,7,18,8,3,24
492,7,0,20,3,26
492,7,12,20,3,16
493,5,4,5,6,104
493,5,12,5,4,44
493,5,1,10,4,70
493,5,22,6,8,66
493,5,1,23,4,217
494,6,17,18,3,3
494,6,14,6,2,341
494,6,21,16,8,92
494,6,13,15,8,1
494,6,22,10,3,13
494,6,9,10,5,11
495,7,20,6,1,144
495,7,21,20,7,4
495,7,1,14,2,17
495,7,1,19,7,43
495,7,17,2,2,28
495,7,10,23,5,78
495,7,22,14,5,463
496,2,16,12,7,74
496,2,22,4,8,39
497,6,14,7,4,4
497,6,0,10,4,55
497,6,17,10,1,303
497,6,23,17,1,357
497,6,10,6,3,70
497,6,11,23,8,76
498,5,3,10,6,27
498,5,11,23,1,144
498,5,5,19,6,96
498,5,20,5,5,19
498,5,22,9,3,312
499,6,23,21,8,70
499,6,8,12,5,32
499,6,18,4,7,22
499,6,14,16,4,20
499,6,8,5,2,10
499,6,20,1,7,18
500,13,20,17,8,20
500,13,0,23,1,21
500,13,8,1,8,31
500,13,8,22,3,60
500,13,19,13,6,10
500,13,20,18,5,106
500,13,20,0,4,51
500,13,6,18,6,69
500,13,20,3,1,43
500,13,9,10,5,125
500,13,8,0,3,4
500,13,9,23,7,1
500,13,23,1,1,99
501,11,22,9,7,140
501,11,12,9,8,37
501,11,4,20,1,427
501,11,9,15,2,100
501,11,17,1,5,7
501,11,17,8,3,55
501,11,1,19,4,345
501,11,10,0,1,13
501,11,18,1,8,1
501,11,19,18,1,19
501,11,7,18,3,138
502,5,5,21,6,151
502,5,15,11,7,407
502,5,0,21,8,108
502,5,20,18,2,317
502,5,20,17,7,95
503,5,15,23,6,410
503,5,11,15,2,169
503,5,8,11,3,3
503,5,3,19,8,3
503,5,18,20,1,113
504,8,21,18,4,328
504,8,2,21,7,254
504,8,7,12,2,18
504,8,4,5,7,1
504,8,16,1,8,44
504,8,15,2,6,48
504,8,8,23,8,92
504,8,0,16,7,33
505,6,12,0,1,180
505,6,13,14,2,66
505,6,16,11,6,96
505,6,11,18,1,52
505,6,15,6,1,159
505,6,5,13,2,14
506,4,13,17,5,194
506,4,1,16,4,23
506,4,0,23,7,291
506,4,6,2,5,49
507,6,9,7,3,24
507,6,13,4,4,98
507,6,9,20,5,123
507,6,5,2,7,131
507,6,20,3,5,57
507,6,10,3,5,77
508,4,10,13,5,33
508,4,2,14,1,10
508,4,9,15,5,11
508,4,5,14,1,38
509,5,3,11,8,38
509,5,8,2,2,397
509,5,11,2,1,121
509,5,7,16,2,58
509,5,17,13,8,27
510,11,0,8,1,9
510,11,16,9,5,44
510,11,15,9,6,155
510,11,14,6,4,119
510,11,17,13,2,74
510,11,3,2,8,20
510,11,10,23,5,168
510,11,3,9,6,44
510,11,5,8,3,26
510,11,14,5,7,88
510,11,1,18,7,32
511,4,14,20,8,107
511,4,10,3,7,16
511,4,13,1,5,46
511,4,3,9,2,41
512,4,4,23,5,25
512,4,1,13,8,12
512,4,4,19,3,46
512,4,20,19,8,80
513,10,19,2,8,27
513,10,17,10,5,93
513,10,21,15,6,16
513,10,13,5,8,8
513,10,12,4,2,5
513,10,0,11,2,9
513,10,12,0,7,129
513,10,19,5,8,22
513,10,3,21,4,6
513,10,5,23,6,102
514,12,5,18,8,235
514,12,13,22,3,24
514,12,22,4,8,180
514,12,18,20,3,127
514,12,3,18,8,26
514,12,17,3,7,17
514,12,16,15,7,24
514,12,14,18,6,100
514,12,10,22,1,97
514,12,7,12,7,43
514,12,6,15,5,10
514,12,2,21,4,194
515,6,10,21,1,2
515,6,14,16,3,18
515,6,12,5,2,126
515,6,16,0,8,69
515,6,7,11,6,100
515,6,6,14,8,57
516,9,22,9,6,132
516,9,13,23,4,134
516,9,0,1,2,176
516,9,16,19,8,40
516,9,2,19,4,16
516,9,15,3,1,89
516,9,17,13,1,55
516,9,8,19,5,3
516,9,7,23,7,45
517,9,20,8,1,32
517,9,6,22,8,127
517,9,22,18,7,275
517,9,6,18,8,41
517,9,22,3,3,46
517,9,7,9,8,38
517,9,4,16,2,27
517,9,22,8,1,436
517,9,12,17,3,1
518,6,21,16,4,79
518,6,23,3,4,18
518,6,16,1,8,99
518,6,13,7,8,4
518,6,2,5,8,70
518,6,3,1,3,43
519,6,9,7,7,16
519,6,8,2,8,56
519,6,10,16,2,55
519,6,13,8,1,31
519,6,23,18,6,28
519,6,15,6,6,61
520,4,12,22,8,31
520,4,10,13,1,8
520,4,9,12,2,22
520,4,5,14,4,366
521,6,4,21,7,82
521,6,4,14,4,84
521,6,9,5,8,13
521,6,8,17,1,268
521,6,2,13,7,97
521,6,23,20,8,5
522,3,18,16,6,6
522,3,9,8,4,62
522,3,18,16,4,69
523,3,17,0,2,58
523,3,22,23,7,76
523,3,12,18,8,12
524,5,17,12,8,4
524,5,4,9,2,10
524,5,20,7,8,22
524,5,17,4,8,15
524,5,23,14,7,180
525,3,4,8,2,30
525,3,20,4,4,49
525,3,2,17,1,57
526,4,22,14,6,20
526,4,11,15,7,189
526,4,21,22,8,67
526,4,21,13,1,1
527,6,19,10,4,14
527,6,10,0,2,22
527,6,7,10,1,162
527,6,15,18,2,75
527,6,16,5,2,14
527,6,7,6,8,6
528,4,20,4,1,69
528,4,2,6,3,142
528,4,16,4,7,65
528,4,14,1,4,98
529,9,17,2,8,189
529,9,7,16,7,50
529,9,7,2,2,166
529,9,1,16,2,25
529,9,19,13,8,253
529,9,13,1,7,91
529,9,3,23,8,18
529,9,4,11,4,61
529,9,14,19,1,34
530,12,20,18,4,149
530,12,12,7,5,87
530,12,15,21,2,140
530,12,17,22,8,103
530,12,20,10,3,34
530,12,17,18,2,146
530,12,9,11,8,168
530,12,10,16,2,42
530,12,3,9,5,210
530,12,11,19,4,22
530,12,20,23,8,1
530,12,11,1,3,44
531,4,10,15,1,87
531,4,14,3,7,37
531,4,11,15,7,23
531,4,0,18,1,33
532,9,13,16,6,213
532,9,16,11,4,11
532,9,9,3,2,90
532,9,5,7,3,71
532,9,13,14,5,330
532,9,8,18,7,246
532,9,4,18,5,48
532,9,16,14,1,284
532,9,14,5,5,79
533,6,20,21,4,99
533,6,17,1,6,52
533,6,14,23,4,219
533,6,17,3,6,200
533,6,3,0,5,64
533,6,6,21,5,55
534,5,20,6,5,7
534,5,12,4,4,43
534,5,8,0,4,43
534,5,10,14,5,9
534,5,18,5,1,343
535,4,7,4,2,47
535,4,14,1,7,27
535,4,13,6,2,78
535,4,19,5,5,88
536,8,0,4,1,41
536,8,0,5,5,79
536,8,23,3,5,26
536,8,8,17,6,170
536,8,3,15,4,120
536,8,2,0,8,97
536,8,13,17,1,27
536,8,0,19,4,137
537,6,23,11,1,48
537,6,0,1,1,328
537,6,19,2,7,92
537,6,14,13,2,20
537,6,21,9,2,71
537,6,14,6,5,35
538,8,12,23,6,34
538,8,1,16,4,74
538,8,18,16,5,121
538,8,16,2,5,44
538,8,3,20,3,92
538,8,7,18,7,8
538,8,9,14,1,18
538,8,9,17,6,169
539,4,20,4,1,134
539,4,10,2,5,141
539,4,1,9,1,406
539,4,16,14,6,57
540,8,5,23,5,70
540,8,17,20,6,78
540,8,12,1,1,6
540,8,3,4,7,129
540,8,11,2,3,214
540,8,10,20,2,44
540,8,19,21,4,111
540,8,9,3,5,75
541,9,17,3,8,94
541,9,16,6,2,221
541,9,5,7,7,255
541,9,6,19,2,87
541,9,22,15,8,97
541,9,10,11,4,130
541,9,9,14,5,104
541,9,10,0,1,23
541,9,20,22,2,48
542,7,16,3,4,7
542,7,7,14,5,45
542,7,1,15,3,43
542,7,23,19,2,147
542,7,2,19,2,145
542,7,19,17,4,119
542,7,0,16,5,55
543,5,0,10,3,33
543,5,1,11,3,3
543,5,9,1,5,38
543,5,20,12,1,243
543,5,6,20,6,37
544,9,20,12,7,214
544,9,1,22,8,16
544,9,17,21,5,383
544,9,15,14,7,16
544,9,11,2,5,102
544,9,18,5,8,70
544,9,11,21,5,450
544,9,7,22,5,2
544,9,1,4,3,89
545,12,23,0,1,13
545,12,23,9,5,64
545,12,15,4,5,129
545,12,0,2,7,165
545,12,1,2,8,96
545,12,3,8,6,66
545,12,4,1,3,10
545,12,10,1,3,79
545,12,2,20,2,15
545,12,23,14,7,24
545,12,17,20,2,41
545,12,15,16,4,88
546,3,0,6,1,140
546,3,22,3,4,70
546,3,20,19,7,26
547,6,0,4,1,13
547,6,22,1,3,35
547,6,9,23,7,157
547,6,18,22,8,6
547,6,3,16,7,43
547,6,22,9,5,71
548,7,4,5,2,283
548,7,10,8,6,120
548,7,11,12,1,109
548,7,10,16,1,78
548,7,15,0,8,17
548,7,0,14,4,67
548,7,19,18,3,24
549,4,13,6,5,18
549,4,11,13,5,118
549,4,8,12,2,178
549,4,10,2,2,12
550,8,18,1,2,9
550,8,8,14,6,104
550,8,22,11,7,91
550,8,17,19,1,9
550,8,3,14,7,1
550,8,5,0,2,223
550,8,17,8,4,102
550,8,8,16,2,26
551,1,11,15,6,123
552,4,6,0,6,25
552,4,9,17,2,8
552,4,22,2,6,9
552,4,9,21,7,94
553,5,0,13,2,46
553,5,13,21,2,31
553,5,16,3,1,268
553,5,15,12,3,250
553,5,10,22,7,3
554,7,4,7,7,62
554,7,18,4,3,65
554,7,5,13,2,91
554,7,5,17,5,163
554,7,1,11,1,207
554,7,4,1,5,104
554,7,16,3,8,55
555,9,3,5,2,353
555,9,23,20,8,93
555,9,5,23,8,30
555,9,18,22,3,102
555,9,19,21,6,28
555,9,4,9,2,196
555,9,1,21,7,109
555,9,13,1,1,101
555,9,22,0,2,58
556,6,16,15,6,63
556,6,23,17,3,10
556,6,15,4,7,203
556,6,21,11,7,4
556,6,0,16,3,190
556,6,0,3,3,47
557,5,7,10,5,24
557,5,22,4,8,145
557,5,2,20,7,168
557,5,5,21,8,78
557,5,13,4,7,123
558,8,21,13,6,42
558,8,15,7,8,9
558,8,17,8,6,158
558,8,13,4,2,100
558,8,10,8,8,117
558,8,19,8,4,87
558,8,1,3,7,7
558,8,21,11,3,204
559,7,15,1,2,49
559,7,11,2,7,5
559,7,23,4,6,63
559,7,10,4,7,18
559,7,1,10,4,148
559,7,21,12,8,23
559,7,12,6,4,89
560,6,19,22,1,147
560,6,19,20,5,51
560,6,17,20,2,89
560,6,17,11,5,29
560,6,19,11,5,152
560,6,14,2,6,33
561,6,8,4,5,37
561,6,9,18,4,35
561,6,8,20,2,146
561,6,6,10,4,53
561,6,20,10,7,31
561,6,9,19,3,81
562,3,3,11,3,41
562,3,9,7,7,36
562,3,8,20,2,31
563,9,13,22,8,432
563,9,18,0,5,20
563,9,23,7,3,62
563,9,10,16,4,31
563,9,13,19,3,30
563,9,18,20,6,61
563,9,14,5,7,30
563,9,19,16,7,152
563,9,23,12,3,704
564,7,16,18,1,102
564,7,2,21,3,147
564,7,3,2,3,10
564,7,4,21,7,138
564,7,5,8,4,148
564,7,1,2,6,125
564,7,1,17,4,96
565,8,0,9,6,173
565,8,18,19,7,78
565,8,8,18,1,2
565,8,17,13,4,11
565,8,1,10,7,26
565,8,20,11,5,23
565,8,2,7,1,310
565,8,7,14,5,189
566,10,12,15,3,102
566,10,19,3,5,43
566,10,15,22,7,100
566,10,3,20,5,8
566,10,13,1,4,16
566,10,0,19,5,33
566,10,3,19,2,3
566,10,23,7,5,6
566,10,10,14,1,16
566,10,4,7,7,1
567,7,21,22,8,196
567,7,14,21,3,11
567,7,2,8,7,185
567,7,8,0,2,37
567,7,16,21,1,11
567,7,5,16,7,205
567,7,18,17,5,189
568,6,6,14,8,14
568,6,19,14,7,98
568,6,14,21,3,127
568,6,22,2,6,96
568,6,23,4,7,111
568,6,23,13,8,106
569,5,3,22,7,88
569,5,2,16,6,50
569,5,21,12,2,24
569,5,23,22,6,203
569,5,1,6,6,61
570,7,18,23,8,143
570,7,4,17,1,133
570,7,2,14,1,12
570,7,15,16,8,71
570,7,23,16,2,259
570,7,19,18,5,17
570,7,2,1,8,103
571,4,16,15,4,33
571,4,6,0,2,44
571,4,14,6,6,62
571,4,6,2,3,304
572,8,17,13,1,51
572,8,3,18,2,284
572,8,12,18,5,168
572,8,8,18,2,96
572,8,19,11,4,63
572,8,4,15,5,38
572,8,2,3,2,36
572,8,6,22,5,116
573,6,12,11,7,47
573,6,13,17,4,72
573,6,19,6,5,51
573,6,7,4,5,141
573,6,19,3,4,60
573,6,7,9,7,23
574,7,1,11,8,96
574,7,4,17,7,63
574,7,23,22,1,237
574,7,4,12,3,39
574,7,21,2,4,162
574,7,4,16,1,84
574,7,4,20,5,142
575,6,17,14,1,116
575,6,15,9,3,90
575,6,22,2,5,3
575,6,8,9,6,229
575,6,12,20,7,104
575,6,7,10,5,77
576,10,4,5,8,343
576,10,20,3,4,36
576,10,20,9,8,5
576,10,10,3,2,103
576,10,10,5,1,131
576,10,16,8,6,24
576,10,7,12,6,73
576,10,22,16,6,130
576,10,20,6,3,135
576,10,0,17,8,148
577,7,10,12,7,96
577,7,1,20,6,4
577,7,6,20,1,228
577,7,15,14,4,148
577,7,6,19,4,194
577,7,0,4,2,287
577,7,1,20,6,12
578,4,19,8,5,11
578,4,21,15,3,49
578,4,1,16,8,158
578,4,2,19,1,116
579,6,1,22,2,196
579,6,20,4,8,70
579,6,14,16,8,71
579,6,8,20,7,83
579,6,16,22,1,8
579,6,0,5,2,31
580,3,6,3,4,87
580,3,7,6,1,210
580,3,0,15,6,41
581,4,20,22,8,4
581,4,3,4,6,82
581,4,22,10,8,37
581,4,15,23,5,14
582,5,19,23,5,515
582,5,15,6,1,140
582,5,17,18,5,46
582,5,9,15,1,90
582,5,5,6,6,11
583,6,16,20,7,69
583,6,16,13,6,70
583,6,8,23,8,20
583,6,7,3,4,45
583,6,21,2,4,14
583,6,11,22,8,15
584,8,12,10,6,13
584,8,2,1,5,97
584,8,14,21,1,242
584,8,5,14,6,1
584,8,17,3,7,16
584,8,10,3,8,104
584,8,2,16,8,108
584,8,11,18,2,45
585,9,0,17,2,6
585,9,21,20,8,61
585,9,5,6,2,29
585,9,20,6,2,178
585,9,4,20,5,40
585,9,5,19,2,42
585,9,18,20,3,3
585,9,11,6,5,140
585,9,3,12,4,110
586,8,10,20,7,107
586,8,3,15,8,29
586,8,18,14,3,54
586,8,12,16,5,38
586,8,10,20,1,245
586,8,13,12,4,349
586,8,11,20,6,5
586,8,17,6,3,280
587,5,14,19,1,148
587,5,10,9,8,47
587,5,15,7,6,107
587,5,2,19,3,112
587,5,18,12,3,280
588,9,19,7,1,93
588,9,9,2,2,147
588,9,3,7,1,80
588,9,5,19,3,221
588,9,1,18,8,99
588,9,2,4,8,21
588,9,23,6,6,393
588,9,7,3,3,20
588,9,13,19,5,51
589,7,23,11,5,16
589,7,1,4,2,86
589,7,0,4,7,112
589,7,9,19,7,85
589,7,22,23,5,33
589,7,5,20,8,89
589,7,10,6,2,65
590,10,6,16,2,103
590,10,17,15,4,298
590,10,14,4,2,45
590,10,3,1,6,265
590,10,7,14,6,64
590,10,18,14,1,112
590,10,4,0,1,110
590,10,5,6,8,3
590,10,0,21,3,123
590,10,12,19,3,102
591,10,18,3,2,52
591,10,17,22,2,12
591,10,18,4,8,35
591,10,6,9,1,60
591,10,9,11,8,1
591,10,12,0,1,53
591,10,11,7,2,72
591,10,1,15,2,102
591,10,13,8,8,29
591,10,12,9,6,22
592,5,13,6,6,49
592,5,19,2,1,20
592,5,17,22,2,33
592,5,7,20,8,98
592,5,9,4,3,67
593,7,2,22,6,12
593,7,23,2,3,100
593,7,18,6,1,33
593,7,16,14,5,14
593,7,5,22,5,109
593,7,11,12,7,175
593,7,14,19,2,6
594,7,20,13,1,12
594,7,6,13,1,132
594,7,22,15,5,17
594,7,3,11,1,91
594,7,14,9,5,127
594,7,6,0,4,133
594,7,19,15,1,35
595,5,11,3,2,26
595,5,2,8,8,74
595,5,16,18,5,2
595,5,16,7,4,173
595,5,4,23,7,5
596,6,1,20,1,294
596,6,11,10,5,6
596,6,12,8,7,219
596,6,15,5,6,309
596,6,23,8,1,382
596,6,18,1,1,11
597,4,4,21,1,23
597,4,14,17,4,19
597,4,4,13,5,94
597,4,23,22,1,125
598,4,6,5,4,225
598,4,23,20,4,58
598,4,17,14,3,56
598,4,10,5,5,30
599,5,15,17,3,5
599,5,22,15,5,156
599,5,3,14,3,17
599,5,3,11,7,32
599,5,1,13,2,111
600,8,0,6,4,10
600,8,12,9,4,318
600,8,17,23,3,54
600,8,3,12,7,14
600,8,14,1,8,122
600,8,16,18,4,170
600,8,6,21,3,114
600,8,21,23,8,80
601,7,15,16,1,186
601,7,18,0,3,25
601,7,3,4,3,73
601,7,14,23,4,187
601,7,21,0,2,513
601,7,3,22,4,3
601,7,11,22,2,5
602,5,13,22,2,176
602,5,12,22,2,45
602,5,14,2,6,107
602,5,7,21,3,47
602,5,16,5,4,50
603,3,16,1,3,122
603,3,6,8,5,62
603,3,0,2,7,69
604,5,13,5,1,9
604,5,3,9,8,5
604,5,11,17,1,48
604,5,16,13,2,23
604,5,1,21,3,117
605,4,5,20,2,139
605,4,0,8,4,37
605,4,1,17,2,24
605,4,1,20,2,371
606,7,14,4,8,210
606,7,18,5,5,27
606,7,9,7,7,174
606,7,22,13,8,26
606,7,15,8,3,45
606,7,2,3,5,64
606,7,22,0,2,76
607,10,6,22,8,46
607,10,14,21,5,149
607,10,16,5,4,154
607,10,10,1,5,159
607,10,13,4,1,166
607,10,15,1,3,109
607,10,17,1,7,268
607,10,20,2,6,76
607,10,3,22,2,13
607,10,2,17,3,51
608,10,23,0,5,72
608,10,22,19,3,23
608,10,22,13,5,204
608,10,21,10,1,41
608,10,17,0,4,39
608,10,18,8,3,149
608,10,11,1,3,15
608,10,21,16,2,109
608,10,17,20,8,143
608,10,12,7,5,97
609,3,9,1,2,137
609,3,17,15,8,79
609,3,15,7,4,13
610,6,1,8,1,68
610,6,15,19,5,83
610,6,8,20,2,155
610,6,14,12,4,10
610,6,15,9,2,112
610,6,8,4,8,35
611,3,15,2,2,32
611,3,20,21,7,71
611,3,19,11,4,334
612,12,5,20,7,7
612,12,1,19,7,102
612,12,10,13,3,24
612,12,8,0,4,41
612,12,11,23,4,27
612,12,20,16,7,48
612,12,18,17,7,6
612,12,5,21,5,7
612,12,16,21,5,217
612,12,17,13,5,7
612,12,11,21,6,29
612,12,3,5,6,96
613,4,18,8,6,81
613,4,23,9,2,70
613,4,3,15,5,34
613,4,15,6,5,25
614,1,6,18,7,32
615,6,13,5,6,143
615,6,19,21,2,27
615,6,17,9,1,104
615,6,13,6,8,175
615,6,4,10,8,10
615,6,15,2,2,6
616,7,12,18,2,31
616,7,7,6,7,49
616,7,7,14,2,346
616,7,6,20,5,192
616,7,6,17,8,7
616,7,4,12,5,58
616,7,19,4,2,84
617,9,3,2,4,38
617,9,20,18,1,42
617,9,4,13,5,156
617,9,11,9,1,37
617,9,4,19,7,86
617,9,11,4,2,29
617,9,12,11,8,12
617,9,13,6,6,177
617,9,7,13,6,156
618,6,16,2,8,228
618,6,7,18,5,318
618,6,11,14,4,119
618,6,3,2,8,137
618,6,13,8,5,450
618,6,22,9,2,183
619,6,6,8,4,129
619,6,13,2,5,136
619,6,11,7,2,1
619,6,4,2,2,18
619,6,3,16,3,25
619,6,1,5,4,82
620,5,16,21,2,103
620,5,0,2,4,57
620,5,1,6,2,53
620,5,12,1,3,42
620,5,9,23,8,38
621,2,11,14,2,98
621,2,16,12,6,262
622,3,8,7,4,181
622,3,11,20,1,322
622,3,6,18,3,93
623,4,11,13,2,99
623,4,16,2,3,269
623,4,17,20,6,31
623,4,6,15,8,20
624,3,13,17,6,29
624,3,4,20,4,11
624,3,7,8,3,11
625,6,12,22,2,141
625,6,17,11,1,38
625,6,17,20,1,50
625,6,14,4,3,7
625,6,11,15,1,154
625,6,8,12,1,25
626,4,4,10,4,97
626,4,2,23,5,127
626,4,11,1,6,28
626,4,6,5,8,7
627,3,8,21,4,7
627,3,6,18,8,30
627,3,0,15,7,198
628,2,12,21,6,13
628,2,20,17,4,17
629,9,8,18,7,53
629,9,20,21,5,218
629,9,0,17,1,12
629,9,8,19,4,16
629,9,21,15,5,207
629,9,22,11,7,59
629,9,1,7,1,236
629,9,13,11,8,80
629,9,19,22,3,49
630,3,9,2,3,228
630,3,10,3,8,7
630,3,23,22,2,34
631,3,1,9,2,24
631,3,13,15,8,70
631,3,23,4,6,66
632,9,0,6,5,103
632,9,11,9,8,407
632,9,10,5,3,55
632,9,19,15,3,59
632,9,21,6,5,173
632,9,15,22,7,1
632,9,13,18,3,60
632,9,22,6,6,35
632,9,7,18,4,23
633,3,22,10,3,50
633,3,13,7,7,7
633,3,3,14,8,144
634,13,2,22,4,12
634,13,7,12,8,294
634,13,17,20,7,139
634,13,23,10,4,88
634,13,14,1,4,57
634,13,17,18,4,12
634,13,0,3,7,101
634,13,10,13,8,75
634,13,10,12,1,279
634,13,13,12,3,588
634,13,9,2,7,66
634,13,10,20,4,38
634,13,3,23,3,127
635,8,6,1,5,56
635,8,19,23,4,72
635,8,3,0,4,90
635,8,23,5,1,47
635,8,10,11,7,21
635,8,12,13,8,15
635,8,4,16,2,30
635,8,8,15,7,53
636,9,15,11,2,49
636,9,8,18,8,94
636,9,23,9,3,50
636,9,13,17,7,146
636,9,13,17,6,11
636,9,3,15,2,47
636,9,1,4,1,165
636,9,1,4,5,62
636,9,9,16,5,48
637,2,1,14,2,88
637,2,16,1,6,71
638,4,20,0,6,106
638,4,16,4,2,86
638,4,2,6,4,120
638,4,18,7,2,323
639,5,1,6,2,17
639,5,8,17,4,18
639,5,22,15,7,13
639,5,21,23,5,41
639,5,11,13,7,70
640,6,7,3,3,46
640,6,12,9,7,49
640,6,3,10,2,4
640,6,3,21,3,82
640,6,16,4,5,63
640,6,20,6,6,127
641,6,17,9,4,50
641,6,6,22,1,54
641,6,21,23,7,269
641,6,3,7,7,22
641,6,3,1,5,179
641,6,23,8,1,53
642,5,6,20,6,445
642,5,0,1,1,73
642,5,6,16,2,200
642,5,12,20,3,32
642,5,20,21,8,8
643,3,4,6,6,61
643,3,17,12,8,5
643,3,16,9,8,130
644,6,7,3,7,59
644,6,21,13,7,91
644,6,14,22,7,5
644,6,13,18,5,1
644,6,4,7,8,315
644,6,14,10,8,99
645,7,2,9,8,71
645,7,17,2,7,174
645,7,6,2,7,10
645,7,7,23,8,60
645,7,2,19,5,242
645,7,6,21,8,251
645,7,5,6,8,32
646,8,11,7,3,127
646,8,13,11,1,15
646,8,9,6,2,310
646,8,15,22,2,6
646,8,11,3,3,52
646,8,10,16,4,151
646,8,11,9,6,25
646,8,0,13,1,60
647,3,12,15,4,161
647,3,10,18,1,92
647,3,7,15,8,13
648,5,8,14,1,223
648,5,0,8,5,118
648,5,10,17,5,158
648,5,12,9,4,30
648,5,15,23,8,143
649,13,0,23,3,102
649,13,1,11,7,95
649,13,8,2,6,164
649,13,1,7,1,273
649,13,19,18,1,36
649,13,18,15,1,22
649,13,2,0,4,5
649,13,6,18,4,227
649,13,12,2,2,126
649,13,6,5,4,45
649,13,20,11,5,21
649,13,23,12,1,275
649,13,22,15,4,6
650,6,19,23,8,98
650,6,0,17,8,26
650,6,12,19,4,270
650,6,21,18,5,13
650,6,6,15,6,52
650,6,2,14,7,63
651,3,22,20,1,12
651,3,6,4,6,5
651,3,13,14,3,38
652,4,16,2,7,38
652,4,1,0,4,23
652,4,23,11,8,95
652,4,10,12,4,11
653,4,0,19,5,157
653,4,4,7,3,52
653,4,22,0,2,13
653,4,14,6,7,174
654,7,17,13,1,40
654,7,14,12,3,37
654,7,9,8,3,6
654,7,3,23,5,83
654,7,17,16,5,2
654,7,13,10,8,78
654,7,21,7,7,30
655,4,16,4,7,31
655,4,21,13,5,37
655,4,23,11,2,37
655,4,15,16,1,122
656,13,4,14,1,208
656,13,2,9,2,150
656,13,16,4,5,237
656,13,17,7,8,14
656,13,3,6,8,43
656,13,0,6,8,2
656,13,17,12,1,199
656,13,4,12,8,115
656,13,0,16,5,13
656,13,6,4,1,65
656,13,3,2,6,14
656,13,1,2,7,86
656,13,5,3,1,46
657,7,8,15,5,8
657,7,0,2,6,44
657,7,4,8,3,98
657,7,21,1,6,35
657,7,5,12,1,4
657,7,14,0,1,104
657,7,4,2,1,13
658,3,11,5,6,88
658,3,0,18,6,65
658,3,11,6,8,64
659,3,20,8,4,190
659,3,8,7,5,47
659,3,2,16,6,73
660,7,3,10,5,273
660,7,21,4,1,52
660,7,6,23,1,11
660,7,11,5,8,28
660,7,10,14,2,52
660,7,17,14,7,12
660,7,0,14,6,63
661,4,1,3,5,14
661,4,15,0,1,1
661,4,18,0,8,18
661,4,0,23,5,213
662,6,12,8,5,80
662,6,16,1,2,35
662,6,11,7,2,31
662,6,10,17,6,74
662,6,16,3,8,94
662,6,9,11,6,88
663,9,10,15,3,6
663,9,14,5,4,6
663,9,21,9,1,23
663,9,18,13,7,111
663,9,9,5,3,14
663,9,3,21,5,30
663,9,9,17,4,162
663,9,22,1,6,19
663,9,20,13,1,56
664,9,21,1,1,126
664,9,19,21,1,3
664,9,5,4,7,30
664,9,18,1,6,152
664,9,21,5,4,13
664,9,5,4,2,118
664,9,0,10,7,168
664,9,12,1,3,82
664,9,17,20,6,10
665,7,14,18,7,172
665,7,8,22,6,98
665,7,17,4,5,34
665,7,2,6,6,193
665,7,0,5,3,57
665,7,13,21,2,144
665,7,19,3,1,13
666,6,23,17,8,26
666,6,20,4,7,197
666,6,18,3,1,109
666,6,10,2,5,111
666,6,16,15,2,197
666,6,18,3,3,86
667,5,1,20,5,83
667,5,23,10,7,169
667,5,16,3,4,176
667,5,14,3,8,108
667,5,10,11,6,39
668,12,4,12,4,126
668,12,22,21,5,3
668,12,5,12,7,122
668,12,0,5,7,1
668,12,20,19,3,121
668,12,18,0,2,65
668,12,7,23,5,202
668,12,21,5,7,170
668,12,15,1,7,124
668,12,19,17,6,323
668,12,18,7,4,3
668,12,20,14,8,15
669,2,20,21,7,91
669,2,8,19,5,93
670,3,19,4,8,24
670,3,21,11,1,40
670,3,0,1,4,92
671,4,15,22,1,101
671,4,6,7,7,159
671,4,11,6,6,43
671,4,0,20,5,38
672,4,14,10,1,12
672,4,10,11,1,111
672,4,21,16,2,47
672,4,13,2,6,29
673,5,18,7,3,8
673,5,16,18,5,197
673,5,10,9,3,20
673,5,6,0,1,82
673,5,7,21,1,13
674,7,9,22,2,72
674,7,6,13,8,270
674,7,9,7,3,144
674,7,11,1,5,25
674,7,7,23,5,86
674,7,18,14,1,35
674,7,11,4,3,29
675,6,23,20,4,17
675,6,18,19,6,49
675,6,0,12,1,29
675,6,19,8,3,11
675,6,3,5,3,281
675,6,17,13,7,57
676,3,4,1,1,89
676,3,2,1,6,83
676,3,16,12,7,32
677,8,19,1,6,32
677,8,3,4,1,17
677,8,16,12,8,8
677,8,22,15,5,35
677,8,9,3,4,152
677,8,11,12,5,330
677,8,7,4,4,181
677,8,3,12,2,270
678,4,0,22,8,4
678,4,18,21,5,156
678,4,12,0,8,132
678,4,18,0,3,280
679,7,19,1,6,37
679,7,5,11,7,29
679,7,11,14,8,95
679,7,16,6,7,46
679,7,13,21,6,181
679,7,0,15,6,8
679,7,13,11,5,1
680,5,11,16,5,36
680,5,12,5,5,84
680,5,23,16,1,147
680,5,20,12,8,67
680,5,20,19,1,12
681,5,21,7,6,252
681,5,4,9,8,12
681,5,13,15,5,11
681,5,12,16,6,44
681,5,11,10,2,48
682,6,2,23,2,120
682,6,17,10,6,7
682,6,7,18,2,57
682,6,4,6,5,30
682,6,7,18,1,17
682,6,10,15,7,355
683,5,20,19,5,244
683,5,16,4,4,25
683,5,16,20,3,92
683,5,19,0,7,247
683,5,17,10,1,166
684,7,17,3,3,126
684,7,5,1,7,55
684,7,3,23,5,178
684,7,16,3,7,177
684,7,19,4,4,18
684,7,16,21,1,58
684,7,3,14,4,167
685,7,12,5,4,28
685,7,6,18,6,59
685,7,16,1,8,42
685,7,0,20,8,122
685,7,6,5,3,1
685,7,19,11,1,5
685,7,0,5,1,89
686,9,12,20,8,112
686,9,9,12,7,25
686,9,13,5,8,86
686,9,10,14,6,44
686,9,0,7,5,87
686,9,8,12,7,190
686,9,10,2,1,6
686,9,13,12,6,45
686,9,22,10,8,3
687,10,22,17,8,31
687,10,14,10,1,44
687,10,23,0,7,296
687,10,20,17,4,374
687,10,4,3,4,34
687,10,15,1,2,238
687,10,22,21,6,33
687,10,4,18,6,16
687,10,1,8,1,109
687,10,7,18,8,4
688,7,15,9,5,166
688,7,13,17,6,103
688,7,8,14,3,58
688,7,20,22,3,36
688,7,1,0,4,113
688,7,6,3,8,47
688,7,21,8,5,42
689,4,11,7,6,31
689,4,17,12,2,148
689,4,7,18,3,106
689,4,4,16,2,159
690,8,23,12,6,18
690,8,4,0,3,35
690,8,12,7,8,23
690,8,6,8,6,59
690,8,12,1,7,25
690,8,6,4,4,28
690,8,2,16,3,91
690,8,6,20,7,115
691,2,12,8,7,112
691,2,22,23,1,52
692,6,20,21,2,88
692,6,11,15,5,27
692,6,8,16,2,28
692,6,4,7,4,134
692,6,2,3,3,112
692,6,15,9,7,7
693,6,14,22,5,54
693,6,10,13,1,24
693,6,18,7,1,15
693,6,16,8,3,45
693,6,4,23,1,87
693,6,3,12,7,21
694,10,10,1,5,54
694,10,10,15,1,144
694,10,18,1,5,45
694,10,18,16,2,14
694,10,19,9,2,53
694,10,8,6,6,62
694,10,3,5,1,141
694,10,13,19,4,42
694,10,9,13,3,28
694,10,1,19,8,40
695,4,19,11,2,37
695,4,4,18,4,347
695,4,4,17,5,165
695,4,0,5,3,22
696,8,15,17,3,40
696,8,3,6,2,68
696,8,8,12,5,39
696,8,14,10,4,8
696,8,1,8,8,68
696,8,5,22,5,60
696,8,3,12,2,50
696,8,17,20,3,32
697,9,19,6,2,90
697,9,16,5,7,148
697,9,1,17,3,194
697,9,4,8,2,43
697,9,0,2,2,164
697,9,1,0,8,68
697,9,13,1,5,11
697,9,9,16,5,88
697,9,15,9,2,21
698,7,2,1,8,234
698,7,11,8,2,105
698,7,1,3,4,3
698,7,20,10,6,56
698,7,21,5,2,361
698,7,22,0,1,46
698,7,5,2,8,16
699,13,3,19,7,54
699,13,9,11,8,34
699,13,13,8,5,41
699,13,1,5,8,28
699,13,15,11,8,68
699,13,16,14,4,235
699,13,22,17,2,15
699,13,7,8,7,24
699,13,17,9,8,298
699,13,2,7,7,167
699,13,1,17,1,41
699,13,12,10,1,96
699,13,9,19,6,278
700,6,21,4,8,10
700,6,18,21,5,161
700,6,22,23,1,23
700,6,19,2,3,22
700,6,22,11,3,54
700,6,1,6,8,135
701,11,23,13,1,127
701,11,6,9,2,139
701,11,0,20,4,76
701,11,0,18,1,201
701,11,22,12,6,5
701,11,20,4,5,64
701,11,11,15,1,60
701,11,20,23,7,63
701,11,23,0,8,15
701,11,17,13,4,29
701,11,19,8,5,69
702,4,8,15,5,5
702,4,7,14,2,106
702,4,11,14,3,61
702,4,12,19,2,170
703,5,17,9,5,82
703,5,1,19,1,76
703,5,7,9,5,290
703,5,7,16,1,189
703,5,12,15,2,282
704,7,4,11,8,98
704,7,7,13,3,78
704,7,1,23,8,157
704,7,5,14,6,44
704,7,14,0,7,37
704,7,16,20,3,63
704,7,13,1,1,224
705,4,3,17,1,223
705,4,3,15,3,53
705,4,17,1,8,137
705,4,9,15,6,182
706,8,0,13,3,56
706,8,4,14,1,2
706,8,1,17,2,22
706,8,7,4,1,198
706,8,0,7,4,129
706,8,12,1,8,52
706,8,15,19,1,16
706,8,7,13,4,82
707,9,16,23,3,71
707,9,7,4,8,46
707,9,5,0,6,4
707,9,4,18,5,20
707,9,0,3,2,17
707,9,4,15,1,14
707,9,23,6,6,316
707,9,9,1,1,284
707,9,7,9,7,142
708,5,9,19,3,42
708,5,22,15,8,323
708,5,7,3,3,307
708,5,8,22,6,196
708,5,11,21,5,25
709,5,11,0,5,66
709,5,13,11,2,60
709,5,0,2,3,182
709,5,20,3,3,27
709,5,21,10,8,19
710,5,7,9,4,54
710,5,13,15,4,25
710,5,13,21,3,68
710,5,11,3,2,136
710,5,17,1,7,39
711,7,21,4,7,88
711,7,10,3,4,29
711,7,3,13,6,105
711,7,2,10,5,120
711,7,23,22,7,116
711,7,8,2,5,16
711,7,14,22,3,276
712,6,15,8,8,23
712,6,5,12,5,36
712,6,11,23,3,138
712,6,13,1,5,68
712,6,11,0,3,68
712,6,9,23,1,147
713,8,23,7,5,55
713,8,22,12,6,118
713,8,4,3,1,157
713,8,0,2,2,315
713,8,18,21,5,32
713,8,2,11,2,6
713,8,23,16,2,30
713,8,14,9,3,36
714,5,2,15,3,44
714,5,23,20,4,109
714,5,12,17,4,114
714,5,13,4,5,1
714,5,10,22,5,19
715,10,7,19,2,140
715,10,23,3,1,122
715,10,5,18,6,30
715,10,2,17,4,86
715,10,5,6,8,17
715,10,5,8,5,42
715,10,23,6,7,217
715,10,9,12,1,25
715,10,22,3,5,50
715,10,18,5,2,314
716,6,16,19,8,42
716,6,13,18,4,58
716,6,9,2,2,84
716,6,23,1,1,100
716,6,23,9,4,128
716,6,3,0,7,14
717,3,9,8,6,50
717,3,1,12,1,10
717,3,15,5,1,104
718,4,15,3,2,44
718,4,3,18,7,62
718,4,5,15,8,138
718,4,15,8,8,13
719,8,14,13,1,42
719,8,6,21,2,102
719,8,21,23,4,115
719,8,4,6,7,38
719,8,3,22,6,6
719,8,13,15,5,152
719,8,11,2,4,77
719,8,5,3,7,96
720,12,14,2,1,217
720,12,12,23,8,12
720,12,20,17,1,126
720,12,14,20,8,72
720,12,0,7,4,29
720,12,0,7,8,70
720,12,8,3,3,92
720,12,20,5,7,72
720,12,6,17,2,337
720,12,12,4,5,6
720,12,2,22,5,68
720,12,16,18,5,23
721,4,1,18,7,138
721,4,14,6,6,7
721,4,11,10,3,3
721,4,1,5,3,34
722,10,19,6,7,163
722,10,22,12,7,66
722,10,18,10,1,135
722,10,21,0,1,206
722,10,17,4,5,172
722,10,0,17,2,116
722,10,1,18,4,161
722,10,17,0,6,98
722,10,2,8,2,80
722,10,17,8,8,116
723,8,16,11,7,79
723,8,2,15,5,22
723,8,21,2,6,54
723,8,9,7,5,81
723,8,13,21,8,34
723,8,8,6,1,7
723,8,18,17,8,101
723,8,12,22,6,604
724,5,9,22,2,152
724,5,11,22,7,83
724,5,21,5,4,62
724,5,3,15,2,100
724,5,13,15,4,33
725,11,10,12,7,85
725,11,18,1,2,39
725,11,8,5,6,89
725,11,18,10,3,147
725,11,6,14,6,33
725,11,9,17,6,104
725,11,1,8,8,104
725,11,20,19,8,219
725,11,22,19,7,31
725,11,5,21,8,352
725,11,8,11,5,35
726,11,18,16,3,27
726,11,19,3,2,52
726,11,12,5,5,196
726,11,8,16,1,47
726,11,6,1,3,60
726,11,3,0,1,70
726,11,21,23,3,2
726,11,1,10,6,7
726,11,15,6,2,184
726,11,7,15,7,137
726,11,9,2,1,142
727,5,11,18,5,184
727,5,20,19,3,27
727,5,8,2,2,23
727,5,22,2,8,9
727,5,12,13,8,51
728,5,23,6,7,67
728,5,18,6,5,61
728,5,5,16,4,5
728,5,20,6,2,212
728,5,21,12,2,31
729,10,12,8,2,132
729,10,13,10,8,39
729,10,16,2,7,13
729,10,7,14,7,63
729,10,11,9,2,110
729,10,12,13,7,217
729,10,18,17,8,52
729,10,5,17,8,53
729,10,13,14,5,58
729,10,1,4,4,19
730,5,22,21,3,94
730,5,5,7,3,221
730,5,9,19,5,34
730,5,9,10,4,93
730,5,9,7,3,42
731,8,14,2,2,278
731,8,3,16,8,23
731,8,8,7,5,2
731,8,19,5,5,162
731,8,3,0,4,10
731,8,10,19,4,86
731,8,14,4,1,6
731,8,14,23,7,36
732,10,18,14,5,63
732,10,0,9,5,32
732,10,3,8,7,20
732,10,6,4,2,74
732,10,22,13,6,212
732,10,18,15,6,89
732,10,4,20,8,163
732,10,9,2,4,6
732,10,9,2,1,21
732,10,7,13,5,19
733,8,19,12,4,1
733,8,20,3,2,67
733,8,3,17,8,88
733,8,2,14,8,26
733,8,8,4,8,23
733,8,0,21,3,111
733,8,10,1,7,81
733,8,7,6,5,109
734,12,2,16,4,72
734,12,16,22,7,12
734,12,21,17,4,55
734,12,0,2,3,126
734,12,6,23,6,245
734,12,3,13,5,245
734,12,5,22,3,290
734,12,15,11,5,191
734,12,0,5,5,32
734,12,18,7,4,26
734,12,23,2,3,53
734,12,16,18,6,214
735,4,23,14,4,45
735,4,18,16,3,266
735,4,8,17,8,25
735,4,13,11,3,18
736,8,15,11,7,320
736,8,21,13,5,249
736,8,15,10,6,52
736,8,18,16,8,205
736,8,15,2,5,42
736,8,17,1,5,35
736,8,19,8,3,45
736,8,10,17,3,4
737,4,1,13,2,209
737,4,15,14,3,102
737,4,4,13,3,8
737,4,9,6,5,80
738,5,1,19,1,82
738,5,21,1,6,83
738,5,17,15,5,21
738,5,4,5,7,90
738,5,7,9,5,228
739,4,11,23,8,2
739,4,15,14,4,99
739,4,11,10,4,75
739,4,12,2,1,1
740,6,5,23,3,48
740,6,4,9,3,25
740,6,12,2,3,44
740,6,20,19,2,18
740,6,14,21,3,38
740,6,9,3,8,38
741,4,0,21,7,20
741,4,9,22,5,85
741,4,6,8,3,55
741,4,7,3,1,76
742,5,3,7,3,61
742,5,3,19,8,13
742,5,8,14,6,73
742,5,22,12,5,17
742,5,0,11,2,168
743,9,16,10,7,10
743,9,12,4,8,15
743,9,4,14,7,79
743,9,13,21,8,27
743,9,1,4,2,10
743,9,2,12,2,42
743,9,17,14,6,3
743,9,5,8,4,197
743,9,11,5,7,26
744,12,17,21,5,54
744,12,16,7,1,269
744,12,4,20,5,20
744,12,0,18,4,41
744,12,3,2,6,104
744,12,2,3,3,183
744,12,13,20,1,2
744,12,22,1,6,4
744,12,13,1,7,19
744,12,4,22,1,70
744,12,6,13,5,22
744,12,7,12,8,10
745,5,11,7,2,80
745,5,12,6,2,83
745,5,9,15,2,16
745,5,14,0,8,29
745,5,21,23,5,28
746,6,16,20,4,195
746,6,22,11,2,19
746,6,3,23,6,150
746,6,14,13,7,42
746,6,4,21,5,20
746,6,6,11,2,10
747,8,12,2,5,149
747,8,17,1,3,345
747,8,12,8,7,95
747,8,13,16,4,64
747,8,23,10,8,8
747,8,23,16,4,91
747,8,6,17,8,16
747,8,19,22,8,44
748,7,21,14,5,39
748,7,19,13,4,93
748,7,1,18,7,51
748,7,11,19,4,4
748,7,21,18,3,174
748,7,23,20,2,47
748,7,14,11,4,91
749,2,13,17,2,20
749,2,1,19,2,44
750,7,1,15,4,76
750,7,8,5,6,84
750,7,16,0,3,169
750,7,10,15,5,9
750,7,22,3,6,142
750,7,20,0,6,55
750,7,21,19,6,41
751,7,9,17,6,34
751,7,18,4,3,115
751,7,4,8,2,24
751,7,16,2,3,76
751,7,22,7,2,503
751,7,0,3,1,285
751,7,4,11,7,20
752,2,10,8,1,243
752,2,22,8,1,52
753,7,20,22,5,84
753,7,11,13,2,196
753,7,17,11,6,69
753,7,22,4,2,150
753,7,13,17,8,280
753,7,5,20,1,150
753,7,23,20,2,162
754,7,9,22,4,245
754,7,13,1,6,44
754,7,4,23,1,103
754,7,14,16,7,134
754,7,13,14,4,193
754,7,5,8,1,268
754,7,17,1,7,87
755,4,10,7,2,13
755,4,22,6,8,27
755,4,9,21,7,113
755,4,13,9,4,174
756,3,16,17,8,113
756,3,12,0,4,85
756,3,3,8,3,72
757,10,12,5,5,10
757,10,17,3,1,28
757,10,10,17,2,258
757,10,19,8,3,140
757,10,16,5,3,130
757,10,23,15,4,84
757,10,5,23,5,27
757,10,12,18,3,208
757,10,13,8,6,85
757,10,1,3,1,220
758,5,9,16,4,94
758,5,17,15,5,109
758,5,3,13,7,126
758,5,15,20,6,104
758,5,2,3,2,114
759,6,6,18,5,39
759,6,14,17,7,113
759,6,21,10,5,121
759,6,11,6,5,188
759,6,3,23,2,107
759,6,3,20,1,157
760,6,16,22,4,60
760,6,21,5,2,16
760,6,23,21,5,27
760,6,8,5,4,5
760,6,23,12,7,291
760,6,7,19,6,48
761,5,22,6,6,47
761,5,6,23,6,197
761,5,3,21,1,8
761,5,14,8,2,188
761,5,3,11,5,75
762,9,21,14,8,91
762,9,23,20,2,24
762,9,21,19,1,230
762,9,12,20,8,31
762,9,10,13,1,4
762,9,4,1,8,399
762,9,17,7,2,98
762,9,4,23,8,35
762,9,14,16,2,159
763,5,6,1,6,17
763,5,10,20,7,97
763,5,17,1,2,345
763,5,16,4,6,223
763,5,14,4,3,84
764,6,16,5,4,282
764,6,20,10,1,14
764,6,17,5,2,312
764,6,13,23,4,28
764,6,19,1,8,71
764,6,1,0,3,64
765,4,13,7,7,200
765,4,17,5,2,176
765,4,18,4,5,29
765,4,7,10,2,17
766,4,12,4,8,343
766,4,21,11,1,56
766,4,16,10,6,13
766,4,9,10,7,34
767,2,4,21,1,82
767,2,21,8,6,69
768,5,10,12,8,166
768,5,12,23,8,11
768,5,4,6,3,5
768,5,10,2,1,10
768,5,4,11,5,258
769,8,19,17,5,341
769,8,7,17,8,125
769,8,17,1,7,110
769,8,23,20,3,305
769,8,7,21,2,186
769,8,16,17,6,39
769,8,22,20,7,12
769,8,12,16,3,224
770,10,18,17,2,352
770,10,15,8,5,112
770,10,20,11,3,106
770,10,0,19,5,18
770,10,0,9,5,57
770,10,22,7,4,29
770,10,13,5,4,169
770,10,19,18,2,13
770,10,15,8,6,79
770,10,0,5,3,109
771,8,8,7,5,70
771,8,5,23,6,332
771,8,7,17,1,29
771,8,14,15,7,48
771,8,9,11,1,12
771,8,23,9,1,111
771,8,16,23,1,22
771,8,6,2,2,2
772,6,12,18,8,2
772,6,14,2,6,14
772,6,22,18,5,37
772,6,20,5,8,12
772,6,6,5,1,29
772,6,20,4,3,258
773,2,2,6,2,11
773,2,3,20,6,17
774,3,2,13,8,319
774,3,21,9,3,66
774,3,11,20,3,248
775,8,23,16,1,86
775,8,17,22,1,273
775,8,7,0,4,14
775,8,5,6,7,55
775,8,8,23,5,80
775,8,9,5,2,19
775,8,22,4,5,154
775,8,13,12,5,217
776,8,8,17,2,25
776,8,14,12,8,121
776,8,14,20,2,1
776,8,3,16,6,60
776,8,0,5,3,43
776,8,6,18,2,130
776,8,17,13,1,29
776,8,23,10,6,167
777,3,9,6,5,26
777,3,14,9,8,94
777,3,12,23,3,46
778,6,21,11,4,131
778,6,8,21,7,11
778,6,16,20,6,44
778,6,20,19,4,93
778,6,4,7,5,119
778,6,16,18,6,4
779,6,17,18,3,11
779,6,0,2,5,86
779,6,11,3,8,70
779,6,3,14,2,225
779,6,1,0,5,7
779,6,16,23,4,116
780,10,18,9,5,42
780,10,23,18,6,1
780,10,23,16,4,182
780,10,8,7,5,106
780,10,6,10,8,295
780,10,17,15,7,11
780,10,0,14,3,3
780,10,18,20,8,44
780,10,10,1,6,219
780,10,23,12,8,18
781,4,9,5,2,70
781,4,4,15,6,3
781,4,23,10,6,7
781,4,0,21,3,8
782,4,9,5,1,30
782,4,6,21,3,284
782,4,7,10,3,119
782,4,22,2,7,36
783,1,13,18,2,4
784,4,22,9,2,15
784,4,19,8,3,69
784,4,2,10,3,128
784,4,18,21,4,164
785,5,14,16,3,5
785,5,2,7,3,49
785,5,1,22,3,129
785,5,6,3,6,41
785,5,23,12,2,50
786,4,20,1,1,2
786,4,9,19,6,184
786,4,7,6,3,26
786,4,9,10,2,35
787,6,0,4,2,57
787,6,10,2,1,80
787,6,4,22,1,42
787,6,4,17,6,58
787,6,7,2,1,19
787,6,3,19,1,71
788,9,13,6,4,243
788,9,19,12,6,28
788,9,23,21,5,47
788,9,5,23,2,215
788,9,20,21,4,78
788,9,17,12,5,217
788,9,16,15,1,5
788,9,0,19,6,67
788,9,1,5,5,52
789,3,21,7,3,97
789,3,3,20,3,72
789,3,11,21,6,13
790,7,20,3,5,151
790,7,5,16,3,167
790,7,20,23,1,45
790,7,4,9,6,60
790,7,8,3,1,156
790,7,5,6,3,13
790,7,5,10,3,5
791,10,16,8,6,96
791,10,12,18,5,118
791,10,9,2,6,169
791,10,5,10,3,6
791,10,13,15,4,69
791,10,8,18,5,96
791,10,4,13,6,3
791,10,17,0,2,188
791,10,5,2,3,123
791,10,14,4,8,104
792,13,17,18,3,74
792,13,21,19,2,22
792,13,13,10,1,27
792,13,9,16,7,17
792,13,20,19,2,79
792,13,3,16,7,25
792,13,5,23,7,39
792,13,14,18,5,339
792,13,18,7,2,126
792,13,6,5,3,24
792,13,11,8,6,48
792,13,4,19,7,40
792,13,3,20,3,48
793,5,5,16,3,32
793,5,5,13,3,9
793,5,20,10,6,78
793,5,0,14,7,107
793,5,9,18,3,8
794,6,0,14,8,219
794,6,11,9,7,192
794,6,13,6,5,45
794,6,7,2,8,12
794,6,17,6,8,124
794,6,12,21,2,143
795,4,19,1,6,26
795,4,6,2,4,207
795,4,13,18,2,123
795,4,2,12,3,32
796,8,16,12,8,28
796,8,7,17,4,35
796,8,9,5,8,28
796,8,1,2,5,88
796,8,23,16,7,85
796,8,0,3,6,210
796,8,20,22,1,378
796,8,22,21,4,88
797,10,4,23,7,197
797,10,12,6,8,392
797,10,6,14,1,63
797,10,8,20,1,175
797,10,4,7,8,9
797,10,23,15,6,13
797,10,15,11,1,70
797,10,3,14,2,19
797,10,22,18,4,214
797,10,5,23,1,13
798,3,2,5,3,21
798,3,5,10,2,137
798,3,21,11,6,16
799,12,0,20,1,180
799,12,3,4,5,7
799,12,0,6,5,76
799,12,6,4,5,317
799,12,8,17,7,94
799,12,10,9,8,13
799,12,20,21,5,105
799,12,11,14,7,9
799,12,17,2,1,15
799,12,16,3,6,53
799,12,6,7,3,76
799,12,4,13,2,259
800,4,8,20,4,93
800,4,0,23,3,59
800,4,1,16,5,129
800,4,7,3,2,13
801,11,3,21,7,15
801,11,4,16,8,119
801,11,11,5,2,17
801,11,9,20,2,47
801,11,7,8,3,21
801,11,14,0,6,128
801,11,7,3,2,16
801,11,7,5,2,35
801,11,9,8,2,119
801,11,2,20,7,9
801,11,16,15,7,53
802,5,14,8,6,19
802,5,11,20,7,16
802,5,4,21,2,109
802,5,18,14,2,2
802,5,14,23,2,274
803,6,4,12,5,4
803,6,6,15,6,207
803,6,12,22,6,67
803,6,5,11,3,60
803,6,16,23,2,11
803,6,0,13,6,27
804,6,21,23,5,27
804,6,14,6,1,187
804,6,10,14,1,381
804,6,2,7,7,15
804,6,15,8,1,48
804,6,20,13,8,65
805,2,16,13,8,15
805,2,16,11,6,117
806,6,23,2,6,60
806,6,14,23,7,28
806,6,1,3,1,94
806,6,12,0,6,105
806,6,9,12,5,189
806,6,5,20,5,15
807,6,9,20,3,45
807,6,5,14,2,28
807,6,20,22,3,308
807,6,12,20,2,95
807,6,8,11,2,92
807,6,11,9,8,2
808,9,5,3,6,151
808,9,11,12,4,58
808,9,7,10,4,2
808,9,6,21,6,145
808,9,20,12,6,83
808,9,20,7,3,1
808,9,23,6,6,107
808,9,18,11,4,3
808,9,10,22,4,178
809,4,5,21,4,178
809,4,1,3,6,11
809,4,16,2,1,246
809,4,10,22,4,98
810,4,15,2,4,65
810,4,6,23,8,9
810,4,9,0,8,64
810,4,14,10,8,17
811,6,5,14,4,4
811,6,9,8,3,27
811,6,14,18,4,35
811,6,8,15,7,277
811,6,12,2,4,15
811,6,1,18,4,18
812,6,6,14,1,216
812,6,6,5,7,85
812,6,21,16,1,80
812,6,19,2,3,24
812,6,10,15,3,134
812,6,7,0,2,44
813,6,20,16,2,76
813,6,18,1,8,73
813,6,23,7,6,113
813,6,10,21,2,21
813,6,21,20,3,11
813,6,15,16,3,5
814,2,9,0,2,11
814,2,5,8,2,5
815,6,3,7,3,140
815,6,19,0,3,276
815,6,11,20,8,250
815,6,0,21,2,21
815,6,6,20,7,12
815,6,23,1,5,331
816,8,12,19,2,98
816,8,16,3,4,9
816,8,0,15,6,54
816,8,7,0,5,122
816,8,1,13,6,67
816,8,9,17,6,43
816,8,15,2,3,109
816,8,18,1,4,219
817,6,23,8,6,98
817,6,4,17,5,100
817,6,7,23,4,72
817,6,22,15,6,8
817,6,23,8,2,2
817,6,21,10,2,89
818,5,19,3,6,94
818,5,15,19,5,19
818,5,23,19,3,134
818,5,19,2,3,146
818,5,20,3,5,151
819,7,6,2,7,226
819,7,8,1,7,38
819,7,0,3,6,250
819,7,1,10,6,52
819,7,23,0,3,82
819,7,7,4,6,124
819,7,22,3,7,3
820,3,16,10,5,31
820,3,23,13,7,59
820,3,17,6,3,67
821,1,12,5,8,35
822,10,14,3,8,134
822,10,2,18,4,139
822,10,8,18,1,17
822,10,6,8,3,28
822,10,5,19,8,48
822,10,11,15,8,23
822,10,10,21,2,65
822,10,1,11,8,18
822,10,17,14,1,127
822,10,21,16,8,152
823,3,8,2,6,70
823,3,9,11,3,38
823,3,23,20,2,13
824,12,22,5,1,107
824,12,18,13,2,144
824,12,8,7,7,51
824,12,21,1,4,8
824,12,2,21,5,14
824,12,17,14,3,66
824,12,7,0,1,126
824,12,16,11,1,37
824,12,16,15,1,73
824,12,15,20,3,47
824,12,12,16,4,39
824,12,5,20,6,29
825,1,4,2,7,48
826,4,4,11,7,236
826,4,1,10,7,8
826,4,21,12,3,102
826,4,13,5,4,38
827,4,4,10,7,3
827,4,23,7,2,25
827,4,22,19,2,282
827,4,8,23,4,64
828,8,9,4,4,118
828,8,6,23,1,30
828,8,8,0,6,5
828,8,12,6,8,434
828,8,5,21,5,27
828,8,15,19,8,19
828,8,10,9,4,38
828,8,1,19,6,75
829,2,2,15,6,79
829,2,9,4,2,12
830,6,23,7,3,161
830,6,6,11,4,21
830,6,1,18,1,172
830,6,5,9,1,25
830,6,11,10,4,28
830,6,12,1,5,72
831,6,16,0,2,76
831,6,5,16,7,24
831,6,7,21,4,39
831,6,2,17,4,6
831,6,7,20,3,41
831,6,9,11,5,62
832,2,3,6,8,151
832,2,19,12,4,11
833,7,11,21,1,122
833,7,5,22,3,20
833,7,20,12,8,66
833,7,19,6,6,122
833,7,11,10,5,24
833,7,16,21,8,184
833,7,5,6,1,167
834,8,22,4,8,70
834,8,8,13,8,55
834,8,19,18,2,27
834,8,8,7,2,51
834,8,21,13,6,120
834,8,16,4,2,241
834,8,9,22,2,176
834,8,20,10,8,25
835,9,22,4,6,21
835,9,23,3,2,3
835,9,22,20,5,96
835,9,2,22,8,97
835,9,7,18,8,74
835,9,6,2,8,258
835,9,17,21,8,81
835,9,20,1,5,19
835,9,1,19,7,204
836,7,16,18,2,55
836,7,2,8,2,255
836,7,1,2,7,78
836,7,4,14,1,91
836,7,6,0,6,47
836,7,19,20,7,138
836,7,3,9,5,50
837,2,21,7,2,1
837,2,19,22,3,100
838,8,13,4,1,21
838,8,1,20,3,104
838,8,22,23,6,15
838,8,6,12,1,339
838,8,7,5,2,4
838,8,23,0,2,19
838,8,18,17,2,421
838,8,19,17,6,45
839,6,20,5,1,264
839,6,21,11,4,335
839,6,6,1,7,64
839,6,21,2,2,122
839,6,21,20,4,29
839,6,22,8,8,98
840,6,1,23,4,61
840,6,3,0,4,55
840,6,6,18,6,43
840,6,22,10,7,131
840,6,23,12,6,261
840,6,20,5,1,96
841,7,10,1,3,159
841,7,8,21,4,105
841,7,22,6,3,149
841,7,15,0,1,155
841,7,16,22,4,23
841,7,8,10,7,82
841,7,0,21,3,180
842,5,10,12,3,10
842,5,20,18,1,62
842,5,2,20,4,52
842,5,12,23,7,27
842,5,8,6,8,78
843,4,15,3,7,32
843,4,21,19,6,51
843,4,3,15,4,232
843,4,2,11,8,52
844,6,16,19,4,55
844,6,23,0,8,30
844,6,8,6,6,85
844,6,9,20,4,106
844,6,23,4,8,58
844,6,23,11,7,295
845,2,17,22,2,18
845,2,2,21,5,166
846,6,12,2,7,58
846,6,23,2,8,14
846,6,16,3,4,250
846,6,22,21,2,62
846,6,21,1,3,89
846,6,22,6,7,36
847,10,22,7,1,132
847,10,18,12,4,143
847,10,3,0,3,72
847,10,5,19,5,265
847,10,9,13,7,61
847,10,5,10,3,155
847,10,15,3,4,30
847,10,8,3,6,66
847,10,6,22,3,2
847,10,23,10,4,7
848,6,5,14,3,43
848,6,8,3,3,33
848,6,23,10,8,202
848,6,4,2,5,91
848,6,12,17,1,6
848,6,13,9,4,37
849,10,13,2,2,21
849,10,17,5,1,86
849,10,0,17,5,50
849,10,9,12,8,212
849,10,11,7,2,223
849,10,17,10,5,241
849,10,0,15,8,2
849,10,4,22,8,6
849,10,19,10,4,151
849,10,14,13,1,44
850,5,18,14,7,70
850,5,16,23,1,9
850,5,15,22,8,29
850,5,3,1,6,173
850,5,8,9,2,25
851,1,2,21,4,260
852,6,9,12,8,164
852,6,9,14,6,181
852,6,3,10,4,186
852,6,15,21,7,9
852,6,18,16,1,106
852,6,10,15,2,14
853,7,20,17,3,18
853,7,18,14,3,60
853,7,9,6,8,69
853,7,19,16,7,45
853,7,0,7,8,106
853,7,16,14,2,100
853,7,7,14,1,4
854,3,23,8,8,25
854,3,19,4,5,17
854,3,10,19,3,71
855,5,11,14,3,11
855,5,11,14,2,391
855,5,19,16,7,2
855,5,8,2,6,25
855,5,17,20,6,78
856,6,15,5,5,130
856,6,19,7,5,161
856,6,7,2,6,328
856,6,7,21,2,20
856,6,5,14,2,30
856,6,8,17,8,90
857,6,3,20,6,223
857,6,20,23,2,5
857,6,4,16,7,9
857,6,0,7,7,1
857,6,16,17,5,180
857,6,15,12,7,219
858,5,1,4,3,314
858,5,7,17,2,44
858,5,12,6,3,78
858,5,2,10,1,95
858,5,9,7,2,141
859,5,2,6,4,8
859,5,2,9,5,231
859,5,0,7,4,57
859,5,17,23,4,10
859,5,17,21,4,266
860,9,8,2,6,55
860,9,5,22,7,5
860,9,5,13,4,198
860,9,4,17,3,59
860,9,8,18,6,40
860,9,12,16,4,11
860,9,20,6,5,121
860,9,5,20,6,215
860,9,21,6,8,4
861,5,7,8,3,94
861,5,3,14,3,97
861,5,3,5,5,87
861,5,18,13,7,25
861,5,18,17,7,150
862,6,13,17,4,82
862,6,16,3,5,4
862,6,20,16,3,30
862,6,6,0,3,25
862,6,20,18,4,24
862,6,6,12,3,56
863,6,21,16,7,194
863,6,20,14,4,179
863,6,1,14,1,370
863,6,22,1,3,126
863,6,22,7,3,152
863,6,3,21,5,70
864,3,19,5,7,13
864,3,16,8,4,205
864,3,22,3,6,16
865,5,17,0,1,12
865,5,7,1,4,254
865,5,20,16,1,154
865,5,14,10,3,165
865,5,1,0,4,131
866,9,6,3,6,213
866,9,11,21,2,89
866,9,8,14,1,169
866,9,20,4,8,53
866,9,8,21,2,83
866,9,11,20,7,58
866,9,15,13,2,247
866,9,7,20,7,239
866,9,15,14,6,216
867,4,11,5,8,89
867,4,12,8,5,95
867,4,6,2,4,30
867,4,3,7,5,154
868,7,9,7,5,289
868,7,23,2,6,159
868,7,8,21,5,9
868,7,12,20,6,132
868,7,15,4,7,37
868,7,3,15,6,120
868,7,13,10,1,25
869,9,22,2,8,16
869,9,19,6,4,183
869,9,18,3,8,29
869,9,1,3,3,1
869,9,6,2,2,6
869,9,8,7,8,133
869,9,1,16,4,140
869,9,9,14,5,23
869,9,18,7,8,94
870,4,6,14,7,213
870,4,23,8,7,91
870,4,7,8,3,54
870,4,11,13,3,40
871,5,3,18,8,136
871,5,7,0,4,65
871,5,14,22,6,101
871,5,13,8,1,60
871,5,16,11,5,89
872,4,1,7,1,79
872,4,7,6,7,38
872,4,8,22,2,61
872,4,7,21,8,66
873,6,13,16,7,133
873,6,8,15,8,55
873,6,3,0,7,15
873,6,10,0,6,13
873,6,8,6,8,124
873,6,12,14,7,62
874,6,1,22,2,36
874,6,12,14,4,41
874,6,6,4,6,53
874,6,3,10,1,142
874,6,15,16,1,28
874,6,5,23,5,8
875,4,11,2,7,147
875,4,21,15,7,35
875,4,7,20,5,40
875,4,11,18,5,44
876,7,1,16,4,27
876,7,19,18,3,52
876,7,7,21,5,29
876,7,12,19,3,1
876,7,2,9,1,3
876,7,13,14,5,23
876,7,5,20,5,65
877,5,5,18,4,220
877,5,11,2,2,74
877,5,10,15,2,177
877,5,2,6,7,123
877,5,4,21,3,185
878,7,13,18,5,35
878,7,15,21,2,143
878,7,23,0,3,55
878,7,23,8,3,22
878,7,14,9,3,119
878,7,22,20,3,33
878,7,13,14,2,26
879,3,1,10,2,18
879,3,14,12,4,299
879,3,16,22,7,118
880,5,13,9,3,10
880,5,14,23,4,44
880,5,18,16,8,69
880,5,1,14,7,310
880,5,8,1,6,69
881,9,20,6,5,140
881,9,16,15,2,96
881,9,11,5,3,29
881,9,13,19,3,140
881,9,9,17,7,64
881,9,8,23,3,341
881,9,17,14,6,323
881,9,20,16,4,16
881,9,2,22,3,113
882,5,8,21,5,115
882,5,0,20,4,93
882,5,14,5,5,44
882,5,23,14,5,32
882,5,22,3,3,84
883,3,3,9,1,427
883,3,23,4,2,82
883,3,1,11,5,89
884,5,22,17,6,74
884,5,15,9,3,182
884,5,11,1,1,252
884,5,10,18,7,88
884,5,7,19,7,79
885,6,16,12,2,10
885,6,10,21,3,35
885,6,8,18,1,29
885,6,11,3,1,150
885,6,15,9,3,26
885,6,22,19,2,24
886,5,7,23,1,360
886,5,6,22,6,70
886,5,8,16,8,115
886,5,9,3,5,106
886,5,19,6,2,30
887,7,15,3,5,57
887,7,8,3,5,158
887,7,14,23,5,5
887,7,23,20,8,10
887,7,17,2,6,189
887,7,21,17,7,142
887,7,10,0,8,169
888,10,20,3,6,11
888,10,12,14,2,89
888,10,2,3,8,142
888,10,0,11,2,143
888,10,9,4,4,434
888,10,8,13,5,96
888,10,13,23,2,167
888,10,7,2,4,35
888,10,14,10,7,55
888,10,12,14,1,15
889,8,14,16,8,59
889,8,0,11,6,41
889,8,21,15,5,35
889,8,23,1,1,49
889,8,19,10,2,70
889,8,9,15,7,9
889,8,20,8,4,105
889,8,19,17,3,93
890,4,11,10,1,94
890,4,20,6,5,121
890,4,22,18,3,160
890,4,3,6,4,82
891,10,13,19,4,145
891,10,15,20,2,69
891,10,2,14,4,24
891,10,11,8,3,45
891,10,4,17,8,18
891,10,1,11,6,113
891,10,14,21,5,26
891,10,6,0,1,17
891,10,19,10,2,209
891,10,13,2,6,27
892,6,15,17,4,197
892,6,13,8,3,119
892,6,13,4,3,66
892,6,23,1,5,272
892,6,17,6,7,74
892,6,20,10,8,25
893,4,13,22,2,2
893,4,17,2,6,150
893,4,14,11,8,119
893,4,8,11,2,67
894,2,4,11,1,281
894,2,20,15,4,54
895,6,16,9,8,137
895,6,13,22,7,205
895,6,12,16,8,205
895,6,16,12,1,22
895,6,7,15,2,11
895,6,12,23,4,20
896,9,0,15,1,74
896,9,6,10,5,96
896,9,20,11,5,14
896,9,6,14,6,83
896,9,19,0,2,119
896,9,23,15,2,78
896,9,18,15,1,1
896,9,2,9,8,1
896,9,13,18,1,1
897,9,3,5,7,12
897,9,8,15,2,73
897,9,8,21,7,194
897,9,11,6,1,66
897,9,13,5,3,223
897,9,10,3,6,30
897,9,19,4,6,267
897,9,0,21,2,89
897,9,22,15,5,5
898,7,4,23,2,164
898,7,12,7,3,17
898,7,20,11,6,135
898,7,7,5,6,13
898,7,18,8,6,4
898,7,18,11,8,20
898,7,20,5,4,67
899,4,1,20,4,194
899,4,15,13,7,40
899,4,3,4,6,34
899,4,21,15,7,67
900,6,21,22,8,22
900,6,14,20,3,122
900,6,4,16,1,18
900,6,18,14,6,27
900,6,17,19,6,11
900,6,9,11,6,162
901,9,23,10,1,143
901,9,15,19,3,13
901,9,1,15,3,105
901,9,21,9,1,236
901,9,5,7,3,5
901,9,10,18,7,29
901,9,3,5,5,2
901,9,14,21,2,98
901,9,21,6,6,153
902,8,16,14,3,117
902,8,5,21,5,307
902,8,7,21,2,57
902,8,0,7,4,145
902,8,7,1,8,15
902,8,23,1,2,17
902,8,11,16,2,46
902,8,5,8,7,18
903,8,18,4,1,104
903,8,20,22,2,80
903,8,3,4,6,55
903,8,22,1,7,5
903,8,10,19,4,38
903,8,0,1,4,98
903,8,11,18,6,4
903,8,14,9,6,9
904,7,5,10,8,109
904,7,20,23,8,49
904,7,23,5,1,107
904,7,4,3,4,84
904,7,19,9,3,245
904,7,3,8,8,11
904,7,11,10,3,81
905,3,19,15,1,27
905,3,21,6,7,83
905,3,21,23,7,93
906,7,23,21,1,21
906,7,10,12,7,14
906,7,1,23,6,142
906,7,11,12,3,363
906,7,9,5,5,6
906,7,23,13,6,24
906,7,6,23,2,6
907,5,18,3,7,64
907,5,3,13,3,381
907,5,7,21,7,146
907,5,12,15,4,41
907,5,19,16,2,136
908,6,0,5,7,72
908,6,20,13,2,72
908,6,21,12,2,8
908,6,11,0,2,102
908,6,16,15,6,25
908,6,16,23,1,91
909,6,21,3,7,378
909,6,10,21,6,110
909,6,13,22,2,81
909,6,10,18,8,72
909,6,3,4,6,88
909,6,19,3,5,10
910,5,7,4,3,231
910,5,6,9,2,14
910,5,18,21,6,6
910,5,10,4,3,15
910,5,1,15,6,15
911,6,5,15,6,195
911,6,20,5,7,24
911,6,11,18,1,71
911,6,19,21,7,5
911,6,0,8,1,56
911,6,23,3,8,61
912,6,13,8,8,279
912,6,17,11,7,53
912,6,7,13,1,54
912,6,2,18,7,279
912,6,10,7,7,13
912,6,3,23,1,91
913,5,22,21,8,9
913,5,19,1,2,44
913,5,16,19,7,232
913,5,20,1,1,115
913,5,9,2,2,29
914,5,14,1,6,26
914,5,21,20,6,1
914,5,14,10,2,61
914,5,7,0,2,183
914,5,11,0,7,325
915,4,17,6,3,146
915,4,5,4,8,34
915,4,10,22,3,180
915,4,12,2,6,142
916,9,9,22,7,234
916,9,22,17,2,149
916,9,14,8,6,45
916,9,14,0,8,60
916,9,21,0,4,110
916,9,3,5,2,38
916,9,15,9,1,100
916,9,7,3,5,62
916,9,17,21,1,230
917,6,2,11,2,65
917,6,7,6,4,109
917,6,8,22,7,99
917,6,5,17,6,78
917,6,17,13,8,33
917,6,11,3,6,34
918,3,8,20,1,50
918,3,16,4,1,6
918,3,10,17,4,162
919,3,6,4,1,37
919,3,3,9,1,68
919,3,17,20,5,65
920,6,1,0,3,17
920,6,0,1,5,91
920,6,10,17,1,21
920,6,6,23,7,37
920,6,13,5,5,28
920,6,6,0,6,114
921,7,16,17,4,7
921,7,9,12,8,345
921,7,5,8,3,55
921,7,2,15,3,134
921,7,11,1,2,25
921,7,4,21,6,54
921,7,1,3,5,90
922,4,13,5,6,60
922,4,20,18,2,107
922,4,20,2,7,350
922,4,11,0,4,131
923,6,17,2,1,119
923,6,21,2,5,206
923,6,1,7,1,96
923,6,16,23,3,165
923,6,14,9,7,13
923,6,18,0,7,460
924,5,2,3,8,58
924,5,20,1,3,62
924,5,18,23,5,2
924,5,8,6,7,108
924,5,11,14,4,78
925,13,0,23,7,128
925,13,6,17,6,236
925,13,5,8,8,121
925,13,20,23,1,17
925,13,7,17,2,178
925,13,23,12,1,154
925,13,18,17,6,9
925,13,17,14,1,78
925,13,3,17,7,77
925,13,5,12,4,138
925,13,18,0,4,156
925,13,4,22,1,98
925,13,2,22,1,266
926,5,4,14,4,24
926,5,18,5,2,80
926,5,8,1,8,134
926,5,0,8,1,67
926,5,20,11,6,35
927,7,7,3,1,95
927,7,3,0,6,33
927,7,7,2,7,16
927,7,7,22,8,24
927,7,5,19,8,4
927,7,13,18,7,3
927,7,23,2,7,98
928,8,6,15,8,98
928,8,21,8,4,29
928,8,11,21,3,7
928,8,18,21,4,37
928,8,16,19,7,141
928,8,10,18,7,86
928,8,10,17,4,121
928,8,12,9,1,73
929,9,6,4,5,31
929,9,15,14,8,121
929,9,10,18,5,4
929,9,19,22,8,109
929,9,3,7,7,105
929,9,16,1,7,42
929,9,11,13,1,131
929,9,17,3,4,38
929,9,22,14,7,4
930,7,19,0,7,1
930,7,2,19,8,209
930,7,8,22,2,69
930,7,23,8,3,7
930,7,12,11,7,9
930,7,9,16,3,15
930,7,10,4,2,3
931,4,15,3,6,137
931,4,7,20,1,59
931,4,11,16,8,114
931,4,1,17,6,17
932,1,6,9,5,99
933,4,17,22,4,58
933,4,23,13,6,80
933,4,7,22,3,582
933,4,21,6,2,69
934,5,21,23,1,149
934,5,3,12,4,38
934,5,22,10,1,55
934,5,8,1,2,29
934,5,2,9,2,169
935,4,15,20,8,76
935,4,12,13,7,17
935,4,20,6,2,51
935,4,11,10,4,56
936,6,23,0,7,34
936,6,11,18,5,26
936,6,18,1,6,123
936,6,9,11,1,6
936,6,7,4,5,12
936,6,3,21,4,39
937,6,8,2,3,19
937,6,18,6,6,68
937,6,0,21,8,25
937,6,21,5,7,89
937,6,13,22,3,10
937,6,11,8,4,86
938,2,19,10,6,175
938,2,4,0,5,147
939,4,13,0,5,21
939,4,1,11,8,63
939,4,2,4,5,209
939,4,8,13,1,69
940,5,0,5,3,98
940,5,5,22,4,58
940,5,3,8,2,438
940,5,7,18,6,219
940,5,6,9,8,34
941,8,0,11,5,30
941,8,21,18,1,18
941,8,15,17,3,192
941,8,2,14,6,117
941,8,14,8,5,33
941,8,13,6,8,104
941,8,18,11,8,180
941,8,7,17,4,80
942,7,6,7,5,56
942,7,7,10,3,21
942,7,7,8,4,7
942,7,19,11,4,25
942,7,23,20,6,29
942,7,17,19,3,189
942,7,4,6,7,73
943,4,2,4,8,205
943,4,21,3,6,54
943,4,17,0,3,17
943,4,8,13,5,195
944,7,7,13,3,183
944,7,22,0,1,19
944,7,15,20,3,49
944,7,12,0,6,78
944,7,5,18,1,56
944,7,9,2,5,8
944,7,16,19,1,82
945,7,9,5,1,336
945,7,17,15,3,7
945,7,17,14,2,3
945,7,16,7,7,87
945,7,11,19,5,169
945,7,16,8,6,20
945,7,14,7,8,95
946,6,20,14,3,97
946,6,5,0,4,6
946,6,2,1,8,29
946,6,12,8,6,12
946,6,16,13,2,15
946,6,13,4,4,163
947,7,13,23,6,116
947,7,6,13,5,6
947,7,15,17,8,69
947,7,12,13,6,93
947,7,13,15,2,38
947,7,0,22,5,8
947,7,7,4,5,20
949,8,2,12,2,135
949,8,11,1,6,15
949,8,22,7,4,208
949,8,0,18,7,15
949,8,7,0,7,47
949,8,21,12,6,230
949,8,21,3,8,3
949,8,1,4,2,51
950,5,0,18,4,120
950,5,6,8,5,29
950,5,14,10,8,50
950,5,7,3,4,2
950,5,2,10,8,167
951,2,2,15,3,3
951,2,14,22,5,159
952,3,13,6,3,142
952,3,8,11,3,43
952,3,1,14,3,142
953,5,21,16,3,201
953,5,8,16,8,109
953,5,20,13,2,91
953,5,3,16,4,29
953,5,14,5,3,467
954,8,21,16,2,64
954,8,0,4,1,102
954,8,11,16,3,62
954,8,3,23,8,8
954,8,9,16,4,67
954,8,18,12,1,188
954,8,18,15,3,19
954,8,0,20,7,10
955,9,7,23,5,13
955,9,2,14,5,11
955,9,3,16,7,104
955,9,3,21,5,165
955,9,5,19,5,27
955,9,0,22,6,82
955,9,23,10,4,64
955,9,11,18,4,162
955,9,21,6,4,17
956,5,0,1,1,93
956,5,14,2,8,163
956,5,5,12,8,139
956,5,17,13,3,31
956,5,16,19,5,34
957,8,17,23,1,19
957,8,1,12,6,61
957,8,19,8,5,257
957,8,19,0,6,200
957,8,8,6,6,52
957,8,10,21,3,5
957,8,6,10,8,75
957,8,0,12,2,189
958,1,13,16,3,1
959,7,20,13,7,1
959,7,19,17,5,128
959,7,17,12,8,109
959,7,0,14,5,36
959,7,11,6,5,81
959,7,10,16,5,53
959,7,11,1,5,55
960,4,8,16,3,144
960,4,8,10,5,18
960,4,23,13,5,171
960,4,12,22,1,9
961,6,21,19,8,396
961,6,11,5,7,282
961,6,9,6,2,78
961,6,5,4,4,82
961,6,12,5,3,10
961,6,14,16,7,36
962,4,4,3,1,55
962,4,3,0,4,344
962,4,21,4,4,330
962,4,15,9,6,98
963,11,19,6,5,128
963,11,20,0,5,245
963,11,17,9,1,47
963,11,3,1,5,88
963,11,17,6,3,235
963,11,12,6,1,82
963,11,10,15,4,109
963,11,9,3,3,6
963,11,5,17,7,123
963,11,21,22,6,44
963,11,11,16,1,29
964,4,16,17,3,175
964,4,21,16,3,37
964,4,16,0,6,61
964,4,1,18,2,211
965,7,15,3,7,155
965,7,23,4,8,105
965,7,8,9,8,68
965,7,0,5,2,104
965,7,11,22,2,2
965,7,6,10,8,51
965,7,18,21,4,94
966,5,20,21,7,98
966,5,4,20,8,32
966,5,14,17,1,59
966,5,16,10,1,36
966,5,6,19,4,82
967,8,1,22,5,83
967,8,4,14,3,212
967,8,7,23,4,10
967,8,22,17,5,31
967,8,17,0,1,143
967,8,21,22,4,136
967,8,12,14,6,123
967,8,22,7,2,235
968,5,19,12,5,88
968,5,1,8,6,25
968,5,8,14,7,4
968,5,1,12,3,96
968,5,7,13,7,323
969,4,1,4,8,69
969,4,1,9,1,131
969,4,3,6,1,26
969,4,6,18,6,76
970,5,14,0,4,122
970,5,4,14,5,170
970,5,21,8,2,35
970,5,21,20,1,8
970,5,13,1,8,82
971,5,7,20,6,16
971,5,23,21,1,136
971,5,22,16,4,237
971,5,2,14,6,79
971,5,1,6,3,27
972,6,23,12,8,38
972,6,23,7,3,25
972,6,20,14,8,210
972,6,0,3,5,32
972,6,10,14,2,277
972,6,12,9,6,63
973,6,7,1,3,50
973,6,23,0,5,294
973,6,14,18,8,12
973,6,4,21,5,15
973,6,7,9,8,55
973,6,4,18,1,106
974,4,7,14,7,66
974,4,17,3,3,20
974,4,18,10,7,10
974,4,18,7,7,5
975,7,15,5,6,137
975,7,8,14,8,78
975,7,13,2,5,5
975,7,0,1,2,240
975,7,16,17,3,90
975,7,8,16,3,49
975,7,18,9,2,136
976,3,11,12,6,255
976,3,12,10,6,8
976,3,20,2,4,220
977,10,21,5,2,20
977,10,19,20,2,318
977,10,18,0,5,54
977,10,15,1,4,136
977,10,17,12,8,26
977,10,22,19,8,362
977,10,22,18,2,9
977,10,9,0,7,109
977,10,4,18,3,31
977,10,13,20,7,31
978,6,6,8,7,10
978,6,23,0,5,113
978,6,8,1,4,18
978,6,18,13,2,4
978,6,16,17,3,8
978,6,21,10,7,67
979,4,11,1,4,87
979,4,0,12,8,50
979,4,2,9,7,69
979,4,6,13,2,202
980,6,16,6,1,44
980,6,16,23,4,40
980,6,23,21,4,53
980,6,16,8,6,26
980,6,3,1,5,69
980,6,10,5,1,17
981,6,14,6,4,161
981,6,22,5,4,77
981,6,16,23,3,243
981,6,15,0,2,11
981,6,8,18,8,39
981,6,6,11,6,31
982,7,3,10,3,44
982,7,8,19,1,140
982,7,13,12,6,51
982,7,18,8,6,17
982,7,4,16,5,40
982,7,18,3,4,19
982,7,6,4,1,78
983,8,19,23,5,38
983,8,9,19,6,128
983,8,13,19,8,25
983,8,1,0,7,12
983,8,19,2,5,27
983,8,3,18,4,115
983,8,19,5,5,23
983,8,16,22,2,115
984,6,17,5,2,179
984,6,7,20,3,17
984,6,19,22,5,89
984,6,13,19,6,186
984,6,9,23,4,102
984,6,1,2,5,60
985,7,0,1,8,7
985,7,22,5,8,59
985,7,23,0,8,18
985,7,1,17,6,228
985,7,4,18,4,8
985,7,7,5,6,57
985,7,14,1,2,115
986,12,1,0,1,23
986,12,10,22,6,43
986,12,12,21,1,162
986,12,7,22,3,413
986,12,3,1,8,97
986,12,16,4,2,47
986,12,4,1,5,182
986,12,1,23,1,47
986,12,2,11,5,214
986,12,0,21,5,31
986,12,16,6,7,361
986,12,13,6,5,30
987,6,6,22,8,82
987,6,20,21,6,39
987,6,22,5,3,31
987,6,19,12,5,209
987,6,20,2,2,28
987,6,4,19,3,8
988,4,15,23,5,40
988,4,17,12,8,148
988,4,14,4,4,46
988,4,16,1,7,125
989,6,4,20,4,10
989,6,7,12,8,95
989,6,18,20,7,113
989,6,8,6,7,360
989,6,15,1,8,128
989,6,11,8,7,214
990,10,19,7,3,310
990,10,9,22,6,82
990,10,17,16,5,17
990,10,3,14,1,20
990,10,22,0,8,25
990,10,7,1,2,15
990,10,20,15,1,36
990,10,16,15,3,90
990,10,6,15,3,25
990,10,18,0,8,111
991,6,1,20,3,81
991,6,14,19,3,43
991,6,0,5,7,79
991,6,5,10,7,27
991,6,12,18,6,148
991,6,1,4,7,110
992,10,15,9,2,30
992,10,4,20,5,113
992,10,6,1,7,9
992,10,13,11,5,289
992,10,1,8,2,117
992,10,8,23,5,329
992,10,15,17,5,111
992,10,7,1,3,46
992,10,22,16,6,10
992,10,15,19,5,69
993,13,9,3,4,64
993,13,19,18,2,38
993,13,1,18,2,160
993,13,1,16,2,32
993,13,14,23,4,380
993,13,2,18,8,26
993,13,5,12,7,13
993,13,23,3,2,85
993,13,16,8,2,88
993,13,9,6,8,7
993,13,2,13,6,133
993,13,1,21,7,23
993,13,3,1,8,33
994,7,4,9,1,147
994,7,17,21,6,187
994,7,11,18,5,94
994,7,9,7,5,51
994,7,10,13,3,142
994,7,12,11,7,52
994,7,20,6,5,73
995,7,12,3,5,34
995,7,1,12,6,12
995,7,21,5,3,135
995,7,5,11,7,188
995,7,16,1,6,64
995,7,22,18,3,209
995,7,2,10,1,249
996,7,23,6,7,138
996,7,1,12,7,104
996,7,1,4,2,200
996,7,10,0,4,157
996,7,18,21,1,29
996,7,1,11,8,3
996,7,22,2,8,127
997,3,0,13,2,55
997,3,17,7,7,55
997,3,5,3,2,64
998,7,22,5,3,1
998,7,2,10,7,532
998,7,21,16,5,43
998,7,19,3,2,146
998,7,16,7,1,22
998,7,8,3,6,187
998,7,23,14,4,113
999,9,13,16,5,35
999,9,18,16,4,53
999,9,15,17,3,182
999,9,19,9,3,119
999,9,22,9,5,33
999,9,8,19,8,136
999,9,11,7,8,37
999,9,13,18,1,17
999,9,6,13,1,135
