1,10,8,11,5,19
1,10,9,1,2,299
1,10,11,9,8,46
1,10,8,11,2,61
1,10,6,4,1,158
1,10,4,5,7,81
1,10,4,3,4,109
1,10,4,5,8,48
1,10,1,9,3,8
1,10,9,1,4,44
2,3,4,6,8,92
2,3,7,12,2,38
2,3,2,0,2,78
3,3,11,1,4,30
3,3,8,12,5,63
3,3,11,0,3,29
4,3,1,13,8,42
4,3,13,7,5,73
4,3,4,2,5,63
5,4,8,3,4,71
5,4,6,0,5,56
5,4,0,8,4,160
5,4,0,5,4,103
6,7,6,13,6,208
6,7,6,1,3,109
6,7,7,1,7,1
6,7,11,5,8,26
6,7,13,0,7,55
6,7,7,3,6,37
6,7,12,10,3,255
7,5,9,12,4,15
7,5,0,3,8,36
7,5,12,0,6,107
7,5,0,7,3,25
7,5,0,2,5,135
8,5,12,13,2,44
8,5,7,9,6,207
8,5,2,10,6,56
8,5,10,12,6,15
8,5,2,13,4,381
9,5,13,0,6,27
9,5,12,4,8,115
9,5,10,6,5,132
9,5,10,8,1,1
9,5,7,12,5,186
10,3,11,6,6,64
10,3,7,13,3,13
10,3,10,0,4,151
11,6,5,0,3,271
11,6,2,4,2,94
11,6,7,4,3,151
11,6,10,2,3,267
11,6,2,1,8,49
11,6,2,5,5,166
12,9,7,4,5,16
12,9,2,5,1,97
12,9,12,8,3,184
12,9,8,0,8,44
12,9,6,10,8,44
12,9,4,5,7,10
12,9,5,1,7,39
12,9,10,4,7,62
12,9,2,7,2,1
13,4,13,5,6,79
13,4,7,13,3,183
13,4,4,8,8,419
13,4,10,4,5,52
14,4,8,11,4,137
14,4,5,1,4,62
14,4,7,12,3,3
14,4,9,5,3,92
15,3,0,2,8,24
15,3,13,3,7,152
15,3,13,9,4,42
16,8,12,4,4,263
16,8,0,2,2,10
16,8,8,7,4,22
16,8,0,3,7,16
16,8,6,0,2,6
16,8,7,6,2,380
16,8,0,1,7,31
16,8,3,10,5,67
17,4,9,3,4,220
17,4,9,4,5,165
17,4,7,3,6,325
17,4,0,12,6,81
18,4,0,8,3,125
18,4,11,13,6,128
18,4,3,7,7,86
18,4,2,8,2,195
19,7,8,1,4,100
19,7,0,8,7,29
19,7,11,2,1,313
19,7,1,8,4,41
19,7,1,2,3,115
19,7,8,9,8,79
19,7,6,0,6,238
20,8,9,1,4,1
20,8,6,8,2,103
20,8,7,12,2,51
20,8,6,8,2,83
20,8,2,11,6,19
20,8,12,6,4,31
20,8,12,5,3,48
20,8,7,13,6,25
21,3,7,13,3,159
21,3,12,0,2,32
21,3,9,0,3,88
22,3,7,11,4,16
22,3,4,3,1,1
22,3,3,2,5,93
23,3,8,13,2,25
23,3,2,12,5,4
23,3,9,1,7,89
24,3,13,11,6,46
24,3,4,3,5,201
24,3,4,6,6,14
25,5,12,4,6,48
25,5,6,13,8,5
25,5,10,12,3,182
25,5,10,1,8,78
25,5,9,12,1,164
26,6,5,10,6,74
26,6,9,6,6,113
26,6,8,9,3,65
26,6,1,6,5,8
26,6,0,11,2,254
26,6,1,6,5,30
27,8,5,9,6,108
27,8,7,12,4,29
27,8,4,2,3,146
27,8,4,12,5,24
27,8,4,9,7,13
27,8,9,7,4,1
27,8,10,7,7,85
27,8,11,0,8,44
28,6,8,6,1,62
28,6,10,1,4,55
28,6,9,11,7,35
28,6,1,11,7,41
28,6,5,9,7,40
28,6,7,2,3,397
29,3,1,8,5,119
29,3,9,7,3,358
29,3,11,1,6,115
30,3,3,8,6,28
30,3,1,9,3,50
30,3,9,6,4,2
31,5,3,8,4,238
31,5,9,7,1,261
31,5,0,6,2,91
31,5,2,1,6,17
31,5,12,7,5,126
32,8,10,7,5,362
32,8,0,2,4,97
32,8,9,8,5,118
32,8,4,2,3,14
32,8,11,1,7,63
32,8,9,12,1,85
32,8,6,11,5,30
32,8,11,8,6,7
33,3,2,11,8,20
33,3,10,0,5,51
33,3,7,1,1,218
34,4,1,12,2,68
34,4,3,11,5,82
34,4,2,8,2,65
34,4,7,6,4,54
35,6,11,6,8,5
35,6,1,6,8,27
35,6,13,6,6,9
35,6,2,5,7,40
35,6,8,12,3,38
35,6,2,6,7,102
36,3,12,7,2,28
36,3,4,8,4,33
36,3,7,3,5,43
37,9,13,1,5,95
37,9,3,12,2,171
37,9,0,13,6,46
37,9,11,6,2,57
37,9,8,5,1,188
37,9,2,4,5,107
37,9,8,0,1,17
37,9,6,10,1,49
37,9,7,0,6,79
39,6,11,12,5,71
39,6,9,13,1,143
39,6,3,7,4,10
39,6,2,12,6,94
39,6,7,4,6,11
39,6,8,12,8,66
40,2,6,10,1,7
40,2,8,7,6,56
41,2,9,1,1,243
41,2,10,12,1,52
42,3,4,7,1,117
42,3,4,12,1,82
42,3,12,9,3,55
43,7,1,11,2,156
43,7,10,6,6,175
43,7,6,1,7,45
43,7,7,2,3,7
43,7,8,3,1,32
43,7,4,8,3,51
43,7,10,13,5,17
44,7,12,11,8,363
44,7,9,6,5,192
44,7,8,6,1,149
44,7,11,5,2,4
44,7,2,9,7,87
44,7,3,4,4,31
44,7,8,12,7,18
45,4,12,9,1,86
45,4,7,1,4,21
45,4,0,13,3,10
45,4,2,3,1,180
46,8,8,4,7,4
46,8,10,9,5,329
46,8,3,2,3,8
46,8,2,4,2,13
46,8,5,3,1,63
46,8,6,8,2,91
46,8,3,7,6,128
46,8,4,3,8,73
47,3,1,13,5,234
47,3,13,4,5,13
47,3,6,9,5,134
48,10,9,6,5,60
48,10,9,12,5,213
48,10,7,8,3,178
48,10,10,11,8,430
48,10,3,13,4,92
48,10,11,12,5,145
48,10,13,0,8,164
48,10,2,7,6,77
48,10,1,13,5,62
48,10,3,11,8,3
49,8,9,4,6,64
49,8,4,11,5,47
49,8,1,3,8,81
49,8,1,8,3,85
49,8,4,5,2,17
49,8,2,1,1,26
49,8,9,12,4,44
49,8,3,12,7,33
50,2,3,13,2,13
50,2,13,9,6,54
51,7,3,11,4,66
51,7,2,0,8,95
51,7,12,11,1,167
51,7,6,8,8,104
51,7,4,3,6,139
51,7,1,5,2,87
51,7,11,13,1,93
52,4,1,6,3,14
52,4,11,12,2,77
52,4,11,5,1,163
52,4,0,10,6,7
53,6,0,8,1,18
53,6,5,11,2,5
53,6,12,13,1,43
53,6,0,4,3,58
53,6,1,4,7,69
53,6,13,8,7,111
54,2,5,0,3,39
54,2,1,9,6,38
55,5,8,10,4,39
55,5,5,4,6,55
55,5,8,7,7,120
55,5,3,7,2,70
55,5,0,6,8,15
56,6,0,13,2,213
56,6,9,7,6,13
56,6,9,5,8,42
56,6,8,9,2,66
56,6,10,1,2,48
56,6,9,10,7,11
57,5,10,3,5,17
57,5,9,11,1,37
57,5,13,2,3,25
57,5,4,8,7,61
57,5,1,9,1,48
58,5,6,2,3,34
58,5,4,7,7,144
58,5,5,7,6,48
58,5,4,2,7,141
58,5,4,1,8,56
59,7,6,3,3,64
59,7,5,10,4,29
59,7,10,3,2,137
59,7,10,2,4,59
59,7,2,12,8,61
59,7,11,8,6,82
59,7,13,1,7,32
60,8,4,2,8,25
60,8,7,3,4,59
60,8,3,11,7,113
60,8,10,7,3,55
60,8,4,0,2,130
60,8,12,5,5,37
60,8,0,12,5,22
60,8,13,5,1,34
61,1,9,6,8,17
62,6,8,7,4,124
62,6,13,3,2,3
62,6,6,5,7,121
62,6,10,9,7,76
62,6,5,2,7,12
62,6,1,8,1,37
63,6,7,5,7,121
63,6,5,4,3,36
63,6,6,0,7,1
63,6,6,3,5,124
63,6,11,2,1,56
63,6,1,9,4,61
64,5,10,13,8,11
64,5,3,4,3,26
64,5,5,9,6,59
64,5,2,10,5,43
64,5,4,0,8,45
65,3,12,2,1,34
65,3,8,10,4,14
65,3,6,1,8,8
66,7,4,6,4,8
66,7,3,5,2,226
66,7,10,12,1,12
66,7,6,4,5,2
66,7,13,9,4,11
66,7,12,13,5,34
66,7,9,13,3,294
67,3,5,13,1,80
67,3,3,2,8,83
67,3,10,0,2,45
68,6,2,5,4,62
68,6,9,4,3,48
68,6,10,7,4,139
68,6,0,9,5,58
68,6,5,13,1,179
68,6,11,6,7,135
69,6,12,0,7,210
69,6,6,5,4,18
69,6,9,3,8,96
69,6,0,10,7,93
69,6,2,8,6,61
69,6,12,4,8,38
70,5,13,6,4,104
70,5,8,9,7,111
70,5,1,4,6,147
70,5,3,13,6,6
70,5,5,11,3,151
71,8,6,1,6,54
71,8,0,13,1,34
71,8,12,13,6,91
71,8,2,6,3,90
71,8,13,3,4,6
71,8,0,4,5,339
71,8,0,12,2,66
71,8,12,9,7,42
72,8,7,10,1,19
72,8,1,2,4,429
72,8,13,1,7,46
72,8,2,13,1,152
72,8,2,13,8,7
72,8,8,0,3,309
72,8,6,8,2,23
72,8,6,5,6,84
73,5,10,2,2,89
73,5,11,6,5,53
73,5,0,3,8,11
73,5,2,8,4,217
73,5,1,7,7,62
74,6,9,13,2,14
74,6,1,12,8,6
74,6,9,7,3,84
74,6,5,6,1,11
74,6,12,7,2,287
74,6,0,3,1,78
75,7,11,12,7,85
75,7,11,6,2,197
75,7,6,5,6,165
75,7,2,0,4,3
75,7,10,4,4,55
75,7,8,0,6,41
75,7,3,13,6,43
76,5,6,4,6,103
76,5,13,5,3,93
76,5,11,12,2,28
76,5,12,2,4,196
76,5,5,0,7,38
77,5,10,11,2,69
77,5,10,11,7,11
77,5,12,4,1,20
77,5,4,12,4,15
77,5,1,5,5,150
78,5,5,2,1,100
78,5,1,8,3,166
78,5,13,10,2,369
78,5,10,9,3,98
78,5,11,2,3,121
79,3,4,7,6,244
79,3,11,1,7,101
79,3,4,13,7,458
80,3,6,4,1,163
80,3,8,0,5,76
80,3,9,5,6,97
81,2,5,7,3,71
81,2,2,9,1,102
82,3,4,10,6,91
82,3,6,8,7,162
82,3,1,2,1,10
83,8,3,0,6,61
83,8,8,5,1,140
83,8,3,1,3,193
83,8,6,10,8,4
83,8,10,9,2,6
83,8,4,3,2,3
83,8,0,9,5,75
83,8,11,1,1,75
84,2,4,0,6,42
84,2,12,2,3,4
85,6,3,11,2,58
85,6,13,2,5,83
85,6,0,4,4,186
85,6,10,1,3,70
85,6,4,0,6,131
85,6,2,8,6,62
86,5,7,3,7,236
86,5,5,2,3,14
86,5,8,1,8,180
86,5,13,10,4,376
86,5,1,3,6,235
87,5,3,7,6,35
87,5,4,0,5,16
87,5,4,11,1,203
87,5,12,6,8,18
87,5,0,6,5,10
88,4,4,2,8,31
88,4,8,9,6,38
88,4,6,13,6,68
88,4,13,2,8,24
89,9,0,5,3,61
89,9,6,4,2,15
89,9,6,5,5,2
89,9,0,10,2,19
89,9,11,4,8,13
89,9,0,11,1,74
89,9,10,2,1,26
89,9,1,11,5,19
89,9,13,8,4,90
90,5,11,3,4,12
90,5,8,5,6,4
90,5,12,11,3,3
90,5,3,13,2,16
90,5,11,7,3,91
91,3,3,1,2,69
91,3,6,5,2,57
91,3,13,10,6,70
92,5,3,7,8,56
92,5,5,1,8,10
92,5,13,6,3,52
92,5,8,12,7,68
92,5,2,1,8,1
93,5,13,10,5,104
93,5,3,13,6,13
93,5,13,12,3,125
93,5,10,1,8,35
93,5,1,8,1,2
94,5,0,3,5,13
94,5,8,3,7,204
94,5,12,6,3,116
94,5,12,2,5,117
94,5,13,11,6,59
95,5,2,1,3,6
95,5,0,8,8,19
95,5,13,4,6,58
95,5,13,9,3,187
95,5,7,2,8,38
96,1,5,7,3,19
97,5,10,13,5,81
97,5,12,9,4,4
97,5,8,4,8,67
97,5,10,6,5,52
97,5,4,1,4,57
98,3,8,1,2,92
98,3,12,10,6,18
98,3,10,7,5,59
99,5,5,1,3,139
99,5,4,6,3,8
99,5,9,6,3,204
99,5,12,9,1,46
99,5,4,3,6,30
100,5,12,2,6,107
100,5,10,0,1,15
100,5,13,11,6,78
100,5,5,8,7,10
100,5,13,6,8,61
101,4,12,3,7,26
101,4,4,0,6,66
101,4,11,0,8,197
101,4,12,2,1,98
102,7,7,0,6,2
102,7,7,3,2,110
102,7,9,5,5,258
102,7,12,9,5,465
102,7,13,11,8,85
102,7,10,1,3,62
102,7,12,2,6,26
103,4,3,6,8,69
103,4,11,12,2,117
103,4,8,12,5,62
103,4,2,12,2,66
104,4,13,0,1,31
104,4,7,6,7,49
104,4,12,2,7,51
104,4,1,9,8,18
105,5,8,5,6,2
105,5,7,1,2,15
105,5,8,4,7,6
105,5,2,4,7,60
105,5,0,12,2,19
106,4,0,1,6,5
106,4,1,11,2,1
106,4,8,2,8,40
106,4,10,0,8,41
107,2,3,9,4,14
107,2,6,5,4,4
108,8,8,2,2,95
108,8,10,8,3,73
108,8,0,1,6,196
108,8,13,8,7,114
108,8,8,5,8,108
108,8,4,3,7,125
108,8,5,6,4,89
108,8,11,12,3,6
109,2,3,10,3,126
109,2,8,1,7,69
110,3,2,1,7,163
110,3,13,4,4,19
110,3,10,5,8,105
111,5,9,0,6,151
111,5,0,7,3,104
111,5,5,8,7,28
111,5,13,1,8,74
111,5,1,6,1,254
112,6,4,10,8,138
112,6,10,6,1,23
112,6,2,13,8,29
112,6,8,11,8,66
112,6,5,3,4,35
112,6,1,2,8,264
113,7,1,8,2,28
113,7,10,4,1,57
113,7,2,3,6,12
113,7,11,10,2,107
113,7,3,0,6,31
113,7,5,4,1,87
113,7,9,7,2,271
114,2,12,11,6,175
114,2,12,11,2,23
115,5,10,6,5,2
115,5,8,5,1,46
115,5,11,9,1,57
115,5,2,10,6,2
115,5,2,3,5,80
116,6,7,8,7,93
116,6,8,7,1,46
116,6,13,6,5,127
116,6,12,4,3,304
116,6,12,6,8,32
116,6,2,6,1,15
117,4,6,0,2,8
117,4,11,13,1,143
117,4,11,7,1,32
117,4,1,3,2,119
118,2,13,9,8,183
118,2,1,5,5,107
119,8,11,2,7,50
119,8,2,9,4,2
119,8,2,4,5,30
119,8,11,8,7,33
119,8,5,10,3,27
119,8,1,6,6,87
119,8,12,6,6,63
119,8,4,9,6,167
120,4,6,13,2,119
120,4,9,8,6,1
120,4,13,9,7,9
120,4,9,13,3,4
121,4,8,12,8,212
121,4,13,7,1,17
121,4,2,0,4,172
121,4,1,4,6,137
122,9,6,12,3,102
122,9,5,9,5,33
122,9,2,4,8,117
122,9,8,12,2,58
122,9,5,1,6,140
122,9,6,13,7,17
122,9,0,3,8,192
122,9,1,12,7,29
122,9,10,2,8,117
123,5,7,1,4,96
123,5,11,7,1,139
123,5,11,4,3,134
123,5,13,6,2,44
123,5,11,1,8,155
124,6,12,4,2,192
124,6,3,4,7,39
124,6,0,13,3,148
124,6,13,5,6,244
124,6,11,7,5,169
124,6,0,3,2,42
125,4,8,0,8,36
125,4,5,4,2,109
125,4,7,2,5,11
125,4,5,7,1,410
126,5,0,2,2,7
126,5,9,11,2,81
126,5,11,1,4,48
126,5,13,1,6,2
126,5,2,6,1,159
127,4,10,12,1,26
127,4,3,11,5,216
127,4,13,9,4,27
127,4,0,11,3,17
128,9,1,5,4,66
128,9,6,5,3,232
128,9,2,4,2,105
128,9,6,8,7,37
128,9,1,3,4,132
128,9,12,2,1,35
128,9,7,8,6,7
128,9,11,4,6,96
128,9,0,9,8,79
129,8,12,8,2,34
129,8,3,6,7,29
129,8,8,0,8,60
129,8,11,6,7,76
129,8,12,9,3,46
129,8,9,10,5,123
129,8,13,11,6,33
129,8,3,2,3,55
130,5,0,1,5,44
130,5,8,5,5,92
130,5,11,1,1,75
130,5,11,13,7,32
130,5,8,4,2,15
131,6,2,13,7,68
131,6,3,6,2,27
131,6,2,6,8,33
131,6,8,12,5,4
131,6,11,7,7,190
131,6,12,9,5,31
132,7,8,0,7,47
132,7,3,5,6,19
132,7,10,3,4,45
132,7,11,7,2,20
132,7,11,6,6,23
132,7,6,0,3,22
132,7,1,3,6,88
133,6,1,0,1,83
133,6,6,1,7,84
133,6,3,9,7,136
133,6,10,0,6,8
133,6,9,0,1,262
133,6,4,6,5,28
134,5,5,0,5,55
134,5,1,5,5,91
134,5,13,4,3,9
134,5,6,4,1,64
134,5,2,6,4,3
135,6,0,12,5,150
135,6,7,10,6,28
135,6,13,1,1,149
135,6,2,10,5,65
135,6,1,2,6,17
135,6,5,13,5,78
136,5,8,3,2,38
136,5,0,2,6,29
136,5,6,4,4,60
136,5,10,7,4,15
136,5,10,4,4,28
137,4,7,3,8,81
137,4,10,6,2,45
137,4,2,9,6,141
137,4,13,1,2,79
138,5,5,12,8,6
138,5,1,11,2,132
138,5,3,5,2,144
138,5,11,8,4,59
138,5,4,3,2,73
139,8,9,1,2,3
139,8,12,11,1,130
139,8,0,4,4,108
139,8,2,7,3,15
139,8,4,11,8,18
139,8,2,3,3,328
139,8,6,11,7,138
139,8,6,8,3,5
140,7,1,4,6,28
140,7,10,5,1,4
140,7,13,12,2,89
140,7,4,13,3,143
140,7,5,0,3,39
140,7,10,4,4,10
140,7,7,4,6,58
141,8,10,12,3,244
141,8,13,9,8,37
141,8,8,10,1,40
141,8,5,6,5,493
141,8,3,13,4,55
141,8,13,4,2,50
141,8,13,0,6,24
141,8,6,5,7,92
142,5,11,9,1,91
142,5,0,12,6,46
142,5,7,12,3,37
142,5,6,3,4,239
142,5,1,9,4,43
143,11,9,0,4,27
143,11,13,7,2,4
143,11,11,6,1,262
143,11,4,8,6,9
143,11,11,10,1,40
143,11,12,1,4,21
143,11,12,6,5,32
143,11,10,0,5,34
143,11,4,0,2,3
143,11,1,2,2,12
143,11,10,12,7,6
144,7,11,12,6,227
144,7,3,6,5,9
144,7,3,4,7,150
144,7,1,0,6,14
144,7,12,9,7,98
144,7,11,2,4,100
144,7,1,5,8,1
145,5,12,0,8,100
145,5,12,0,3,53
145,5,6,5,8,112
145,5,3,7,2,16
145,5,11,0,6,352
146,7,10,3,2,140
146,7,13,3,1,10
146,7,3,1,7,20
146,7,11,8,6,42
146,7,12,1,3,36
146,7,2,9,4,71
146,7,6,4,1,80
147,6,11,2,8,66
147,6,5,3,1,122
147,6,5,9,4,33
147,6,5,13,4,20
147,6,7,9,7,74
147,6,11,6,7,176
148,5,9,12,4,39
148,5,10,12,8,2
148,5,6,13,3,193
148,5,1,4,5,9
148,5,4,11,2,45
149,5,8,13,3,26
149,5,13,11,8,84
149,5,1,13,4,195
149,5,2,12,6,124
149,5,1,11,3,24
150,8,12,4,4,62
150,8,13,11,3,326
150,8,7,8,5,217
150,8,1,0,6,58
150,8,9,5,5,27
150,8,1,7,4,8
150,8,10,8,6,57
150,8,8,13,1,23
151,2,7,3,5,240
151,2,2,11,3,65
152,11,10,8,7,168
152,11,11,5,3,93
152,11,13,1,8,39
152,11,12,2,7,206
152,11,11,9,6,149
152,11,7,8,8,9
152,11,12,8,4,116
152,11,7,10,3,14
152,11,11,2,3,216
152,11,2,0,4,76
152,11,0,10,2,77
153,2,3,2,3,121
153,2,3,4,7,141
154,2,4,12,3,10
154,2,4,8,2,18
155,4,1,9,8,153
155,4,8,1,3,3
155,4,4,7,3,22
155,4,0,12,2,193
156,4,0,13,7,28
156,4,3,6,2,12
156,4,3,4,8,22
156,4,6,5,6,11
157,8,9,1,8,74
157,8,4,11,2,40
157,8,6,13,6,5
157,8,4,12,6,32
157,8,4,0,6,55
157,8,4,8,8,63
157,8,11,7,7,81
157,8,6,3,7,22
158,4,0,11,8,116
158,4,13,7,6,283
158,4,2,11,4,5
158,4,10,13,2,116
159,5,4,7,2,9
159,5,12,11,3,6
159,5,5,4,7,98
159,5,7,10,6,25
159,5,11,0,2,107
160,4,5,11,7,20
160,4,1,9,8,36
160,4,9,7,4,5
160,4,4,10,3,116
161,5,8,10,3,73
161,5,5,6,3,84
161,5,4,10,3,20
161,5,6,3,7,144
161,5,7,13,5,34
162,1,11,6,2,12
163,3,6,13,1,56
163,3,9,6,3,6
163,3,13,9,6,4
164,4,12,2,3,17
164,4,6,2,7,122
164,4,2,10,8,67
164,4,7,13,3,60
165,4,10,4,4,25
165,4,6,7,8,17
165,4,0,13,6,78
165,4,1,2,5,37
166,4,9,1,4,73
166,4,2,5,5,249
166,4,3,2,7,61
166,4,4,10,1,6
167,2,12,13,7,11
167,2,5,10,4,6
168,4,2,5,2,99
168,4,1,8,8,6
168,4,12,5,4,100
168,4,2,13,8,43
169,5,11,4,2,58
169,5,3,13,4,214
169,5,13,11,2,69
169,5,7,6,4,269
169,5,0,3,8,95
170,5,7,4,5,132
170,5,5,8,4,4
170,5,0,2,3,12
170,5,3,9,6,45
170,5,11,5,5,49
171,2,10,5,5,40
171,2,7,1,2,20
172,3,7,9,4,27
172,3,12,5,7,185
172,3,10,1,7,192
173,8,13,5,8,13
173,8,12,1,2,5
173,8,9,13,8,57
173,8,9,11,1,97
173,8,10,5,2,172
173,8,8,6,2,23
173,8,0,4,8,70
173,8,1,12,6,183
174,3,3,5,2,29
174,3,13,0,7,13
174,3,13,7,2,23
175,5,11,12,2,30
175,5,2,7,1,138
175,5,4,11,7,38
175,5,13,6,1,166
175,5,11,3,5,66
176,2,11,7,1,42
176,2,0,1,6,15
177,5,7,13,2,48
177,5,6,13,2,162
177,5,7,5,7,6
177,5,0,3,4,32
177,5,4,11,6,127
178,6,4,11,8,47
178,6,2,3,1,6
178,6,4,6,3,201
178,6,8,11,5,45
178,6,3,6,8,25
178,6,2,10,4,1
179,6,13,5,4,63
179,6,7,4,2,107
179,6,0,1,6,2
179,6,9,4,1,94
179,6,1,2,2,85
179,6,0,12,6,9
180,2,1,11,4,10
180,2,1,0,2,39
181,5,3,13,7,129
181,5,1,7,5,27
181,5,8,12,7,88
181,5,10,3,1,78
181,5,11,13,4,61
182,7,0,7,1,87
182,7,3,1,5,67
182,7,8,2,5,36
182,7,9,10,8,74
182,7,6,5,2,6
182,7,13,12,4,67
182,7,7,5,8,29
183,2,5,12,5,85
183,2,8,13,7,98
184,10,9,8,4,31
184,10,4,13,1,32
184,10,10,4,3,86
184,10,11,2,6,41
184,10,13,12,2,36
184,10,4,0,4,61
184,10,3,1,5,219
184,10,5,4,4,15
184,10,2,4,2,86
184,10,1,0,8,275
185,8,11,8,6,8
185,8,5,1,4,66
185,8,10,4,1,196
185,8,7,0,6,154
185,8,12,7,2,53
185,8,7,0,8,52
185,8,8,2,4,121
185,8,11,5,2,183
186,2,9,11,7,26
186,2,8,6,2,21
187,7,10,8,5,60
187,7,11,2,8,63
187,7,0,9,4,52
187,7,7,13,3,3
187,7,9,3,4,164
187,7,1,2,8,9
187,7,13,3,6,115
188,5,13,3,1,87
188,5,2,5,4,1
188,5,7,5,3,50
188,5,1,7,4,69
188,5,0,3,5,37
189,3,6,2,7,130
189,3,13,11,6,65
189,3,3,5,2,63
190,8,9,0,5,6
190,8,1,11,3,100
190,8,12,2,8,53
190,8,12,0,3,174
190,8,2,12,2,110
190,8,5,8,3,124
190,8,4,11,8,56
190,8,1,0,4,12
191,1,0,9,2,13
192,6,10,9,7,83
192,6,9,3,2,27
192,6,13,7,1,72
192,6,7,1,7,130
192,6,1,10,6,5
192,6,2,11,6,26
193,6,5,2,7,13
193,6,5,0,4,53
193,6,5,7,7,70
193,6,1,11,8,41
193,6,11,13,7,105
193,6,2,0,4,32
194,7,3,9,7,82
194,7,1,3,6,13
194,7,9,6,3,176
194,7,7,10,5,37
194,7,13,7,2,22
194,7,2,1,7,31
194,7,2,9,3,106
195,8,6,10,6,91
195,8,13,6,4,32
195,8,2,8,1,42
195,8,0,7,8,64
195,8,4,9,8,57
195,8,13,6,7,18
195,8,2,0,4,59
195,8,11,1,7,86
196,5,8,2,7,22
196,5,7,4,2,51
196,5,1,3,7,41
196,5,7,12,7,295
196,5,6,4,3,34
197,2,6,5,6,16
197,2,2,8,8,352
198,7,7,3,7,88
198,7,12,9,1,49
198,7,9,13,2,26
198,7,13,8,7,246
198,7,4,13,2,34
198,7,4,10,4,195
198,7,1,9,1,103
199,4,5,10,8,25
199,4,9,0,1,91
199,4,13,3,3,63
199,4,12,1,3,47
200,2,13,2,8,87
200,2,3,13,8,87
201,2,6,2,7,62
201,2,11,0,5,19
202,5,5,12,6,86
202,5,5,13,1,119
202,5,3,6,5,103
202,5,3,11,2,15
202,5,2,7,1,216
203,4,13,8,5,119
203,4,4,7,5,36
203,4,10,11,3,13
203,4,8,0,8,88
204,5,7,5,7,1
204,5,11,12,7,89
204,5,9,3,4,81
204,5,4,11,6,107
204,5,4,9,3,78
205,6,9,7,5,26
205,6,0,12,5,28
205,6,2,10,7,11
205,6,5,10,2,32
205,6,10,7,4,53
205,6,3,13,1,168
206,5,12,5,7,132
206,5,4,2,4,6
206,5,8,7,1,61
206,5,0,12,2,28
206,5,6,8,1,144
207,4,6,0,8,277
207,4,13,6,4,203
207,4,2,1,1,213
207,4,8,13,4,55
208,4,1,10,1,21
208,4,2,1,1,16
208,4,13,2,7,91
208,4,6,5,6,83
209,3,6,11,5,276
209,3,1,13,3,49
209,3,13,8,2,15
210,12,8,4,2,21
210,12,1,4,5,8
210,12,5,8,1,45
210,12,4,7,7,187
210,12,8,4,5,109
210,12,11,13,4,22
210,12,10,6,7,14
210,12,8,9,2,82
210,12,0,11,3,194
210,12,3,5,3,82
210,12,1,0,5,394
210,12,7,6,5,42
211,6,4,5,3,126
211,6,3,13,1,39
211,6,5,2,3,39
211,6,8,5,6,109
211,6,8,3,3,242
211,6,9,4,1,140
212,3,8,5,1,35
212,3,9,5,5,3
212,3,6,13,3,17
213,5,4,0,5,21
213,5,12,8,5,86
213,5,10,4,2,3
213,5,7,4,2,45
213,5,13,8,2,133
214,1,9,0,4,49
215,1,0,1,1,95
216,2,1,9,8,114
216,2,8,13,6,15
217,5,5,8,2,62
217,5,4,7,1,23
217,5,0,8,5,67
217,5,5,13,2,116
217,5,0,11,3,68
218,4,10,1,4,46
218,4,4,2,2,116
218,4,11,12,2,41
218,4,1,8,2,148
219,7,8,1,8,67
219,7,8,2,5,5
219,7,7,11,4,125
219,7,1,13,7,138
219,7,12,1,6,1
219,7,13,7,4,193
219,7,1,3,3,7
220,4,4,8,3,408
220,4,3,5,4,2
220,4,5,8,3,397
220,4,7,0,1,38
221,6,5,6,7,87
221,6,7,6,6,52
221,6,13,3,4,81
221,6,0,7,8,136
221,6,12,8,5,11
221,6,2,9,7,49
222,5,11,4,1,10
222,5,11,2,8,35
222,5,4,5,2,18
222,5,8,5,1,113
222,5,7,12,5,165
223,3,3,2,4,1
223,3,7,8,3,34
223,3,3,5,3,2
224,5,12,7,3,42
224,5,6,2,2,105
224,5,4,1,8,58
224,5,1,3,1,2
224,5,13,0,6,29
225,7,5,13,6,70
225,7,1,5,1,6
225,7,0,2,4,21
225,7,5,1,6,145
225,7,10,8,2,39
225,7,12,3,2,27
225,7,7,4,3,11
226,10,5,6,3,170
226,10,10,8,2,90
226,10,13,12,4,219
226,10,7,6,1,17
226,10,12,5,5,110
226,10,4,12,3,31
226,10,13,2,3,494
226,10,0,10,6,94
226,10,10,8,6,107
226,10,1,3,5,64
227,5,2,4,4,34
227,5,13,9,4,2
227,5,11,0,7,156
227,5,0,2,2,79
227,5,2,8,1,5
228,5,10,1,6,29
228,5,0,10,7,168
228,5,1,2,1,72
228,5,9,5,8,16
228,5,11,1,5,146
229,4,8,4,6,17
229,4,10,6,7,110
229,4,2,6,3,7
229,4,12,1,6,24
230,4,2,0,5,264
230,4,2,8,2,15
230,4,9,4,8,338
230,4,9,3,8,180
231,2,7,8,7,28
231,2,9,10,2,23
232,3,13,9,3,60
232,3,11,5,1,55
232,3,5,4,7,118
233,6,3,5,3,2
233,6,8,11,7,13
233,6,13,6,2,76
233,6,11,2,2,5
233,6,11,12,5,7
233,6,5,10,8,51
234,2,4,11,7,212
234,2,13,3,1,19
235,1,9,2,3,66
236,1,11,6,7,135
237,5,6,13,5,14
237,5,6,8,5,100
237,5,4,6,7,65
237,5,10,3,2,49
237,5,10,0,5,40
238,3,0,9,5,41
238,3,4,9,6,8
238,3,0,12,7,93
239,3,12,4,4,101
239,3,0,10,7,110
239,3,2,0,5,63
240,4,13,8,5,117
240,4,4,7,2,14
240,4,8,9,3,76
240,4,10,1,1,60
241,6,1,3,4,118
241,6,10,4,2,59
241,6,12,7,2,10
241,6,4,5,5,249
241,6,11,9,7,178
241,6,6,0,4,400
242,8,0,13,3,100
242,8,5,2,8,11
242,8,7,3,7,161
242,8,12,8,3,153
242,8,2,5,3,185
242,8,5,7,5,48
242,8,2,8,7,48
242,8,3,0,5,117
243,4,3,7,4,31
243,4,0,2,3,148
243,4,2,13,8,2
243,4,13,7,1,33
244,8,9,10,5,277
244,8,12,4,7,10
244,8,10,0,8,196
244,8,8,4,7,112
244,8,1,11,3,159
244,8,2,3,7,45
244,8,13,1,4,22
244,8,7,10,1,33
245,3,10,12,2,85
245,3,10,6,5,72
245,3,1,4,1,92
246,6,4,8,3,49
246,6,8,7,1,35
246,6,8,2,8,7
246,6,10,2,1,15
246,6,7,6,6,7
246,6,11,12,6,68
247,10,1,10,6,43
247,10,3,8,5,315
247,10,9,8,1,41
247,10,10,3,4,77
247,10,7,13,5,39
247,10,8,13,2,8
247,10,3,0,1,25
247,10,1,12,3,44
247,10,11,12,1,27
247,10,8,4,5,10
248,7,12,6,1,44
248,7,6,8,1,56
248,7,3,5,3,34
248,7,6,8,2,47
248,7,2,0,5,22
248,7,0,7,3,20
248,7,13,3,3,23
249,7,7,2,2,103
249,7,13,12,7,298
249,7,1,4,4,137
249,7,0,6,5,357
249,7,8,7,1,40
249,7,6,12,1,18
249,7,10,5,7,285
250,6,1,4,4,23
250,6,6,7,1,10
250,6,11,12,4,119
250,6,13,0,3,48
250,6,10,1,1,17
250,6,7,5,3,103
251,5,1,0,2,432
251,5,8,0,7,108
251,5,8,0,3,107
251,5,8,1,8,99
251,5,3,11,4,23
252,5,5,11,8,62
252,5,12,1,4,101
252,5,6,12,1,66
252,5,11,3,1,148
252,5,13,2,6,47
253,4,8,2,2,106
253,4,12,8,3,19
253,4,4,11,8,83
253,4,0,13,5,158
254,3,2,3,1,49
254,3,13,1,6,85
254,3,4,1,6,259
255,7,13,11,7,6
255,7,2,10,5,18
255,7,13,12,3,27
255,7,10,9,3,36
255,7,3,9,4,76
255,7,0,13,5,78
255,7,13,4,5,16
256,6,7,1,2,173
256,6,12,11,1,88
256,6,6,13,5,18
256,6,1,2,7,53
256,6,7,1,6,102
256,6,1,2,1,192
257,3,5,7,3,39
257,3,2,0,8,52
257,3,3,2,7,146
258,3,8,9,1,14
258,3,8,1,4,38
258,3,13,3,8,51
259,2,5,7,5,80
259,2,3,10,1,95
260,3,11,3,1,85
260,3,11,13,3,24
260,3,9,7,2,11
261,7,9,6,2,161
261,7,10,0,4,81
261,7,1,10,5,261
261,7,11,3,6,132
261,7,11,2,1,65
261,7,9,11,3,5
261,7,1,3,7,281
262,3,2,10,2,8
262,3,5,9,5,29
262,3,2,9,3,71
263,8,1,12,4,13
263,8,4,10,4,238
263,8,10,9,2,4
263,8,10,1,7,280
263,8,6,0,7,90
263,8,12,13,4,104
263,8,9,12,8,21
263,8,13,4,5,39
264,3,6,10,2,75
264,3,6,9,4,6
264,3,11,9,8,2
265,2,11,5,7,22
265,2,9,4,8,22
266,5,11,6,7,93
266,5,0,13,6,43
266,5,0,6,7,164
266,5,0,8,5,10
266,5,6,4,6,81
267,5,6,12,3,228
267,5,3,13,5,146
267,5,1,13,5,7
267,5,8,11,3,4
267,5,10,9,2,233
268,7,2,9,4,6
268,7,7,0,1,68
268,7,0,5,3,120
268,7,1,10,7,3
268,7,9,12,1,32
268,7,6,13,8,9
268,7,6,10,3,17
269,4,5,13,2,334
269,4,13,0,4,121
269,4,2,12,5,95
269,4,9,3,3,59
270,3,8,3,1,85
270,3,1,8,4,70
270,3,0,11,8,60
271,5,6,0,5,11
271,5,0,6,7,143
271,5,11,6,2,20
271,5,4,3,2,98
271,5,12,1,8,48
272,3,6,0,3,282
272,3,3,4,8,39
272,3,2,3,5,315
273,9,3,7,4,23
273,9,6,5,5,87
273,9,2,6,2,53
273,9,6,13,7,23
273,9,11,8,4,40
273,9,8,6,2,10
273,9,10,5,4,127
273,9,11,12,8,112
273,9,12,4,5,20
274,5,0,10,6,120
274,5,9,7,5,10
274,5,11,13,1,1
274,5,11,1,5,71
274,5,2,3,5,47
275,4,10,5,6,48
275,4,12,7,6,87
275,4,9,5,7,1
275,4,7,11,3,178
276,3,12,3,8,50
276,3,4,9,4,107
276,3,7,0,2,9
277,7,2,0,7,266
277,7,12,13,7,76
277,7,2,9,4,151
277,7,5,13,1,332
277,7,4,5,7,32
277,7,0,10,5,162
277,7,5,12,7,22
278,6,8,3,3,278
278,6,0,1,8,287
278,6,8,0,1,160
278,6,9,5,5,44
278,6,10,6,8,131
278,6,12,5,4,7
279,6,8,7,6,74
279,6,1,12,8,26
279,6,3,10,5,20
279,6,4,11,3,7
279,6,9,5,8,19
279,6,9,1,2,5
280,5,5,4,6,127
280,5,0,8,3,61
280,5,10,11,4,39
280,5,3,9,2,161
280,5,12,0,1,223
281,5,12,10,7,35
281,5,3,13,3,14
281,5,7,11,4,155
281,5,10,5,8,159
281,5,5,11,5,148
282,6,4,2,7,329
282,6,12,4,5,18
282,6,4,13,7,170
282,6,13,3,7,58
282,6,12,8,4,52
282,6,0,3,7,137
284,2,2,10,1,34
284,2,2,7,5,176
285,5,8,2,2,24
285,5,10,2,1,82
285,5,5,11,2,24
285,5,13,11,2,99
285,5,8,11,6,140
286,7,2,3,8,61
286,7,7,10,7,25
286,7,5,3,8,3
286,7,12,8,7,156
286,7,6,3,8,8
286,7,12,6,2,2
286,7,12,6,6,15
287,7,1,5,7,270
287,7,0,8,4,135
287,7,11,13,5,91
287,7,8,3,3,198
287,7,11,2,5,6
287,7,1,5,3,123
287,7,2,1,5,77
288,4,3,2,4,7
288,4,12,8,2,114
288,4,13,3,8,73
288,4,6,10,1,96
289,6,7,11,8,250
289,6,3,1,7,112
289,6,4,9,8,293
289,6,2,9,7,22
289,6,0,1,2,118
289,6,7,3,7,50
290,8,12,2,2,1
290,8,12,8,4,60
290,8,11,5,8,28
290,8,6,13,3,12
290,8,5,11,5,167
290,8,4,13,1,105
290,8,12,7,2,29
290,8,2,13,6,6
291,3,4,13,2,42
291,3,0,2,1,34
291,3,0,1,8,48
292,6,12,11,3,76
292,6,7,1,5,63
292,6,2,1,1,67
292,6,12,11,2,134
292,6,6,12,4,57
292,6,5,1,3,68
293,3,5,4,2,93
293,3,13,0,6,62
293,3,10,11,5,32
295,5,11,3,6,98
295,5,13,9,6,3
295,5,10,6,5,138
295,5,0,8,7,7
295,5,13,5,3,60
296,4,9,7,6,238
296,4,6,11,5,1
296,4,13,12,6,130
296,4,8,4,7,141
297,8,10,8,3,52
297,8,11,9,5,20
297,8,2,6,5,145
297,8,7,3,2,157
297,8,1,12,3,104
297,8,8,11,3,28
297,8,6,10,7,25
297,8,5,9,6,147
298,4,10,2,2,130
298,4,11,9,2,36
298,4,0,9,2,10
298,4,5,12,1,88
299,4,2,11,1,72
299,4,2,9,8,129
299,4,3,9,7,323
299,4,4,13,3,77
300,8,10,0,2,42
300,8,12,13,4,58
300,8,8,2,1,91
300,8,5,1,3,68
300,8,8,2,1,93
300,8,1,9,4,28
300,8,13,11,4,44
300,8,11,6,6,132
301,5,8,11,1,23
301,5,13,3,8,28
301,5,7,11,2,157
301,5,0,9,8,82
301,5,7,6,5,42
302,6,7,8,6,90
302,6,0,2,6,315
302,6,0,5,3,75
302,6,5,3,1,16
302,6,9,11,6,23
302,6,3,10,6,69
303,3,9,5,3,13
303,3,4,11,2,133
303,3,7,9,3,162
304,4,5,1,2,32
304,4,5,12,8,39
304,4,11,9,2,247
304,4,8,10,7,157
305,6,2,11,2,83
305,6,8,0,1,174
305,6,9,3,7,4
305,6,6,12,1,181
305,6,3,13,5,68
305,6,9,10,4,95
306,3,6,11,2,256
306,3,12,4,1,11
306,3,2,13,5,9
307,4,13,0,7,118
307,4,0,13,8,35
307,4,4,5,1,99
307,4,7,13,5,133
308,2,4,3,7,17
308,2,3,12,1,125
309,5,3,6,1,193
309,5,10,5,6,3
309,5,9,5,1,104
309,5,11,0,5,98
309,5,13,10,3,129
310,2,10,5,4,16
310,2,8,11,1,174
311,6,11,9,5,20
311,6,5,8,8,217
311,6,8,13,5,12
311,6,1,8,2,52
311,6,10,13,2,24
311,6,1,8,2,5
312,3,0,13,1,45
312,3,1,8,8,3
312,3,9,2,8,131
313,7,10,3,6,1
313,7,1,0,6,187
313,7,5,12,4,58
313,7,13,3,7,159
313,7,4,9,7,154
313,7,3,11,8,78
313,7,12,7,7,33
314,6,1,8,2,85
314,6,1,3,4,170
314,6,9,12,3,18
314,6,5,12,3,134
314,6,10,2,5,12
314,6,6,9,3,63
315,7,4,9,8,21
315,7,13,12,6,43
315,7,8,13,4,16
315,7,6,2,7,47
315,7,5,8,4,91
315,7,0,10,7,193
315,7,8,6,1,191
316,6,5,4,2,164
316,6,5,7,4,371
316,6,9,7,8,20
316,6,7,11,2,45
316,6,9,5,6,80
316,6,1,13,6,38
317,4,0,2,2,28
317,4,8,11,4,209
317,4,8,13,6,5
317,4,11,9,1,13
318,6,13,0,2,21
318,6,10,8,7,30
318,6,6,2,2,131
318,6,3,13,1,121
318,6,10,11,3,92
318,6,0,13,8,242
319,3,10,4,6,41
319,3,2,1,2,5
319,3,6,2,2,21
320,2,12,11,6,23
320,2,12,13,7,21
321,2,1,12,4,8
321,2,9,1,8,40
322,8,7,5,1,11
322,8,9,11,6,23
322,8,12,2,1,47
322,8,13,10,2,67
322,8,8,13,6,7
322,8,9,3,5,19
322,8,9,3,2,39
322,8,5,12,8,115
323,6,9,2,7,196
323,6,4,7,3,1
323,6,11,8,5,11
323,6,5,7,4,101
323,6,4,8,8,2
323,6,11,0,2,61
324,3,2,1,2,10
324,3,11,9,6,174
324,3,0,4,4,287
325,4,9,1,3,130
325,4,1,3,6,146
325,4,5,7,1,34
325,4,9,3,2,47
326,9,10,4,3,16
326,9,5,1,2,482
326,9,10,0,8,47
326,9,1,2,7,112
326,9,4,2,7,206
326,9,9,10,1,26
326,9,0,2,5,120
326,9,5,10,1,25
326,9,6,13,8,103
327,5,5,9,7,49
327,5,12,5,8,221
327,5,7,13,2,27
327,5,6,7,2,56
327,5,10,6,2,28
328,4,0,6,4,89
328,4,2,7,7,63
328,4,11,1,5,203
328,4,10,8,3,14
329,5,0,13,3,47
329,5,5,4,7,36
329,5,2,8,3,22
329,5,13,7,5,20
329,5,1,11,8,10
330,6,4,13,7,99
330,6,4,2,5,276
330,6,12,11,6,258
330,6,1,3,3,183
330,6,2,8,7,180
330,6,2,6,5,13
331,4,9,10,1,19
331,4,0,9,3,27
331,4,5,11,6,107
331,4,7,12,2,395
332,4,7,0,8,11
332,4,6,4,1,4
332,4,11,13,4,17
332,4,1,13,1,63
333,3,8,11,3,62
333,3,4,6,5,8
333,3,9,5,8,359
334,6,1,11,1,5
334,6,7,4,8,13
334,6,0,4,4,107
334,6,7,11,7,27
334,6,3,1,8,198
334,6,12,0,1,112
335,12,12,7,1,47
335,12,12,7,8,14
335,12,4,2,7,81
335,12,10,8,3,129
335,12,5,12,6,274
335,12,5,2,6,171
335,12,9,8,3,155
335,12,13,8,5,15
335,12,11,8,2,87
335,12,6,4,8,80
335,12,13,7,6,72
335,12,8,9,2,56
336,5,4,2,4,134
336,5,6,7,3,120
336,5,1,7,2,2
336,5,3,4,1,111
336,5,6,10,1,38
337,6,13,7,7,4
337,6,11,10,7,3
337,6,11,3,1,15
337,6,6,13,1,74
337,6,9,1,8,67
337,6,8,9,1,335
338,11,12,4,3,87
338,11,7,13,3,108
338,11,9,4,5,35
338,11,10,9,4,67
338,11,7,10,1,24
338,11,7,9,3,103
338,11,7,4,4,102
338,11,2,11,6,24
338,11,10,1,3,18
338,11,12,5,8,50
338,11,8,1,5,2
339,4,13,5,5,87
339,4,6,8,7,1
339,4,12,11,7,18
339,4,1,12,5,166
340,4,11,12,4,21
340,4,4,11,3,60
340,4,11,3,6,171
340,4,1,2,7,28
341,6,0,7,4,141
341,6,3,1,3,167
341,6,2,11,8,3
341,6,9,2,6,59
341,6,5,12,6,85
341,6,8,12,8,105
342,7,12,11,4,40
342,7,0,4,4,121
342,7,0,12,1,174
342,7,10,2,5,56
342,7,8,4,7,15
342,7,3,12,2,43
342,7,6,11,2,77
343,2,13,5,8,70
343,2,5,8,6,35
344,6,7,1,2,10
344,6,7,2,7,243
344,6,0,4,2,158
344,6,7,6,3,74
344,6,4,1,4,102
344,6,12,8,7,15
345,7,1,0,7,31
345,7,4,7,7,4
345,7,6,12,4,183
345,7,7,2,7,6
345,7,2,3,7,9
345,7,11,4,3,48
345,7,11,4,7,31
346,6,4,5,3,98
346,6,7,4,5,49
346,6,7,12,5,31
346,6,11,13,7,70
346,6,10,8,4,34
346,6,5,7,1,66
347,5,11,4,1,2
347,5,13,3,7,174
347,5,11,9,7,1
347,5,5,9,3,22
347,5,4,8,4,33
348,7,8,5,3,44
348,7,9,8,4,198
348,7,4,10,4,65
348,7,6,10,1,33
348,7,9,8,6,68
348,7,8,5,3,15
348,7,5,11,7,68
349,7,6,11,7,10
349,7,3,0,3,70
349,7,7,4,2,6
349,7,10,0,1,44
349,7,11,1,8,94
349,7,5,13,6,38
349,7,12,10,7,39
350,5,6,10,7,148
350,5,11,8,6,26
350,5,4,6,2,2
350,5,6,2,1,18
350,5,10,12,2,48
351,3,12,5,8,56
351,3,1,11,2,25
351,3,5,7,1,47
352,4,6,7,6,44
352,4,3,12,8,7
352,4,9,5,4,102
352,4,10,9,1,179
353,2,7,9,6,2
353,2,8,2,1,97
354,3,3,9,3,35
354,3,1,10,2,135
354,3,5,4,1,75
355,6,5,3,1,68
355,6,12,4,2,5
355,6,13,5,4,74
355,6,10,12,4,252
355,6,2,0,8,2
355,6,2,0,4,113
356,6,11,1,2,20
356,6,13,1,6,27
356,6,11,5,7,49
356,6,11,10,3,361
356,6,6,12,1,5
356,6,7,13,1,74
357,7,10,13,6,93
357,7,10,12,8,97
357,7,1,5,5,49
357,7,11,4,3,371
357,7,9,0,6,158
357,7,13,8,7,67
357,7,6,10,5,39
358,6,9,0,2,24
358,6,0,7,1,34
358,6,4,3,3,66
358,6,2,0,8,19
358,6,8,0,4,41
358,6,12,11,3,11
359,10,7,1,1,49
359,10,0,12,7,23
359,10,9,6,4,92
359,10,0,7,5,96
359,10,6,11,7,75
359,10,2,11,2,8
359,10,9,3,5,185
359,10,0,3,3,1
359,10,4,5,7,189
359,10,9,1,4,45
360,4,5,9,4,130
360,4,10,1,1,20
360,4,11,3,6,73
360,4,2,1,8,391
361,2,1,12,5,40
361,2,1,2,7,69
362,9,4,6,1,5
362,9,4,1,4,7
362,9,4,13,2,37
362,9,7,8,4,204
362,9,9,13,7,45
362,9,9,7,6,153
362,9,6,7,5,142
362,9,3,13,5,37
362,9,0,9,1,3
363,5,7,12,2,9
363,5,2,5,2,303
363,5,2,7,7,138
363,5,8,11,1,189
363,5,1,8,8,4
364,2,4,12,7,116
364,2,12,0,5,160
365,6,3,9,7,155
365,6,7,11,4,32
365,6,6,9,8,35
365,6,13,0,4,64
365,6,10,11,7,126
365,6,5,13,8,24
366,6,13,2,5,126
366,6,11,13,2,158
366,6,3,1,4,356
366,6,13,3,4,79
366,6,9,13,8,169
366,6,8,0,6,134
367,9,8,0,5,64
367,9,2,8,5,71
367,9,4,13,5,440
367,9,9,3,1,61
367,9,9,2,7,81
367,9,11,12,2,38
367,9,1,10,2,18
367,9,13,8,5,75
367,9,6,12,2,117
368,11,12,7,7,28
368,11,6,9,7,50
368,11,11,9,1,31
368,11,12,11,3,181
368,11,0,8,6,7
368,11,3,8,4,96
368,11,1,2,3,166
368,11,1,2,3,24
368,11,10,4,2,33
368,11,7,9,2,26
368,11,10,4,5,15
369,5,8,4,5,136
369,5,5,13,3,264
369,5,4,0,5,218
369,5,3,13,6,76
369,5,8,6,8,109
370,4,3,0,3,228
370,4,11,4,7,213
370,4,9,1,1,49
370,4,11,1,1,150
371,4,4,13,1,91
371,4,8,5,4,80
371,4,4,3,2,12
371,4,8,4,8,284
372,4,0,13,7,37
372,4,0,8,6,19
372,4,6,9,8,128
372,4,9,12,8,212
373,8,6,0,6,95
373,8,2,10,5,146
373,8,12,11,6,113
373,8,5,11,6,35
373,8,10,5,5,103
373,8,13,8,5,26
373,8,11,6,1,28
373,8,4,11,8,178
374,8,5,11,1,46
374,8,6,1,3,12
374,8,11,13,1,54
374,8,2,1,6,41
374,8,13,8,2,44
374,8,5,8,8,10
374,8,1,13,5,162
374,8,4,8,4,89
375,4,4,2,6,57
375,4,13,9,7,39
375,4,8,6,7,6
375,4,0,8,5,65
376,6,2,10,3,72
376,6,0,7,7,46
376,6,6,4,4,9
376,6,7,0,2,23
376,6,1,11,6,139
376,6,3,2,4,380
377,6,7,10,3,105
377,6,9,6,5,1
377,6,10,8,2,52
377,6,9,10,2,47
377,6,12,7,5,167
377,6,2,10,1,23
378,6,9,11,2,1
378,6,10,4,1,63
378,6,10,3,2,309
378,6,1,11,1,34
378,6,1,11,2,184
378,6,8,2,6,33
379,3,8,13,7,33
379,3,4,3,5,40
379,3,13,5,4,77
380,5,9,2,2,61
380,5,8,9,3,275
380,5,2,12,2,176
380,5,3,11,6,233
380,5,7,0,6,3
381,6,1,8,1,5
381,6,9,12,7,56
381,6,9,1,2,24
381,6,6,13,4,5
381,6,13,4,3,24
381,6,9,6,8,14
382,9,3,8,3,277
382,9,11,12,7,5
382,9,12,8,6,135
382,9,1,9,8,23
382,9,1,4,4,4
382,9,0,5,5,88
382,9,5,13,8,3
382,9,10,11,2,55
382,9,3,5,3,83
383,5,3,6,6,19
383,5,7,4,2,101
383,5,6,3,2,27
383,5,11,1,4,334
383,5,9,2,3,21
384,7,11,4,1,75
384,7,5,12,1,280
384,7,8,7,4,64
384,7,12,4,4,13
384,7,4,3,2,48
384,7,3,2,2,88
384,7,10,12,3,40
385,5,12,6,7,42
385,5,9,7,8,101
385,5,0,12,6,7
385,5,9,2,1,87
385,5,4,2,4,34
386,3,2,13,7,26
386,3,1,7,3,25
386,3,5,10,8,38
387,3,13,9,7,12
387,3,9,10,4,107
387,3,4,10,5,4
388,3,8,11,2,84
388,3,8,6,3,94
388,3,6,7,2,14
389,8,4,11,4,39
389,8,6,0,3,20
389,8,2,4,2,113
389,8,11,5,8,12
389,8,11,1,7,7
389,8,3,6,6,77
389,8,6,10,4,123
389,8,0,6,4,174
390,6,7,2,6,96
390,6,8,11,2,14
390,6,13,6,5,8
390,6,0,7,8,23
390,6,2,11,1,30
390,6,7,1,3,50
391,8,10,0,5,26
391,8,10,11,5,55
391,8,12,6,7,20
391,8,3,10,1,6
391,8,11,6,3,9
391,8,2,11,4,280
391,8,8,10,6,93
391,8,4,10,5,7
392,3,8,5,4,87
392,3,2,8,6,83
392,3,2,1,1,42
393,6,5,2,3,35
393,6,7,1,7,2
393,6,4,2,3,20
393,6,10,5,8,51
393,6,7,3,3,16
393,6,12,7,1,74
394,2,7,13,8,4
394,2,13,7,5,21
395,3,12,4,5,165
395,3,0,12,2,100
395,3,6,10,1,294
396,3,4,6,3,126
396,3,8,5,4,151
396,3,13,1,2,110
397,11,10,0,7,162
397,11,1,11,4,178
397,11,5,2,7,28
397,11,10,5,4,14
397,11,2,3,6,65
397,11,2,6,1,132
397,11,6,8,2,80
397,11,0,1,6,63
397,11,6,7,2,81
397,11,3,12,8,17
397,11,10,2,3,41
398,2,4,7,3,5
398,2,8,10,8,63
399,5,7,11,5,42
399,5,0,9,6,46
399,5,13,2,6,16
399,5,4,3,4,27
399,5,2,10,1,52
400,5,11,2,1,62
400,5,10,9,6,79
400,5,8,2,3,58
400,5,4,6,6,45
400,5,2,3,7,88
401,4,5,8,5,148
401,4,0,3,7,121
401,4,2,8,2,136
401,4,7,2,2,75
402,9,12,10,6,2
402,9,13,1,5,66
402,9,13,10,2,83
402,9,3,6,1,292
402,9,13,8,8,181
402,9,9,4,7,157
402,9,13,0,5,249
402,9,11,0,1,58
402,9,7,8,6,46
403,3,13,4,4,167
403,3,12,4,8,76
403,3,3,5,5,58
404,3,7,1,7,39
404,3,10,1,6,32
404,3,1,6,4,132
405,2,3,4,1,6
405,2,1,8,1,8
406,6,11,1,3,104
406,6,3,10,1,6
406,6,10,3,2,148
406,6,2,12,4,352
406,6,12,1,8,177
406,6,4,2,1,44
407,2,1,8,7,116
407,2,5,13,8,269
408,9,9,4,1,10
408,9,4,0,4,39
408,9,1,10,6,36
408,9,3,12,1,22
408,9,0,1,7,48
408,9,1,0,1,141
408,9,12,4,6,4
408,9,7,13,8,29
408,9,13,8,1,12
409,5,9,6,2,51
409,5,11,5,6,54
409,5,1,5,6,12
409,5,11,12,4,81
409,5,11,7,2,24
410,6,12,2,3,1
410,6,0,5,4,7
410,6,3,4,4,85
410,6,8,12,2,90
410,6,10,2,8,24
410,6,10,5,8,90
411,5,11,3,8,138
411,5,5,2,2,119
411,5,7,1,2,192
411,5,8,10,4,47
411,5,3,9,3,68
412,6,3,6,1,70
412,6,11,10,6,24
412,6,6,0,3,232
412,6,1,3,1,99
412,6,11,4,8,429
412,6,12,1,3,122
413,6,6,5,5,19
413,6,4,2,4,35
413,6,6,1,7,40
413,6,12,4,2,15
413,6,4,10,2,208
413,6,10,9,7,60
414,4,9,11,8,43
414,4,12,9,5,52
414,4,5,1,7,20
414,4,0,3,6,113
415,3,11,6,7,293
415,3,2,4,1,273
415,3,1,6,1,80
416,7,12,5,7,45
416,7,7,10,4,121
416,7,1,13,4,51
416,7,1,12,7,107
416,7,13,1,8,54
416,7,7,12,2,152
416,7,6,8,8,229
417,3,0,7,1,84
417,3,1,3,8,99
417,3,13,0,3,89
418,4,4,8,6,59
418,4,1,12,6,97
418,4,9,5,7,79
418,4,6,1,3,104
420,6,13,11,3,42
420,6,6,11,4,185
420,6,9,3,7,137
420,6,3,8,3,87
420,6,4,10,3,61
420,6,1,4,2,243
421,5,4,0,5,16
421,5,10,6,6,78
421,5,4,7,3,219
421,5,2,7,1,196
421,5,9,8,7,9
422,6,1,3,2,178
422,6,13,4,3,82
422,6,9,0,6,1
422,6,7,13,1,50
422,6,13,6,7,13
422,6,7,5,3,42
423,5,2,8,3,49
423,5,8,2,2,89
423,5,13,2,8,152
423,5,0,2,4,12
423,5,0,8,2,24
424,2,3,7,2,22
424,2,3,9,8,12
425,4,2,7,5,46
425,4,3,11,5,68
425,4,1,5,2,109
425,4,5,6,1,122
426,7,2,4,7,294
426,7,12,10,6,28
426,7,9,5,3,123
426,7,11,10,7,89
426,7,13,8,3,17
426,7,3,7,4,119
426,7,2,8,3,84
427,8,7,11,1,16
427,8,2,10,1,88
427,8,4,9,7,64
427,8,10,11,3,88
427,8,4,9,1,107
427,8,7,8,7,144
427,8,8,13,7,65
427,8,1,8,3,105
428,3,5,8,1,64
428,3,3,1,7,7
428,3,0,11,2,239
429,3,6,5,4,187
429,3,7,1,6,12
429,3,2,8,5,215
430,3,10,8,8,15
430,3,3,12,6,26
430,3,11,3,5,78
431,3,9,2,2,68
431,3,11,7,8,149
431,3,9,13,8,121
432,3,8,7,2,66
432,3,12,6,4,41
432,3,13,4,7,260
434,9,4,3,6,186
434,9,13,12,7,129
434,9,7,8,6,107
434,9,7,2,4,58
434,9,1,13,7,63
434,9,2,12,2,286
434,9,2,6,6,240
434,9,0,8,4,115
434,9,8,6,4,35
435,6,0,8,5,190
435,6,12,0,5,222
435,6,10,12,4,28
435,6,2,7,2,39
435,6,9,10,5,54
435,6,6,7,5,296
436,5,4,7,5,80
436,5,7,11,6,75
436,5,1,4,4,61
436,5,5,7,1,112
436,5,2,12,4,177
437,7,0,11,8,55
437,7,1,7,3,23
437,7,1,11,4,76
437,7,4,5,8,88
437,7,1,7,7,15
437,7,6,2,5,48
437,7,12,7,4,110
438,10,0,11,4,70
438,10,10,7,5,92
438,10,10,11,2,79
438,10,10,13,3,25
438,10,12,8,5,4
438,10,8,10,8,151
438,10,8,10,2,28
438,10,7,11,8,46
438,10,7,8,6,48
438,10,5,3,4,24
439,3,1,3,2,76
439,3,5,3,5,65
439,3,2,11,1,367
440,3,1,3,2,56
440,3,10,3,4,38
440,3,5,11,2,44
441,6,9,1,2,2
441,6,9,3,7,7
441,6,1,9,4,121
441,6,12,4,2,15
441,6,8,11,8,13
441,6,8,6,7,84
442,2,12,0,5,44
442,2,10,0,8,70
443,4,5,2,7,99
443,4,1,8,8,164
443,4,0,1,5,11
443,4,11,3,1,42
444,5,1,2,2,35
444,5,11,1,2,15
444,5,11,9,1,25
444,5,0,7,4,139
444,5,9,13,1,21
445,2,1,5,7,109
445,2,12,2,3,41
446,2,10,8,3,99
446,2,11,3,4,40
447,5,6,9,5,135
447,5,4,0,1,43
447,5,11,4,5,40
447,5,9,10,7,22
447,5,9,6,6,202
448,4,11,0,3,130
448,4,5,3,1,125
448,4,5,13,7,204
448,4,0,1,3,104
449,6,8,6,4,58
449,6,7,10,7,70
449,6,7,5,6,16
449,6,9,4,1,12
449,6,8,0,6,67
449,6,3,9,4,179
450,6,0,2,2,144
450,6,4,2,6,318
450,6,0,9,8,77
450,6,9,8,6,150
450,6,7,12,5,11
450,6,5,2,4,15
451,7,4,11,8,11
451,7,1,12,8,4
451,7,8,0,7,79
451,7,8,2,5,11
451,7,8,7,5,114
451,7,2,6,8,56
451,7,6,0,8,220
452,4,6,8,6,15
452,4,8,12,3,176
452,4,12,5,6,221
452,4,3,10,6,161
453,7,6,5,7,61
453,7,3,7,8,146
453,7,9,2,4,222
453,7,7,9,2,124
453,7,8,12,3,15
453,7,6,9,6,16
453,7,9,11,2,14
454,4,1,8,4,35
454,4,3,12,6,71
454,4,2,7,5,161
454,4,7,11,3,74
455,13,2,8,7,109
455,13,0,5,3,366
455,13,2,1,4,14
455,13,1,7,6,69
455,13,0,10,2,152
455,13,3,10,8,210
455,13,5,13,2,45
455,13,9,12,3,43
455,13,12,4,4,47
455,13,9,1,1,19
455,13,5,6,3,53
455,13,4,13,3,146
455,13,10,3,5,39
456,3,8,11,1,30
456,3,7,13,2,21
456,3,6,0,1,9
457,2,3,1,1,15
457,2,7,3,2,65
458,4,0,12,3,268
458,4,12,6,2,25
458,4,11,8,7,4
458,4,9,4,2,38
459,4,7,6,7,39
459,4,13,11,4,18
459,4,12,4,7,70
459,4,12,6,8,49
460,6,13,8,4,96
460,6,12,10,3,43
460,6,2,8,2,9
460,6,10,0,2,34
460,6,6,11,3,39
460,6,2,6,8,68
461,5,6,1,2,24
461,5,10,1,7,48
461,5,8,9,3,47
461,5,4,6,7,49
461,5,10,13,1,15
462,8,8,6,2,13
462,8,7,2,7,101
462,8,9,11,6,23
462,8,10,1,1,2
462,8,10,9,5,65
462,8,9,5,1,110
462,8,6,4,2,68
462,8,7,3,3,2
463,8,13,4,6,109
463,8,9,4,7,146
463,8,0,13,7,113
463,8,3,11,7,114
463,8,12,2,1,170
463,8,12,2,4,78
463,8,0,6,8,139
463,8,9,8,4,222
464,3,12,8,4,449
464,3,7,1,6,230
464,3,11,13,3,202
465,7,4,2,5,126
465,7,12,9,2,60
465,7,3,10,5,7
465,7,0,5,6,51
465,7,1,12,6,187
465,7,3,8,2,249
465,7,12,4,6,258
466,7,1,6,8,71
466,7,0,11,6,15
466,7,7,13,4,14
466,7,10,3,7,79
466,7,13,0,7,204
466,7,2,7,8,216
466,7,0,6,3,31
467,5,13,12,1,32
467,5,9,8,7,25
467,5,2,9,4,51
467,5,3,8,5,100
467,5,11,13,7,11
468,6,13,8,4,88
468,6,10,4,2,92
468,6,6,12,3,119
468,6,11,4,6,38
468,6,12,3,6,87
468,6,9,12,8,56
469,3,6,10,3,3
469,3,11,1,3,162
469,3,11,3,2,17
471,7,0,12,4,53
471,7,13,2,7,43
471,7,7,6,6,6
471,7,5,7,5,307
471,7,11,2,6,6
471,7,6,12,8,134
471,7,10,0,5,77
472,7,8,4,3,140
472,7,2,3,8,51
472,7,5,10,5,101
472,7,8,0,4,537
472,7,11,5,8,162
472,7,4,11,1,31
472,7,7,1,1,115
473,8,5,6,2,203
473,8,8,12,8,9
473,8,11,4,1,26
473,8,9,6,5,99
473,8,13,11,1,69
473,8,7,4,6,87
473,8,0,5,8,4
473,8,0,1,2,216
474,4,12,3,7,23
474,4,5,10,3,30
474,4,9,1,4,3
474,4,13,10,7,139
475,1,13,4,5,38
476,4,12,5,4,98
476,4,0,3,8,165
476,4,10,0,8,102
476,4,11,0,5,79
477,4,11,13,6,113
477,4,9,12,8,43
477,4,4,13,3,73
477,4,8,10,1,7
478,5,8,2,7,640
478,5,13,4,5,61
478,5,2,8,6,13
478,5,0,5,2,30
478,5,9,2,5,37
479,2,5,2,5,30
479,2,3,0,5,58
480,5,8,4,4,160
480,5,4,7,7,71
480,5,10,2,8,8
480,5,11,10,1,265
480,5,11,10,4,161
481,3,6,12,3,39
481,3,11,7,2,39
481,3,10,11,1,35
482,6,11,4,4,34
482,6,4,13,5,61
482,6,0,11,6,74
482,6,2,3,2,75
482,6,4,5,4,284
482,6,10,6,8,21
483,4,2,13,7,37
483,4,12,3,3,38
483,4,7,12,7,21
483,4,7,4,6,84
484,6,2,8,3,10
484,6,5,3,1,33
484,6,7,2,1,35
484,6,10,12,7,23
484,6,0,1,8,95
484,6,12,1,5,163
485,8,7,10,2,65
485,8,2,9,7,86
485,8,2,13,6,5
485,8,4,6,1,95
485,8,6,10,1,61
485,8,2,6,2,116
485,8,6,5,2,15
485,8,0,6,4,77
486,7,3,5,1,141
486,7,1,0,1,36
486,7,11,13,2,105
486,7,0,5,1,175
486,7,0,12,5,45
486,7,10,2,8,169
486,7,13,2,4,32
487,4,1,12,1,36
487,4,13,1,7,54
487,4,4,12,6,109
487,4,10,8,2,93
488,9,10,1,8,209
488,9,5,12,4,23
488,9,3,5,6,75
488,9,5,8,1,110
488,9,1,0,5,120
488,9,4,9,1,57
488,9,6,12,3,362
488,9,9,3,5,60
488,9,1,2,8,12
489,5,8,13,1,32
489,5,4,10,7,16
489,5,11,12,6,108
489,5,8,5,7,5
489,5,1,5,7,51
490,4,11,8,7,73
490,4,7,0,6,137
490,4,8,12,1,28
490,4,2,4,2,91
491,4,0,10,6,102
491,4,2,8,7,42
491,4,8,10,8,2
491,4,0,1,1,1
492,3,12,3,4,69
492,3,5,4,2,22
492,3,11,8,7,16
493,2,13,10,4,120
493,2,12,8,6,40
494,8,8,13,2,35
494,8,5,13,5,5
494,8,2,11,7,20
494,8,3,1,5,71
494,8,1,12,6,199
494,8,2,9,1,42
494,8,7,12,7,15
494,8,12,6,6,6
495,3,12,5,4,57
495,3,8,2,3,282
495,3,9,6,6,89
496,1,4,11,5,88
497,6,4,12,1,259
497,6,0,2,7,59
497,6,7,4,5,96
497,6,8,3,5,61
497,6,12,1,4,7
497,6,9,12,1,58
498,3,6,5,2,112
498,3,9,1,3,67
498,3,1,11,3,8
499,4,3,6,8,5
499,4,4,7,4,9
499,4,10,5,3,91
499,4,1,7,5,3
500,6,11,8,2,11
500,6,12,8,8,94
500,6,8,3,3,5
500,6,11,1,1,47
500,6,2,11,8,115
500,6,7,3,8,35
501,4,8,0,2,250
501,4,3,5,4,63
501,4,2,13,4,3
501,4,13,5,5,101
502,4,0,11,2,12
502,4,9,7,7,16
502,4,5,8,7,20
502,4,13,0,5,64
503,3,9,6,6,28
503,3,1,10,8,179
503,3,2,0,2,5
504,1,10,7,7,9
505,4,6,5,7,80
505,4,5,8,8,100
505,4,3,8,3,73
505,4,8,10,5,15
506,2,2,11,1,392
506,2,4,0,6,26
507,4,4,8,3,191
507,4,0,3,6,33
507,4,3,9,1,1
507,4,10,2,5,125
508,5,12,11,5,14
508,5,3,9,6,22
508,5,3,6,6,26
508,5,4,5,4,53
508,5,4,6,5,24
509,7,0,5,1,210
509,7,4,2,3,161
509,7,8,2,3,5
509,7,8,6,6,14
509,7,7,11,5,177
509,7,7,12,1,41
509,7,3,8,4,202
510,7,10,4,3,109
510,7,13,11,4,84
510,7,11,12,2,156
510,7,10,9,4,74
510,7,5,8,2,180
510,7,5,12,6,162
510,7,0,4,7,42
511,4,1,8,7,105
511,4,3,7,3,92
511,4,8,12,8,29
511,4,12,10,4,8
512,5,9,12,6,185
512,5,12,5,3,53
512,5,8,13,1,44
512,5,7,12,6,193
512,5,1,7,6,72
513,7,0,9,5,7
513,7,9,13,5,29
513,7,4,11,5,114
513,7,10,5,2,233
513,7,6,9,3,54
513,7,12,1,4,14
513,7,8,10,7,7
514,8,10,9,2,9
514,8,13,2,2,43
514,8,8,9,2,14
514,8,9,3,6,70
514,8,12,0,1,22
514,8,2,5,7,24
514,8,7,1,6,40
514,8,3,5,7,25
515,4,10,6,1,55
515,4,9,2,4,177
515,4,8,7,6,186
515,4,8,0,1,91
516,4,8,5,7,15
516,4,0,1,7,74
516,4,3,13,1,83
516,4,3,13,5,19
517,3,6,2,2,224
517,3,10,11,8,94
517,3,1,11,7,61
518,6,10,11,3,20
518,6,4,13,4,8
518,6,12,2,8,85
518,6,7,11,8,124
518,6,12,6,4,192
518,6,4,6,5,64
519,5,10,7,1,166
519,5,11,3,8,71
519,5,1,3,2,113
519,5,8,12,8,165
519,5,7,11,8,52
520,4,12,2,1,99
520,4,11,12,2,26
520,4,10,6,7,9
520,4,8,12,5,31
521,5,0,6,3,39
521,5,5,3,8,99
521,5,12,1,2,37
521,5,4,11,3,23
521,5,12,10,2,9
522,6,11,7,8,40
522,6,13,1,2,249
522,6,7,12,7,144
522,6,4,6,2,11
522,6,8,6,1,236
522,6,9,0,4,33
523,3,2,10,2,15
523,3,6,9,4,16
523,3,12,1,8,9
524,9,5,3,1,145
524,9,12,10,1,17
524,9,2,5,4,11
524,9,1,8,5,28
524,9,2,4,2,39
524,9,2,11,5,65
524,9,4,5,6,33
524,9,4,10,4,89
524,9,5,13,5,40
525,5,0,6,6,180
525,5,10,2,6,81
525,5,1,13,1,214
525,5,1,8,2,117
525,5,4,7,5,67
526,4,7,6,7,15
526,4,7,13,8,108
526,4,4,7,4,21
526,4,8,2,8,108
527,4,11,8,1,275
527,4,2,8,1,140
527,4,5,1,5,134
527,4,13,11,2,30
528,5,9,4,6,82
528,5,12,10,6,6
528,5,9,4,4,64
528,5,11,2,6,31
528,5,9,5,2,27
529,9,9,13,3,18
529,9,6,5,1,12
529,9,5,3,6,59
529,9,13,6,4,11
529,9,12,4,4,85
529,9,5,10,8,6
529,9,9,0,4,7
529,9,0,1,3,49
529,9,3,6,1,59
530,6,12,7,7,146
530,6,12,9,2,58
530,6,6,12,1,29
530,6,3,6,4,48
530,6,4,11,1,35
530,6,4,2,3,16
531,5,10,6,5,23
531,5,12,0,2,277
531,5,4,11,7,53
531,5,10,4,4,112
531,5,6,10,8,56
532,4,1,7,7,69
532,4,2,9,6,7
532,4,1,3,2,74
532,4,13,6,8,63
533,6,10,3,6,114
533,6,12,0,5,8
533,6,5,1,5,106
533,6,4,8,3,68
533,6,8,5,3,3
533,6,13,9,6,48
534,5,9,1,6,67
534,5,0,3,5,29
534,5,4,9,7,22
534,5,9,3,5,3
534,5,0,5,4,136
535,3,0,12,4,33
535,3,0,11,4,35
535,3,11,8,7,229
536,7,9,10,8,43
536,7,3,6,3,9
536,7,12,2,7,93
536,7,10,5,1,127
536,7,11,2,1,90
536,7,13,5,4,36
536,7,9,10,4,91
537,5,10,13,3,369
537,5,10,11,1,58
537,5,6,12,7,14
537,5,2,3,3,76
537,5,2,8,6,126
538,3,8,3,5,16
538,3,5,9,1,58
538,3,1,5,7,330
539,6,2,12,4,176
539,6,9,6,6,193
539,6,8,13,8,29
539,6,13,4,7,22
539,6,11,5,4,25
539,6,0,5,7,9
540,2,1,3,3,83
540,2,1,5,4,43
541,7,10,0,5,64
541,7,2,8,4,54
541,7,12,11,8,159
541,7,5,8,8,15
541,7,11,12,3,2
541,7,8,1,5,26
541,7,0,6,7,50
542,5,9,4,4,8
542,5,12,13,1,36
542,5,6,8,4,1
542,5,12,5,2,78
542,5,1,10,8,115
543,5,2,9,6,40
543,5,10,6,6,41
543,5,10,5,7,264
543,5,11,3,8,50
543,5,5,1,1,220
544,13,11,9,7,214
544,13,7,12,8,65
544,13,2,13,3,77
544,13,12,1,6,215
544,13,12,6,7,31
544,13,13,12,5,71
544,13,5,13,7,210
544,13,2,0,7,456
544,13,9,1,4,186
544,13,4,6,7,56
544,13,11,0,8,22
544,13,5,9,2,15
544,13,4,1,2,3
545,12,2,8,7,15
545,12,12,3,1,452
545,12,2,4,3,164
545,12,7,6,5,92
545,12,5,10,1,40
545,12,9,0,7,235
545,12,0,2,7,38
545,12,8,4,5,68
545,12,11,1,7,35
545,12,3,12,2,1
545,12,2,3,8,29
545,12,11,7,3,141
546,7,7,5,5,29
546,7,5,1,2,68
546,7,10,5,6,106
546,7,1,10,2,36
546,7,3,8,7,42
546,7,7,5,2,6
546,7,6,11,8,4
547,6,4,3,5,174
547,6,3,11,5,60
547,6,0,1,5,69
547,6,10,5,7,118
547,6,12,5,1,7
547,6,4,10,3,36
548,5,12,6,1,121
548,5,12,8,6,284
548,5,5,6,6,134
548,5,4,13,5,120
548,5,2,13,7,17
549,3,11,4,7,18
549,3,13,11,7,110
549,3,9,1,2,71
550,3,1,2,6,44
550,3,2,8,7,90
550,3,1,5,3,82
551,1,13,9,6,213
552,2,3,10,1,132
552,2,7,1,1,18
553,3,2,9,8,34
553,3,5,9,4,68
553,3,7,2,4,26
554,6,5,3,7,231
554,6,13,1,7,52
554,6,3,10,2,105
554,6,11,4,7,94
554,6,0,2,4,49
554,6,2,6,3,80
555,5,0,3,6,30
555,5,3,1,6,78
555,5,10,7,7,44
555,5,11,6,5,41
555,5,2,13,4,182
556,13,0,7,5,66
556,13,2,9,1,12
556,13,13,2,4,10
556,13,8,1,6,176
556,13,2,3,1,54
556,13,5,7,1,18
556,13,2,10,1,101
556,13,6,5,6,612
556,13,13,0,1,340
556,13,4,1,3,237
556,13,5,2,3,11
556,13,8,4,4,104
556,13,4,0,5,24
557,7,2,6,2,4
557,7,4,5,3,18
557,7,0,1,8,51
557,7,2,4,4,53
557,7,3,8,8,81
557,7,8,5,4,19
557,7,13,9,4,395
558,3,1,12,3,35
558,3,0,10,2,26
558,3,13,8,8,164
559,2,11,3,4,74
559,2,7,3,5,134
560,6,11,4,3,6
560,6,12,8,8,539
560,6,8,1,4,187
560,6,10,11,6,8
560,6,8,12,3,21
560,6,5,3,6,72
561,7,11,3,8,44
561,7,7,10,6,139
561,7,7,9,7,37
561,7,12,3,5,45
561,7,5,2,1,60
561,7,7,13,1,224
561,7,7,6,3,23
562,4,5,12,1,145
562,4,6,5,7,8
562,4,5,3,8,59
562,4,11,13,1,261
563,3,0,1,6,83
563,3,0,5,6,16
563,3,9,1,8,24
564,6,4,0,8,1
564,6,12,8,4,28
564,6,0,3,7,53
564,6,10,7,5,99
564,6,7,10,1,132
564,6,10,7,6,59
565,3,3,5,7,267
565,3,4,2,7,82
565,3,7,12,3,17
566,4,9,11,5,33
566,4,9,0,1,101
566,4,2,6,6,65
566,4,6,2,8,36
567,2,1,10,1,51
567,2,10,6,6,58
568,4,13,2,7,134
568,4,8,7,5,53
568,4,8,11,2,138
568,4,2,13,6,142
569,4,12,2,2,16
569,4,10,7,8,54
569,4,4,9,1,26
569,4,2,1,1,77
570,3,6,1,6,26
570,3,7,1,1,27
570,3,10,8,7,167
571,4,2,7,3,142
571,4,10,6,1,12
571,4,1,10,5,170
571,4,7,12,2,37
572,8,3,13,7,374
572,8,12,1,6,50
572,8,10,0,7,45
572,8,0,13,3,124
572,8,4,12,3,1
572,8,7,5,3,9
572,8,1,13,2,14
572,8,6,8,6,29
573,8,3,11,8,63
573,8,7,0,2,5
573,8,10,11,2,406
573,8,8,11,6,3
573,8,12,7,1,2
573,8,11,5,4,136
573,8,13,3,3,43
573,8,1,9,1,1
574,2,5,3,7,67
574,2,9,6,5,1
575,11,3,8,4,136
575,11,13,7,1,74
575,11,0,10,1,24
575,11,9,0,4,63
575,11,13,11,1,36
575,11,13,8,2,49
575,11,7,13,8,100
575,11,9,12,5,84
575,11,11,13,6,105
575,11,5,13,5,69
575,11,12,8,6,86
576,3,9,11,1,187
576,3,8,4,7,16
576,3,7,5,3,209
577,7,0,10,5,21
577,7,9,8,6,1
577,7,0,12,2,36
577,7,1,7,3,158
577,7,6,8,6,213
577,7,2,7,6,47
577,7,12,3,1,27
578,4,11,3,1,49
578,4,8,1,2,38
578,4,5,13,2,44
578,4,9,2,8,26
579,6,4,3,8,82
579,6,5,0,6,26
579,6,2,11,3,183
579,6,2,0,8,5
579,6,8,4,5,2
579,6,1,10,6,72
580,10,13,4,2,99
580,10,10,5,6,67
580,10,3,10,2,11
580,10,3,2,7,19
580,10,2,1,2,59
580,10,9,7,2,15
580,10,10,12,5,40
580,10,7,6,1,120
580,10,6,10,2,172
580,10,9,5,6,90
581,5,0,12,6,118
581,5,4,8,2,116
581,5,9,2,4,48
581,5,13,6,5,71
581,5,2,10,8,93
582,4,12,0,8,13
582,4,5,1,5,94
582,4,10,9,5,93
582,4,5,9,6,29
583,5,0,4,8,25
583,5,8,1,2,23
583,5,0,13,6,52
583,5,2,13,4,110
583,5,8,7,2,160
584,4,13,3,2,44
584,4,8,13,4,24
584,4,12,6,1,23
584,4,6,1,2,141
585,13,12,7,8,37
585,13,2,12,4,14
585,13,2,12,1,156
585,13,7,9,8,14
585,13,7,11,1,31
585,13,13,3,4,31
585,13,13,1,7,26
585,13,0,7,5,130
585,13,1,8,5,11
585,13,4,3,6,8
585,13,7,13,1,5
585,13,5,6,5,43
585,13,3,5,6,4
586,1,7,13,4,2
587,7,12,6,4,384
587,7,10,5,2,35
587,7,5,9,8,113
587,7,2,3,8,51
587,7,5,1,5,47
587,7,13,10,6,233
587,7,3,4,6,35
588,5,0,10,7,33
588,5,6,7,1,443
588,5,6,8,5,286
588,5,11,7,7,15
588,5,2,6,8,172
589,6,12,13,7,45
589,6,4,0,5,64
589,6,9,12,5,175
589,6,10,13,4,3
589,6,12,2,1,234
589,6,7,4,5,60
590,1,7,9,7,144
591,5,5,8,2,75
591,5,10,0,8,23
591,5,12,2,6,269
591,5,1,5,4,29
591,5,12,8,4,90
592,3,8,5,8,226
592,3,9,8,5,133
592,3,5,13,2,117
593,2,7,12,7,233
593,2,4,11,3,88
594,4,12,1,5,74
594,4,0,8,3,110
594,4,10,4,2,69
594,4,4,12,7,3
595,8,0,1,3,58
595,8,10,6,5,181
595,8,8,10,8,119
595,8,12,11,8,46
595,8,5,4,7,100
595,8,9,8,8,17
595,8,5,13,8,100
595,8,0,6,8,96
596,6,6,10,3,13
596,6,3,2,7,12
596,6,6,0,3,55
596,6,0,1,8,101
596,6,0,4,7,116
596,6,12,4,2,74
597,7,12,13,6,22
597,7,4,11,1,66
597,7,8,10,6,13
597,7,11,9,3,76
597,7,10,13,1,344
597,7,4,10,7,12
597,7,4,11,2,91
598,5,6,0,3,87
598,5,10,13,7,28
598,5,12,5,2,107
598,5,12,6,4,225
598,5,1,5,4,225
599,5,13,1,4,200
599,5,11,10,8,24
599,5,11,7,1,119
599,5,11,3,2,10
599,5,9,1,6,11
600,3,2,11,6,10
600,3,6,10,3,27
600,3,3,13,8,45
601,4,12,8,2,17
601,4,6,13,7,55
601,4,4,12,2,33
601,4,1,0,1,152
602,7,1,4,1,12
602,7,11,2,3,66
602,7,10,1,5,193
602,7,11,8,8,231
602,7,12,13,7,121
602,7,5,4,6,61
602,7,12,4,6,32
603,1,3,2,7,15
604,5,6,5,8,62
604,5,10,0,7,79
604,5,10,7,6,47
604,5,10,0,2,3
604,5,0,9,5,31
605,5,7,12,1,29
605,5,3,8,7,1
605,5,6,8,2,71
605,5,10,3,3,319
605,5,0,7,8,52
607,4,11,0,5,120
607,4,6,4,5,32
607,4,7,0,1,175
607,4,13,8,1,121
608,7,6,13,1,161
608,7,1,7,4,121
608,7,13,4,8,28
608,7,9,5,3,96
608,7,13,2,4,71
608,7,4,9,3,3
608,7,4,12,4,78
609,3,11,4,8,56
609,3,11,9,6,12
609,3,3,10,3,78
610,4,7,1,6,41
610,4,3,7,7,112
610,4,2,10,8,68
610,4,12,3,5,38
611,6,9,8,2,66
611,6,8,10,4,17
611,6,9,7,3,161
611,6,11,8,5,5
611,6,3,11,5,46
611,6,4,13,6,35
612,3,2,4,7,41
612,3,0,3,5,17
612,3,8,0,6,49
613,6,6,7,3,177
613,6,9,8,2,248
613,6,1,3,6,149
613,6,12,1,3,12
613,6,1,13,7,5
613,6,4,9,4,25
614,2,9,7,3,46
614,2,0,7,3,62
615,9,12,4,1,2
615,9,1,11,5,83
615,9,2,10,2,6
615,9,0,8,1,61
615,9,4,7,5,242
615,9,9,6,1,113
615,9,9,13,3,37
615,9,8,3,8,8
615,9,2,8,1,4
616,5,3,0,5,62
616,5,12,8,3,54
616,5,3,2,3,101
616,5,13,9,7,78
616,5,1,2,2,49
617,2,1,5,7,78
617,2,12,13,2,120
618,5,0,8,6,30
618,5,9,5,5,67
618,5,2,9,3,122
618,5,2,11,6,10
618,5,2,10,1,13
619,8,1,5,2,58
619,8,10,13,8,56
619,8,9,5,4,7
619,8,4,8,1,128
619,8,5,7,4,124
619,8,5,3,2,35
619,8,1,9,5,45
619,8,8,10,1,193
620,8,8,10,4,8
620,8,5,11,5,11
620,8,5,7,6,39
620,8,13,0,5,109
620,8,2,11,2,109
620,8,5,1,7,167
620,8,1,13,4,73
620,8,4,5,8,59
621,5,10,4,2,37
621,5,11,4,3,103
621,5,4,3,2,199
621,5,0,9,1,90
621,5,8,5,2,17
622,10,3,0,1,120
622,10,8,11,4,39
622,10,9,5,7,20
622,10,9,0,7,75
622,10,2,4,7,112
622,10,10,6,7,23
622,10,13,11,4,57
622,10,4,13,2,129
622,10,11,13,5,43
622,10,10,2,2,37
623,8,4,12,3,278
623,8,2,3,6,60
623,8,7,2,1,53
623,8,2,7,8,194
623,8,0,4,6,107
623,8,4,3,5,286
623,8,7,2,1,40
623,8,3,12,8,121
624,3,4,10,5,40
624,3,7,8,4,336
624,3,3,11,2,8
625,6,8,5,5,74
625,6,4,8,2,38
625,6,4,11,2,73
625,6,3,13,3,56
625,6,6,10,5,3
625,6,3,13,1,74
627,2,0,3,4,8
627,2,11,1,4,125
628,4,0,3,6,71
628,4,8,6,5,260
628,4,3,8,1,26
628,4,9,4,2,82
629,3,13,0,3,11
629,3,12,9,2,70
629,3,2,8,3,47
630,4,7,8,5,34
630,4,12,11,3,50
630,4,13,5,6,10
630,4,11,13,1,45
631,8,3,8,1,65
631,8,5,6,4,111
631,8,2,12,2,163
631,8,11,5,4,1
631,8,5,0,1,49
631,8,5,7,3,79
631,8,1,9,2,14
631,8,6,0,8,8
632,2,7,9,8,51
632,2,3,6,5,102
633,8,5,4,2,101
633,8,13,6,3,74
633,8,12,6,4,29
633,8,8,5,6,138
633,8,8,5,7,20
633,8,3,4,5,42
633,8,3,8,8,199
633,8,11,2,3,208
634,5,12,7,1,180
634,5,0,5,1,124
634,5,12,2,7,23
634,5,6,8,5,186
634,5,2,12,5,2
635,5,10,3,6,72
635,5,11,1,8,48
635,5,1,13,3,41
635,5,5,9,2,55
635,5,1,2,7,15
636,5,0,6,4,38
636,5,5,2,4,47
636,5,13,7,8,19
636,5,8,11,7,78
636,5,12,7,2,207
637,6,7,8,2,41
637,6,6,8,7,71
637,6,11,6,8,33
637,6,12,7,7,110
637,6,6,9,1,222
637,6,0,8,4,48
638,7,6,8,8,92
638,7,11,0,5,218
638,7,13,2,8,50
638,7,0,7,2,106
638,7,11,4,1,34
638,7,12,7,8,28
638,7,4,11,1,166
639,3,3,13,6,69
639,3,1,8,3,142
639,3,5,10,5,32
640,8,4,7,5,9
640,8,5,9,3,108
640,8,11,0,3,6
640,8,2,13,5,467
640,8,4,1,7,124
640,8,10,9,8,316
640,8,0,9,4,12
640,8,5,8,8,7
641,3,12,13,4,428
641,3,9,12,2,72
641,3,8,1,3,10
642,3,9,13,7,61
642,3,13,2,6,101
642,3,8,9,7,6
643,5,8,12,6,2
643,5,1,2,4,224
643,5,10,6,8,12
643,5,6,5,1,109
643,5,4,9,1,60
644,8,11,13,3,45
644,8,1,0,8,63
644,8,6,13,4,100
644,8,13,1,3,27
644,8,11,2,3,32
644,8,10,6,3,13
644,8,0,9,2,35
644,8,12,5,2,256
645,6,7,1,1,83
645,6,7,11,5,5
645,6,12,2,6,4
645,6,7,5,8,57
645,6,1,7,1,59
645,6,2,0,4,132
646,5,7,4,5,10
646,5,0,5,5,274
646,5,8,10,5,163
646,5,12,4,7,43
646,5,8,5,2,25
647,4,13,10,5,206
647,4,7,11,3,191
647,4,1,12,6,15
647,4,0,1,5,53
648,5,11,10,1,48
648,5,9,13,1,25
648,5,13,10,7,173
648,5,2,13,6,52
648,5,0,2,5,8
649,4,0,5,7,60
649,4,12,10,3,101
649,4,11,10,1,34
649,4,8,10,4,40
650,3,5,0,6,104
650,3,0,7,7,142
650,3,7,4,8,4
652,4,10,11,6,89
652,4,6,4,4,80
652,4,4,9,5,55
652,4,12,11,1,49
653,2,7,3,1,32
653,2,2,10,1,72
654,8,1,11,7,189
654,8,13,2,2,96
654,8,8,2,7,44
654,8,0,11,5,8
654,8,4,8,1,41
654,8,11,1,4,35
654,8,7,4,7,11
654,8,10,12,7,3
655,4,13,12,7,119
655,4,5,6,6,3
655,4,13,5,7,57
655,4,2,10,7,12
656,5,5,12,3,109
656,5,9,2,3,38
656,5,13,11,4,15
656,5,8,5,1,121
656,5,7,8,4,130
657,7,7,8,6,90
657,7,5,6,5,75
657,7,13,9,8,118
657,7,9,6,2,113
657,7,9,8,1,123
657,7,12,7,2,42
657,7,6,3,4,17
658,6,3,10,5,27
658,6,7,13,1,22
658,6,13,3,8,132
658,6,9,6,1,210
658,6,4,9,8,33
658,6,11,0,2,72
659,2,6,7,1,76
659,2,5,7,5,59
660,4,12,4,7,129
660,4,6,4,8,34
660,4,6,9,3,71
660,4,4,5,8,106
661,3,7,6,6,147
661,3,13,8,1,8
661,3,4,11,3,111
662,5,9,13,3,1
662,5,13,4,4,165
662,5,0,4,5,70
662,5,9,11,2,37
662,5,4,0,4,65
663,6,13,12,1,60
663,6,8,6,2,19
663,6,11,7,6,1
663,6,0,3,6,90
663,6,6,4,4,44
663,6,7,2,3,168
664,5,11,4,6,9
664,5,9,2,8,24
664,5,2,4,1,55
664,5,8,1,4,90
664,5,6,5,4,64
665,3,3,4,3,263
665,3,12,5,3,91
665,3,8,12,7,85
666,4,12,11,6,218
666,4,10,0,3,26
666,4,13,4,3,204
666,4,7,5,5,24
667,9,9,1,7,69
667,9,1,8,6,64
667,9,9,7,1,41
667,9,7,8,2,10
667,9,11,4,6,87
667,9,1,10,2,56
667,9,5,3,3,143
667,9,5,0,5,73
667,9,7,10,8,5
668,3,9,5,3,87
668,3,11,1,1,11
668,3,4,5,2,200
669,5,6,0,1,82
669,5,4,1,1,35
669,5,12,9,4,36
669,5,2,11,3,48
669,5,11,5,7,1
670,3,9,10,5,62
670,3,0,4,1,26
670,3,9,4,4,68
671,7,0,2,2,38
671,7,11,9,3,23
671,7,3,8,2,172
671,7,2,10,2,5
671,7,4,11,2,47
671,7,5,2,3,229
671,7,6,7,1,1
672,5,2,13,5,62
672,5,9,1,1,3
672,5,6,11,6,52
672,5,10,0,7,230
672,5,8,12,3,6
673,1,7,12,4,125
674,5,12,7,8,27
674,5,2,12,8,8
674,5,12,10,8,35
674,5,8,7,7,3
674,5,3,4,5,232
675,6,10,0,4,23
675,6,2,3,3,134
675,6,1,3,5,29
675,6,3,12,1,55
675,6,0,7,8,44
675,6,4,5,1,129
676,7,2,12,5,205
676,7,6,5,3,34
676,7,2,13,5,73
676,7,8,7,6,299
676,7,12,11,2,6
676,7,10,9,4,69
676,7,10,7,6,35
677,4,11,13,3,9
677,4,9,8,8,35
677,4,0,7,3,24
677,4,11,7,4,30
678,2,5,0,3,96
678,2,6,12,7,139
679,7,1,9,1,31
679,7,10,2,1,115
679,7,0,11,7,77
679,7,11,4,6,69
679,7,11,0,1,1
679,7,8,4,2,25
679,7,8,13,3,61
680,2,9,3,2,7
680,2,4,8,7,187
681,4,8,9,1,88
681,4,3,6,4,50
681,4,1,10,1,493
681,4,8,13,2,83
682,5,10,11,8,11
682,5,5,9,4,186
682,5,7,5,7,27
682,5,8,4,2,209
682,5,8,13,5,68
683,4,5,8,7,25
683,4,6,9,5,4
683,4,11,10,5,11
683,4,10,7,3,5
684,7,12,11,4,36
684,7,12,8,6,8
684,7,1,5,7,122
684,7,8,0,2,7
684,7,5,7,3,8
684,7,4,3,7,48
684,7,8,5,3,45
685,4,9,4,5,286
685,4,5,1,2,5
685,4,12,11,3,45
685,4,2,11,2,22
686,6,11,13,6,247
686,6,0,12,2,27
686,6,2,0,3,109
686,6,8,10,5,218
686,6,13,2,1,122
686,6,9,8,8,63
687,2,5,13,3,35
687,2,10,9,2,55
688,4,9,5,7,10
688,4,0,10,3,114
688,4,1,4,7,276
688,4,3,4,3,120
690,7,8,13,4,5
690,7,4,8,6,158
690,7,3,6,2,97
690,7,5,11,1,4
690,7,9,12,3,41
690,7,0,5,1,134
690,7,11,12,2,245
691,4,3,4,6,84
691,4,8,6,5,30
691,4,4,0,4,218
691,4,9,4,4,94
692,1,1,11,6,58
693,4,1,6,4,115
693,4,2,8,4,23
693,4,10,1,3,3
693,4,9,8,8,115
694,5,3,11,5,253
694,5,11,13,7,105
694,5,1,6,6,7
694,5,0,3,8,137
694,5,0,2,4,87
695,8,11,7,4,80
695,8,13,6,4,56
695,8,3,10,8,77
695,8,5,0,4,11
695,8,8,3,1,22
695,8,8,7,6,27
695,8,3,13,3,19
695,8,4,13,5,5
696,5,5,4,6,23
696,5,0,10,4,18
696,5,9,12,1,52
696,5,12,8,3,10
696,5,4,12,5,71
697,4,12,0,6,3
697,4,11,3,3,14
697,4,4,10,2,213
697,4,7,0,6,89
698,3,13,12,8,208
698,3,7,4,3,19
698,3,5,6,1,24
699,7,0,1,5,20
699,7,3,9,5,51
699,7,4,2,8,66
699,7,6,4,5,18
699,7,0,9,2,3
699,7,8,6,8,22
699,7,12,5,6,319
700,4,9,0,2,30
700,4,10,11,2,185
700,4,4,7,5,59
700,4,1,12,2,17
701,3,12,13,3,66
701,3,12,0,4,42
701,3,1,11,2,7
702,1,8,10,1,237
703,3,3,12,5,27
703,3,1,10,8,90
703,3,6,2,3,67
704,5,0,12,6,59
704,5,1,13,8,157
704,5,2,11,3,12
704,5,0,7,6,12
704,5,8,10,6,164
705,4,12,13,4,24
705,4,10,0,8,161
705,4,9,1,1,259
705,4,10,1,7,22
706,3,6,3,3,42
706,3,8,11,1,72
706,3,13,0,5,81
707,3,6,1,7,25
707,3,6,4,7,86
707,3,7,4,8,119
708,6,3,1,3,197
708,6,7,0,5,40
708,6,13,3,1,97
708,6,13,12,2,107
708,6,10,9,8,101
708,6,3,10,2,109
709,4,7,0,1,86
709,4,1,12,1,18
709,4,9,13,8,12
709,4,5,13,7,27
710,7,11,8,5,21
710,7,11,8,4,104
710,7,7,0,4,78
710,7,1,7,3,276
710,7,2,7,7,22
710,7,2,10,8,253
710,7,6,10,4,26
711,10,6,13,7,220
711,10,6,12,5,26
711,10,4,10,6,33
711,10,7,3,7,221
711,10,3,12,1,10
711,10,8,6,1,14
711,10,2,0,1,30
711,10,0,6,7,19
711,10,5,6,6,182
711,10,0,7,2,13
712,8,1,11,7,385
712,8,6,9,1,1
712,8,6,3,4,75
712,8,4,1,5,61
712,8,8,5,4,44
712,8,8,4,4,5
712,8,1,11,5,143
712,8,0,6,2,74
713,4,7,2,3,17
713,4,12,11,6,93
713,4,8,1,5,31
713,4,3,4,1,198
714,4,12,2,3,143
714,4,2,7,7,48
714,4,7,5,6,125
714,4,3,10,7,55
715,4,7,3,3,9
715,4,3,13,4,79
715,4,3,10,6,219
715,4,6,2,6,85
716,7,4,0,5,73
716,7,10,3,7,75
716,7,8,6,2,65
716,7,8,11,1,47
716,7,6,4,8,56
716,7,10,9,3,24
716,7,7,9,6,269
717,4,6,13,3,87
717,4,10,0,5,148
717,4,3,7,7,31
717,4,9,2,4,21
718,8,3,8,7,22
718,8,0,11,8,45
718,8,9,7,8,30
718,8,2,8,5,20
718,8,8,2,4,129
718,8,9,4,5,20
718,8,0,13,7,115
718,8,2,1,7,49
719,2,7,11,2,92
719,2,5,12,2,51
720,7,2,12,6,6
720,7,2,1,8,93
720,7,2,10,7,169
720,7,4,5,4,52
720,7,8,12,2,180
720,7,4,2,4,97
720,7,7,11,6,4
721,3,11,5,2,26
721,3,2,3,5,207
721,3,3,2,8,45
722,6,5,4,5,120
722,6,5,12,5,105
722,6,3,2,8,22
722,6,8,1,4,157
722,6,12,13,2,54
722,6,8,5,1,163
723,6,6,3,1,78
723,6,2,0,3,13
723,6,8,13,8,567
723,6,7,1,8,5
723,6,5,11,7,68
723,6,6,4,2,122
724,4,9,1,7,144
724,4,10,3,8,105
724,4,11,6,5,11
724,4,2,13,6,33
725,4,10,12,5,48
725,4,2,13,8,10
725,4,1,11,6,78
725,4,12,1,8,11
726,5,4,3,3,19
726,5,12,5,4,142
726,5,11,2,1,2
726,5,9,10,4,52
726,5,1,10,4,21
727,8,6,2,5,30
727,8,4,13,8,30
727,8,2,5,6,3
727,8,6,2,5,312
727,8,13,3,5,322
727,8,6,7,4,40
727,8,4,8,7,73
727,8,5,7,4,86
728,7,8,9,8,96
728,7,3,6,4,200
728,7,1,2,7,119
728,7,6,3,3,48
728,7,7,11,6,158
728,7,7,11,6,148
728,7,5,4,2,72
729,6,3,7,7,69
729,6,1,10,3,17
729,6,5,13,4,86
729,6,9,0,6,17
729,6,1,9,4,106
729,6,0,4,8,112
730,8,1,7,4,119
730,8,8,6,1,40
730,8,6,11,3,50
730,8,8,10,7,72
730,8,9,5,4,87
730,8,7,10,2,65
730,8,1,11,3,223
730,8,8,6,7,65
731,5,12,6,1,203
731,5,11,1,5,1
731,5,12,0,3,199
731,5,2,5,3,208
731,5,0,5,6,32
732,8,12,1,2,68
732,8,9,5,8,13
732,8,5,7,8,3
732,8,10,7,1,65
732,8,10,3,1,14
732,8,10,7,3,182
732,8,6,9,6,191
732,8,13,1,8,8
733,7,12,5,6,66
733,7,7,8,1,203
733,7,13,12,7,352
733,7,10,8,5,90
733,7,0,13,7,47
733,7,9,6,3,60
733,7,12,3,4,118
734,10,3,2,5,157
734,10,11,12,1,39
734,10,12,5,3,9
734,10,3,0,5,3
734,10,0,13,6,31
734,10,6,1,6,39
734,10,4,8,1,82
734,10,3,6,2,6
734,10,7,12,4,2
734,10,5,11,1,21
735,9,11,13,6,12
735,9,2,0,2,40
735,9,6,8,4,105
735,9,9,3,8,222
735,9,7,12,3,21
735,9,13,3,5,35
735,9,10,1,6,14
735,9,5,11,2,125
735,9,5,4,5,46
736,5,11,10,3,13
736,5,7,1,8,145
736,5,3,7,4,30
736,5,11,12,6,32
736,5,2,8,3,57
737,5,3,7,5,69
737,5,7,12,7,451
737,5,13,7,7,17
737,5,1,13,8,68
737,5,0,12,8,163
738,5,4,2,1,3
738,5,12,8,7,9
738,5,5,2,6,98
738,5,6,9,3,87
738,5,6,9,5,2
739,6,9,12,6,149
739,6,8,11,4,9
739,6,13,6,2,41
739,6,2,7,5,43
739,6,1,10,4,47
739,6,4,3,3,144
740,7,8,1,1,17
740,7,7,11,8,42
740,7,5,2,6,24
740,7,6,5,8,94
740,7,11,13,1,38
740,7,5,1,4,83
740,7,8,9,8,19
741,6,6,2,3,59
741,6,5,2,6,267
741,6,9,3,3,359
741,6,10,6,4,182
741,6,3,7,1,69
741,6,11,13,4,189
742,8,11,5,3,20
742,8,3,4,7,170
742,8,2,9,4,12
742,8,5,10,3,66
742,8,4,12,7,32
742,8,8,9,6,54
742,8,8,10,8,89
742,8,3,6,4,8
743,11,13,0,5,117
743,11,0,2,7,45
743,11,8,13,5,29
743,11,3,7,2,64
743,11,7,5,5,101
743,11,2,13,3,75
743,11,3,2,3,55
743,11,6,11,5,95
743,11,11,0,2,93
743,11,9,13,5,128
743,11,3,4,2,224
744,1,7,3,5,128
745,6,10,7,2,88
745,6,10,0,6,57
745,6,13,4,5,4
745,6,11,0,6,65
745,6,5,9,1,21
745,6,13,0,1,99
746,8,4,9,7,15
746,8,11,2,6,5
746,8,5,7,2,111
746,8,6,5,6,109
746,8,12,1,6,29
746,8,7,13,2,34
746,8,5,10,8,151
746,8,3,5,6,12
747,2,4,11,7,9
747,2,0,13,6,143
748,5,6,13,3,14
748,5,8,10,3,105
748,5,2,3,2,8
748,5,13,4,1,128
748,5,4,0,3,101
749,8,2,10,5,150
749,8,1,8,5,146
749,8,11,2,7,81
749,8,7,0,8,121
749,8,13,8,1,7
749,8,6,10,1,5
749,8,1,2,5,77
749,8,10,3,3,19
750,4,11,8,2,12
750,4,6,13,1,52
750,4,7,3,6,228
750,4,4,2,1,80
751,8,5,0,5,96
751,8,4,11,2,15
751,8,2,4,7,58
751,8,6,12,2,118
751,8,4,13,4,66
751,8,10,5,8,59
751,8,7,2,7,63
751,8,12,13,3,28
752,5,4,1,4,4
752,5,3,10,5,133
752,5,5,10,4,75
752,5,1,7,3,12
752,5,9,1,1,26
753,2,12,4,1,18
753,2,7,9,7,2
754,7,2,0,8,60
754,7,5,8,3,56
754,7,7,9,6,71
754,7,13,10,7,87
754,7,2,12,7,193
754,7,3,9,1,51
754,7,13,6,6,6
755,7,8,3,2,109
755,7,1,13,6,64
755,7,6,10,2,247
755,7,10,7,2,50
755,7,7,3,4,30
755,7,6,5,6,2
755,7,13,5,8,130
756,6,2,3,1,3
756,6,6,13,1,111
756,6,12,4,1,65
756,6,1,6,1,37
756,6,13,4,4,1
756,6,8,2,8,2
757,8,5,4,1,185
757,8,11,10,7,23
757,8,8,10,4,12
757,8,13,4,6,8
757,8,0,7,6,7
757,8,0,8,8,19
757,8,5,7,3,2
757,8,3,12,8,67
758,4,4,10,7,60
758,4,2,9,5,61
758,4,10,13,8,67
758,4,9,13,5,9
759,3,4,12,2,86
759,3,11,9,6,1
759,3,3,6,5,123
760,5,8,3,1,153
760,5,0,4,3,182
760,5,2,13,7,116
760,5,7,2,8,67
760,5,0,5,5,27
761,6,11,4,6,15
761,6,0,2,7,8
761,6,7,12,8,58
761,6,1,6,1,43
761,6,0,12,6,11
761,6,6,12,3,53
762,3,13,3,3,66
762,3,3,4,8,22
762,3,0,9,3,475
763,7,9,4,4,26
763,7,8,0,2,106
763,7,11,0,3,155
763,7,10,7,7,98
763,7,8,11,4,67
763,7,13,4,1,49
763,7,3,7,3,71
764,5,3,8,2,31
764,5,3,0,4,100
764,5,0,12,3,75
764,5,1,11,2,77
764,5,1,8,3,96
765,6,12,1,2,16
765,6,6,10,7,357
765,6,0,3,2,27
765,6,9,7,5,35
765,6,1,2,1,72
765,6,3,11,8,10
766,8,4,0,5,39
766,8,9,7,6,8
766,8,5,9,6,28
766,8,7,10,1,39
766,8,2,4,7,198
766,8,2,5,3,27
766,8,12,5,6,50
766,8,1,3,3,10
767,3,9,2,7,104
767,3,7,3,3,28
767,3,3,1,2,189
768,4,13,7,4,8
768,4,3,12,6,58
768,4,10,8,4,59
768,4,0,7,5,3
769,4,5,7,7,62
769,4,7,2,4,160
769,4,5,2,3,39
769,4,12,5,7,5
770,2,9,3,8,23
770,2,9,3,4,103
771,5,5,12,3,17
771,5,12,3,6,84
771,5,8,13,6,49
771,5,0,7,3,84
771,5,4,2,3,40
772,6,8,7,1,7
772,6,2,1,1,19
772,6,7,1,1,16
772,6,11,12,8,154
772,6,2,12,4,96
772,6,3,9,8,51
773,5,7,10,5,59
773,5,8,3,4,19
773,5,13,5,7,43
773,5,6,9,2,31
773,5,3,1,6,12
774,6,13,0,2,15
774,6,13,4,1,81
774,6,8,13,8,5
774,6,7,2,7,24
774,6,10,0,3,110
774,6,3,5,3,2
775,4,4,5,3,91
775,4,1,3,1,50
775,4,3,0,5,79
775,4,9,11,6,134
776,5,11,1,5,46
776,5,10,2,3,15
776,5,8,11,7,45
776,5,4,3,5,32
776,5,1,2,4,15
777,4,12,8,3,2
777,4,0,7,8,112
777,4,11,9,8,25
777,4,0,13,3,15
778,4,2,4,2,26
778,4,0,13,3,85
778,4,7,13,3,4
778,4,9,0,3,148
779,7,4,1,1,53
779,7,0,11,3,20
779,7,5,9,5,89
779,7,11,10,6,217
779,7,13,9,4,189
779,7,6,7,3,12
779,7,12,8,3,71
780,4,9,0,5,210
780,4,9,12,3,13
780,4,5,2,1,58
780,4,9,8,5,2
781,6,11,9,4,5
781,6,8,0,5,58
781,6,2,12,6,43
781,6,5,0,2,76
781,6,7,11,5,119
781,6,9,10,2,13
782,2,11,5,6,88
782,2,8,2,3,87
783,5,6,8,2,23
783,5,5,1,5,42
783,5,4,3,7,13
783,5,2,0,7,115
783,5,7,12,5,105
784,4,0,10,2,7
784,4,13,1,4,4
784,4,3,12,1,42
784,4,1,2,2,48
785,3,2,8,8,13
785,3,0,5,1,78
785,3,12,7,7,197
786,7,13,12,5,43
786,7,12,4,8,274
786,7,8,9,6,59
786,7,11,6,7,103
786,7,11,12,1,40
786,7,1,9,4,12
786,7,10,3,7,24
787,6,5,7,4,26
787,6,2,13,8,129
787,6,4,2,3,196
787,6,9,8,4,256
787,6,10,3,7,156
787,6,4,0,2,84
788,4,3,5,4,19
788,4,1,3,2,59
788,4,3,1,4,11
788,4,10,2,4,26
789,6,13,6,6,126
789,6,13,7,1,3
789,6,0,13,8,12
789,6,5,3,7,79
789,6,6,3,8,70
789,6,7,1,3,64
790,5,10,2,8,22
790,5,1,5,2,66
790,5,7,4,7,50
790,5,6,5,4,9
790,5,7,12,5,173
791,4,5,6,8,188
791,4,6,12,6,1
791,4,2,10,4,44
791,4,12,2,1,7
792,6,6,5,4,179
792,6,2,10,8,35
792,6,2,11,2,25
792,6,11,1,2,46
792,6,3,0,5,13
792,6,9,0,3,80
793,2,12,5,7,94
793,2,3,13,8,117
794,7,0,1,4,86
794,7,8,4,7,263
794,7,3,9,2,3
794,7,7,2,7,21
794,7,4,1,2,15
794,7,8,9,1,72
794,7,8,10,6,72
795,7,11,9,2,43
795,7,11,7,2,72
795,7,8,7,8,66
795,7,8,5,2,140
795,7,2,7,8,8
795,7,11,4,8,24
795,7,11,9,8,25
796,4,1,6,5,310
796,4,7,3,6,17
796,4,8,5,8,37
796,4,6,11,4,48
797,1,3,11,1,136
798,9,0,9,4,60
798,9,11,5,6,25
798,9,13,0,5,53
798,9,2,12,8,69
798,9,13,8,2,165
798,9,12,5,7,14
798,9,8,2,5,106
798,9,13,9,4,82
798,9,4,3,1,34
799,3,10,11,1,73
799,3,5,12,7,120
799,3,1,5,8,99
800,6,7,0,8,2
800,6,12,13,3,48
800,6,10,12,2,85
800,6,4,11,2,189
800,6,11,8,4,79
800,6,11,9,8,23
801,6,10,4,2,105
801,6,4,11,2,140
801,6,13,2,3,1
801,6,9,8,6,198
801,6,12,11,3,18
801,6,10,8,8,72
802,1,3,11,7,159
803,8,9,12,7,22
803,8,1,5,7,233
803,8,9,6,3,237
803,8,10,12,5,86
803,8,8,10,6,356
803,8,9,5,5,62
803,8,0,3,1,212
803,8,13,7,3,4
804,4,5,6,8,66
804,4,13,0,5,44
804,4,9,2,7,186
804,4,12,13,1,9
805,3,0,11,6,26
805,3,3,7,8,29
805,3,1,7,7,18
806,6,4,1,6,147
806,6,9,13,5,60
806,6,4,12,5,73
806,6,13,2,4,113
806,6,6,4,7,3
806,6,6,2,1,143
807,4,0,13,2,73
807,4,11,10,8,79
807,4,0,2,5,57
807,4,1,13,3,49
808,6,1,8,2,24
808,6,11,7,5,70
808,6,4,11,6,10
808,6,5,0,2,58
808,6,10,6,1,46
808,6,7,4,8,228
809,2,7,9,4,52
809,2,10,3,3,80
810,5,13,1,3,149
810,5,12,10,5,135
810,5,10,13,8,84
810,5,0,8,2,1
810,5,0,11,7,64
811,4,0,9,7,69
811,4,10,5,4,280
811,4,13,4,6,56
811,4,10,3,1,25
812,8,0,3,2,30
812,8,11,9,5,151
812,8,2,1,3,27
812,8,10,1,2,264
812,8,7,9,1,143
812,8,13,3,8,234
812,8,9,1,7,143
812,8,3,6,6,37
813,1,4,10,5,53
814,6,13,11,5,39
814,6,5,8,3,13
814,6,11,2,5,87
814,6,10,1,6,185
814,6,7,10,2,17
814,6,2,13,8,20
815,9,6,12,4,74
815,9,3,10,3,375
815,9,7,3,1,91
815,9,3,11,6,125
815,9,9,4,7,8
815,9,3,2,7,74
815,9,5,8,7,42
815,9,11,13,5,16
815,9,11,10,3,63
817,5,13,10,2,56
817,5,7,9,2,19
817,5,13,9,7,11
817,5,10,6,6,78
817,5,12,0,2,9
818,4,10,2,3,58
818,4,7,4,1,117
818,4,8,7,3,79
818,4,9,2,2,132
819,5,13,8,5,44
819,5,2,13,1,53
819,5,6,9,6,77
819,5,4,12,5,26
819,5,1,13,5,149
820,7,3,11,1,257
820,7,11,2,3,11
820,7,9,0,2,171
820,7,6,11,2,110
820,7,0,13,2,41
820,7,2,13,1,17
820,7,13,7,4,58
821,7,11,8,4,111
821,7,8,9,6,25
821,7,10,11,2,117
821,7,13,5,5,48
821,7,2,7,1,69
821,7,1,11,4,46
821,7,5,12,4,6
822,4,1,7,4,178
822,4,3,11,1,46
822,4,6,8,5,61
822,4,3,7,7,62
823,6,12,11,8,43
823,6,2,9,8,280
823,6,2,3,2,206
823,6,5,9,7,252
823,6,10,0,1,34
823,6,12,1,4,131
824,6,8,1,8,1
824,6,1,4,1,30
824,6,1,8,2,32
824,6,0,5,3,1
824,6,13,12,3,34
824,6,12,7,2,2
825,6,13,1,8,112
825,6,12,0,3,65
825,6,7,6,3,52
825,6,1,9,4,30
825,6,10,12,8,207
825,6,5,12,1,115
826,2,13,3,3,1
826,2,6,11,4,35
827,6,7,13,8,23
827,6,13,4,5,202
827,6,10,5,4,41
827,6,5,12,2,22
827,6,6,12,8,120
827,6,1,7,7,1
828,4,6,0,6,61
828,4,6,12,1,238
828,4,6,3,8,238
828,4,5,9,2,7
829,5,12,6,3,5
829,5,12,1,1,29
829,5,10,8,6,31
829,5,0,8,8,90
829,5,4,6,8,22
830,3,11,12,6,97
830,3,11,9,7,32
830,3,4,1,8,117
831,8,12,2,5,32
831,8,13,10,5,594
831,8,8,9,6,84
831,8,12,7,7,160
831,8,12,9,2,14
831,8,10,11,6,76
831,8,7,8,5,28
831,8,4,6,8,12
832,4,4,6,1,162
832,4,0,1,2,156
832,4,6,5,2,153
832,4,2,3,8,25
833,4,5,11,1,32
833,4,0,1,3,83
833,4,2,8,2,62
833,4,13,2,8,17
834,5,0,9,3,38
834,5,2,5,7,39
834,5,11,6,5,45
834,5,7,11,4,63
834,5,2,5,3,27
835,7,3,13,2,36
835,7,2,8,4,59
835,7,2,11,1,213
835,7,9,3,8,378
835,7,11,13,4,6
835,7,3,2,2,40
835,7,4,3,1,40
836,3,6,7,1,45
836,3,9,3,7,25
836,3,8,7,2,3
837,2,3,2,7,110
837,2,5,9,7,71
838,2,9,13,4,31
838,2,6,10,5,36
839,10,1,4,7,38
839,10,0,1,3,61
839,10,9,5,8,20
839,10,10,6,8,83
839,10,2,13,7,245
839,10,6,7,6,56
839,10,1,10,6,173
839,10,6,4,7,86
839,10,0,3,5,326
839,10,11,13,2,23
840,6,7,12,6,282
840,6,12,11,7,13
840,6,8,10,2,76
840,6,7,6,3,69
840,6,1,10,3,63
840,6,1,3,3,46
841,5,3,4,7,54
841,5,10,8,5,290
841,5,12,10,8,42
841,5,11,9,6,21
841,5,9,12,8,51
842,7,8,1,5,42
842,7,9,10,7,38
842,7,9,8,1,83
842,7,5,13,4,212
842,7,12,0,7,56
842,7,2,7,2,5
842,7,2,6,3,2
843,5,6,9,6,22
843,5,9,11,7,104
843,5,2,11,3,35
843,5,3,6,3,8
843,5,5,9,8,58
844,1,4,10,1,31
845,4,3,7,7,27
845,4,3,7,5,260
845,4,6,1,1,136
845,4,10,1,7,179
846,3,3,5,2,49
846,3,3,1,7,60
846,3,0,4,2,129
847,5,12,6,7,57
847,5,5,9,5,14
847,5,6,9,5,73
847,5,4,6,4,54
847,5,13,10,1,26
848,5,13,11,7,65
848,5,12,0,7,172
848,5,6,4,7,57
848,5,8,11,1,103
848,5,12,6,1,7
849,6,7,11,8,72
849,6,10,7,4,35
849,6,7,9,6,109
849,6,1,6,2,228
849,6,7,8,2,261
849,6,12,8,6,12
850,5,10,11,6,64
850,5,2,9,5,38
850,5,6,3,5,65
850,5,3,9,3,112
850,5,5,12,2,13
851,5,0,2,3,41
851,5,8,7,6,12
851,5,2,9,1,169
851,5,3,8,2,141
851,5,4,9,3,4
852,6,7,10,1,183
852,6,13,4,3,90
852,6,12,6,2,74
852,6,13,8,8,21
852,6,10,3,4,646
852,6,2,9,3,131
853,4,13,4,1,47
853,4,12,6,4,39
853,4,0,2,4,211
853,4,11,1,7,15
854,7,12,13,5,63
854,7,12,10,7,210
854,7,5,11,8,126
854,7,3,6,7,11
854,7,2,4,2,211
854,7,0,5,6,36
854,7,1,2,2,35
855,4,10,6,8,19
855,4,2,10,6,8
855,4,3,11,8,52
855,4,5,4,2,131
856,6,10,8,8,94
856,6,7,3,8,24
856,6,6,4,4,18
856,6,6,2,4,28
856,6,12,13,3,23
856,6,4,1,8,23
857,6,9,2,6,413
857,6,10,6,2,53
857,6,5,10,7,55
857,6,4,13,7,311
857,6,13,9,3,57
857,6,13,8,6,46
858,6,4,7,2,53
858,6,10,6,4,73
858,6,7,4,3,9
858,6,2,10,4,82
858,6,3,2,1,115
858,6,0,6,4,30
859,6,3,10,4,31
859,6,8,5,7,81
859,6,4,1,5,11
859,6,0,6,6,113
859,6,11,0,3,19
859,6,3,10,5,87
860,3,1,11,3,18
860,3,6,13,7,79
860,3,9,13,7,14
861,5,10,13,4,17
861,5,7,2,8,99
861,5,12,3,2,230
861,5,13,5,8,7
861,5,7,9,4,98
862,3,2,6,4,91
862,3,9,10,7,14
862,3,8,4,1,55
863,9,13,8,6,57
863,9,9,3,4,23
863,9,10,1,2,67
863,9,3,8,4,122
863,9,13,10,7,27
863,9,10,12,5,20
863,9,3,4,7,141
863,9,10,1,6,229
863,9,7,4,1,90
864,7,8,4,3,128
864,7,4,3,5,87
864,7,13,1,8,26
864,7,4,6,4,69
864,7,0,5,8,67
864,7,9,8,5,30
864,7,3,5,5,69
865,4,5,7,7,80
865,4,8,12,5,35
865,4,0,7,1,79
865,4,3,10,7,108
866,8,8,12,1,23
866,8,13,6,3,135
866,8,5,9,2,20
866,8,13,5,4,13
866,8,4,5,8,135
866,8,11,5,3,13
866,8,13,6,3,36
866,8,2,11,3,50
867,8,6,10,2,12
867,8,5,3,8,52
867,8,8,10,7,105
867,8,5,6,7,18
867,8,8,10,7,99
867,8,6,2,1,29
867,8,13,10,7,52
867,8,5,13,5,45
868,2,0,2,6,59
868,2,13,1,1,23
869,4,2,7,3,42
869,4,0,1,4,25
869,4,9,2,4,62
869,4,12,0,5,228
870,4,13,8,7,18
870,4,6,4,1,144
870,4,4,0,2,132
870,4,2,9,5,5
871,5,9,5,3,198
871,5,1,3,2,17
871,5,3,13,2,36
871,5,0,12,8,87
871,5,4,3,8,418
872,5,12,1,6,146
872,5,4,6,6,52
872,5,10,5,4,54
872,5,13,4,4,82
872,5,8,3,6,192
873,4,2,4,6,79
873,4,12,13,5,91
873,4,10,12,7,21
873,4,3,8,4,50
874,2,10,0,7,7
874,2,1,4,2,38
875,3,2,10,2,15
875,3,3,5,6,7
875,3,2,5,1,47
876,2,10,6,6,4
876,2,10,4,4,45
877,3,12,8,7,46
877,3,8,10,7,47
877,3,5,0,6,36
878,4,7,4,1,75
878,4,8,11,7,46
878,4,11,4,7,51
878,4,6,8,1,58
879,7,1,4,8,195
879,7,5,6,4,185
879,7,13,9,2,14
879,7,2,6,8,89
879,7,6,10,1,51
879,7,7,11,1,211
879,7,4,1,1,149
880,6,4,8,3,62
880,6,9,3,3,6
880,6,1,12,1,33
880,6,0,2,7,232
880,6,3,4,3,98
880,6,3,2,7,90
881,9,8,9,5,22
881,9,0,5,7,167
881,9,3,6,2,4
881,9,10,2,2,26
881,9,7,12,6,147
881,9,10,12,6,115
881,9,6,3,1,195
881,9,7,13,6,163
881,9,6,9,3,294
882,6,6,3,5,43
882,6,9,10,8,5
882,6,1,13,6,99
882,6,12,2,1,25
882,6,10,1,7,8
882,6,8,2,4,54
883,13,11,5,3,49
883,13,3,5,1,35
883,13,7,4,8,66
883,13,5,11,1,66
883,13,0,12,6,12
883,13,5,3,3,298
883,13,10,6,3,1
883,13,5,3,8,89
883,13,11,6,6,21
883,13,6,7,5,2
883,13,11,0,1,8
883,13,0,8,1,96
883,13,1,7,3,258
884,1,3,12,4,121
885,5,1,7,8,6
885,5,9,13,8,74
885,5,12,5,5,40
885,5,6,8,7,1
885,5,11,1,6,117
886,2,6,2,6,133
886,2,2,9,4,22
887,7,0,2,7,92
887,7,0,10,8,260
887,7,10,2,6,116
887,7,13,3,4,133
887,7,1,6,7,197
887,7,13,2,6,21
887,7,10,12,8,108
888,4,2,9,7,2
888,4,11,2,8,132
888,4,0,9,2,62
888,4,0,10,5,68
889,1,11,6,2,73
890,4,8,6,2,36
890,4,12,10,3,68
890,4,6,7,6,83
890,4,9,3,4,128
891,2,1,3,7,46
891,2,3,12,8,3
892,1,6,12,3,111
893,4,2,1,3,56
893,4,13,8,2,160
893,4,4,5,3,38
893,4,13,12,1,40
894,6,8,2,3,182
894,6,10,11,2,52
894,6,9,3,6,146
894,6,13,2,5,65
894,6,11,3,3,121
894,6,8,6,2,54
895,3,2,8,6,5
895,3,9,2,5,8
895,3,6,3,6,67
896,9,5,8,4,26
896,9,7,3,1,1
896,9,7,3,6,85
896,9,6,8,6,21
896,9,12,7,2,19
896,9,7,2,5,22
896,9,3,4,8,49
896,9,9,8,6,25
896,9,6,8,7,23
897,2,10,4,2,138
897,2,9,5,4,39
898,7,10,0,7,16
898,7,2,11,6,61
898,7,10,6,2,37
898,7,5,13,2,8
898,7,9,10,8,142
898,7,13,12,3,45
898,7,0,9,5,181
899,9,4,13,5,190
899,9,10,12,3,1
899,9,11,2,7,8
899,9,13,2,4,43
899,9,13,12,5,8
899,9,10,8,8,14
899,9,5,11,7,24
899,9,9,4,8,165
899,9,13,4,6,3
900,5,3,13,1,72
900,5,6,2,1,69
900,5,2,10,3,34
900,5,8,3,5,163
900,5,13,8,8,293
901,8,9,3,6,150
901,8,8,5,1,3
901,8,2,7,5,20
901,8,4,5,4,49
901,8,5,13,1,64
901,8,0,8,4,26
901,8,10,0,1,33
901,8,5,2,5,16
902,5,7,2,5,5
902,5,6,2,4,7
902,5,2,12,6,72
902,5,11,13,8,39
902,5,10,6,2,32
903,7,7,12,1,495
903,7,6,9,6,59
903,7,1,9,3,115
903,7,8,13,7,84
903,7,11,4,4,98
903,7,3,6,4,1
903,7,4,9,8,1
904,2,11,9,4,355
904,2,2,9,1,72
905,3,3,1,8,67
905,3,2,7,2,29
905,3,11,3,2,37
906,7,6,13,3,15
906,7,9,4,3,296
906,7,3,11,7,117
906,7,2,3,1,134
906,7,6,0,3,74
906,7,5,7,2,55
906,7,7,9,1,87
907,12,10,9,2,81
907,12,7,12,3,20
907,12,10,9,6,196
907,12,4,6,8,111
907,12,11,12,6,3
907,12,7,8,8,13
907,12,6,4,2,70
907,12,9,6,3,174
907,12,9,6,4,102
907,12,2,7,6,9
907,12,11,5,3,10
907,12,10,13,2,13
908,5,7,1,2,79
908,5,3,12,2,61
908,5,0,6,3,89
908,5,10,6,8,24
908,5,2,8,4,37
909,5,5,7,1,82
909,5,6,0,1,393
909,5,1,13,5,46
909,5,12,11,1,18
909,5,2,6,5,26
910,6,4,5,7,30
910,6,1,6,7,19
910,6,8,4,7,93
910,6,4,13,3,7
910,6,6,1,4,60
910,6,6,13,6,31
911,4,8,10,5,26
911,4,11,6,3,293
911,4,6,11,2,147
911,4,10,11,2,57
912,5,1,10,4,89
912,5,4,11,3,47
912,5,9,11,8,11
912,5,10,13,7,4
912,5,11,1,5,43
913,4,6,4,3,3
913,4,13,11,4,152
913,4,10,11,7,70
913,4,10,11,4,47
914,4,9,7,8,27
914,4,6,4,1,6
914,4,7,8,3,56
914,4,0,8,3,117
915,6,7,6,6,15
915,6,1,5,4,82
915,6,11,4,7,82
915,6,7,8,5,48
915,6,7,11,6,18
915,6,5,8,4,21
916,5,5,12,4,2
916,5,9,3,6,17
916,5,11,5,7,92
916,5,7,12,1,128
916,5,2,4,8,84
917,2,10,11,2,41
917,2,8,1,4,13
918,8,12,10,7,9
918,8,7,9,7,181
918,8,5,11,5,14
918,8,6,12,2,76
918,8,8,3,8,64
918,8,12,13,2,20
918,8,13,10,5,116
918,8,13,7,6,37
919,4,2,11,1,58
919,4,5,11,1,84
919,4,11,9,1,62
919,4,5,1,3,196
920,7,8,7,4,68
920,7,9,0,1,56
920,7,8,3,2,146
920,7,11,3,6,222
920,7,11,5,2,61
920,7,0,1,3,36
920,7,4,3,5,95
921,2,8,13,2,175
921,2,2,11,3,117
922,4,12,4,2,61
922,4,5,0,4,8
922,4,8,1,2,32
922,4,1,0,1,4
923,3,4,5,7,19
923,3,5,9,7,10
923,3,11,6,3,225
924,2,13,0,3,11
924,2,1,10,7,93
925,6,1,4,7,12
925,6,1,10,7,81
925,6,12,10,1,49
925,6,0,2,2,41
925,6,0,1,3,93
925,6,4,0,6,76
926,10,11,8,8,61
926,10,11,7,6,17
926,10,7,8,2,98
926,10,5,2,5,238
926,10,0,13,2,30
926,10,11,3,4,34
926,10,2,3,2,297
926,10,11,12,5,2
926,10,8,7,2,77
926,10,10,9,8,19
927,5,7,11,7,129
927,5,10,12,7,1
927,5,10,7,1,20
927,5,13,9,6,18
927,5,8,10,5,104
928,5,6,12,5,45
928,5,3,9,4,83
928,5,7,2,3,27
928,5,6,0,8,1
928,5,6,1,4,19
929,3,12,4,4,104
929,3,7,6,8,80
929,3,1,11,3,127
930,3,6,13,2,1
930,3,2,12,8,34
930,3,8,0,4,79
931,3,4,10,5,64
931,3,6,0,5,20
931,3,3,1,3,93
932,6,5,11,5,17
932,6,10,1,8,65
932,6,13,5,6,107
932,6,6,8,1,91
932,6,13,0,5,127
932,6,11,0,8,14
933,7,0,6,2,15
933,7,8,6,7,152
933,7,5,3,1,393
933,7,7,2,8,209
933,7,3,1,7,100
933,7,0,2,8,6
933,7,3,4,5,58
934,5,1,13,1,210
934,5,7,5,7,287
934,5,13,8,4,31
934,5,0,10,1,251
934,5,1,4,8,151
935,6,2,9,2,176
935,6,4,10,2,70
935,6,8,2,7,21
935,6,9,11,2,40
935,6,1,2,8,71
935,6,5,8,4,43
936,3,8,5,7,49
936,3,13,3,2,3
936,3,1,5,4,30
937,5,0,9,4,16
937,5,5,1,5,42
937,5,7,0,7,27
937,5,9,12,4,145
937,5,0,12,6,81
938,5,9,8,6,51
938,5,13,10,6,276
938,5,10,7,3,26
938,5,2,0,3,18
938,5,1,4,2,75
939,7,9,8,5,1
939,7,2,7,6,52
939,7,9,3,5,45
939,7,2,9,5,8
939,7,10,1,7,27
939,7,4,6,8,95
939,7,6,10,6,35
940,10,11,1,7,155
940,10,7,0,2,225
940,10,8,2,6,88
940,10,1,4,4,8
940,10,6,8,8,153
940,10,2,9,2,81
940,10,11,3,7,77
940,10,0,3,6,43
940,10,9,11,8,51
940,10,10,2,5,21
941,3,12,0,6,4
941,3,12,8,3,13
941,3,1,0,2,19
942,6,13,10,7,39
942,6,7,5,3,8
942,6,10,8,4,64
942,6,4,6,5,133
942,6,7,0,6,38
942,6,13,7,3,124
943,5,11,2,1,120
943,5,3,6,6,1
943,5,7,9,4,46
943,5,0,5,1,15
943,5,3,8,8,42
944,4,4,5,3,52
944,4,13,10,5,9
944,4,1,11,3,8
944,4,8,0,2,29
945,3,1,6,6,37
945,3,9,13,6,118
945,3,0,12,5,98
946,3,9,2,4,91
946,3,8,12,5,91
946,3,7,10,7,35
947,5,12,10,7,21
947,5,5,7,7,132
947,5,10,5,2,32
947,5,13,1,8,55
947,5,8,11,5,20
948,5,12,8,5,185
948,5,5,1,6,75
948,5,0,1,7,22
948,5,10,6,1,39
948,5,12,6,5,49
949,1,10,0,5,2
950,4,5,8,3,57
950,4,6,9,3,81
950,4,5,7,8,8
950,4,5,1,3,13
951,6,1,5,7,112
951,6,5,9,6,18
951,6,13,11,7,40
951,6,5,9,7,133
951,6,8,7,1,29
951,6,11,1,5,334
952,5,10,4,8,13
952,5,0,12,7,31
952,5,7,5,4,118
952,5,11,0,1,117
952,5,10,8,2,1
953,3,1,10,3,120
953,3,3,12,7,18
953,3,12,3,6,79
954,9,2,8,5,131
954,9,10,4,3,118
954,9,7,11,7,33
954,9,0,13,8,107
954,9,10,13,1,23
954,9,3,2,6,36
954,9,9,13,3,200
954,9,12,8,8,29
954,9,11,10,5,26
955,1,1,2,4,89
956,6,10,12,2,29
956,6,4,7,3,15
956,6,8,10,2,74
956,6,12,9,2,149
956,6,9,10,4,22
956,6,3,10,6,120
957,2,11,9,4,51
957,2,13,3,6,93
958,6,1,6,3,142
958,6,13,12,5,268
958,6,10,7,1,129
958,6,13,3,7,39
958,6,11,6,5,91
958,6,4,13,5,313
959,5,13,2,4,6
959,5,1,3,8,78
959,5,4,1,3,229
959,5,2,6,5,15
959,5,8,6,1,17
960,5,10,6,6,150
960,5,12,11,4,142
960,5,10,1,5,21
960,5,3,11,7,18
960,5,8,7,1,41
961,2,13,12,6,72
961,2,5,9,2,55
962,5,6,2,8,38
962,5,13,12,8,54
962,5,5,9,3,115
962,5,8,12,6,199
962,5,8,5,2,196
963,4,12,10,8,58
963,4,3,12,8,6
963,4,1,9,3,30
963,4,9,4,3,25
964,7,0,3,3,162
964,7,5,12,3,94
964,7,4,12,7,158
964,7,2,10,4,11
964,7,7,10,1,25
964,7,13,10,7,23
964,7,1,6,6,72
965,9,7,5,5,5
965,9,0,13,3,6
965,9,10,1,3,195
965,9,12,0,5,84
965,9,2,7,1,7
965,9,9,6,4,24
965,9,0,6,1,79
965,9,10,13,5,44
965,9,4,0,1,7
966,3,4,5,5,39
966,3,4,1,5,13
966,3,13,9,4,45
967,5,9,6,7,19
967,5,6,0,6,60
967,5,7,0,2,95
967,5,7,0,8,246
967,5,8,11,8,25
968,4,3,8,5,13
968,4,0,4,3,36
968,4,10,11,2,80
968,4,7,1,3,119
969,1,11,8,8,59
970,12,3,11,7,59
970,12,9,11,4,55
970,12,0,10,6,14
970,12,10,8,4,115
970,12,8,3,8,4
970,12,10,13,2,37
970,12,8,10,1,38
970,12,8,11,1,37
970,12,11,8,2,100
970,12,8,6,5,48
970,12,13,11,5,75
970,12,13,8,2,58
971,1,6,12,2,46
972,5,4,9,7,110
972,5,4,9,6,69
972,5,11,9,4,31
972,5,7,3,1,97
972,5,11,4,4,269
973,10,9,13,3,78
973,10,12,3,6,57
973,10,13,2,2,7
973,10,5,1,1,37
973,10,10,5,1,82
973,10,2,0,2,5
973,10,10,0,4,258
973,10,11,10,6,46
973,10,11,8,5,51
973,10,1,8,2,5
974,6,13,11,1,96
974,6,2,8,5,263
974,6,2,0,4,145
974,6,9,10,1,129
974,6,2,11,1,26
974,6,0,4,8,66
975,7,11,0,7,19
975,7,1,3,6,64
975,7,2,13,3,152
975,7,5,8,3,10
975,7,5,3,1,51
975,7,13,10,7,18
975,7,0,6,3,1
976,5,3,4,8,77
976,5,1,13,6,4
976,5,0,1,2,102
976,5,11,1,8,31
976,5,5,3,3,32
977,5,6,1,6,118
977,5,3,5,2,11
977,5,8,5,5,140
977,5,13,3,8,29
977,5,2,7,6,40
978,4,9,13,8,2
978,4,8,4,1,67
978,4,8,12,1,103
978,4,5,1,6,24
979,8,7,9,5,114
979,8,7,5,6,176
979,8,2,3,1,145
979,8,10,3,4,8
979,8,13,11,3,23
979,8,7,3,6,108
979,8,3,12,3,47
979,8,2,11,7,4
980,3,7,6,6,16
980,3,11,4,2,144
980,3,8,2,5,16
981,2,12,2,1,31
981,2,4,5,4,12
982,7,4,13,3,98
982,7,6,2,1,134
982,7,2,3,2,14
982,7,4,11,8,146
982,7,12,4,6,1
982,7,13,1,8,96
982,7,2,6,2,78
983,5,12,9,7,30
983,5,1,9,2,63
983,5,13,10,8,12
983,5,9,1,6,125
983,5,13,7,4,54
984,4,7,6,6,5
984,4,5,0,3,44
984,4,4,6,2,25
984,4,12,7,3,7
985,6,0,3,5,120
985,6,5,13,1,171
985,6,2,12,1,71
985,6,10,9,5,193
985,6,12,8,3,186
985,6,11,3,3,81
986,1,3,2,6,6
987,3,5,9,1,12
987,3,3,11,3,135
987,3,9,3,5,40
988,7,5,8,6,75
988,7,1,2,4,83
988,7,7,2,8,420
988,7,9,8,2,153
988,7,8,3,2,30
988,7,1,5,5,37
988,7,1,13,8,166
989,4,3,1,7,41
989,4,7,4,3,5
989,4,13,7,4,102
989,4,3,6,6,33
990,6,9,10,6,101
990,6,1,3,2,8
990,6,4,9,2,16
990,6,5,4,8,63
990,6,11,13,4,36
990,6,7,0,8,176
991,5,0,11,4,32
991,5,1,10,3,129
991,5,7,11,2,208
991,5,3,6,2,33
991,5,7,1,7,17
992,2,7,9,4,24
992,2,7,8,2,65
993,1,9,4,6,12
994,4,4,6,5,15
994,4,4,8,4,82
994,4,3,7,5,33
994,4,1,3,6,84
995,8,10,3,6,3
995,8,9,3,5,33
995,8,6,13,1,20
995,8,9,1,7,95
995,8,0,4,3,71
995,8,9,12,2,40
995,8,1,0,2,150
995,8,10,0,4,44
996,2,12,13,5,129
996,2,11,3,1,18
997,3,7,1,5,272
997,3,6,13,6,53
997,3,2,13,3,68
998,9,1,3,8,41
998,9,3,6,6,17
998,9,8,0,1,65
998,9,13,1,7,143
998,9,7,5,5,133
998,9,10,4,6,240
998,9,11,3,5,6
998,9,4,7,5,15
998,9,3,13,6,126
999,5,11,1,8,41
999,5,5,10,5,17
999,5,7,8,6,47
999,5,2,5,5,202
999,5,1,2,8,223
