bloqueo,entropia,msi,bfr,rutas,pathconsec,entropiauso,porcuso
0,0.093,0.465,0.0,1,350.324,0.0,0.002
0,0.186,1.116,0.0,2,348.783,0.0,0.004
0,0.256,1.186,0.0,3,348.427,0.0,0.004
0,0.349,1.372,0.0,4,347.942,0.0,0.005
0,0.488,1.512,0.0,5,347.424,0.0,0.006
0,0.535,1.814,0.0,6,341.249,0.0,0.006
0,0.581,2.349,0.0,7,334.408,0.0,0.008
0,0.674,2.674,0.001,8,325.372,0.035,0.009
0,0.744,2.674,0.001,9,325.276,0.045,0.009
0,0.744,2.86,0.001,10,325.021,0.06,0.009
0,0.791,3.395,0.001,11,318.789,0.094,0.01
0,0.837,4.047,0.001,12,310.765,0.195,0.012
0,0.837,4.326,0.001,13,310.388,0.204,0.013
0,0.837,4.349,0.001,14,310.339,0.204,0.013
0,0.977,5.047,0.002,15,307.407,0.204,0.014
0,0.977,5.14,0.002,16,309.74,0.197,0.014
0,1.023,5.767,0.003,17,308.145,0.207,0.015
0,1.023,5.814,0.003,18,316.056,0.222,0.016
0,1.023,6.233,0.003,19,315.288,0.236,0.017
0,1.163,7.233,0.004,20,303.203,0.332,0.019
0,1.209,7.674,0.005,21,297.098,0.383,0.02
0,1.256,8.0,0.005,22,295.512,0.389,0.02
0,1.256,7.907,0.005,22,291.146,0.465,0.02
0,1.349,8.93,0.006,23,279.105,0.651,0.021
0,1.395,9.349,0.007,24,274.742,0.655,0.022
0,1.488,10.023,0.008,25,269.875,0.779,0.023
0,1.488,10.07,0.008,26,269.78,0.792,0.023
0,1.488,10.233,0.008,27,269.343,0.792,0.024
0,1.628,11.651,0.011,28,259.234,0.941,0.025
0,1.674,11.884,0.012,29,255.071,0.959,0.025
0,1.628,12.07,0.011,30,258.336,1.018,0.026
0,1.674,12.535,0.011,31,256.104,1.175,0.027
0,1.767,13.116,0.012,32,246.276,1.413,0.029
0,1.907,14.326,0.013,33,235.251,1.575,0.03
0,2.0,14.628,0.014,34,232.209,1.694,0.031
0,2.14,15.372,0.015,35,227.565,1.956,0.032
0,2.279,16.256,0.016,36,213.265,2.208,0.033
0,2.512,16.698,0.017,37,195.38,2.553,0.034
0,2.605,16.814,0.017,38,189.962,2.723,0.034
0,2.558,16.814,0.016,39,196.441,2.703,0.035
0,2.837,19.442,0.022,39,182.977,3.455,0.037
0,2.837,19.488,0.022,40,182.88,3.486,0.037
0,2.837,19.581,0.022,41,182.787,3.486,0.037
0,3.023,21.07,0.024,42,174.256,3.848,0.039
0,3.023,21.14,0.024,43,174.209,3.879,0.04
0,3.023,21.233,0.024,44,174.129,3.896,0.04
0,3.023,21.349,0.024,45,174.091,3.911,0.04
0,3.023,21.674,0.024,46,173.313,4.142,0.041
0,3.023,21.814,0.024,47,173.224,4.173,0.042
0,3.163,22.884,0.025,48,168.476,4.856,0.044
0,3.256,22.884,0.026,48,168.183,4.89,0.043
0,3.256,22.953,0.026,49,168.128,4.89,0.043
0,3.395,24.419,0.028,50,163.731,5.303,0.045
0,3.395,24.605,0.028,51,163.572,5.414,0.046
0,3.395,24.744,0.028,52,158.116,5.664,0.047
0,3.535,26.419,0.03,53,155.964,6.296,0.049
0,3.628,27.023,0.031,54,152.679,6.577,0.051
0,3.628,27.023,0.03,55,152.655,6.577,0.051
0,3.767,27.372,0.032,55,151.01,6.801,0.051
0,3.767,27.372,0.031,56,150.902,6.956,0.051
0,3.814,28.047,0.032,57,150.006,7.387,0.053
0,3.767,27.93,0.033,56,154.36,7.366,0.051
0,3.953,32.349,0.043,57,150.142,7.854,0.054
0,3.953,32.349,0.043,58,150.142,7.854,0.054
0,3.977,32.349,0.043,59,150.131,7.92,0.054
0,3.977,32.349,0.043,60,150.737,7.998,0.054
0,3.977,32.442,0.043,61,150.686,8.02,0.054
0,3.907,31.791,0.044,60,152.3,7.057,0.051
0,4.0,33.884,0.048,61,145.817,7.835,0.053
0,4.047,34.256,0.049,62,145.566,7.94,0.054
0,4.047,34.256,0.048,63,145.009,8.153,0.055
0,4.047,34.535,0.048,64,144.885,8.173,0.055
0,4.047,34.605,0.048,65,144.857,8.218,0.055
0,4.093,35.349,0.049,66,144.318,8.343,0.057
0,4.14,35.698,0.05,67,139.752,8.801,0.057
0,4.233,36.233,0.051,67,136.211,9.199,0.058
0,4.233,36.302,0.051,68,136.165,9.199,0.058
0,4.372,38.814,0.057,69,132.228,9.592,0.059
0,4.465,39.395,0.059,70,124.617,9.783,0.06
0,4.465,39.395,0.058,71,124.58,9.807,0.06
0,4.512,39.395,0.058,72,124.791,9.985,0.06
0,4.651,39.581,0.06,70,118.692,10.291,0.059
0,4.651,39.581,0.06,71,118.663,10.316,0.059
0,4.744,39.744,0.06,72,117.734,10.506,0.059
0,4.791,40.163,0.06,73,117.323,10.629,0.06
0,4.791,40.372,0.061,74,117.237,10.68,0.061
0,4.884,40.907,0.062,74,115.923,10.774,0.061
0,4.837,40.907,0.062,75,117.446,10.691,0.061
0,4.791,40.907,0.061,76,119.008,10.613,0.062
0,4.837,41.419,0.062,77,117.381,10.912,0.062
0,4.837,41.558,0.061,78,117.205,11.092,0.064
0,4.837,41.558,0.061,79,117.159,11.143,0.064
0,4.93,42.442,0.062,80,116.312,11.744,0.066
0,4.977,43.488,0.064,81,111.905,12.506,0.067
0,5.023,44.14,0.063,82,109.99,13.383,0.07
0,5.023,44.14,0.063,83,109.952,13.41,0.07
0,5.023,44.86,0.064,84,108.993,13.642,0.071
0,5.023,44.86,0.064,85,108.952,13.689,0.071
0,5.023,45.047,0.064,86,108.891,13.689,0.072
0,5.023,45.047,0.063,87,108.809,13.848,0.072
0,5.047,45.047,0.063,88,108.791,14.0,0.072
0,5.093,45.047,0.063,89,107.899,14.275,0.073
0,5.093,45.047,0.062,90,107.872,14.327,0.073
0,5.047,45.047,0.062,91,108.184,14.277,0.073
0,5.047,45.163,0.062,92,108.106,14.357,0.073
0,5.186,45.791,0.062,93,106.365,15.47,0.075
0,5.186,46.163,0.062,94,106.236,15.693,0.076
0,5.419,47.0,0.067,92,103.5,15.52,0.074
0,5.419,47.047,0.067,93,103.478,15.52,0.074
0,5.326,47.163,0.068,92,104.403,14.77,0.073
0,5.372,47.163,0.068,93,103.481,15.257,0.074
0,5.419,47.698,0.068,94,101.633,15.872,0.075
0,5.512,48.651,0.07,95,100.82,16.634,0.076
0,5.512,48.651,0.07,96,100.749,16.779,0.077
0,5.558,49.744,0.072,97,99.708,17.257,0.078
0,5.651,49.744,0.071,98,98.801,17.666,0.078
0,5.837,51.977,0.076,98,95.481,18.896,0.08
0,5.884,52.953,0.078,99,95.062,19.381,0.082
0,5.93,54.488,0.081,100,94.119,19.562,0.083
0,5.93,54.512,0.081,101,94.099,19.562,0.083
0,6.07,56.256,0.084,102,93.021,20.859,0.087
0,6.116,56.558,0.085,102,92.489,20.699,0.087
0,6.256,57.558,0.087,103,89.279,21.431,0.087
0,6.302,57.558,0.086,104,88.818,21.559,0.088
0,6.302,57.558,0.086,105,88.752,21.559,0.089
0,6.349,59.419,0.089,106,88.228,22.216,0.091
0,6.349,60.116,0.09,107,87.839,22.65,0.092
0,6.535,62.698,0.096,108,84.364,23.579,0.094
0,6.535,62.698,0.095,109,84.306,23.886,0.095
0,6.581,62.698,0.095,110,84.254,23.905,0.095
0,6.674,62.884,0.095,110,83.406,24.625,0.096
0,6.721,63.186,0.096,111,79.106,24.656,0.096
0,6.721,63.512,0.096,112,79.018,24.656,0.097
0,6.814,63.512,0.095,113,78.352,25.324,0.098
0,6.814,63.884,0.095,114,78.135,25.647,0.099
0,6.721,63.884,0.095,115,78.591,25.571,0.099
0,6.721,64.302,0.095,116,78.482,25.981,0.1
0,6.814,67.093,0.102,117,77.607,27.239,0.102
0,6.814,67.372,0.102,118,76.528,27.506,0.103
0,6.814,67.372,0.101,119,76.489,27.615,0.104
0,6.953,69.116,0.105,120,75.82,27.62,0.105
0,6.953,69.116,0.104,121,75.675,27.804,0.106
0,6.953,69.116,0.104,122,75.668,27.804,0.106
0,7.14,69.116,0.105,122,73.997,28.336,0.106
0,7.093,69.116,0.104,123,74.381,28.313,0.106
0,7.14,69.419,0.104,124,74.124,28.627,0.107
0,7.093,69.419,0.104,125,74.381,28.428,0.107
0,7.093,69.419,0.104,126,74.338,28.541,0.107
0,7.14,69.581,0.103,127,73.738,29.367,0.108
0,7.14,69.93,0.104,128,73.645,29.803,0.109
0,7.186,70.302,0.104,129,73.291,30.447,0.11
0,7.14,70.302,0.103,130,73.905,30.318,0.11
0,7.14,70.651,0.103,131,73.816,30.318,0.112
0,7.14,70.651,0.102,132,73.709,30.318,0.113
0,7.326,70.721,0.103,131,72.371,31.247,0.113
0,7.326,71.209,0.103,132,72.238,31.898,0.114
0,7.419,72.698,0.106,133,71.369,33.23,0.115
0,7.419,72.86,0.106,134,71.254,33.576,0.116
0,7.512,74.814,0.111,135,70.446,34.399,0.118
0,7.558,76.581,0.114,136,70.051,34.728,0.12
0,7.558,76.767,0.114,137,69.961,34.97,0.121
0,7.651,76.767,0.112,138,69.403,36.689,0.123
0,7.698,77.558,0.113,139,69.081,36.821,0.124
0,7.884,80.791,0.121,140,67.553,38.683,0.127
0,7.977,80.047,0.12,138,66.924,38.679,0.125
0,8.023,81.116,0.121,139,66.509,39.466,0.127
0,8.023,81.116,0.121,140,66.497,39.466,0.128
0,8.163,82.233,0.124,141,64.639,40.126,0.128
0,8.186,82.233,0.124,140,64.261,40.244,0.128
0,8.372,86.535,0.136,141,62.247,40.906,0.13
0,8.372,86.674,0.135,142,62.126,41.21,0.131
0,8.372,86.674,0.135,143,62.092,41.253,0.131
0,8.419,87.419,0.136,144,61.647,41.586,0.133
0,8.465,88.605,0.137,145,60.33,43.444,0.135
0,8.512,89.465,0.139,146,60.31,43.444,0.136
0,8.326,87.791,0.136,144,60.524,43.035,0.133
0,8.326,87.791,0.136,145,60.505,43.035,0.133
0,8.372,87.791,0.135,146,60.031,43.943,0.134
0,8.326,87.93,0.134,147,60.008,44.049,0.136
0,8.372,87.93,0.133,148,59.963,44.049,0.136
0,8.419,88.233,0.134,149,59.781,44.372,0.137
0,8.419,88.233,0.133,150,59.717,44.547,0.138
0,8.605,90.767,0.141,150,58.624,45.439,0.138
0,8.651,90.791,0.141,151,58.503,45.621,0.138
0,8.698,91.744,0.144,152,58.241,45.744,0.138
0,8.744,91.744,0.143,153,57.643,46.737,0.139
0,8.698,91.744,0.142,154,57.573,46.992,0.14
0,8.744,92.372,0.143,155,57.404,47.534,0.141
0,8.791,92.372,0.141,156,56.825,48.514,0.143
0,8.744,92.372,0.141,157,57.499,48.087,0.143
0,8.744,92.372,0.14,158,57.438,48.222,0.144
0,8.837,92.372,0.141,157,56.955,48.466,0.143
0,8.837,92.791,0.141,158,56.872,48.6,0.144
0,8.767,92.791,0.141,159,57.3,48.506,0.145
0,8.767,93.163,0.141,160,57.223,48.905,0.146
0,8.814,93.163,0.14,161,57.107,48.959,0.146
0,8.767,93.163,0.14,162,57.187,48.929,0.146
0,8.767,93.163,0.14,163,57.117,49.138,0.147
0,8.814,95.651,0.146,164,56.739,49.41,0.149
0,8.86,95.93,0.148,163,57.076,49.872,0.147
0,8.907,95.93,0.147,164,56.831,50.801,0.148
0,9.0,95.93,0.146,165,56.433,51.029,0.15
0,9.047,95.93,0.145,166,55.542,51.416,0.151
0,9.186,98.163,0.151,167,54.247,53.416,0.153
0,9.233,98.767,0.15,168,53.497,54.897,0.155
0,9.233,98.767,0.15,169,53.486,54.944,0.155
0,9.465,101.512,0.161,167,52.354,57.081,0.154
0,9.558,102.605,0.162,168,51.627,58.883,0.157
0,9.558,102.884,0.162,169,51.528,59.721,0.157
0,9.698,104.209,0.164,170,50.759,62.237,0.16
0,9.744,104.209,0.164,171,50.649,62.581,0.16
0,9.837,105.07,0.166,172,50.409,63.257,0.161
0,9.837,105.07,0.165,173,50.396,63.257,0.161
0,10.07,105.07,0.168,170,49.959,64.615,0.159
0,10.256,106.419,0.171,171,49.089,66.714,0.16
0,10.302,106.419,0.17,172,48.826,66.967,0.161
0,10.349,107.349,0.172,173,48.511,67.871,0.163
0,10.395,109.047,0.176,174,46.503,69.277,0.164
0,10.395,109.047,0.176,175,46.485,69.277,0.165
0,10.395,109.256,0.176,176,46.42,69.743,0.165
0,10.442,109.86,0.176,177,46.157,71.497,0.167
0,10.488,109.86,0.176,178,46.017,71.656,0.167
0,10.581,109.86,0.176,177,45.959,72.196,0.166
0,10.581,110.279,0.176,178,45.82,72.45,0.168
0,10.721,111.465,0.18,179,45.505,73.527,0.168
0,10.767,112.977,0.183,180,45.223,74.49,0.17
0,10.721,112.977,0.182,181,45.271,74.515,0.171
0,10.977,112.977,0.184,180,44.722,75.414,0.169
0,10.93,112.977,0.183,181,45.469,74.993,0.17
0,10.93,112.977,0.183,182,45.437,75.049,0.17
0,10.93,113.0,0.182,183,45.414,75.163,0.171
0,11.023,113.0,0.181,184,45.162,76.319,0.172
0,10.977,113.0,0.182,184,45.386,75.372,0.171
0,11.07,114.047,0.184,185,44.935,76.516,0.173
0,11.07,114.047,0.183,186,44.915,76.633,0.173
0,11.116,114.907,0.185,187,44.675,77.986,0.174
0,11.209,117.093,0.191,188,44.191,78.754,0.176
0,11.256,117.093,0.19,189,44.072,79.111,0.176
0,11.442,117.093,0.191,188,43.894,80.006,0.176
0,11.442,117.233,0.191,189,43.635,80.913,0.176
0,11.488,117.233,0.19,190,43.695,81.509,0.177
0,11.535,117.953,0.191,191,43.411,82.275,0.179
0,11.488,117.953,0.191,192,43.488,81.729,0.179
0,11.628,119.116,0.193,193,43.015,83.425,0.18
0,11.535,116.558,0.187,193,44.803,83.149,0.179
0,11.581,116.558,0.186,194,44.605,83.642,0.18
0,11.535,116.558,0.185,195,44.776,83.525,0.181
0,11.628,116.535,0.187,192,44.931,83.849,0.179
0,11.674,116.535,0.186,193,44.606,84.132,0.18
0,11.767,118.767,0.192,194,44.328,84.492,0.181
0,11.767,118.767,0.192,195,44.301,84.799,0.182
0,11.767,118.884,0.192,196,44.278,84.98,0.182
0,11.767,119.163,0.191,197,44.157,85.391,0.184
0,11.721,119.256,0.195,195,46.269,83.073,0.181
0,11.721,119.279,0.194,196,46.247,83.196,0.181
0,11.721,119.279,0.195,196,46.315,83.274,0.181
0,11.628,119.279,0.193,197,46.346,83.147,0.182
0,11.628,119.279,0.193,198,46.302,83.379,0.183
0,11.674,120.605,0.196,199,44.709,83.677,0.184
0,11.721,120.605,0.195,200,44.519,85.035,0.185
0,11.977,123.721,0.203,199,43.682,87.682,0.187
0,11.977,123.721,0.203,200,43.67,87.743,0.187
0,11.977,123.721,0.202,201,43.646,87.803,0.187
0,12.023,123.721,0.201,202,43.401,89.463,0.189
0,11.977,123.721,0.201,203,43.52,89.478,0.189
0,11.977,123.721,0.2,204,43.51,89.478,0.189
0,11.977,123.721,0.2,205,43.481,89.729,0.19
0,12.163,123.721,0.201,203,43.264,90.875,0.189
0,12.209,123.721,0.2,204,43.198,91.623,0.189
0,12.209,124.093,0.201,205,43.102,91.877,0.19
0,12.256,124.093,0.201,206,43.091,92.579,0.19
0,12.302,124.093,0.2,207,42.336,92.704,0.191
0,12.349,124.093,0.2,208,42.33,93.102,0.191
0,12.814,123.047,0.2,204,42.365,97.039,0.188
0,12.814,123.047,0.2,205,42.328,97.105,0.189
0,12.814,123.535,0.2,206,42.209,98.039,0.19
0,12.86,123.535,0.2,207,42.061,98.477,0.19
0,12.907,123.535,0.199,208,41.984,99.342,0.191
0,12.953,123.535,0.198,209,41.846,100.483,0.192
0,12.907,123.535,0.198,210,41.939,100.429,0.192
0,12.953,123.535,0.199,209,42.144,100.494,0.19
0,12.953,123.605,0.199,210,42.126,100.63,0.191
0,13.023,123.605,0.199,211,42.077,101.826,0.191
0,13.023,124.093,0.2,212,41.958,103.319,0.192
0,13.163,125.442,0.203,213,41.665,105.644,0.194
0,13.163,125.442,0.202,214,41.638,105.644,0.195
0,13.116,125.395,0.206,211,42.06,103.478,0.191
0,13.116,125.395,0.206,212,42.051,103.549,0.191
0,13.116,125.395,0.205,213,41.981,103.963,0.192
0,13.14,125.395,0.204,214,41.967,104.037,0.193
0,13.186,125.395,0.204,215,41.861,104.57,0.193
0,13.233,125.86,0.205,216,41.726,105.83,0.194
0,13.512,128.698,0.212,216,40.999,107.885,0.197
0,13.512,128.698,0.212,217,40.981,107.957,0.198
0,13.372,128.698,0.211,218,41.118,107.137,0.198
0,13.372,128.698,0.21,219,41.055,107.94,0.199
0,13.279,128.837,0.21,220,41.134,107.214,0.2
0,13.326,129.814,0.212,221,41.046,107.433,0.2
0,13.326,129.814,0.212,222,40.967,107.501,0.201
0,13.465,131.651,0.218,222,40.66,109.274,0.202
0,13.558,131.651,0.217,223,39.814,109.657,0.203
0,13.605,132.488,0.219,224,39.692,110.975,0.204
0,13.651,134.233,0.223,225,39.404,112.183,0.206
0,13.698,134.721,0.223,226,39.138,114.508,0.208
0,13.744,134.721,0.222,227,39.049,115.677,0.208
0,13.744,134.721,0.222,228,39.049,115.677,0.209
0,13.744,134.86,0.222,229,39.03,115.677,0.209
0,13.744,134.86,0.222,230,39.017,115.752,0.209
0,13.744,133.581,0.219,228,44.861,115.304,0.209
0,13.698,133.581,0.217,229,44.82,116.428,0.21
0,13.744,133.581,0.216,230,44.738,116.792,0.211
0,13.744,133.721,0.216,231,44.715,116.792,0.211
0,13.744,133.721,0.216,232,44.705,116.863,0.212
0,13.744,133.721,0.216,233,44.696,116.939,0.212
0,13.744,133.721,0.216,234,44.657,116.939,0.212
0,13.791,133.721,0.215,235,44.566,117.281,0.212
0,13.791,135.605,0.225,231,44.735,113.462,0.211
0,13.837,135.651,0.224,232,44.645,113.477,0.211
0,13.884,135.93,0.224,233,43.852,114.056,0.213
0,13.884,135.93,0.224,234,43.852,114.056,0.213
0,13.93,136.767,0.225,235,43.684,115.484,0.215
0,13.93,136.767,0.224,236,43.634,115.843,0.215
0,13.93,136.814,0.224,237,43.63,115.843,0.216
0,13.977,136.814,0.228,234,43.791,115.24,0.213
0,13.977,136.814,0.227,235,43.762,115.79,0.213
0,13.977,136.814,0.227,236,43.731,116.146,0.214
0,13.977,137.535,0.232,235,43.695,116.541,0.212
0,13.93,137.535,0.232,236,43.764,116.534,0.212
0,13.93,137.535,0.232,237,43.443,116.659,0.212
0,13.977,138.488,0.233,238,43.263,118.66,0.215
0,14.209,138.674,0.235,234,42.877,119.732,0.214
0,14.163,138.674,0.234,235,42.857,119.732,0.214
0,14.209,139.0,0.233,236,42.72,121.277,0.216
0,14.209,139.0,0.233,237,42.692,121.961,0.217
0,14.256,140.14,0.235,238,42.284,122.721,0.218
0,14.302,140.14,0.234,239,42.229,122.813,0.218
0,14.302,140.14,0.234,240,42.144,123.113,0.219
0,14.442,143.884,0.245,241,41.633,126.99,0.221
0,14.442,143.884,0.245,242,41.61,127.528,0.222
0,14.721,148.93,0.262,240,41.136,130.727,0.223
0,14.721,148.93,0.262,241,41.117,130.727,0.223
0,14.86,149.209,0.26,242,40.787,133.754,0.225
0,14.953,149.791,0.262,243,40.654,135.103,0.226
0,15.093,150.628,0.264,244,40.418,136.536,0.226
0,15.14,150.791,0.264,245,40.337,136.668,0.228
0,15.186,150.791,0.264,244,40.108,136.015,0.228
0,15.186,150.791,0.263,245,39.999,138.241,0.229
0,15.186,151.163,0.263,246,39.96,138.479,0.23
0,15.279,155.395,0.275,247,39.467,139.156,0.232
0,15.419,158.953,0.285,248,39.152,142.33,0.236
0,15.395,158.953,0.284,249,39.197,142.327,0.236
0,15.395,158.953,0.284,250,39.147,142.407,0.236
0,15.442,161.186,0.289,251,32.985,145.668,0.238
0,15.488,161.535,0.289,252,32.918,146.155,0.24
0,15.628,160.488,0.29,249,32.974,145.904,0.235
0,15.535,160.488,0.288,250,32.929,146.318,0.237
0,15.581,160.93,0.289,251,32.854,147.715,0.238
0,15.628,160.93,0.286,252,32.66,148.63,0.24
0,15.814,160.07,0.285,251,32.68,150.119,0.239
0,15.814,160.233,0.285,252,32.656,150.283,0.239
0,15.767,160.233,0.285,253,32.696,149.607,0.24
0,15.814,160.721,0.285,254,32.589,150.469,0.241
0,15.814,160.721,0.285,255,32.577,150.469,0.241
0,15.674,160.721,0.284,256,32.606,148.953,0.242
0,15.628,160.721,0.282,257,32.687,149.141,0.244
0,15.628,160.721,0.282,258,32.67,149.141,0.244
0,15.628,160.884,0.281,259,32.309,151.608,0.246
0,15.581,160.884,0.283,257,32.635,149.027,0.244
0,15.581,160.953,0.283,258,32.624,149.188,0.244
0,15.581,161.326,0.283,259,32.537,149.185,0.245
0,15.581,161.326,0.283,260,32.52,149.429,0.245
0,15.349,161.326,0.291,254,33.268,141.689,0.238
0,15.349,161.326,0.291,255,33.195,141.835,0.238
0,15.349,161.907,0.292,256,33.093,142.763,0.24
0,15.349,161.907,0.292,257,33.078,143.305,0.24
0,15.581,164.674,0.303,256,32.889,146.273,0.242
0,15.535,164.674,0.302,257,32.882,147.006,0.243
0,15.488,164.674,0.302,258,32.886,146.789,0.243
0,15.535,164.674,0.301,259,32.836,147.479,0.244
0,15.535,164.674,0.3,260,32.71,148.839,0.245
0,15.535,164.674,0.299,261,32.679,149.222,0.246
0,15.535,164.674,0.298,262,32.584,151.879,0.247
0,15.465,164.674,0.302,257,32.862,148.255,0.243
0,15.419,164.674,0.302,258,32.967,147.716,0.243
0,15.465,166.372,0.307,259,32.884,149.139,0.244
0,15.465,166.372,0.306,260,32.871,149.218,0.245
0,15.419,166.372,0.306,261,32.865,149.333,0.246
0,15.419,166.442,0.305,262,32.828,149.871,0.246
0,15.419,166.442,0.303,263,32.48,151.575,0.248
0,15.465,166.535,0.302,264,32.34,151.583,0.249
0,15.651,164.791,0.303,260,32.36,149.634,0.243
0,15.605,164.791,0.302,261,32.378,149.727,0.243
0,15.605,164.791,0.302,262,32.372,149.727,0.244
0,15.651,164.907,0.301,263,32.337,149.794,0.245
0,15.698,164.907,0.302,261,32.379,149.366,0.244
0,15.698,165.07,0.302,262,32.361,149.366,0.245
0,15.698,165.07,0.301,263,32.331,149.533,0.245
0,15.512,165.256,0.299,264,32.351,149.849,0.248
0,15.512,165.256,0.299,265,32.343,149.849,0.249
0,15.512,165.395,0.299,266,32.285,150.689,0.25
0,15.512,165.395,0.298,267,32.272,150.771,0.25
0,15.465,165.395,0.298,268,32.402,149.676,0.25
0,15.512,166.302,0.3,269,32.304,150.941,0.252
0,15.558,166.302,0.299,270,32.212,152.038,0.252
0,15.628,166.442,0.303,268,32.339,151.028,0.25
0,15.721,169.372,0.312,269,32.172,152.152,0.252
0,15.814,170.07,0.313,270,31.573,152.994,0.253
0,15.953,173.023,0.32,271,30.367,157.803,0.256
0,15.86,173.023,0.32,272,30.45,156.626,0.257
0,16.0,173.023,0.323,270,30.613,155.843,0.253
0,16.047,173.023,0.322,271,30.525,157.594,0.254
0,16.14,175.86,0.332,272,30.36,160.932,0.256
0,16.093,175.86,0.332,273,30.399,160.916,0.256
0,16.093,175.86,0.33,274,30.337,161.334,0.258
0,16.093,175.953,0.33,275,30.182,162.129,0.259
0,16.14,176.256,0.329,276,29.82,162.297,0.26
0,16.186,176.256,0.329,277,29.749,162.314,0.261
0,16.419,176.116,0.329,277,29.442,164.883,0.26
0,16.465,176.116,0.327,278,29.274,167.007,0.262
0,16.419,176.116,0.326,279,29.261,167.447,0.263
0,16.419,176.116,0.326,280,29.244,167.776,0.263
0,16.419,176.442,0.326,281,29.108,168.991,0.264
0,16.512,176.442,0.326,282,29.017,170.21,0.265
0,16.605,176.767,0.325,283,28.862,173.931,0.266
0,16.558,176.767,0.324,284,28.858,174.271,0.267
0,16.465,176.767,0.325,283,29.051,171.825,0.266
0,16.465,176.767,0.325,284,29.026,172.487,0.267
0,16.651,180.0,0.334,285,28.042,176.833,0.27
0,16.558,180.0,0.334,286,28.118,175.945,0.27
0,16.558,180.0,0.333,287,28.085,176.969,0.27
0,16.419,180.0,0.333,288,28.14,175.453,0.271
0,16.419,180.0,0.331,289,28.008,175.603,0.272
0,16.488,180.0,0.333,289,28.044,174.863,0.27
0,16.488,180.209,0.334,290,27.999,175.276,0.271
0,16.535,180.674,0.335,291,27.944,176.565,0.272
0,16.535,180.674,0.335,292,27.928,176.866,0.272
0,16.581,180.674,0.334,293,27.887,177.52,0.273
0,16.628,180.674,0.333,294,27.737,178.329,0.274
0,16.628,180.674,0.332,295,27.707,178.414,0.275
0,16.721,182.256,0.337,294,27.453,178.128,0.276
0,16.814,182.256,0.336,295,27.441,178.758,0.276
0,16.953,182.605,0.336,296,27.284,180.88,0.278
0,17.233,182.605,0.34,292,27.232,181.621,0.274
0,17.233,182.605,0.34,293,27.222,182.109,0.274
0,17.233,182.605,0.34,294,27.22,182.197,0.274
0,17.279,184.86,0.348,295,27.151,183.338,0.275
0,17.419,186.86,0.354,296,26.953,185.937,0.276
0,17.372,186.86,0.354,297,26.953,185.937,0.277
0,17.465,186.86,0.353,298,26.838,186.162,0.278
0,17.558,189.163,0.36,299,26.577,190.211,0.281
0,17.558,189.163,0.359,300,26.571,190.211,0.281
0,17.558,189.163,0.359,301,26.34,191.5,0.282
0,17.837,188.977,0.361,299,26.266,193.334,0.28
0,17.837,188.977,0.36,300,26.241,193.789,0.28
0,17.837,188.977,0.359,301,26.225,193.789,0.281
0,17.744,188.977,0.359,302,26.246,193.198,0.282
0,17.907,190.558,0.367,298,26.191,191.186,0.278
0,17.86,190.558,0.367,299,26.201,191.142,0.279
0,17.907,190.558,0.367,300,25.866,193.866,0.28
0,18.0,190.558,0.366,301,25.739,195.594,0.281
0,18.0,190.558,0.365,302,25.71,196.393,0.281
0,17.953,189.907,0.365,300,25.792,192.765,0.278
0,17.953,189.907,0.365,301,25.762,192.765,0.279
0,18.0,189.907,0.364,302,25.725,194.076,0.279
0,17.953,189.907,0.364,303,25.765,193.959,0.28
0,18.0,189.907,0.362,304,25.68,194.805,0.281
0,18.0,190.186,0.363,305,25.635,195.516,0.282
0,18.0,190.186,0.362,306,25.599,196.3,0.283
0,18.047,190.744,0.364,307,25.546,197.462,0.284
0,18.047,190.744,0.363,308,25.523,197.822,0.284
0,18.047,190.884,0.363,309,25.501,198.554,0.285
0,18.047,191.442,0.365,310,25.452,199.467,0.286
0,18.0,191.07,0.365,308,25.571,197.828,0.285
0,18.047,191.07,0.364,309,25.488,199.379,0.285
0,18.047,191.07,0.363,310,25.448,199.933,0.286
0,18.186,192.651,0.367,311,25.091,203.816,0.288
0,18.512,196.744,0.384,307,23.627,204.544,0.285
0,18.558,196.744,0.384,308,23.59,205.568,0.285
0,18.698,201.605,0.402,309,23.419,209.732,0.288
0,18.744,203.628,0.405,310,22.61,212.99,0.29
0,18.93,206.465,0.416,311,22.377,216.95,0.292
0,18.907,206.465,0.415,312,22.402,216.942,0.292
0,18.907,206.465,0.415,313,22.382,217.494,0.292
0,19.0,206.465,0.415,314,22.33,219.679,0.293
0,19.0,206.465,0.415,315,22.325,219.679,0.293
0,19.047,206.465,0.416,315,22.421,219.45,0.291
0,19.047,206.465,0.416,316,22.406,219.45,0.291
0,19.047,206.465,0.416,317,22.403,219.45,0.291
0,19.0,206.488,0.416,318,22.414,219.216,0.292
0,18.907,206.488,0.414,319,22.383,220.827,0.293
0,18.86,206.488,0.413,320,22.326,221.567,0.294
0,18.907,207.209,0.415,321,22.302,221.858,0.296
0,18.86,207.209,0.414,322,22.261,222.228,0.297
0,18.721,207.209,0.413,323,22.332,220.408,0.297
0,18.721,207.209,0.413,324,22.314,220.408,0.298
0,18.953,207.488,0.415,322,22.061,223.122,0.297
0,18.953,207.86,0.415,323,22.026,223.699,0.298
0,18.953,207.86,0.415,324,22.005,223.796,0.299
0,19.023,207.86,0.415,325,22.096,224.808,0.299
0,19.023,207.86,0.414,326,22.071,225.845,0.299
0,19.023,208.186,0.415,327,22.042,226.902,0.3
0,19.07,208.186,0.414,328,22.0,227.532,0.301
0,19.07,208.186,0.414,329,21.993,228.58,0.302
0,19.116,208.14,0.415,329,22.158,228.233,0.3
0,19.116,208.14,0.415,330,22.139,228.43,0.3
0,19.163,208.14,0.414,331,22.035,228.802,0.301
0,19.209,208.14,0.413,332,21.955,230.985,0.302
0,19.209,208.488,0.414,333,21.91,232.145,0.303
0,19.209,208.488,0.413,334,21.889,232.834,0.304
0,19.209,208.488,0.413,335,21.863,232.815,0.304
0,19.209,208.488,0.412,336,21.831,233.601,0.305
0,19.209,208.488,0.411,337,21.793,234.545,0.306
0,19.233,208.488,0.411,338,21.783,234.633,0.306
0,19.326,209.698,0.414,339,21.456,236.743,0.308
0,19.326,209.698,0.415,335,21.438,236.49,0.306
0,19.326,209.698,0.414,336,21.377,236.89,0.307
0,19.326,209.698,0.414,337,21.33,237.752,0.308
0,19.837,210.395,0.42,334,21.229,242.888,0.304
0,19.791,210.395,0.42,335,21.275,242.555,0.305
0,19.837,210.395,0.419,336,21.249,243.452,0.305
0,19.837,210.744,0.42,337,21.234,243.553,0.306
0,19.837,210.744,0.42,338,21.225,243.863,0.306
0,19.884,210.744,0.419,339,21.115,244.556,0.306
0,19.884,210.744,0.424,336,21.238,238.72,0.302
0,19.93,211.953,0.425,337,20.943,243.189,0.305
0,20.349,214.698,0.436,337,20.616,245.819,0.304
0,20.256,214.698,0.436,338,20.642,245.742,0.304
0,20.302,215.488,0.438,339,20.514,247.739,0.306
0,20.302,215.488,0.438,340,20.493,248.134,0.306
0,20.209,215.488,0.438,341,20.541,247.48,0.307
0,20.116,215.488,0.437,342,20.549,247.288,0.308
0,20.163,216.326,0.44,343,20.453,248.272,0.309
0,20.163,216.326,0.438,344,20.398,249.194,0.311
0,20.302,216.326,0.437,345,20.316,251.778,0.312
0,20.395,217.326,0.441,346,20.252,253.624,0.313
0,20.395,217.326,0.442,343,20.331,253.948,0.311
0,20.581,217.721,0.44,344,20.127,258.472,0.314
0,20.581,217.721,0.439,345,20.071,258.899,0.316
0,20.628,217.721,0.439,346,20.033,260.475,0.316
0,20.767,218.628,0.441,347,19.896,264.343,0.318
0,20.86,218.628,0.44,348,19.828,266.063,0.319
0,21.047,219.907,0.446,347,19.751,267.517,0.318
0,21.093,222.977,0.454,348,19.618,269.253,0.32
0,21.163,224.116,0.464,340,19.642,267.846,0.315
0,21.163,224.116,0.464,341,19.617,268.582,0.315
0,21.163,224.535,0.465,342,19.58,269.513,0.316
0,21.209,224.535,0.464,343,19.468,271.445,0.318
0,21.209,224.535,0.463,344,19.458,271.777,0.318
0,21.256,225.698,0.465,345,18.947,276.109,0.321
0,21.256,225.698,0.464,346,18.922,276.109,0.322
0,21.349,225.698,0.466,343,18.893,275.755,0.32
0,21.349,225.698,0.466,344,18.881,276.369,0.32
0,21.302,225.698,0.466,345,18.888,275.788,0.32
0,21.349,225.698,0.465,346,17.02,278.298,0.321
0,21.442,227.512,0.472,347,16.919,280.247,0.322
0,21.581,230.651,0.486,346,16.873,283.764,0.322
0,21.581,230.651,0.486,347,16.86,284.209,0.323
0,21.581,230.814,0.485,348,16.822,285.552,0.324
0,21.628,230.814,0.485,349,16.717,286.052,0.325
0,21.535,230.814,0.484,350,16.776,285.9,0.325
0,21.535,230.814,0.482,351,16.631,290.076,0.328
0,21.372,230.814,0.486,348,16.801,284.637,0.324
0,21.419,230.814,0.485,349,16.751,286.214,0.325
0,21.419,230.814,0.485,350,16.738,286.647,0.325
0,21.419,230.814,0.484,351,16.665,287.206,0.326
0,21.372,230.814,0.485,350,16.729,284.329,0.326
0,21.465,234.0,0.495,351,16.587,286.192,0.327
0,21.465,234.0,0.494,352,16.563,286.859,0.328
0,21.558,234.0,0.494,353,16.491,287.993,0.328
0,21.558,234.0,0.493,354,16.461,287.993,0.329
0,21.558,234.0,0.492,355,16.404,290.307,0.33
0,21.419,234.0,0.492,356,16.466,287.945,0.33
0,21.605,234.744,0.499,353,16.458,286.912,0.328
0,21.605,234.744,0.499,354,16.452,287.24,0.328
0,21.605,234.744,0.498,355,16.463,287.576,0.328
0,21.605,234.837,0.498,356,16.446,288.236,0.329
0,21.651,236.209,0.503,357,16.36,290.461,0.331
0,21.698,236.209,0.502,358,16.265,290.992,0.332
0,21.698,236.209,0.502,359,16.25,290.992,0.333
0,21.698,236.209,0.504,355,16.239,290.717,0.33
0,21.651,236.209,0.503,356,16.211,291.62,0.331
0,21.698,236.209,0.503,357,16.185,293.231,0.331
0,21.744,236.209,0.501,358,16.084,294.325,0.333
0,21.744,236.209,0.501,359,16.068,294.884,0.333
0,21.744,236.209,0.501,360,16.06,294.884,0.333
0,22.07,240.419,0.519,354,16.114,294.792,0.331
0,22.209,240.419,0.518,355,15.885,295.223,0.333
0,22.302,240.419,0.517,356,15.835,295.491,0.334
0,22.256,240.419,0.516,357,15.84,295.652,0.335
0,22.256,241.535,0.519,358,15.744,298.336,0.338
0,22.163,241.535,0.518,359,15.739,297.659,0.339
0,22.209,242.953,0.524,360,15.69,299.852,0.341
0,22.209,242.953,0.524,361,15.677,300.196,0.341
0,22.256,242.953,0.523,362,15.63,300.936,0.342
0,22.256,243.093,0.523,363,15.619,301.599,0.342
0,22.256,243.093,0.523,364,15.595,302.257,0.343
0,22.302,243.093,0.521,365,15.544,303.473,0.345
0,22.442,243.093,0.524,362,15.594,303.84,0.342
0,22.535,243.209,0.523,363,15.443,305.908,0.344
0,22.535,243.302,0.523,364,15.435,305.908,0.344
0,22.535,243.86,0.525,365,15.389,307.244,0.346
0,22.488,241.326,0.518,362,15.688,301.889,0.34
0,22.535,241.326,0.517,363,15.589,304.888,0.341
0,22.581,241.326,0.515,364,15.484,307.452,0.344
0,22.674,241.326,0.515,365,15.405,308.606,0.344
0,22.721,241.326,0.514,366,15.363,309.974,0.345
0,22.744,241.326,0.514,367,15.353,310.734,0.345
0,22.698,241.326,0.512,368,15.266,311.07,0.347
0,22.698,241.326,0.512,369,15.255,311.518,0.348
0,22.907,241.326,0.513,367,15.324,314.274,0.347
0,22.907,242.047,0.515,368,15.261,315.222,0.348
0,22.767,242.047,0.514,369,15.304,312.93,0.348
0,22.767,242.047,0.514,370,15.302,312.93,0.348
0,22.721,242.047,0.514,371,15.299,312.372,0.348
0,22.884,242.047,0.518,366,15.422,312.057,0.344
0,22.93,242.047,0.517,367,15.354,313.785,0.345
0,22.977,246.302,0.523,368,15.305,314.035,0.346
0,23.023,246.302,0.522,369,15.265,315.607,0.347
0,23.023,246.302,0.522,370,15.255,315.607,0.347
0,23.023,246.302,0.521,371,15.249,315.607,0.347
0,23.023,246.302,0.527,364,15.439,312.265,0.34
0,23.023,246.302,0.527,365,15.429,312.611,0.34
0,23.023,246.302,0.526,366,15.309,314.262,0.341
0,23.07,246.302,0.526,367,15.296,314.452,0.341
0,23.07,246.302,0.525,368,15.269,314.917,0.342
0,23.116,246.372,0.524,369,15.223,315.891,0.343
0,23.116,246.372,0.524,370,15.214,315.891,0.344
0,23.116,246.372,0.527,367,15.283,313.41,0.341
0,23.209,246.372,0.526,368,15.189,316.2,0.342
0,23.209,246.372,0.525,369,15.175,316.677,0.343
0,23.163,246.372,0.524,370,15.167,317.102,0.343
0,23.116,246.372,0.522,371,15.082,318.545,0.345
0,23.163,246.465,0.522,372,15.043,319.213,0.346
0,23.256,248.233,0.527,373,15.001,319.337,0.347
0,23.349,248.233,0.53,370,15.008,316.963,0.344
0,23.349,248.233,0.53,371,15.003,316.963,0.345
0,23.395,249.163,0.532,372,14.903,320.54,0.346
0,23.488,249.163,0.532,373,14.822,324.257,0.347
0,23.488,249.163,0.531,374,14.802,324.867,0.348
0,23.488,249.163,0.53,375,14.759,325.107,0.349
0,23.535,247.395,0.53,370,14.932,319.513,0.343
0,23.535,247.395,0.53,371,14.919,319.513,0.343
0,23.535,247.395,0.529,372,14.902,319.513,0.344
0,23.535,247.395,0.528,373,14.881,320.238,0.345
0,23.535,247.395,0.528,374,14.875,320.484,0.345
0,23.535,247.395,0.527,375,14.856,320.964,0.346
0,23.535,247.395,0.527,376,14.833,321.21,0.347
0,23.535,247.395,0.527,375,14.888,318.738,0.346
0,23.535,247.395,0.527,376,14.845,319.56,0.346
0,23.628,247.395,0.525,377,14.752,322.214,0.348
0,23.628,247.581,0.525,378,14.734,322.826,0.349
0,23.674,247.581,0.524,379,14.665,324.926,0.35
0,23.721,247.581,0.524,380,14.64,326.174,0.35
0,23.628,247.581,0.527,376,14.812,324.73,0.347
0,23.581,247.581,0.527,377,14.797,323.954,0.348
0,23.674,249.977,0.535,378,14.694,327.741,0.349
0,23.674,249.977,0.535,379,14.685,328.235,0.35
0,23.767,249.977,0.539,376,14.772,325.903,0.346
0,23.814,249.977,0.538,377,14.724,328.058,0.347
0,23.814,249.977,0.538,378,14.687,328.058,0.347
0,23.628,249.977,0.537,379,14.725,326.342,0.348
0,23.395,249.977,0.541,374,15.176,317.744,0.344
0,23.395,249.977,0.54,375,15.17,317.986,0.344
0,24.093,249.977,0.544,368,15.054,321.77,0.34
0,24.233,251.651,0.55,369,14.959,324.185,0.341
0,24.233,252.395,0.553,370,14.9,325.906,0.343
0,24.233,252.581,0.553,371,14.886,326.033,0.344
0,24.186,252.581,0.553,372,14.909,325.514,0.344
0,24.233,253.465,0.556,373,14.834,328.8,0.346
0,24.233,253.953,0.558,374,14.8,330.523,0.348
0,24.326,256.047,0.566,375,14.691,334.507,0.35
0,24.326,256.395,0.568,376,14.668,335.37,0.351
0,24.651,256.395,0.573,369,14.834,332.876,0.345
0,24.651,256.395,0.572,370,14.79,335.236,0.346
0,24.605,256.395,0.572,371,14.783,334.638,0.347
0,24.279,256.395,0.573,368,14.906,330.772,0.346
0,24.233,256.395,0.572,369,14.865,330.92,0.346
0,24.233,256.395,0.572,370,14.845,331.537,0.347
0,24.233,256.884,0.574,371,14.804,332.289,0.348
0,24.14,256.884,0.573,372,14.794,332.342,0.35
0,24.233,256.884,0.572,373,14.63,332.596,0.351
0,24.86,258.907,0.584,366,14.418,338.944,0.346
0,24.86,258.907,0.584,367,14.404,339.332,0.346
0,24.767,258.907,0.583,368,14.404,338.294,0.347
0,24.814,259.372,0.584,369,14.358,338.964,0.348
0,24.86,259.372,0.586,366,14.421,336.86,0.345
0,24.907,260.163,0.589,367,14.367,339.277,0.346
0,24.907,260.163,0.588,368,14.349,339.789,0.347
0,24.907,260.163,0.588,369,14.345,339.789,0.347
0,24.767,260.163,0.587,370,14.374,338.706,0.348
0,24.86,261.07,0.592,371,14.317,343.429,0.349
0,24.86,261.07,0.591,372,14.304,343.814,0.35
0,24.953,264.651,0.599,373,14.183,348.398,0.353
0,24.86,264.651,0.598,374,14.18,348.222,0.354
0,24.907,264.651,0.598,375,14.153,349.715,0.355
0,24.814,265.465,0.6,374,14.2,345.815,0.355
0,24.721,265.465,0.599,375,14.182,345.273,0.356
0,24.721,265.465,0.599,376,14.177,345.401,0.356
0,24.814,270.047,0.61,377,14.027,351.386,0.358
0,24.767,271.884,0.614,378,13.972,351.356,0.359
0,24.767,272.442,0.616,379,13.921,354.417,0.361
0,24.767,272.558,0.615,380,13.893,355.175,0.362
0,25.0,272.372,0.614,377,12.872,360.029,0.363
0,25.0,272.372,0.614,378,12.868,360.029,0.363
0,25.0,272.372,0.613,379,12.857,360.775,0.364
0,24.953,272.372,0.612,380,12.84,360.566,0.365
0,25.0,272.372,0.612,381,12.801,363.043,0.366
0,25.047,271.488,0.609,379,12.833,361.439,0.364
0,25.047,271.488,0.609,380,12.823,361.698,0.365
0,25.047,271.488,0.608,381,12.655,363.57,0.366
0,25.047,271.488,0.608,382,12.579,363.958,0.367
0,25.233,271.488,0.61,379,12.638,364.662,0.364
0,25.233,271.488,0.61,380,12.624,364.662,0.365
0,25.233,271.488,0.609,381,12.594,366.05,0.366
0,25.233,271.488,0.609,382,12.59,367.154,0.366
0,25.14,271.395,0.609,380,12.662,366.34,0.365
0,25.14,271.884,0.61,381,12.597,369.417,0.367
0,25.14,271.884,0.61,382,12.572,370.178,0.368
0,25.093,271.884,0.609,383,12.575,369.505,0.368
0,25.186,271.884,0.609,384,12.479,374.251,0.37
0,25.233,271.884,0.609,385,12.043,378.289,0.371
0,25.279,271.884,0.608,386,11.966,381.282,0.374
0,25.279,271.884,0.607,387,11.948,382.3,0.375
0,25.419,271.884,0.609,385,11.976,382.385,0.373
0,25.419,271.884,0.608,386,11.961,383.413,0.373
0,25.605,271.884,0.612,383,11.597,381.79,0.37
0,25.605,271.884,0.612,384,11.593,381.79,0.371
0,25.651,273.349,0.615,385,11.445,387.227,0.373
0,25.651,273.349,0.615,386,11.443,387.227,0.373
0,25.837,272.14,0.613,385,11.509,388.118,0.37
0,25.93,273.116,0.617,386,11.42,390.95,0.373
0,25.93,273.116,0.616,387,11.404,391.085,0.374
0,25.93,273.535,0.617,388,11.381,391.22,0.375
0,25.93,273.535,0.616,389,11.348,393.573,0.376
0,25.977,273.535,0.62,390,11.304,393.585,0.377
0,25.977,273.721,0.62,391,11.258,396.239,0.378
0,25.93,273.721,0.624,389,11.219,394.949,0.379
0,25.93,273.721,0.624,390,11.175,397.64,0.38
0,25.93,273.721,0.623,391,11.175,397.64,0.38
0,25.977,273.721,0.622,392,11.112,401.455,0.381
0,25.977,273.721,0.622,393,11.109,401.455,0.381
0,25.93,273.721,0.621,394,11.079,402.115,0.383
0,25.977,275.86,0.628,392,11.027,403.639,0.384
0,26.023,275.86,0.627,393,11.011,404.903,0.385
0,26.023,276.419,0.629,394,10.974,407.715,0.386
0,26.023,276.419,0.63,395,10.96,408.39,0.387
0,26.116,276.419,0.629,396,10.898,411.759,0.388
0,26.07,276.419,0.628,397,10.863,411.259,0.39
0,25.93,276.535,0.63,395,10.92,408.49,0.388
0,25.93,276.535,0.63,396,10.911,408.625,0.388
0,25.93,276.535,0.63,397,10.904,408.625,0.388
0,25.93,276.535,0.629,398,10.9,408.895,0.389
0,26.163,276.535,0.632,395,10.961,409.246,0.384
0,26.209,276.535,0.632,396,10.949,410.654,0.384
0,26.209,276.535,0.632,397,10.929,411.064,0.385
0,26.163,276.535,0.631,398,10.925,410.405,0.385
0,26.163,276.535,0.631,399,10.916,410.405,0.386
0,26.163,276.535,0.631,400,10.912,410.543,0.386
0,26.349,277.488,0.638,397,10.933,411.698,0.384
0,26.349,277.488,0.638,398,10.924,412.391,0.385
0,26.349,277.488,0.638,399,10.922,412.53,0.385
0,26.256,277.488,0.64,398,11.048,406.607,0.381
0,26.256,277.488,0.64,399,11.035,407.812,0.382
0,26.209,277.488,0.64,400,11.056,407.623,0.382
0,26.209,277.488,0.639,401,11.04,408.304,0.382
0,26.256,277.488,0.638,402,10.991,410.024,0.384
0,26.256,277.488,0.637,403,10.909,411.467,0.385
0,26.256,277.488,0.637,404,10.889,411.744,0.385
0,26.395,281.14,0.645,405,10.809,414.644,0.387
0,26.395,281.14,0.644,406,10.748,417.873,0.388
0,26.302,281.14,0.646,402,10.917,409.084,0.383
0,26.302,281.14,0.646,403,10.895,408.742,0.384
0,26.349,282.837,0.65,404,10.851,411.441,0.386
0,26.349,282.837,0.65,405,10.851,411.441,0.387
0,26.302,282.837,0.65,406,10.856,410.521,0.387
0,26.302,282.837,0.649,407,10.831,412.624,0.388
0,26.302,282.837,0.649,408,10.8,412.759,0.39
0,26.302,282.837,0.648,409,10.756,414.431,0.392
0,26.349,283.209,0.65,410,10.723,416.701,0.393
0,26.256,283.209,0.654,404,10.866,410.355,0.387
0,26.209,283.209,0.654,405,10.847,410.029,0.388
0,26.163,283.209,0.653,406,10.814,410.463,0.39
0,26.163,283.209,0.652,407,10.803,410.463,0.39
0,26.209,283.395,0.653,408,10.693,414.367,0.392
0,26.395,284.605,0.66,406,10.689,416.945,0.39
0,26.395,284.605,0.659,407,10.671,417.221,0.391
0,26.581,289.907,0.679,408,10.572,423.417,0.393
0,26.581,289.907,0.679,409,10.564,423.417,0.394
0,26.674,290.256,0.682,403,10.768,419.036,0.389
0,26.535,290.419,0.681,404,10.718,416.734,0.39
0,26.488,290.419,0.68,405,10.69,416.503,0.392
0,26.488,290.419,0.68,406,10.683,417.055,0.392
0,26.535,290.419,0.68,407,10.621,418.084,0.393
0,26.674,290.419,0.684,403,10.672,418.189,0.391
0,26.674,290.605,0.684,404,10.615,419.071,0.391
0,26.674,290.605,0.684,405,10.6,420.324,0.392
0,26.628,290.605,0.684,406,10.606,419.68,0.392
0,26.674,290.605,0.684,407,10.59,420.674,0.392
0,27.326,290.721,0.682,398,10.632,424.461,0.385
0,27.326,290.721,0.681,399,10.627,425.021,0.386
0,27.326,290.837,0.681,400,10.605,425.843,0.386
0,27.326,290.837,0.681,401,10.579,426.56,0.387
0,27.326,290.837,0.68,402,10.521,426.702,0.388
0,27.372,290.837,0.68,403,10.497,428.631,0.389
0,27.512,290.163,0.679,402,10.578,427.678,0.386
0,27.512,290.163,0.679,403,10.573,427.678,0.386
0,27.512,290.163,0.679,404,10.564,427.678,0.387
0,27.512,290.163,0.679,405,10.557,427.821,0.387
0,27.605,290.442,0.679,406,10.434,433.497,0.389
0,27.512,292.349,0.692,403,10.523,429.411,0.387
0,27.535,292.349,0.692,404,10.533,429.978,0.388
0,27.535,292.349,0.691,405,10.516,430.853,0.389
0,27.581,292.349,0.691,406,10.474,430.874,0.39
0,27.581,292.349,0.691,407,10.468,430.874,0.39
0,27.581,292.349,0.69,408,10.461,431.591,0.391
0,27.674,292.442,0.697,405,10.517,427.547,0.388
0,27.674,292.442,0.696,406,10.51,427.693,0.388
0,27.767,292.442,0.696,407,10.445,430.138,0.39
0,27.814,292.442,0.696,408,10.388,432.313,0.392
0,27.907,293.744,0.7,409,10.306,436.63,0.394
0,27.86,293.744,0.7,410,10.303,435.716,0.395
0,27.767,294.605,0.709,406,10.403,428.454,0.392
0,27.767,294.605,0.709,407,10.399,428.454,0.392
0,27.791,294.605,0.709,408,10.377,429.86,0.392
0,27.698,294.605,0.713,400,11.152,418.135,0.385
0,27.744,295.395,0.714,401,11.097,419.165,0.387
0,27.744,295.395,0.713,402,11.094,419.165,0.387
0,27.744,295.395,0.713,403,11.086,419.868,0.387
0,27.767,295.395,0.713,404,11.076,421.25,0.388
0,27.721,295.395,0.713,405,11.074,421.132,0.388
0,27.349,294.605,0.711,395,11.339,411.025,0.381
0,27.395,294.605,0.711,396,11.312,412.725,0.382
0,27.395,294.605,0.711,397,11.301,413.017,0.382
0,27.442,297.209,0.719,394,10.795,414.31,0.381
0,27.442,297.209,0.719,395,10.788,414.457,0.381
0,27.349,297.209,0.719,396,10.801,414.161,0.381
0,27.209,297.209,0.718,397,10.814,412.899,0.382
0,27.256,297.209,0.718,398,10.776,415.817,0.383
0,27.302,297.209,0.718,399,10.757,416.797,0.384
0,27.209,297.209,0.718,400,10.759,416.195,0.384
0,27.209,297.209,0.717,401,10.741,416.317,0.385
0,27.209,297.302,0.717,402,10.709,417.731,0.386
0,27.07,297.302,0.717,400,11.314,411.938,0.385
0,27.209,297.302,0.718,401,11.214,418.049,0.388
0,27.209,297.674,0.72,402,11.197,419.049,0.389
0,27.256,297.674,0.719,403,11.147,421.76,0.39
0,27.186,297.674,0.719,398,11.29,416.051,0.387
0,27.14,297.674,0.719,399,11.276,415.6,0.387
0,27.14,297.674,0.718,400,11.256,415.6,0.389
0,27.186,298.209,0.718,401,11.206,418.543,0.39
0,27.233,299.256,0.72,402,11.139,419.966,0.392
0,27.233,299.605,0.719,403,11.114,421.242,0.393
0,27.326,299.605,0.719,404,11.077,424.653,0.395
0,27.419,299.605,0.715,402,11.088,423.766,0.392
0,27.419,299.605,0.715,403,11.081,423.766,0.392
0,27.419,300.023,0.716,404,11.043,424.623,0.394
0,27.465,300.023,0.717,404,10.945,426.368,0.392
0,27.465,300.116,0.717,405,10.938,426.368,0.393
0,27.326,300.116,0.716,406,10.936,424.634,0.394
0,27.372,301.488,0.718,407,10.887,428.161,0.395
0,27.372,301.767,0.719,408,10.838,429.723,0.397
0,27.465,301.767,0.722,402,11.344,422.37,0.39
0,27.465,301.767,0.721,403,11.318,424.454,0.391
0,27.465,301.93,0.721,404,11.299,425.033,0.392
0,27.512,301.93,0.72,405,11.209,429.776,0.394
0,27.512,301.93,0.72,406,11.196,430.209,0.395
0,27.605,302.349,0.72,407,11.14,430.255,0.397
0,27.605,302.349,0.72,408,11.129,431.112,0.397
0,27.651,303.767,0.72,409,11.051,434.359,0.4
0,27.605,303.767,0.719,410,11.055,434.334,0.401
0,27.651,303.767,0.719,411,11.024,435.5,0.402
0,27.744,303.767,0.719,412,10.981,438.099,0.403
0,27.814,306.581,0.721,413,10.962,441.125,0.405
