1,4,0,0.349,1.372,0.0,4,347.942,0.0,0.005,0.044
2,6,0,0.744,2.86,0.001,10,325.021,0.06,0.009,0.025
3,8,0,1.023,5.814,0.003,18,316.056,0.222,0.016,0.023
4,4,0,1.209,7.372,0.004,21,297.108,0.383,0.019,0.014
5,6,0,1.488,10.233,0.008,27,269.343,0.792,0.024,0.006
6,4,0,1.674,12.535,0.011,31,256.104,1.175,0.027,0.005
7,8,0,2.698,16.814,0.017,38,189.665,2.767,0.034,0.001
8,10,0,3.209,22.884,0.026,47,168.21,4.773,0.043,0.001
9,8,0,3.767,27.023,0.032,54,151.199,6.61,0.05,0.0
10,3,0,3.674,27.791,0.034,55,155.758,6.913,0.049,0.0
11,6,0,3.907,31.791,0.044,59,152.367,7.037,0.051,0.0
12,8,0,4.186,35.698,0.05,66,138.168,8.832,0.057,0.0
13,6,0,4.605,39.209,0.06,69,119.714,9.937,0.058,0.0
14,3,0,4.744,39.744,0.06,72,117.734,10.506,0.059,0.0
15,2,0,4.837,40.372,0.062,73,117.034,10.61,0.06,0.0
16,8,0,4.977,43.488,0.064,81,111.905,12.506,0.067,0.0
17,6,0,5.023,45.047,0.063,87,108.809,13.848,0.072,0.0
18,7,0,5.279,45.628,0.065,91,106.021,15.416,0.072,0.0
19,2,0,5.372,47.047,0.069,91,104.598,14.786,0.072,0.0
20,7,0,5.651,49.744,0.071,97,98.801,17.666,0.078,0.0
21,5,0,6.07,55.977,0.085,101,92.909,20.368,0.085,0.0
22,9,0,6.628,62.698,0.095,109,83.659,24.077,0.095,0.0
23,13,0,7.14,69.116,0.105,121,74.019,28.298,0.106,0.0
24,7,0,7.14,69.93,0.104,128,73.645,29.803,0.109,0.0
25,4,0,7.279,70.558,0.103,130,73.159,30.226,0.111,0.0
26,10,0,7.977,80.047,0.121,137,67.092,38.342,0.124,0.0
27,4,0,8.233,82.233,0.125,139,64.121,40.161,0.128,0.0
28,7,0,8.326,87.791,0.137,143,60.527,43.269,0.132,0.0
29,7,0,8.512,88.233,0.135,149,59.455,44.62,0.136,0.0
30,9,0,8.837,92.372,0.141,156,57.006,48.298,0.143,0.0
31,8,0,8.814,95.651,0.148,162,57.298,49.158,0.147,0.0
32,6,0,9.233,98.767,0.15,168,53.497,54.897,0.155,0.0
33,1,0,9.372,98.767,0.154,166,53.241,54.254,0.152,0.0
34,7,0,10.023,105.07,0.169,169,50.169,63.507,0.158,0.0
35,5,0,10.395,109.047,0.176,174,46.503,69.277,0.164,0.001
36,4,0,10.535,109.86,0.177,176,46.286,71.894,0.165,0.001
37,5,0,10.953,112.977,0.184,179,44.778,75.196,0.169,0.001
38,5,0,10.977,113.0,0.182,183,45.407,75.316,0.171,0.001
39,6,0,11.349,117.093,0.191,187,44.005,79.165,0.175,0.001
40,6,0,11.535,116.558,0.187,192,44.726,83.123,0.179,0.001
41,3,0,11.628,116.395,0.187,191,44.96,83.727,0.179,0.001
42,6,0,11.767,119.163,0.196,194,46.351,82.966,0.18,0.001
43,2,0,11.767,119.279,0.197,195,46.433,81.867,0.179,0.001
44,5,0,11.791,120.605,0.195,198,44.289,85.278,0.184,0.001
45,7,0,12.163,123.721,0.201,202,43.272,90.875,0.188,0.001
46,6,0,12.814,123.0,0.2,203,42.392,96.835,0.188,0.001
47,7,0,13.0,123.535,0.2,208,42.191,100.137,0.189,0.001
48,6,0,13.116,125.302,0.206,210,42.069,103.478,0.191,0.002
49,6,0,13.326,125.86,0.205,215,41.472,105.983,0.194,0.002
50,7,0,13.372,129.814,0.214,221,41.02,106.849,0.199,0.002
51,9,0,13.744,133.023,0.218,227,44.949,114.516,0.207,0.003
52,8,0,13.698,133.721,0.22,230,44.928,112.145,0.208,0.003
53,7,0,14.023,136.814,0.229,233,43.732,114.994,0.212,0.003
54,3,0,13.884,134.93,0.224,234,43.981,113.857,0.21,0.003
55,4,0,14.209,138.488,0.235,233,43.032,119.511,0.213,0.003
56,9,0,14.535,143.791,0.246,239,41.522,127.328,0.22,0.004
57,6,0,15.14,150.791,0.265,243,40.203,134.941,0.227,0.005
58,9,0,15.535,159.814,0.289,248,33.497,144.757,0.234,0.005
59,4,0,15.814,160.0,0.285,250,32.684,149.668,0.238,0.005
60,9,0,15.628,160.884,0.283,256,32.611,149.203,0.244,0.005
61,4,0,15.349,161.326,0.292,253,33.28,141.689,0.238,0.005
62,4,0,15.395,161.907,0.293,255,33.104,142.813,0.239,0.005
63,7,0,15.558,164.674,0.302,256,32.804,149.219,0.243,0.005
64,8,0,15.651,164.791,0.303,259,32.379,149.47,0.242,0.005
65,4,0,15.698,164.907,0.302,260,32.39,149.283,0.244,0.006
66,10,0,15.628,166.302,0.303,267,32.366,150.866,0.249,0.006
67,5,0,16.0,173.023,0.323,269,30.62,155.843,0.253,0.007
68,8,0,16.279,176.116,0.329,276,29.667,162.695,0.26,0.008
69,8,0,16.419,176.767,0.326,282,29.101,171.67,0.266,0.009
70,7,0,16.465,180.0,0.333,288,28.047,174.862,0.27,0.009
71,7,0,16.581,180.674,0.334,293,27.956,176.804,0.273,0.01
72,3,0,17.186,182.605,0.341,291,27.324,180.57,0.274,0.012
73,9,0,17.558,189.163,0.359,300,26.571,190.211,0.281,0.014
74,1,0,17.884,188.977,0.362,298,26.228,192.8,0.279,0.015
75,4,0,17.814,188.977,0.363,297,26.439,188.232,0.276,0.014
76,5,0,17.953,189.907,0.365,299,25.814,191.95,0.278,0.015
77,11,0,18.093,191.07,0.365,307,25.503,199.329,0.285,0.017
78,4,0,18.372,192.651,0.372,306,25.107,202.072,0.284,0.018
79,9,0,19.047,206.465,0.417,314,22.432,219.054,0.291,0.022
80,4,0,19.0,206.488,0.416,318,22.414,219.216,0.292,0.022
81,6,0,18.953,207.209,0.414,321,22.085,222.83,0.296,0.023
82,8,0,19.07,207.488,0.413,328,22.23,227.577,0.299,0.025
83,11,0,19.372,209.698,0.416,334,21.456,235.947,0.305,0.03
84,3,0,19.698,209.698,0.419,333,21.426,240.686,0.303,0.031
85,6,0,19.884,210.744,0.424,335,21.257,238.211,0.302,0.033
86,2,0,20.209,211.953,0.427,336,20.898,243.578,0.302,0.036
87,10,0,20.349,217.326,0.443,342,20.389,252.434,0.31,0.041
88,6,0,21.0,218.628,0.443,346,19.838,266.545,0.317,0.054
89,2,0,21.116,222.977,0.461,339,19.736,264.143,0.313,0.053
90,7,0,21.349,225.698,0.467,342,18.905,275.199,0.319,0.06
91,5,0,21.349,227.512,0.472,345,17.043,279.366,0.321,0.058
92,6,0,21.372,230.814,0.486,347,16.827,283.699,0.324,0.06
93,4,0,21.372,230.814,0.487,349,16.791,283.216,0.324,0.06
94,7,0,21.605,234.0,0.497,352,16.524,285.457,0.326,0.066
95,7,0,21.744,236.209,0.504,354,16.241,290.616,0.33,0.072
96,6,0,21.93,236.047,0.504,353,16.273,291.6,0.329,0.075
97,12,0,22.488,243.093,0.524,361,15.577,303.977,0.342,0.102
98,4,0,22.488,241.326,0.519,361,15.724,300.77,0.339,0.099
99,8,0,22.977,241.326,0.513,366,15.18,314.874,0.346,0.123
100,5,0,22.884,242.047,0.519,365,15.492,311.703,0.343,0.115
101,6,0,23.116,246.302,0.528,363,15.448,312.831,0.339,0.117
102,7,0,23.116,246.372,0.527,366,15.322,313.172,0.34,0.118
103,7,0,23.349,248.233,0.531,369,15.022,316.609,0.344,0.131
104,6,0,23.581,247.395,0.53,369,14.916,319.206,0.342,0.136
105,7,0,23.581,247.395,0.528,374,14.894,318.76,0.345,0.141
106,6,0,23.721,247.581,0.528,375,14.776,326.454,0.347,0.149
107,4,0,23.767,249.977,0.539,375,14.772,325.903,0.345,0.148
108,4,0,23.395,249.977,0.541,373,15.179,317.624,0.343,0.133
109,2,0,24.093,249.977,0.545,367,15.083,321.145,0.339,0.15
110,9,0,24.605,256.395,0.574,368,14.839,332.517,0.344,0.183
111,3,0,24.419,256.395,0.574,367,14.897,331.506,0.345,0.175
112,6,0,24.767,256.884,0.578,365,14.529,335.622,0.343,0.187
113,4,0,24.86,259.372,0.586,365,14.441,336.085,0.345,0.194
114,10,0,24.767,264.651,0.599,373,14.268,344.777,0.353,0.207
115,7,0,24.953,272.372,0.615,376,12.939,357.318,0.361,0.23
116,5,0,25.047,271.488,0.61,378,12.876,359.735,0.363,0.241
117,4,0,25.233,271.488,0.611,378,12.653,364.022,0.363,0.25
118,4,0,25.14,271.395,0.609,379,12.669,366.34,0.365,0.251
119,8,0,25.419,271.884,0.609,384,11.985,382.385,0.372,0.283
120,2,0,25.605,271.884,0.612,382,11.631,381.79,0.369,0.285
121,4,0,25.884,272.14,0.613,384,11.51,387.845,0.37,0.302
122,7,0,25.977,273.721,0.622,388,11.319,393.735,0.376,0.327
123,6,0,25.93,273.721,0.621,391,11.096,401.713,0.382,0.343
124,6,0,25.93,276.419,0.63,394,10.946,406.114,0.387,0.358
125,4,0,26.163,276.535,0.633,394,10.997,408.967,0.383,0.362
126,6,0,26.256,276.535,0.633,396,10.983,408.763,0.383,0.367
127,3,0,26.256,277.488,0.64,397,11.066,405.142,0.381,0.36
128,9,0,26.302,281.14,0.647,401,10.945,408.807,0.383,0.37
129,9,0,26.302,283.209,0.654,403,10.842,410.376,0.387,0.384
130,5,0,26.349,283.395,0.654,405,10.729,414.339,0.39,0.396
131,4,0,26.674,289.907,0.682,402,10.789,417.91,0.388,0.414
132,5,0,26.628,290.419,0.682,402,10.711,415.913,0.389,0.416
133,5,0,27.279,290.605,0.681,397,10.668,422.687,0.384,0.445
134,6,0,27.419,290.163,0.68,401,10.599,426.315,0.386,0.462
135,5,0,27.372,290.442,0.68,402,10.564,425.609,0.386,0.459
136,6,0,27.628,292.349,0.692,404,10.536,427.534,0.388,0.485
137,6,0,27.721,293.744,0.702,405,10.434,428.191,0.39,0.502
138,3,0,27.698,294.605,0.713,399,11.167,416.135,0.384,0.483
139,6,0,27.349,294.605,0.711,394,11.341,410.881,0.381,0.445
140,3,0,27.442,294.233,0.711,393,11.411,409.198,0.379,0.445
141,9,0,27.07,297.302,0.718,399,11.325,411.513,0.385,0.438
142,4,0,27.186,297.674,0.72,397,11.302,415.618,0.386,0.45
143,7,0,27.419,299.605,0.715,401,11.095,423.626,0.392,0.489
144,3,0,27.465,300.023,0.717,403,11.057,424.579,0.391,0.49
145,5,0,27.419,301.767,0.722,401,11.346,421.99,0.389,0.482
146,12,0,28.047,306.581,0.725,406,11.092,439.143,0.399,0.564
147,6,0,28.233,308.814,0.733,408,10.855,448.676,0.403,0.591
148,8,0,28.419,317.395,0.731,413,11.227,449.914,0.41,0.633
149,7,0,28.512,317.558,0.724,417,10.911,462.85,0.419,0.666
150,3,0,28.651,317.558,0.725,419,10.826,469.196,0.421,0.684
151,5,0,29.0,318.581,0.725,418,10.309,473.477,0.421,0.702
152,10,0,29.512,320.395,0.731,421,10.077,487.102,0.425,0.744
153,3,0,29.465,320.674,0.732,422,10.13,483.511,0.424,0.739
154,6,0,29.651,319.814,0.735,424,10.044,491.212,0.426,0.755
155,5,0,29.744,319.814,0.734,423,9.894,488.218,0.429,0.768
156,3,0,30.465,319.651,0.728,421,9.549,497.441,0.427,0.797
157,6,0,30.349,320.14,0.729,423,9.697,492.448,0.425,0.788
158,6,0,30.442,320.14,0.732,424,9.754,491.623,0.422,0.785
159,6,0,30.674,321.395,0.726,429,9.662,501.652,0.428,0.812
160,9,0,30.814,321.512,0.721,435,9.6,503.242,0.431,0.825
161,8,0,31.047,321.442,0.72,437,9.515,509.4,0.433,0.839
162,5,0,31.372,324.93,0.721,434,9.611,512.535,0.431,0.849
163,11,0,31.791,324.93,0.725,442,9.437,525.362,0.438,0.875
164,8,0,32.023,324.93,0.727,444,9.434,527.644,0.436,0.88
165,4,0,32.07,324.93,0.724,445,9.411,527.479,0.436,0.881
166,4,0,31.93,324.93,0.726,442,9.44,523.515,0.434,0.874
167,7,0,31.837,325.047,0.724,448,9.363,527.832,0.439,0.878
168,2,0,31.837,325.047,0.725,448,9.426,526.374,0.437,0.875
169,6,0,31.86,320.698,0.716,450,10.341,523.266,0.437,0.88
170,9,0,31.628,320.767,0.714,457,10.263,528.22,0.442,0.88
171,7,0,31.558,322.372,0.714,460,10.293,526.323,0.443,0.879
172,5,0,31.977,325.209,0.718,461,9.958,538.308,0.446,0.896
173,6,0,32.116,325.86,0.719,465,9.801,547.483,0.452,0.907
174,5,0,32.349,325.86,0.72,463,8.936,548.742,0.451,0.909
175,5,0,32.674,326.047,0.72,461,9.038,550.188,0.446,0.912
176,4,0,32.907,326.047,0.723,460,9.108,550.975,0.445,0.917
177,5,0,32.814,326.628,0.724,462,9.121,552.274,0.448,0.917
178,1,0,32.698,326.628,0.726,458,9.188,546.787,0.444,0.91
179,3,0,32.791,326.628,0.726,457,9.171,548.148,0.445,0.914
180,6,0,33.163,326.953,0.726,460,9.141,560.185,0.448,0.925
181,2,0,33.465,326.953,0.726,456,9.157,559.618,0.446,0.93
182,4,0,22.116,335.512,0.626,456,11.259,368.123,0.451,0.306
183,4,0,22.209,335.605,0.626,458,11.187,369.999,0.452,0.315
184,7,0,22.791,336.349,0.635,460,11.081,378.028,0.452,0.355
185,4,0,22.93,336.442,0.637,460,11.0,379.723,0.453,0.367
186,5,0,23.302,336.442,0.644,456,10.927,380.144,0.447,0.375
187,3,0,23.651,336.628,0.652,453,10.99,385.505,0.445,0.393
188,6,0,23.698,331.628,0.654,454,11.016,389.051,0.446,0.399
189,4,0,24.163,330.395,0.658,448,11.218,388.27,0.439,0.413
190,6,0,24.302,330.395,0.659,452,11.086,392.78,0.444,0.439
191,7,0,24.442,330.395,0.658,454,10.789,396.119,0.441,0.438
192,11,0,24.86,330.395,0.668,460,10.604,409.614,0.447,0.49
193,11,0,24.953,330.395,0.668,467,10.237,419.579,0.456,0.526
194,7,0,25.256,330.395,0.671,469,10.04,428.729,0.457,0.554
195,8,0,25.488,330.209,0.673,471,10.188,427.683,0.452,0.552
196,5,0,26.0,330.209,0.676,471,10.173,431.294,0.446,0.57
197,5,0,26.256,327.419,0.687,472,10.046,439.644,0.449,0.6
198,7,0,26.535,327.419,0.69,470,9.905,446.542,0.449,0.62
199,10,0,26.349,327.419,0.691,476,9.814,450.457,0.455,0.624
200,6,0,26.86,327.698,0.697,478,9.166,464.165,0.457,0.665
201,13,0,27.698,328.349,0.705,483,8.853,487.571,0.46,0.727
202,5,0,27.791,328.349,0.703,488,8.737,493.504,0.464,0.743
203,2,0,27.837,328.349,0.704,484,8.774,491.63,0.462,0.741
204,11,0,28.07,328.512,0.703,492,8.448,501.847,0.472,0.778
205,1,0,28.209,328.512,0.704,489,8.506,503.663,0.469,0.779
206,8,0,28.163,330.209,0.709,489,8.617,500.395,0.468,0.774
207,4,0,28.023,329.86,0.71,486,8.905,492.42,0.464,0.757
208,5,0,20.419,337.488,0.602,486,14.56,358.661,0.464,0.261
209,3,0,20.558,337.488,0.601,483,14.615,357.196,0.462,0.263
210,6,0,20.651,337.488,0.617,485,14.45,362.966,0.463,0.272
211,5,0,20.93,337.86,0.625,489,14.384,365.34,0.466,0.296
212,1,0,21.023,337.86,0.631,487,14.29,367.421,0.464,0.296
213,8,0,21.302,337.86,0.643,494,13.753,373.356,0.469,0.326
214,3,0,21.581,337.86,0.64,494,13.73,377.652,0.466,0.336
215,4,0,22.047,337.86,0.654,492,13.636,382.435,0.462,0.355
216,8,0,22.651,338.233,0.654,497,13.154,402.797,0.471,0.426
217,5,0,22.93,334.837,0.657,493,13.194,404.828,0.466,0.432
218,6,0,23.674,335.0,0.661,493,12.965,422.27,0.464,0.479
219,5,0,23.953,335.0,0.666,491,12.878,425.455,0.466,0.507
220,4,0,24.558,334.953,0.673,485,12.987,435.923,0.458,0.526
221,6,0,24.814,334.395,0.672,483,12.835,444.073,0.458,0.545
222,4,0,25.047,334.395,0.676,479,13.074,441.994,0.45,0.535
223,5,0,25.163,334.395,0.68,480,13.074,442.59,0.449,0.541
224,5,0,25.233,334.395,0.677,483,12.814,447.012,0.455,0.565
225,5,0,25.605,334.07,0.689,480,12.816,452.24,0.452,0.583
226,7,0,21.907,337.209,0.6,483,11.656,390.648,0.45,0.293
227,5,0,22.047,337.209,0.6,483,11.71,391.844,0.45,0.303
228,10,0,22.651,337.86,0.605,485,11.147,409.64,0.453,0.35
229,3,0,23.442,337.86,0.609,482,10.721,424.218,0.45,0.392
230,6,0,23.605,339.0,0.611,484,10.523,431.908,0.453,0.414
231,3,0,23.605,339.093,0.61,486,10.476,434.827,0.455,0.42
232,7,0,18.721,339.07,0.516,487,12.698,335.907,0.46,0.156
233,5,0,19.651,341.186,0.522,484,12.377,350.935,0.459,0.194
234,3,0,20.093,341.186,0.535,484,12.252,361.162,0.461,0.221
235,6,0,20.837,341.186,0.55,481,12.223,371.17,0.457,0.249
236,5,0,21.209,341.349,0.556,482,11.969,379.004,0.457,0.273
237,1,0,21.674,341.349,0.566,477,12.503,383.502,0.455,0.298
238,6,0,22.837,341.349,0.575,469,12.516,395.999,0.445,0.346
239,6,0,23.07,342.86,0.579,474,12.256,403.081,0.449,0.372
240,11,0,23.372,342.86,0.579,478,11.509,411.104,0.452,0.403
241,6,0,23.209,343.093,0.585,479,11.503,418.406,0.456,0.404
242,6,0,23.395,343.093,0.59,483,11.035,424.898,0.458,0.419
243,7,0,23.814,343.698,0.594,485,10.749,438.37,0.462,0.465
244,3,0,24.14,344.116,0.594,483,10.718,443.043,0.458,0.475
245,7,0,24.837,344.209,0.613,485,10.832,452.064,0.46,0.539
246,4,0,25.256,344.023,0.615,483,10.812,458.678,0.458,0.562
247,5,0,25.395,344.07,0.628,485,10.072,465.539,0.461,0.578
248,6,0,26.047,344.07,0.648,482,9.738,473.442,0.457,0.609
249,6,0,26.14,344.07,0.652,484,10.231,470.115,0.459,0.627
250,5,1,20.535,346.163,0.566,483,11.525,360.288,0.451,0.214
251,6,0,21.093,346.163,0.579,482,11.432,371.846,0.449,0.239
252,5,0,21.884,346.163,0.587,475,11.255,378.94,0.443,0.268
253,7,0,22.07,346.256,0.596,476,11.321,379.003,0.442,0.277
254,1,0,22.349,346.256,0.591,473,11.301,382.33,0.439,0.284
255,5,0,22.744,346.256,0.603,473,11.156,390.23,0.439,0.309
256,2,0,23.163,346.256,0.607,467,11.183,392.53,0.431,0.311
257,6,0,23.395,346.558,0.609,468,10.892,395.754,0.434,0.335
258,3,0,24.279,346.558,0.617,460,10.756,407.956,0.426,0.372
259,5,0,24.372,343.279,0.618,459,11.18,409.98,0.425,0.376
260,6,0,24.419,346.86,0.622,460,11.049,413.214,0.429,0.393
261,4,0,24.605,346.86,0.618,457,10.766,414.057,0.424,0.389
262,7,0,24.651,345.395,0.617,457,10.674,418.191,0.425,0.393
263,3,0,24.837,344.884,0.619,456,10.706,420.432,0.42,0.392
264,6,0,24.837,344.884,0.613,459,10.645,420.4,0.424,0.405
265,10,0,24.674,345.047,0.623,465,10.385,424.833,0.429,0.408
266,9,0,24.488,344.953,0.619,468,10.256,426.685,0.433,0.406
267,3,0,24.953,344.953,0.625,463,10.182,429.903,0.428,0.424
268,9,0,25.488,344.744,0.643,465,9.667,441.997,0.432,0.477
269,5,0,25.488,344.744,0.647,464,9.526,441.534,0.427,0.455
270,5,0,25.977,344.744,0.653,460,9.576,443.978,0.418,0.462
271,9,0,25.837,344.744,0.656,464,9.619,440.867,0.422,0.464
272,6,0,25.767,344.744,0.652,470,9.477,445.658,0.428,0.481
273,2,0,26.093,344.279,0.656,465,9.579,440.255,0.421,0.482
274,6,0,26.14,344.395,0.655,469,9.504,444.619,0.426,0.502
275,6,0,26.465,344.395,0.66,470,9.377,452.963,0.428,0.535
276,8,0,27.302,344.395,0.669,470,9.14,470.134,0.428,0.596
277,5,0,27.465,344.442,0.668,472,9.064,474.28,0.429,0.613
278,7,0,27.907,344.442,0.674,470,9.16,476.312,0.424,0.626
279,6,0,28.093,344.326,0.68,474,9.016,482.697,0.426,0.645
280,6,0,28.233,344.326,0.68,479,8.754,490.388,0.433,0.678
281,6,0,28.651,345.558,0.686,480,8.723,505.004,0.436,0.714
282,3,0,28.93,345.558,0.69,477,8.734,500.376,0.433,0.722
283,9,0,29.372,345.558,0.693,480,8.608,509.356,0.434,0.753
284,5,0,29.651,345.558,0.7,481,8.734,518.713,0.435,0.771
285,5,0,30.14,345.558,0.701,478,8.515,521.203,0.432,0.789
286,10,0,23.721,345.488,0.613,482,10.643,412.934,0.444,0.39
287,6,0,23.907,345.488,0.636,484,10.551,412.502,0.448,0.418
288,6,0,24.279,346.442,0.656,485,10.306,422.147,0.451,0.457
289,5,0,24.558,346.442,0.659,487,10.206,428.987,0.452,0.483
290,6,0,24.372,345.488,0.661,488,10.078,422.827,0.452,0.464
291,6,0,24.628,345.488,0.663,493,9.91,426.5,0.456,0.499
292,6,0,24.953,345.349,0.684,493,9.696,431.745,0.459,0.533
293,7,0,25.233,345.349,0.693,493,9.438,437.533,0.462,0.565
294,6,0,25.279,345.349,0.701,491,9.469,439.179,0.459,0.556
295,9,0,25.326,345.349,0.7,496,9.175,449.423,0.464,0.575
296,7,0,25.512,345.442,0.7,497,9.046,458.262,0.466,0.596
297,7,0,25.86,345.488,0.705,494,9.018,455.075,0.462,0.608
298,5,0,26.558,346.628,0.708,489,8.877,464.198,0.459,0.648
299,2,0,27.023,346.628,0.71,486,8.828,473.019,0.456,0.671
300,8,0,26.977,347.744,0.712,489,8.509,478.583,0.462,0.685
301,8,0,27.07,347.651,0.712,492,8.171,491.982,0.469,0.711
302,8,0,27.023,347.651,0.709,496,8.232,494.511,0.469,0.706
303,6,0,27.163,347.721,0.708,500,7.965,503.583,0.473,0.725
304,4,0,27.349,347.721,0.71,496,8.039,502.617,0.467,0.719
305,8,0,27.535,347.721,0.711,502,7.869,509.64,0.474,0.749
306,2,0,27.512,347.721,0.714,499,8.014,501.119,0.468,0.733
307,3,0,27.651,347.721,0.719,496,8.105,495.486,0.461,0.722
308,5,0,27.884,347.721,0.723,497,8.031,498.562,0.46,0.734
309,7,0,27.791,347.721,0.725,494,8.082,490.852,0.46,0.727
310,5,0,27.837,347.721,0.724,496,8.202,489.372,0.459,0.729
311,7,0,28.023,348.302,0.726,498,8.157,493.714,0.459,0.74
312,4,0,21.326,341.233,0.621,499,12.882,356.438,0.462,0.301
313,5,0,21.744,341.233,0.623,497,12.261,361.359,0.461,0.319
314,7,0,21.93,341.233,0.625,500,12.117,369.72,0.465,0.344
315,6,0,22.581,341.0,0.649,496,12.094,378.151,0.46,0.375
316,4,0,23.093,340.837,0.656,494,11.423,385.268,0.456,0.394
317,6,0,23.419,340.395,0.653,494,11.626,393.455,0.457,0.425
318,4,0,23.465,340.977,0.652,494,11.628,395.196,0.458,0.431
319,3,0,23.512,340.977,0.654,491,11.727,397.13,0.457,0.433
320,3,0,23.791,340.977,0.661,490,11.822,395.485,0.455,0.444
321,9,0,24.256,341.093,0.663,495,11.554,406.118,0.457,0.486
322,5,0,24.488,341.093,0.665,496,11.487,410.261,0.457,0.507
323,5,0,25.186,341.047,0.669,492,11.166,427.607,0.457,0.557
324,5,0,25.233,341.209,0.677,489,10.904,423.242,0.452,0.54
325,6,0,25.186,341.209,0.675,490,10.877,423.647,0.453,0.538
326,5,0,25.279,341.209,0.676,490,10.876,425.813,0.451,0.54
327,0,0,25.279,341.209,0.677,486,10.914,423.201,0.45,0.535
328,7,0,25.465,341.209,0.693,486,10.773,424.841,0.451,0.552
329,3,0,25.186,341.209,0.692,484,10.876,421.42,0.45,0.529
330,4,0,25.395,341.209,0.69,481,11.177,413.201,0.442,0.516
331,3,0,25.86,341.209,0.693,479,11.063,417.616,0.44,0.546
332,7,0,26.0,341.209,0.694,484,10.922,425.582,0.445,0.572
333,8,0,26.233,341.209,0.696,483,10.938,424.564,0.442,0.579
334,8,0,26.814,342.837,0.698,486,10.619,433.844,0.444,0.628
335,5,0,26.953,343.837,0.698,486,10.301,438.649,0.444,0.636
336,7,0,27.302,343.884,0.694,485,10.369,439.124,0.442,0.653
337,2,0,27.14,342.465,0.696,482,10.41,440.042,0.438,0.631
338,8,0,22.233,346.512,0.6,482,10.153,371.644,0.45,0.304
339,7,0,22.256,346.512,0.59,483,10.038,372.314,0.449,0.301
340,3,0,22.256,346.512,0.583,481,10.186,368.269,0.443,0.285
341,6,0,22.767,346.512,0.598,482,10.002,379.838,0.445,0.323
342,1,0,22.86,346.512,0.599,482,9.983,380.928,0.444,0.327
343,3,0,23.047,346.512,0.602,479,10.169,375.124,0.441,0.329
344,8,0,23.605,346.512,0.613,483,9.812,390.298,0.446,0.382
345,5,0,23.884,346.14,0.611,482,9.597,397.659,0.446,0.402
346,9,0,24.721,346.14,0.613,483,9.407,417.929,0.448,0.473
347,7,0,24.628,346.14,0.614,484,9.246,420.373,0.449,0.469
348,4,0,24.767,346.14,0.618,484,9.28,423.567,0.448,0.477
349,2,0,24.907,346.14,0.621,480,9.534,418.043,0.445,0.475
350,5,0,25.372,346.14,0.636,478,9.526,422.927,0.441,0.5
351,6,0,25.605,346.14,0.635,477,9.433,424.565,0.44,0.513
352,5,0,25.791,346.14,0.643,478,9.45,423.256,0.442,0.534
353,6,0,25.86,346.14,0.639,479,9.447,429.009,0.442,0.538
354,7,0,26.116,346.14,0.643,479,9.679,427.684,0.437,0.544
355,8,0,26.256,346.419,0.636,476,9.509,433.825,0.437,0.554
356,10,0,26.651,346.419,0.64,482,9.078,447.616,0.447,0.615
357,5,0,26.791,346.419,0.642,481,9.142,447.524,0.444,0.614
358,5,0,26.953,345.0,0.653,478,9.3,446.142,0.441,0.617
359,5,0,22.721,340.256,0.569,482,9.882,382.254,0.445,0.318
360,5,0,23.372,340.349,0.586,481,9.755,391.46,0.445,0.362
361,13,0,23.744,340.465,0.606,488,9.277,410.67,0.451,0.409
362,2,0,23.93,340.465,0.61,488,9.208,414.188,0.453,0.428
363,11,0,24.116,340.465,0.622,496,8.782,430.254,0.463,0.476
364,5,0,24.674,340.837,0.64,494,8.849,437.568,0.465,0.529
365,13,0,24.953,341.326,0.654,501,8.491,456.266,0.473,0.574
366,8,0,25.256,341.395,0.664,504,8.409,464.573,0.473,0.598
367,4,0,25.535,341.395,0.662,505,8.319,469.256,0.473,0.617
368,2,0,25.86,341.395,0.663,503,8.303,473.918,0.472,0.637
369,5,0,26.186,341.349,0.663,502,8.255,474.165,0.47,0.652
370,9,0,26.186,341.349,0.668,506,8.217,474.635,0.471,0.658
371,5,0,26.186,341.349,0.667,507,8.247,475.578,0.47,0.653
372,7,0,23.326,348.535,0.568,506,8.903,436.609,0.466,0.428
373,6,0,23.651,348.535,0.571,507,8.775,449.567,0.468,0.457
374,8,0,24.349,348.535,0.585,510,8.472,463.729,0.472,0.526
375,10,0,25.047,348.535,0.586,514,8.27,475.781,0.476,0.591
376,5,0,25.512,348.535,0.599,515,8.123,485.386,0.477,0.626
377,10,0,25.767,348.535,0.609,517,8.061,481.89,0.473,0.631
378,3,0,25.721,343.651,0.612,512,8.172,481.472,0.467,0.609
379,3,0,26.093,343.651,0.62,511,8.206,485.774,0.463,0.624
380,3,0,26.14,342.884,0.618,509,8.128,487.383,0.466,0.636
381,5,0,26.256,342.884,0.622,509,8.017,493.299,0.468,0.649
382,3,0,26.488,342.884,0.626,505,8.076,492.439,0.464,0.653
383,5,0,27.047,342.814,0.628,505,7.992,504.505,0.463,0.687
384,9,0,27.047,342.814,0.624,512,7.939,509.647,0.467,0.701
385,5,0,27.372,342.814,0.628,511,7.806,519.422,0.468,0.723
386,3,0,27.419,342.814,0.639,512,7.748,523.644,0.47,0.731
387,9,0,27.93,346.581,0.646,515,7.567,534.454,0.473,0.769
388,3,0,28.442,346.581,0.648,512,7.617,538.191,0.471,0.791
389,8,0,28.767,346.581,0.649,515,7.502,544.9,0.471,0.806
390,6,0,29.279,346.744,0.657,516,7.317,558.672,0.475,0.838
391,5,0,20.372,338.023,0.561,516,12.191,359.839,0.474,0.272
392,4,0,20.837,338.023,0.569,513,12.249,368.938,0.472,0.295
393,10,0,21.581,338.023,0.582,511,11.972,388.836,0.472,0.345
394,5,0,21.86,338.023,0.596,510,11.899,395.379,0.472,0.363
395,2,0,22.233,338.023,0.6,507,11.801,404.241,0.471,0.385
396,3,0,22.488,338.023,0.606,502,11.737,403.162,0.469,0.396
397,7,0,22.791,338.023,0.603,507,11.545,411.353,0.473,0.431
398,4,0,22.86,338.023,0.603,506,11.333,411.125,0.474,0.44
399,9,0,23.442,338.023,0.618,506,11.009,427.819,0.479,0.501
400,6,0,23.884,337.093,0.64,507,10.955,436.721,0.478,0.53
401,12,0,24.372,340.674,0.648,512,10.658,454.293,0.485,0.59
402,6,0,19.767,337.442,0.551,512,11.207,383.297,0.488,0.268
403,3,0,19.953,337.442,0.555,512,11.041,386.388,0.49,0.283
404,2,0,20.07,337.744,0.562,511,11.078,385.93,0.487,0.284
405,8,1,20.395,337.744,0.564,514,10.848,392.849,0.493,0.32
406,6,0,21.023,338.907,0.571,514,10.047,412.486,0.494,0.365
407,1,0,21.349,338.791,0.579,504,10.181,411.557,0.484,0.355
408,9,0,21.814,338.791,0.572,511,9.832,427.084,0.493,0.418
409,5,0,22.465,338.767,0.582,511,9.554,444.352,0.496,0.477
410,5,0,22.698,338.86,0.594,513,9.537,450.908,0.498,0.502
411,5,0,23.302,343.326,0.604,511,8.985,468.688,0.5,0.549
412,6,0,23.535,343.326,0.607,513,8.873,475.971,0.503,0.578
413,6,0,23.628,343.326,0.611,514,8.838,479.156,0.503,0.584
414,11,2,24.047,341.628,0.625,520,8.964,491.573,0.511,0.646
415,10,0,24.279,341.628,0.633,526,8.811,498.209,0.516,0.676
416,7,0,24.791,341.628,0.638,526,8.896,505.093,0.509,0.691
417,7,0,25.512,341.186,0.657,524,8.784,520.547,0.507,0.728
418,4,0,25.442,341.186,0.658,526,8.68,517.637,0.506,0.72
419,8,0,26.256,341.605,0.67,527,8.554,532.737,0.503,0.761
420,8,0,21.07,348.721,0.587,528,8.807,424.915,0.52,0.451
421,4,0,21.349,348.721,0.602,530,8.652,430.278,0.522,0.479
422,8,0,21.884,347.581,0.632,533,8.423,444.872,0.526,0.53
423,5,0,22.488,347.581,0.647,530,8.278,460.58,0.525,0.572
424,6,0,22.907,347.581,0.654,533,8.055,470.656,0.532,0.627
425,9,0,23.093,347.953,0.655,539,7.855,475.949,0.536,0.652
426,6,0,23.326,347.953,0.665,540,7.793,478.38,0.533,0.659
427,3,0,23.326,347.953,0.667,543,7.773,479.428,0.534,0.663
428,6,0,23.977,347.953,0.679,541,7.694,495.558,0.531,0.697
429,3,0,24.395,347.953,0.673,537,7.705,501.759,0.527,0.71
430,4,0,24.488,347.953,0.673,540,7.688,503.793,0.527,0.718
431,11,1,21.326,314.302,0.595,547,9.515,409.925,0.52,0.475
432,5,0,21.721,315.093,0.606,547,9.503,416.272,0.519,0.501
433,5,0,22.279,315.744,0.616,547,9.38,423.904,0.518,0.541
434,5,0,22.465,315.744,0.617,550,9.329,428.023,0.52,0.563
435,6,0,23.023,316.488,0.638,551,9.013,445.423,0.521,0.607
436,7,0,23.86,316.907,0.658,551,8.814,468.718,0.523,0.67
437,8,3,24.0,317.93,0.666,553,8.713,478.199,0.524,0.684
438,10,2,24.093,317.93,0.667,559,8.454,482.135,0.53,0.705
439,7,0,24.372,317.977,0.671,561,8.413,485.841,0.526,0.713
440,7,0,24.907,317.977,0.676,559,8.42,491.333,0.521,0.731
441,8,0,25.163,318.419,0.675,560,7.71,496.528,0.524,0.749
442,11,1,25.256,318.419,0.673,569,7.609,502.172,0.53,0.771
443,7,0,25.721,320.07,0.69,573,7.512,513.995,0.534,0.805
444,4,0,26.047,320.465,0.702,572,7.371,527.12,0.535,0.821
445,9,0,26.442,323.07,0.712,569,7.243,535.607,0.531,0.829
446,7,1,21.116,334.837,0.617,566,8.299,426.391,0.528,0.478
447,1,0,21.814,335.116,0.641,562,8.24,441.306,0.524,0.518
448,4,0,22.605,328.535,0.655,553,8.344,452.105,0.514,0.542
449,6,1,22.93,328.628,0.661,552,8.226,461.591,0.515,0.57
450,5,0,23.209,329.395,0.667,552,8.219,461.066,0.513,0.585
451,6,0,24.512,333.651,0.704,547,7.922,482.685,0.507,0.657
452,8,0,25.256,336.977,0.724,548,7.665,494.636,0.513,0.724
453,6,1,19.977,332.186,0.605,552,10.864,405.02,0.509,0.346
454,7,0,20.628,332.186,0.618,551,10.605,421.628,0.508,0.388
455,8,0,21.233,335.419,0.652,555,9.535,444.723,0.515,0.449
456,3,0,21.953,335.419,0.663,550,9.614,457.001,0.509,0.483
457,3,0,22.186,335.419,0.668,543,9.578,460.9,0.506,0.492
458,7,0,22.744,332.465,0.677,545,9.344,470.636,0.507,0.535
459,6,0,23.302,332.465,0.684,549,9.091,491.56,0.511,0.592
460,2,0,23.93,332.465,0.687,543,9.167,492.686,0.502,0.606
461,5,0,24.488,331.674,0.694,541,9.134,501.772,0.498,0.635
462,7,0,24.814,331.186,0.696,544,9.149,505.599,0.499,0.659
463,7,0,19.791,338.953,0.596,546,10.413,388.639,0.502,0.308
464,4,0,20.349,339.326,0.602,546,10.372,396.685,0.502,0.345
465,5,0,20.674,339.326,0.609,545,10.358,402.157,0.497,0.351
466,7,0,21.326,339.326,0.626,548,9.907,424.208,0.504,0.419
467,7,0,21.93,339.326,0.642,548,9.807,443.765,0.506,0.474
468,8,0,22.442,343.837,0.654,551,9.323,456.549,0.508,0.515
469,9,0,23.326,343.837,0.669,553,9.146,472.918,0.508,0.584
470,9,0,24.023,343.977,0.68,553,9.099,480.982,0.507,0.63
471,11,0,25.093,343.977,0.693,556,8.787,507.922,0.51,0.711
472,2,0,25.419,343.977,0.701,551,8.884,507.965,0.507,0.723
473,8,0,25.837,343.977,0.705,554,8.78,522.736,0.507,0.749
474,6,0,26.535,343.977,0.707,558,8.515,544.337,0.512,0.797
475,9,0,26.907,339.744,0.699,558,8.826,551.465,0.512,0.819
476,3,0,20.535,339.721,0.6,553,10.976,411.452,0.512,0.396
477,7,0,20.86,339.721,0.61,555,10.758,419.457,0.514,0.429
478,5,1,21.512,340.837,0.617,556,10.336,437.404,0.515,0.479
479,8,0,21.698,340.837,0.623,557,10.279,443.36,0.514,0.488
480,6,0,21.93,340.837,0.641,561,10.141,446.232,0.516,0.512
481,4,0,22.302,340.837,0.642,558,10.092,451.922,0.515,0.539
482,3,0,22.535,340.837,0.649,556,10.164,457.098,0.512,0.546
483,6,1,23.186,340.837,0.661,551,10.03,470.055,0.509,0.583
484,4,0,23.605,340.837,0.673,553,9.837,478.269,0.511,0.62
485,5,0,24.116,340.953,0.687,551,9.721,488.273,0.511,0.654
486,8,0,24.884,341.14,0.701,554,9.322,506.863,0.511,0.706
487,7,0,21.023,331.721,0.596,555,11.033,417.645,0.506,0.414
488,4,1,21.558,331.721,0.601,551,11.01,426.989,0.502,0.439
489,6,1,22.233,328.953,0.611,550,10.919,437.338,0.5,0.483
490,6,0,22.512,333.535,0.609,553,10.494,452.625,0.507,0.526
491,8,0,22.581,327.372,0.621,558,10.443,455.058,0.507,0.533
492,7,0,23.256,327.488,0.627,556,9.968,469.828,0.505,0.573
493,5,0,23.674,328.535,0.64,554,9.851,479.489,0.509,0.616
494,6,0,24.14,329.465,0.647,554,9.804,487.296,0.506,0.64
495,7,0,24.93,329.465,0.649,553,9.707,502.212,0.505,0.691
496,2,0,25.116,329.814,0.66,551,9.956,503.33,0.504,0.702
497,6,0,25.302,331.605,0.668,552,9.942,507.137,0.504,0.714
498,5,0,25.721,331.628,0.675,549,9.807,519.074,0.503,0.736
499,6,0,20.279,341.977,0.578,551,9.538,418.762,0.507,0.349
500,13,0,21.116,341.605,0.597,554,9.589,437.946,0.508,0.415
501,11,0,21.884,341.628,0.602,559,9.372,458.585,0.509,0.478
502,5,0,22.093,341.628,0.619,560,9.168,462.808,0.513,0.506
503,5,0,22.535,340.93,0.637,557,9.02,471.344,0.51,0.527
504,8,0,23.233,343.419,0.663,560,8.711,498.962,0.519,0.611
505,6,0,23.93,343.674,0.67,560,8.709,508.943,0.514,0.645
506,4,0,21.233,285.116,0.56,561,9.408,413.542,0.52,0.469
507,6,0,21.93,288.674,0.574,559,9.071,428.998,0.52,0.518
508,4,0,22.256,288.698,0.574,558,8.931,436.997,0.521,0.545
509,5,0,22.442,291.605,0.584,556,8.888,441.927,0.519,0.553
510,11,0,22.907,296.698,0.625,560,7.53,460.013,0.524,0.596
511,4,0,23.186,297.814,0.636,559,7.471,468.502,0.525,0.621
512,4,0,23.372,302.907,0.645,561,7.317,481.564,0.529,0.647
513,10,0,24.419,315.605,0.689,562,6.727,511.2,0.538,0.739
514,12,2,24.744,319.07,0.704,569,6.483,525.404,0.546,0.777
515,6,1,24.977,319.814,0.713,567,6.452,528.406,0.546,0.789
516,9,0,25.209,321.791,0.711,571,6.275,537.334,0.548,0.806
517,9,1,25.721,330.14,0.725,572,6.198,549.161,0.551,0.835
518,6,2,26.535,334.163,0.732,565,6.208,566.582,0.545,0.856
519,6,1,27.047,334.163,0.739,566,6.136,575.387,0.543,0.872
520,4,0,27.93,334.163,0.747,558,6.218,580.333,0.535,0.888
521,6,1,21.744,343.698,0.656,557,9.833,462.362,0.534,0.562
522,3,0,22.302,343.558,0.654,556,9.601,469.763,0.534,0.602
523,3,0,22.767,339.093,0.66,552,9.648,473.426,0.527,0.614
524,5,2,20.512,322.977,0.562,551,10.171,414.901,0.531,0.457
525,3,0,21.023,323.628,0.589,552,10.025,427.288,0.531,0.497
526,4,0,21.698,323.628,0.601,549,10.062,433.844,0.525,0.525
527,6,0,22.233,323.674,0.606,548,10.103,441.825,0.52,0.55
528,4,0,22.651,321.814,0.612,544,10.65,447.013,0.517,0.575
529,9,1,23.372,323.977,0.639,548,10.82,470.306,0.526,0.66
530,12,0,23.977,323.977,0.654,551,10.699,482.713,0.527,0.704
531,4,0,24.302,327.814,0.667,550,9.867,484.288,0.521,0.703
532,9,0,24.884,329.14,0.68,556,9.654,501.864,0.526,0.751
533,6,0,21.605,294.791,0.6,558,9.154,428.616,0.53,0.53
534,5,0,22.302,300.767,0.625,557,9.016,437.643,0.526,0.568
535,4,0,22.512,302.07,0.634,556,8.956,445.707,0.526,0.583
536,8,0,23.302,304.0,0.655,554,8.71,459.482,0.522,0.628
537,6,0,24.047,306.0,0.67,553,8.551,475.17,0.519,0.669
538,8,0,24.605,308.953,0.679,558,7.767,496.738,0.525,0.719
539,4,0,24.698,310.279,0.696,559,7.797,497.867,0.52,0.71
540,8,0,24.884,307.419,0.691,562,7.72,503.412,0.522,0.727
541,9,0,25.279,308.07,0.698,565,7.579,517.928,0.525,0.757
542,7,0,26.116,311.674,0.721,562,7.398,539.911,0.525,0.801
543,5,0,26.395,314.442,0.723,565,7.306,551.077,0.528,0.821
544,9,0,21.279,336.023,0.609,570,10.852,454.208,0.539,0.553
545,12,0,22.302,335.698,0.639,572,10.541,474.867,0.539,0.627
546,3,0,22.628,335.698,0.649,571,10.515,475.793,0.532,0.628
547,6,0,23.279,335.884,0.664,572,10.38,487.634,0.534,0.679
548,7,0,23.814,333.233,0.682,574,10.329,505.185,0.536,0.719
549,4,0,23.93,333.349,0.685,574,10.365,506.497,0.532,0.716
550,8,0,24.721,329.07,0.687,575,10.37,519.27,0.529,0.754
551,1,0,25.116,327.023,0.694,567,10.539,513.15,0.521,0.756
552,4,0,25.442,327.0,0.696,565,10.545,514.709,0.516,0.761
553,5,0,25.953,327.0,0.699,559,10.368,524.521,0.512,0.777
554,7,0,26.349,327.0,0.699,557,10.278,538.084,0.513,0.799
555,9,0,26.953,327.0,0.698,561,10.032,555.037,0.519,0.839
556,6,0,27.395,327.791,0.703,561,8.636,567.319,0.52,0.853
557,5,1,21.86,341.86,0.62,561,8.55,439.48,0.522,0.515
558,8,0,22.302,341.837,0.624,564,8.279,447.752,0.525,0.559
559,7,1,23.349,342.116,0.642,561,8.065,474.453,0.522,0.626
560,6,0,23.977,343.512,0.652,561,7.592,486.886,0.521,0.663
561,6,0,24.442,343.814,0.673,562,7.537,495.187,0.521,0.694
562,3,0,25.07,343.535,0.679,557,7.383,504.825,0.516,0.72
563,9,0,25.442,343.535,0.678,559,7.269,509.989,0.521,0.755
564,7,0,21.744,335.814,0.592,560,10.396,440.214,0.521,0.518
565,8,0,22.419,336.581,0.61,559,10.049,451.438,0.517,0.554
566,10,0,23.581,337.558,0.62,561,9.571,481.209,0.521,0.649
567,7,0,24.07,337.558,0.632,565,9.464,493.972,0.523,0.69
568,6,0,24.86,337.116,0.652,565,9.411,511.095,0.525,0.746
569,5,0,25.093,337.116,0.67,566,9.402,518.784,0.528,0.766
570,7,0,25.419,337.116,0.67,570,9.303,523.705,0.53,0.788
571,4,0,25.721,336.674,0.678,565,9.319,526.017,0.525,0.791
572,8,0,26.326,336.767,0.683,568,9.175,540.689,0.524,0.819
573,6,0,26.605,336.465,0.684,565,8.435,542.953,0.52,0.82
574,7,0,20.628,333.884,0.572,569,9.874,396.686,0.526,0.445
575,6,0,21.209,334.023,0.59,568,9.68,412.691,0.527,0.494
576,10,0,21.907,334.233,0.619,570,9.397,438.585,0.534,0.569
577,7,0,22.14,334.233,0.624,573,9.227,445.083,0.538,0.6
578,4,0,22.512,334.233,0.639,573,9.134,459.223,0.541,0.637
579,6,0,22.907,333.233,0.652,576,8.942,472.031,0.543,0.67
580,3,0,23.14,333.233,0.651,572,9.046,477.178,0.536,0.665
581,4,0,23.837,332.465,0.664,565,9.208,484.27,0.53,0.693
582,5,0,24.349,333.395,0.685,566,9.188,490.032,0.527,0.718
583,6,0,24.744,333.395,0.694,564,9.145,494.023,0.529,0.748
584,8,0,25.372,333.372,0.703,564,9.004,509.292,0.529,0.783
585,9,0,22.047,334.791,0.603,568,8.715,428.135,0.531,0.567
586,8,0,22.093,334.791,0.612,573,8.503,434.375,0.537,0.588
587,5,0,22.953,334.791,0.642,568,8.39,451.152,0.533,0.637
588,9,0,23.791,335.698,0.668,573,8.14,468.998,0.538,0.709
589,7,0,24.419,340.116,0.682,576,7.708,487.284,0.541,0.753
590,10,0,21.116,326.372,0.597,581,8.291,426.623,0.547,0.548
591,10,0,21.837,326.419,0.596,586,8.038,447.851,0.549,0.608
592,5,0,22.837,327.279,0.629,579,7.988,461.714,0.544,0.663
593,7,0,23.07,329.186,0.64,582,7.902,463.719,0.545,0.682
594,7,0,23.442,329.186,0.637,588,7.76,472.11,0.547,0.712
595,5,1,23.953,329.419,0.658,585,7.701,478.521,0.542,0.729
596,6,0,25.093,329.698,0.664,579,7.334,500.391,0.533,0.768
597,4,0,25.791,331.465,0.679,577,7.235,509.605,0.529,0.793
598,4,0,26.023,331.419,0.676,576,7.291,514.078,0.528,0.804
599,5,0,26.419,331.884,0.681,576,7.259,521.461,0.526,0.818
600,8,0,26.558,331.884,0.679,582,7.114,532.682,0.533,0.838
601,7,0,27.023,332.349,0.687,585,7.057,539.733,0.534,0.858
602,5,0,27.256,332.349,0.687,585,7.491,545.111,0.534,0.868
603,3,0,27.302,331.884,0.685,583,7.472,544.008,0.532,0.868
604,5,0,27.907,331.953,0.696,581,7.573,553.313,0.526,0.879
605,4,0,27.953,331.953,0.699,581,7.596,556.253,0.526,0.88
606,7,0,19.209,338.465,0.607,585,8.716,377.286,0.533,0.355
607,10,0,20.419,337.814,0.646,588,7.859,411.452,0.542,0.471
608,10,0,21.0,338.349,0.661,593,7.745,420.263,0.543,0.52
609,3,0,21.558,338.349,0.669,590,7.783,430.774,0.538,0.546
610,6,0,22.0,338.512,0.674,590,7.662,437.874,0.538,0.579
611,3,0,22.419,338.512,0.675,590,7.532,448.687,0.537,0.605
612,12,0,23.395,338.488,0.704,594,7.13,472.009,0.546,0.7
613,4,0,23.767,338.488,0.704,592,7.095,481.927,0.545,0.721
614,1,0,24.605,338.488,0.708,584,7.23,490.278,0.537,0.749
615,6,0,21.186,332.814,0.625,582,8.029,431.938,0.536,0.511
616,7,0,21.93,334.279,0.637,584,7.946,451.418,0.539,0.578
617,9,1,22.953,334.093,0.655,585,7.868,476.311,0.535,0.642
618,6,0,19.953,346.326,0.561,583,9.42,405.173,0.533,0.416
619,6,0,20.884,346.326,0.575,580,9.353,425.188,0.529,0.472
620,5,0,21.209,346.419,0.582,581,9.225,427.698,0.528,0.494
621,2,0,21.767,346.419,0.586,577,9.229,431.893,0.522,0.513
622,3,0,22.744,346.419,0.6,572,9.321,447.763,0.513,0.557
623,4,0,23.07,346.419,0.615,570,9.23,453.375,0.511,0.576
624,3,0,23.442,346.419,0.635,567,9.237,455.526,0.507,0.59
625,6,0,24.233,346.419,0.642,563,9.138,468.602,0.501,0.624
626,4,0,24.651,346.326,0.649,562,8.954,480.426,0.504,0.663
627,3,0,24.93,346.326,0.653,560,8.881,491.692,0.505,0.685
628,2,0,25.395,346.326,0.656,554,9.011,490.803,0.5,0.701
629,9,0,25.86,346.326,0.663,559,8.752,501.099,0.503,0.737
630,3,0,25.767,345.558,0.664,559,8.788,501.293,0.503,0.732
631,3,0,25.674,345.558,0.671,558,8.765,494.212,0.504,0.73
632,9,0,25.953,345.558,0.687,558,8.429,501.791,0.505,0.747
633,3,0,20.116,332.651,0.576,558,11.874,390.884,0.493,0.311
634,13,0,21.535,334.116,0.608,563,10.205,421.465,0.498,0.418
635,8,0,21.907,334.302,0.605,567,10.062,427.421,0.5,0.452
636,9,0,22.0,334.302,0.604,573,10.039,428.251,0.501,0.463
637,2,0,22.605,334.302,0.609,571,9.946,443.085,0.499,0.502
638,4,0,23.349,334.302,0.613,569,9.867,454.955,0.497,0.552
639,5,0,23.953,334.977,0.621,569,9.765,462.496,0.496,0.594
640,6,0,24.581,334.977,0.629,564,9.821,467.618,0.492,0.624
641,6,0,25.14,334.977,0.63,563,9.676,476.916,0.49,0.659
642,5,0,25.698,334.977,0.643,564,9.584,487.232,0.491,0.698
643,3,0,26.023,335.116,0.651,562,9.605,489.564,0.488,0.71
644,6,0,26.395,342.023,0.649,559,9.255,491.852,0.489,0.733
645,7,0,26.953,342.023,0.664,558,9.06,512.033,0.49,0.768
646,8,0,27.047,342.023,0.665,560,9.074,514.064,0.489,0.77
647,3,0,27.14,342.023,0.668,558,9.114,515.882,0.486,0.768
648,5,0,27.419,342.023,0.671,554,9.315,516.923,0.48,0.768
649,13,0,27.744,342.023,0.67,559,9.411,526.028,0.481,0.789
650,6,0,20.535,332.884,0.606,560,12.553,405.937,0.497,0.357
651,3,0,21.093,332.884,0.617,555,12.529,413.913,0.493,0.384
652,4,0,21.605,333.047,0.624,553,12.502,421.299,0.49,0.412
653,4,0,22.302,333.047,0.631,547,12.441,433.796,0.486,0.449
654,7,0,23.14,333.047,0.651,547,12.143,449.822,0.488,0.52
655,4,0,19.488,330.791,0.559,542,12.208,356.062,0.482,0.242
656,13,0,20.581,330.791,0.595,548,11.737,385.295,0.484,0.313
657,7,0,21.279,330.93,0.62,548,11.523,399.641,0.482,0.353
658,3,0,21.372,330.93,0.621,547,11.534,403.199,0.483,0.363
659,3,0,21.744,332.884,0.625,546,11.426,410.028,0.482,0.386
660,7,0,22.302,336.093,0.638,547,11.09,425.457,0.484,0.431
661,4,0,22.767,336.279,0.649,547,10.947,439.58,0.486,0.475
662,6,0,23.233,337.093,0.666,544,10.882,453.693,0.487,0.512
663,9,0,23.605,337.116,0.659,548,10.507,461.874,0.489,0.545
664,9,0,23.791,337.116,0.666,550,10.261,468.294,0.492,0.57
665,7,0,24.326,336.698,0.666,552,10.133,476.201,0.495,0.619
666,6,0,24.442,336.698,0.67,554,9.96,484.198,0.497,0.635
667,5,0,25.047,337.651,0.688,554,9.681,499.053,0.503,0.693
668,12,0,20.07,333.326,0.607,559,10.43,425.492,0.512,0.359
669,2,0,20.488,327.512,0.616,551,10.606,426.764,0.507,0.372
670,3,0,20.884,327.605,0.615,547,10.722,434.515,0.506,0.4
671,4,0,21.07,327.605,0.614,546,10.377,439.768,0.506,0.41
672,4,0,21.488,327.558,0.614,544,10.48,450.132,0.504,0.435
673,5,0,22.163,327.86,0.625,540,10.53,457.254,0.497,0.462
674,7,0,22.256,327.86,0.631,541,10.773,457.883,0.499,0.48
675,6,0,22.442,327.14,0.633,545,10.563,460.371,0.499,0.493
676,3,0,22.674,327.14,0.634,544,10.561,464.982,0.497,0.504
677,8,0,23.233,327.953,0.64,546,10.331,473.385,0.497,0.544
678,4,0,20.837,348.07,0.568,544,10.122,423.104,0.503,0.382
679,7,0,21.256,348.07,0.581,545,9.913,432.263,0.505,0.419
680,5,0,21.86,348.07,0.589,544,9.765,444.172,0.505,0.464
681,5,0,22.558,348.07,0.606,543,9.695,455.951,0.501,0.503
682,6,0,22.884,348.07,0.624,543,9.616,454.547,0.501,0.526
683,5,0,23.256,348.07,0.636,545,9.528,461.54,0.503,0.561
684,7,0,23.581,348.07,0.639,547,9.152,478.298,0.51,0.609
685,7,1,24.326,348.07,0.665,545,9.065,494.371,0.511,0.665
686,9,0,24.651,348.07,0.683,549,8.951,507.765,0.514,0.698
687,10,0,25.419,348.07,0.694,551,8.721,529.599,0.515,0.745
688,7,0,25.465,348.047,0.698,550,9.179,530.429,0.512,0.742
689,4,0,25.884,348.047,0.713,550,9.149,532.956,0.507,0.754
690,8,0,20.837,334.837,0.624,549,10.104,446.515,0.504,0.383
691,2,0,21.512,334.86,0.638,537,10.347,454.378,0.492,0.395
692,6,0,22.209,334.86,0.647,533,10.341,465.077,0.487,0.427
693,6,0,23.163,334.535,0.665,528,10.548,473.897,0.478,0.471
694,10,0,23.791,335.605,0.691,534,10.104,493.478,0.484,0.538
695,4,0,24.209,335.605,0.692,534,10.017,499.669,0.482,0.563
696,8,0,24.163,335.605,0.693,539,9.905,505.553,0.484,0.567
697,9,0,24.395,336.233,0.698,545,10.007,516.522,0.489,0.602
698,7,0,24.767,336.419,0.705,546,9.633,522.821,0.487,0.621
699,13,0,24.86,336.419,0.705,554,10.134,532.023,0.495,0.658
700,6,0,25.326,336.721,0.708,554,9.93,534.763,0.496,0.69
701,11,0,25.837,338.302,0.721,555,9.877,540.879,0.497,0.726
702,4,0,26.256,338.302,0.724,553,9.864,550.21,0.493,0.741
703,5,0,26.535,338.302,0.725,553,11.198,552.645,0.49,0.757
704,7,0,20.744,329.558,0.618,557,11.201,432.081,0.496,0.358
705,4,0,21.372,330.209,0.627,553,10.796,445.729,0.497,0.405
706,8,0,22.209,330.209,0.632,552,10.446,476.49,0.498,0.469
707,9,0,23.233,336.442,0.651,550,10.306,490.944,0.494,0.533
708,5,0,23.814,337.302,0.66,547,10.229,498.889,0.489,0.562
709,5,0,24.744,341.674,0.664,547,9.895,515.399,0.488,0.624
710,5,0,19.86,326.581,0.573,547,10.392,404.969,0.487,0.267
711,7,0,20.186,328.395,0.587,548,10.226,418.034,0.492,0.299
712,6,0,20.953,328.465,0.612,549,10.022,434.474,0.489,0.34
713,8,0,21.907,328.86,0.621,550,9.721,446.095,0.486,0.397
714,5,0,22.512,328.953,0.623,548,9.535,453.158,0.483,0.432
715,10,0,23.721,330.047,0.653,550,9.329,473.588,0.481,0.514
716,6,0,24.279,330.047,0.663,552,8.705,487.407,0.485,0.567
717,3,0,24.558,330.047,0.665,551,8.738,491.954,0.481,0.575
718,4,0,24.744,330.047,0.669,549,8.596,497.358,0.484,0.6
719,8,0,25.163,330.047,0.681,553,8.444,508.601,0.488,0.642
720,12,0,20.395,342.395,0.583,560,13.351,398.828,0.499,0.36
721,4,0,21.372,342.302,0.595,552,13.281,421.305,0.494,0.415
722,10,1,22.023,343.093,0.623,555,12.726,440.36,0.498,0.476
723,8,0,22.953,343.419,0.648,556,12.103,459.611,0.504,0.563
724,5,0,23.837,343.465,0.661,550,11.969,465.819,0.496,0.6
725,11,0,23.977,343.465,0.667,558,11.664,475.566,0.504,0.637
726,11,0,24.698,343.465,0.672,561,11.526,488.713,0.504,0.686
727,5,0,22.07,318.605,0.582,560,11.229,433.898,0.504,0.49
728,5,0,22.395,318.884,0.587,562,10.365,442.425,0.508,0.522
729,10,0,22.953,319.721,0.627,566,10.112,465.109,0.517,0.595
730,5,0,23.302,321.093,0.63,567,10.055,471.505,0.516,0.618
731,8,0,23.907,322.047,0.645,568,9.946,488.021,0.518,0.665
732,10,0,24.977,323.93,0.675,570,9.353,515.952,0.52,0.738
733,8,1,25.581,328.884,0.696,575,9.102,543.287,0.525,0.785
734,12,1,25.837,329.023,0.69,577,8.969,546.46,0.528,0.804
735,4,0,26.395,329.349,0.698,574,9.071,550.407,0.52,0.813
736,8,0,26.488,329.349,0.704,579,8.883,553.991,0.527,0.83
737,4,0,26.651,329.349,0.702,580,8.885,555.639,0.526,0.836
738,5,0,27.07,333.047,0.707,581,8.75,572.744,0.529,0.858
739,4,0,27.535,333.256,0.712,576,8.78,575.151,0.527,0.871
740,6,0,20.419,341.279,0.609,579,13.017,421.92,0.526,0.456
741,4,0,20.884,341.279,0.626,579,12.859,433.312,0.527,0.493
742,5,0,21.349,341.279,0.636,579,12.663,442.651,0.529,0.536
743,9,0,21.953,341.279,0.658,583,12.366,464.168,0.534,0.598
744,12,1,23.023,341.279,0.688,589,11.736,494.252,0.54,0.688
745,5,0,23.674,341.279,0.684,583,11.785,507.726,0.535,0.718
746,6,1,24.372,341.279,0.701,583,11.642,519.028,0.535,0.757
747,8,2,24.512,341.279,0.696,582,11.488,515.401,0.534,0.763
748,7,0,24.558,341.279,0.701,585,11.434,514.712,0.536,0.77
749,2,0,24.698,341.279,0.705,583,11.498,515.42,0.533,0.769
750,7,1,24.977,341.279,0.704,585,11.415,527.443,0.535,0.789
751,7,2,25.116,341.279,0.695,584,11.545,522.94,0.532,0.79
752,2,0,25.442,341.279,0.7,578,11.689,522.931,0.523,0.786
753,7,0,25.953,341.279,0.709,578,11.662,527.629,0.52,0.804
754,7,0,22.14,331.07,0.621,577,10.054,424.522,0.512,0.513
755,4,0,22.651,332.047,0.633,572,9.966,428.009,0.507,0.533
756,3,0,23.023,332.047,0.64,570,9.921,433.989,0.504,0.552
757,10,0,24.419,332.837,0.652,569,9.838,458.125,0.497,0.632
758,5,0,20.674,339.605,0.568,567,10.271,381.154,0.493,0.337
759,6,0,21.326,339.488,0.585,568,10.006,391.748,0.493,0.383
760,6,0,21.744,339.488,0.609,566,9.967,397.663,0.493,0.413
761,5,0,22.442,339.488,0.631,565,9.707,408.012,0.495,0.472
762,9,0,22.953,339.488,0.641,568,9.448,415.657,0.498,0.52
763,5,0,23.93,339.721,0.652,563,9.238,433.77,0.494,0.579
764,6,0,24.372,339.674,0.665,560,9.191,443.925,0.492,0.606
765,4,0,18.767,341.116,0.562,558,11.664,350.773,0.493,0.228
766,4,0,19.488,341.116,0.573,556,11.281,360.009,0.492,0.264
767,2,0,20.093,342.419,0.584,553,11.118,366.955,0.489,0.29
768,5,0,20.186,342.419,0.591,554,10.991,373.428,0.492,0.304
769,8,2,20.512,342.419,0.591,557,10.761,376.075,0.492,0.326
770,10,0,20.884,342.419,0.593,564,10.614,384.295,0.494,0.357
771,8,0,21.302,342.698,0.593,567,10.48,392.975,0.494,0.388
772,6,0,21.814,342.698,0.611,561,10.253,399.574,0.495,0.427
773,2,0,22.302,342.256,0.623,557,10.212,406.032,0.489,0.442
774,3,0,21.14,312.349,0.526,552,10.382,365.915,0.491,0.362
775,8,0,21.419,312.395,0.543,558,10.087,370.832,0.494,0.393
776,8,0,22.047,313.302,0.573,560,9.812,384.093,0.494,0.437
777,3,0,22.535,314.047,0.581,552,9.879,387.593,0.489,0.458
778,6,0,23.023,314.372,0.588,552,9.809,393.727,0.489,0.496
779,6,0,23.814,314.372,0.594,550,9.629,409.855,0.488,0.55
780,10,0,24.419,316.116,0.604,555,9.218,422.152,0.491,0.606
781,4,0,25.535,316.279,0.632,549,9.109,437.742,0.482,0.653
782,4,0,25.581,316.651,0.637,548,9.051,441.252,0.484,0.664
783,1,0,25.767,312.279,0.639,544,9.201,434.231,0.478,0.657
784,4,0,26.0,312.163,0.642,542,9.234,437.993,0.476,0.669
785,5,0,26.372,312.953,0.65,541,9.189,440.706,0.475,0.689
786,4,0,26.744,313.907,0.66,538,9.202,447.144,0.472,0.705
787,6,0,19.86,320.465,0.533,533,13.549,328.493,0.461,0.214
788,9,0,20.186,320.605,0.531,535,13.319,334.622,0.462,0.235
789,3,0,20.977,318.721,0.54,530,13.189,341.825,0.456,0.263
790,7,0,21.07,318.721,0.545,532,13.13,342.382,0.454,0.263
791,10,0,22.209,324.721,0.566,536,12.675,363.391,0.456,0.338
792,13,0,22.535,326.047,0.6,545,12.166,375.654,0.467,0.395
793,5,0,22.86,326.047,0.596,544,12.098,382.094,0.466,0.417
794,6,0,23.465,326.047,0.612,544,11.92,397.787,0.468,0.471
795,4,0,23.698,326.023,0.615,543,11.979,400.648,0.469,0.493
796,8,0,23.93,326.605,0.613,546,11.839,404.615,0.469,0.507
797,10,0,24.186,326.791,0.618,549,11.896,408.829,0.47,0.532
798,3,0,24.419,326.791,0.619,548,11.926,413.429,0.465,0.533
799,12,0,24.419,326.791,0.618,554,11.982,425.813,0.471,0.554
800,4,0,24.721,328.372,0.638,550,11.887,431.308,0.469,0.571
801,11,1,21.163,340.977,0.555,554,12.159,378.709,0.473,0.318
802,5,0,21.395,340.977,0.558,552,11.905,381.541,0.473,0.332
803,6,0,20.442,323.837,0.491,553,13.712,351.86,0.477,0.296
804,6,0,21.093,323.837,0.508,554,13.511,360.321,0.476,0.334
805,2,0,21.419,323.767,0.513,548,13.696,360.337,0.472,0.346
806,6,0,21.93,324.093,0.519,552,12.596,369.42,0.478,0.393
807,6,0,22.535,324.093,0.538,551,12.37,376.791,0.473,0.421
808,9,0,22.953,324.093,0.537,554,12.146,387.02,0.477,0.464
809,4,0,23.674,323.558,0.555,549,11.986,390.279,0.468,0.486
810,4,0,23.721,323.558,0.561,550,11.869,397.622,0.473,0.506
811,6,0,23.86,323.558,0.558,551,11.796,403.887,0.474,0.521
812,6,0,24.0,323.558,0.557,555,11.623,409.69,0.475,0.535
813,6,0,24.651,323.558,0.572,552,11.552,419.415,0.475,0.584
814,2,0,24.744,323.558,0.575,550,11.609,417.942,0.472,0.582
815,6,0,26.0,326.791,0.604,547,11.34,437.424,0.47,0.663
816,8,0,25.953,326.791,0.608,550,11.236,439.313,0.474,0.673
817,6,0,26.372,326.791,0.624,551,11.248,447.554,0.475,0.705
818,5,0,27.07,326.791,0.634,546,11.009,458.566,0.474,0.742
819,7,0,27.163,326.791,0.635,548,11.092,461.788,0.479,0.761
820,3,0,28.14,326.791,0.643,542,11.027,477.688,0.474,0.801
821,1,0,28.651,326.791,0.655,536,11.116,480.995,0.467,0.81
822,10,0,28.698,327.535,0.661,541,10.975,490.914,0.472,0.822
823,3,0,28.884,327.535,0.665,537,11.044,493.402,0.467,0.821
824,12,0,29.349,326.302,0.669,542,10.884,507.008,0.469,0.845
825,1,0,29.535,326.465,0.673,537,10.954,505.366,0.466,0.846
826,4,0,29.674,326.465,0.677,534,11.047,506.073,0.463,0.847
827,4,0,30.093,326.465,0.677,531,11.047,511.431,0.463,0.862
828,8,0,29.93,326.465,0.683,532,11.132,509.632,0.465,0.861
829,2,0,30.023,326.628,0.69,529,11.139,508.978,0.463,0.86
830,6,0,30.581,326.628,0.694,528,11.085,518.192,0.46,0.875
831,6,0,30.628,326.628,0.706,530,11.157,525.109,0.461,0.879
832,2,0,30.628,326.628,0.705,531,11.136,524.713,0.462,0.88
833,7,0,30.814,326.814,0.705,531,11.086,528.612,0.461,0.885
834,8,0,31.326,326.698,0.716,529,11.011,536.413,0.462,0.901
835,9,0,25.279,327.465,0.642,529,13.144,421.272,0.469,0.621
836,7,0,25.419,327.465,0.641,530,12.247,430.269,0.468,0.623
837,2,0,26.116,327.14,0.648,522,12.306,439.631,0.461,0.649
838,8,0,25.93,327.442,0.651,525,12.252,430.003,0.464,0.646
839,6,0,20.209,309.326,0.541,525,20.304,345.959,0.463,0.282
840,6,0,21.093,309.977,0.565,525,19.914,366.169,0.463,0.339
841,7,0,21.465,310.326,0.581,526,19.652,371.011,0.461,0.357
842,5,0,21.93,310.488,0.582,529,19.486,380.482,0.463,0.394
843,4,0,22.535,313.837,0.592,530,19.305,399.63,0.466,0.452
844,6,0,19.488,330.86,0.528,533,11.951,339.001,0.468,0.203
845,2,0,19.953,330.86,0.543,530,11.973,347.761,0.465,0.22
846,6,0,20.512,330.209,0.56,533,11.609,365.918,0.472,0.27
847,10,0,20.907,330.209,0.594,540,10.965,378.604,0.478,0.31
848,6,0,21.605,330.209,0.604,538,10.765,387.082,0.477,0.352
849,10,0,22.07,330.209,0.641,545,10.422,403.866,0.486,0.415
850,5,0,22.209,330.349,0.635,545,10.406,402.518,0.484,0.419
851,1,0,22.767,331.209,0.64,540,10.292,411.382,0.481,0.449
852,6,0,23.279,331.209,0.647,541,10.134,419.918,0.48,0.484
853,7,0,23.698,333.419,0.649,542,10.022,430.092,0.481,0.52
854,3,0,24.302,333.302,0.657,536,9.794,435.633,0.474,0.539
855,5,0,24.651,333.302,0.662,536,9.626,439.617,0.472,0.558
856,6,0,25.023,333.302,0.673,535,9.539,448.057,0.474,0.593
857,6,0,25.326,332.674,0.691,534,9.485,456.359,0.478,0.627
858,5,0,25.791,332.674,0.69,532,9.402,460.818,0.474,0.647
859,5,0,26.07,332.209,0.694,529,9.31,461.95,0.468,0.645
860,9,0,26.698,332.605,0.707,527,8.99,475.255,0.469,0.691
861,5,0,26.837,332.605,0.709,528,8.93,480.34,0.471,0.705
862,6,0,27.209,332.605,0.711,527,8.88,487.732,0.469,0.722
863,6,0,27.372,331.395,0.709,528,8.704,491.917,0.47,0.734
864,3,0,27.419,330.372,0.707,526,8.78,490.268,0.468,0.733
865,5,0,27.372,330.372,0.705,517,9.13,479.583,0.457,0.699
866,9,0,27.558,331.698,0.708,521,8.863,490.547,0.463,0.728
867,4,0,27.698,331.698,0.707,522,9.014,495.837,0.464,0.741
868,7,0,28.233,331.698,0.712,525,8.659,514.603,0.469,0.782
869,9,0,22.953,329.488,0.633,525,10.274,418.722,0.476,0.445
870,4,0,23.372,329.488,0.637,518,10.45,424.649,0.472,0.464
871,5,0,23.651,332.047,0.653,518,10.101,433.153,0.474,0.491
872,4,0,23.698,332.093,0.653,521,9.944,434.241,0.477,0.504
873,6,0,24.023,332.093,0.656,524,9.803,436.105,0.476,0.526
874,6,0,23.977,332.837,0.658,520,9.868,428.237,0.472,0.506
875,4,0,24.256,332.837,0.666,519,9.733,435.276,0.473,0.531
876,7,0,24.907,332.837,0.677,520,9.547,449.085,0.474,0.585
877,5,0,24.86,332.837,0.674,525,9.623,446.551,0.477,0.593
878,7,0,25.256,332.651,0.678,527,9.511,455.275,0.478,0.625
879,3,0,25.512,332.023,0.679,527,9.944,458.242,0.476,0.638
880,5,0,25.837,332.023,0.684,530,9.737,466.255,0.48,0.675
881,9,0,26.395,332.419,0.683,535,9.542,476.731,0.483,0.719
882,5,0,26.767,333.047,0.686,534,9.161,481.392,0.482,0.737
883,3,0,26.674,333.047,0.687,534,9.639,479.428,0.482,0.733
884,5,0,21.465,346.698,0.596,535,11.653,383.673,0.483,0.37
885,6,0,22.256,346.698,0.608,532,11.58,393.578,0.477,0.407
886,5,0,23.326,346.698,0.626,529,11.516,409.147,0.475,0.48
887,7,0,23.884,346.814,0.649,533,10.711,427.621,0.483,0.546
888,10,0,24.256,346.907,0.655,540,10.479,438.186,0.486,0.586
889,8,0,24.581,346.907,0.67,545,10.043,453.114,0.492,0.626
890,4,0,25.093,346.907,0.672,543,10.058,461.365,0.49,0.656
891,10,0,20.93,329.581,0.597,547,10.377,366.155,0.49,0.345
892,6,0,21.767,329.744,0.596,545,10.212,379.538,0.489,0.403
893,4,0,20.512,279.279,0.509,546,12.06,354.78,0.499,0.358
894,2,0,20.977,279.349,0.525,541,12.365,356.861,0.489,0.362
895,6,0,21.395,280.163,0.528,546,12.252,364.293,0.491,0.398
896,9,0,22.023,281.279,0.537,543,11.999,379.911,0.489,0.435
897,9,0,22.767,285.907,0.568,549,11.678,402.882,0.493,0.504
898,7,0,23.512,287.256,0.574,550,11.822,413.215,0.489,0.551
899,4,0,24.023,289.326,0.587,550,11.708,419.838,0.49,0.591
900,6,0,24.442,289.326,0.59,553,11.552,425.178,0.491,0.625
901,9,0,25.186,290.186,0.602,554,11.472,440.319,0.489,0.67
902,8,0,25.837,290.791,0.608,555,11.387,454.95,0.489,0.714
903,8,0,26.535,293.581,0.624,556,11.314,468.316,0.489,0.754
904,7,0,26.767,295.674,0.637,560,11.266,472.52,0.489,0.767
905,3,0,26.953,296.349,0.644,558,11.265,474.248,0.489,0.779
906,7,0,27.14,299.186,0.666,562,11.198,480.036,0.492,0.796
907,5,0,27.651,299.884,0.682,561,10.747,494.355,0.493,0.819
908,6,0,27.767,299.884,0.687,560,10.835,493.694,0.488,0.814
909,6,0,28.163,304.023,0.692,557,10.723,501.599,0.489,0.834
910,5,0,28.488,304.442,0.695,555,10.548,508.783,0.487,0.842
911,6,0,29.419,307.047,0.711,555,10.34,529.843,0.488,0.878
912,6,0,29.628,310.535,0.714,556,10.28,541.174,0.49,0.889
913,5,0,29.884,312.512,0.715,554,10.34,543.924,0.489,0.895
914,5,0,30.488,313.744,0.731,548,10.255,551.802,0.481,0.901
915,4,0,30.86,313.605,0.73,545,10.068,564.808,0.481,0.91
916,9,0,31.186,315.326,0.732,549,9.967,579.119,0.483,0.92
917,6,0,32.023,320.279,0.741,547,9.892,594.5,0.482,0.936
918,3,0,32.047,320.279,0.746,542,9.406,582.151,0.473,0.928
919,3,0,32.233,320.279,0.748,538,9.464,579.629,0.469,0.928
920,6,0,32.326,320.837,0.755,543,9.356,589.441,0.475,0.935
921,7,0,32.302,320.837,0.756,543,9.38,589.095,0.475,0.934
922,4,0,32.419,323.698,0.757,545,9.189,597.56,0.48,0.94
923,6,0,21.326,335.86,0.641,544,14.232,395.882,0.474,0.35
924,5,0,21.837,335.86,0.657,542,14.055,400.896,0.473,0.38
925,13,0,22.395,335.953,0.667,552,13.594,417.706,0.481,0.448
926,5,0,22.907,335.953,0.668,549,11.932,430.239,0.48,0.472
927,7,0,20.372,345.442,0.574,547,11.352,358.879,0.487,0.306
928,8,0,20.837,345.605,0.575,550,11.066,365.068,0.489,0.341
929,9,0,21.163,346.0,0.586,554,10.83,369.677,0.492,0.373
930,7,0,21.721,346.0,0.591,556,10.526,385.076,0.495,0.422
931,4,0,22.535,346.0,0.61,556,10.021,404.484,0.494,0.477
932,1,0,22.953,345.605,0.621,546,10.201,406.939,0.483,0.473
933,4,0,23.14,345.605,0.623,547,10.222,408.093,0.483,0.484
934,5,0,23.698,345.605,0.627,545,10.156,419.061,0.48,0.516
935,4,0,24.023,345.605,0.628,543,10.131,424.429,0.477,0.53
936,6,0,20.977,338.814,0.551,543,11.574,358.397,0.477,0.315
937,6,0,21.535,338.814,0.567,546,11.0,378.934,0.481,0.363
938,2,0,21.744,338.814,0.57,544,10.874,383.417,0.479,0.372
939,4,0,21.977,338.814,0.581,545,10.736,392.473,0.481,0.393
940,5,0,22.721,338.814,0.598,543,10.563,403.64,0.478,0.437
941,8,0,22.953,338.837,0.618,547,10.161,417.329,0.484,0.473
942,7,0,23.372,338.837,0.62,550,9.96,423.255,0.485,0.51
943,4,0,24.047,338.837,0.634,548,9.808,437.73,0.485,0.559
944,7,0,24.372,338.837,0.645,551,9.65,450.282,0.487,0.59
945,7,0,25.07,338.837,0.657,549,9.496,465.13,0.488,0.646
946,6,0,25.256,338.837,0.662,551,9.406,468.292,0.489,0.66
947,7,0,25.837,338.837,0.665,547,9.359,474.556,0.486,0.691
948,0,0,26.163,338.837,0.669,539,9.466,474.581,0.48,0.693
949,8,0,26.442,338.837,0.682,543,9.221,487.172,0.487,0.729
950,5,0,26.767,338.837,0.688,543,9.04,497.413,0.486,0.746
951,2,0,27.0,338.837,0.696,537,8.692,494.867,0.48,0.74
952,3,0,27.465,338.837,0.699,534,8.685,500.35,0.476,0.757
953,5,0,27.372,338.837,0.699,536,9.083,498.077,0.477,0.757
954,8,0,20.07,337.488,0.607,537,12.463,383.333,0.483,0.281
955,9,0,20.907,338.302,0.632,539,11.788,406.426,0.489,0.353
956,5,0,21.698,338.302,0.644,540,11.458,424.897,0.49,0.409
957,8,0,22.721,338.93,0.653,539,11.086,444.025,0.49,0.485
958,1,0,23.023,338.907,0.652,533,11.192,445.194,0.486,0.495
959,7,0,23.581,339.512,0.664,531,10.29,463.02,0.486,0.532
960,4,0,24.14,339.512,0.67,528,10.297,470.28,0.482,0.559
961,6,0,24.233,338.93,0.674,527,10.287,467.724,0.478,0.552
962,4,0,24.581,338.93,0.686,525,10.094,474.663,0.475,0.568
963,11,0,24.953,338.93,0.69,532,9.941,485.007,0.478,0.605
964,4,0,20.93,331.372,0.592,529,16.657,381.133,0.476,0.347
965,7,0,21.628,334.442,0.62,530,16.689,397.002,0.48,0.41
966,5,0,19.767,332.488,0.526,530,11.785,346.755,0.476,0.24
967,8,0,20.372,333.279,0.539,535,11.476,358.41,0.481,0.288
968,5,0,20.791,333.279,0.552,537,11.332,368.561,0.483,0.321
969,4,0,21.442,333.279,0.565,537,11.211,386.203,0.481,0.357
970,5,0,22.326,333.279,0.586,536,11.076,405.973,0.477,0.407
971,5,0,22.884,328.605,0.605,532,11.028,416.109,0.471,0.428
972,6,0,23.116,330.349,0.607,537,10.837,423.343,0.475,0.461
973,6,0,23.767,330.349,0.621,538,10.652,434.124,0.478,0.521
974,4,0,24.233,330.512,0.649,537,10.645,446.878,0.478,0.556
975,7,0,24.465,330.512,0.656,540,10.531,453.386,0.48,0.581
976,3,0,24.698,336.14,0.657,538,10.419,460.343,0.48,0.596
977,10,0,25.302,336.209,0.67,544,10.067,478.961,0.489,0.668
978,6,0,25.535,336.209,0.675,543,10.167,479.299,0.488,0.68
979,4,0,25.744,336.209,0.681,544,10.139,490.897,0.49,0.701
980,6,0,25.884,336.209,0.681,547,10.046,493.748,0.489,0.708
981,6,0,26.209,338.023,0.681,545,10.101,495.589,0.488,0.726
982,7,0,26.628,338.023,0.682,549,9.382,507.287,0.488,0.747
983,8,0,26.884,339.977,0.686,552,8.975,514.826,0.495,0.777
984,6,0,26.837,339.721,0.685,553,8.89,517.235,0.497,0.78
985,7,2,21.465,332.651,0.608,549,12.291,433.779,0.506,0.459
986,12,1,21.837,332.791,0.613,555,12.034,448.024,0.512,0.506
987,6,0,23.0,334.837,0.648,556,11.748,468.118,0.514,0.601
988,4,0,23.512,334.837,0.647,558,11.555,480.719,0.518,0.652
989,6,1,24.186,334.721,0.649,558,11.367,490.7,0.519,0.7
990,10,2,24.535,334.721,0.656,560,11.234,500.291,0.52,0.722
991,6,0,25.0,337.047,0.668,559,10.909,517.066,0.522,0.754
992,10,0,25.279,337.047,0.693,563,10.718,523.841,0.527,0.781
993,13,2,25.512,338.767,0.704,569,10.56,539.5,0.531,0.803
994,7,0,20.837,336.233,0.611,567,10.223,413.446,0.525,0.46
995,7,1,21.395,336.233,0.617,568,9.896,432.507,0.527,0.51
996,7,3,22.0,336.093,0.649,561,10.026,442.509,0.521,0.536
997,3,0,22.093,332.535,0.654,558,9.91,440.489,0.518,0.529
998,7,1,22.419,332.535,0.66,555,9.92,448.428,0.516,0.548
999,9,0,22.674,335.233,0.665,555,9.707,455.163,0.518,0.573
1000,0,0,23.465,335.233,0.668,547,9.616,465.228,0.512,0.611
