1,4,0,0.349,1.372,0.0,4,347.942,0.0,0.005,0.044
2,6,0,0.744,2.86,0.001,10,325.021,0.06,0.009,0.025
3,8,0,1.023,5.814,0.003,18,316.056,0.222,0.016,0.023
4,4,0,1.209,7.372,0.004,21,297.108,0.383,0.019,0.014
5,6,0,1.488,10.233,0.008,27,269.343,0.792,0.024,0.006
6,4,0,1.674,12.535,0.011,31,256.104,1.175,0.027,0.005
7,8,0,2.698,16.814,0.017,38,189.665,2.767,0.034,0.001
8,10,0,3.209,22.884,0.026,47,168.21,4.773,0.043,0.001
9,8,0,3.767,27.023,0.032,54,151.199,6.61,0.05,0.0
10,3,0,3.674,27.791,0.034,55,155.758,6.913,0.049,0.0
11,6,0,3.907,31.791,0.044,59,152.367,7.037,0.051,0.0
12,8,0,4.186,35.698,0.05,66,138.168,8.832,0.057,0.0
13,6,0,4.605,39.209,0.06,69,119.714,9.937,0.058,0.0
14,3,0,4.744,39.744,0.06,72,117.734,10.506,0.059,0.0
15,2,0,4.837,40.372,0.062,73,117.034,10.61,0.06,0.0
16,8,0,4.977,43.488,0.064,81,111.905,12.506,0.067,0.0
17,6,0,5.023,45.047,0.063,87,108.809,13.848,0.072,0.0
18,7,0,5.279,45.628,0.065,91,106.021,15.416,0.072,0.0
19,2,0,5.372,47.047,0.069,91,104.598,14.786,0.072,0.0
20,7,0,5.651,49.744,0.071,97,98.801,17.666,0.078,0.0
21,5,0,6.07,55.977,0.085,101,92.909,20.368,0.085,0.0
22,9,0,6.628,62.698,0.095,109,83.659,24.077,0.095,0.0
23,13,0,7.14,69.116,0.105,121,74.019,28.298,0.106,0.0
24,7,0,7.14,69.93,0.104,128,73.645,29.803,0.109,0.0
25,4,0,7.279,70.558,0.103,130,73.159,30.226,0.111,0.0
26,10,0,7.977,80.047,0.121,137,67.092,38.342,0.124,0.0
27,4,0,8.233,82.233,0.125,139,64.121,40.161,0.128,0.0
28,7,0,8.326,87.791,0.137,143,60.527,43.269,0.132,0.0
29,7,0,8.512,88.233,0.135,149,59.455,44.62,0.136,0.0
30,9,0,8.837,92.372,0.141,156,57.006,48.298,0.143,0.0
31,8,0,8.814,95.651,0.148,162,57.298,49.158,0.147,0.0
32,6,0,9.233,98.767,0.15,168,53.497,54.897,0.155,0.0
33,1,0,9.372,98.767,0.154,166,53.241,54.254,0.152,0.0
34,7,0,10.023,105.07,0.169,169,50.169,63.507,0.158,0.0
35,5,0,10.395,109.047,0.176,174,46.503,69.277,0.164,0.001
36,4,0,10.535,109.86,0.177,176,46.286,71.894,0.165,0.001
37,5,0,10.953,112.977,0.184,179,44.778,75.196,0.169,0.001
38,5,0,10.977,113.0,0.182,183,45.407,75.316,0.171,0.001
39,6,0,11.349,117.093,0.191,187,44.005,79.165,0.175,0.001
40,6,0,11.535,116.558,0.187,192,44.726,83.123,0.179,0.001
41,3,0,11.628,116.395,0.187,191,44.96,83.727,0.179,0.001
42,6,0,11.767,119.163,0.196,194,46.351,82.966,0.18,0.001
43,2,0,11.767,119.279,0.197,195,46.433,81.867,0.179,0.001
44,5,0,11.791,120.605,0.195,198,44.289,85.278,0.184,0.001
45,7,0,12.163,123.721,0.201,202,43.272,90.875,0.188,0.001
46,6,0,12.814,123.0,0.2,203,42.392,96.835,0.188,0.001
47,7,0,13.0,123.535,0.2,208,42.191,100.137,0.189,0.001
48,6,0,13.116,125.302,0.206,210,42.069,103.478,0.191,0.002
49,6,0,13.326,125.86,0.205,215,41.472,105.983,0.194,0.002
50,7,0,13.372,129.814,0.214,221,41.02,106.849,0.199,0.002
51,9,0,13.744,133.023,0.218,227,44.949,114.516,0.207,0.003
52,8,0,13.698,133.721,0.22,230,44.928,112.145,0.208,0.003
53,7,0,14.023,136.814,0.229,233,43.732,114.994,0.212,0.003
54,3,0,13.884,134.93,0.224,234,43.981,113.857,0.21,0.003
55,4,0,14.209,138.488,0.235,233,43.032,119.511,0.213,0.003
56,9,0,14.535,143.791,0.246,239,41.522,127.328,0.22,0.004
57,6,0,15.14,150.791,0.265,243,40.203,134.941,0.227,0.005
58,9,0,15.535,159.814,0.289,248,33.497,144.757,0.234,0.005
59,4,0,15.814,160.0,0.285,250,32.684,149.668,0.238,0.005
60,9,0,15.628,160.884,0.283,256,32.611,149.203,0.244,0.005
61,4,0,15.349,161.326,0.292,253,33.28,141.689,0.238,0.005
62,4,0,15.395,161.907,0.293,255,33.104,142.813,0.239,0.005
63,7,0,15.558,164.674,0.302,256,32.804,149.219,0.243,0.005
64,8,0,15.651,164.791,0.303,259,32.379,149.47,0.242,0.005
65,4,0,15.698,164.907,0.302,260,32.39,149.283,0.244,0.006
66,10,0,15.628,166.302,0.303,267,32.366,150.866,0.249,0.006
67,5,0,16.0,173.023,0.323,269,30.62,155.843,0.253,0.007
68,8,0,16.279,176.116,0.329,276,29.667,162.695,0.26,0.008
69,8,0,16.419,176.767,0.326,282,29.101,171.67,0.266,0.009
70,7,0,16.465,180.0,0.333,288,28.047,174.862,0.27,0.009
71,7,0,16.581,180.674,0.334,293,27.956,176.804,0.273,0.01
72,3,0,17.186,182.605,0.341,291,27.324,180.57,0.274,0.012
73,9,0,17.558,189.163,0.359,300,26.571,190.211,0.281,0.014
74,1,0,17.884,188.977,0.362,298,26.228,192.8,0.279,0.015
75,4,0,17.814,188.977,0.363,297,26.439,188.232,0.276,0.014
76,5,0,17.953,189.907,0.365,299,25.814,191.95,0.278,0.015
77,11,0,18.093,191.07,0.365,307,25.503,199.329,0.285,0.017
78,4,0,18.372,192.651,0.372,306,25.107,202.072,0.284,0.018
79,9,0,19.047,206.465,0.417,314,22.432,219.054,0.291,0.022
80,4,0,19.0,206.488,0.416,318,22.414,219.216,0.292,0.022
81,6,0,18.953,207.209,0.414,321,22.085,222.83,0.296,0.023
82,8,0,19.07,207.488,0.413,328,22.23,227.577,0.299,0.025
83,11,0,19.372,209.698,0.416,334,21.456,235.947,0.305,0.03
84,3,0,19.698,209.698,0.419,333,21.426,240.686,0.303,0.031
85,6,0,19.884,210.744,0.424,335,21.257,238.211,0.302,0.033
86,2,0,20.209,211.953,0.427,336,20.898,243.578,0.302,0.036
87,10,0,20.349,217.326,0.443,342,20.389,252.434,0.31,0.041
88,6,0,21.0,218.628,0.443,346,19.838,266.545,0.317,0.054
89,2,0,21.116,222.977,0.461,339,19.736,264.143,0.313,0.053
90,7,0,21.349,225.698,0.467,342,18.905,275.199,0.319,0.06
91,5,0,21.349,227.512,0.472,345,17.043,279.366,0.321,0.058
92,6,0,21.372,230.814,0.486,347,16.827,283.699,0.324,0.06
93,4,0,21.372,230.814,0.487,349,16.791,283.216,0.324,0.06
94,7,0,21.605,234.0,0.497,352,16.524,285.457,0.326,0.066
95,7,0,21.744,236.209,0.504,354,16.241,290.616,0.33,0.072
96,6,0,21.93,236.047,0.504,353,16.273,291.6,0.329,0.075
97,12,0,22.488,243.093,0.524,361,15.577,303.977,0.342,0.102
98,4,0,22.488,241.326,0.519,361,15.724,300.77,0.339,0.099
99,8,0,22.977,241.326,0.513,366,15.18,314.874,0.346,0.123
100,5,0,22.884,242.047,0.519,365,15.492,311.703,0.343,0.115
101,6,0,23.116,246.302,0.528,363,15.448,312.831,0.339,0.117
102,7,0,23.116,246.372,0.527,366,15.322,313.172,0.34,0.118
103,7,0,23.349,248.233,0.531,369,15.022,316.609,0.344,0.131
104,6,0,23.581,247.395,0.53,369,14.916,319.206,0.342,0.136
105,7,0,23.581,247.395,0.528,374,14.894,318.76,0.345,0.141
106,6,0,23.721,247.581,0.528,375,14.776,326.454,0.347,0.149
107,4,0,23.767,249.977,0.539,375,14.772,325.903,0.345,0.148
108,4,0,23.395,249.977,0.541,373,15.179,317.624,0.343,0.133
109,2,0,24.093,249.977,0.545,367,15.083,321.145,0.339,0.15
110,9,0,24.605,256.395,0.574,368,14.839,332.517,0.344,0.183
111,3,0,24.419,256.395,0.574,367,14.897,331.506,0.345,0.175
112,6,0,24.767,256.884,0.578,365,14.529,335.622,0.343,0.187
113,4,0,24.86,259.372,0.586,365,14.441,336.085,0.345,0.194
114,10,0,24.767,264.651,0.599,373,14.268,344.777,0.353,0.207
115,7,0,24.953,272.372,0.615,376,12.939,357.318,0.361,0.23
116,5,0,25.047,271.488,0.61,378,12.876,359.735,0.363,0.241
117,4,0,25.233,271.488,0.611,378,12.653,364.022,0.363,0.25
118,4,0,25.14,271.395,0.609,379,12.669,366.34,0.365,0.251
119,8,0,25.419,271.884,0.609,384,11.985,382.385,0.372,0.283
120,2,0,25.605,271.884,0.612,382,11.631,381.79,0.369,0.285
121,4,0,25.884,272.14,0.613,384,11.51,387.845,0.37,0.302
122,7,0,25.977,273.721,0.622,388,11.319,393.735,0.376,0.327
123,6,0,25.93,273.721,0.621,391,11.096,401.713,0.382,0.343
124,6,0,25.93,276.419,0.63,394,10.946,406.114,0.387,0.358
125,4,0,26.163,276.535,0.633,394,10.997,408.967,0.383,0.362
126,6,0,26.256,276.535,0.633,396,10.983,408.763,0.383,0.367
127,3,0,26.256,277.488,0.64,397,11.066,405.142,0.381,0.36
128,9,0,26.302,281.14,0.647,401,10.945,408.807,0.383,0.37
129,9,0,26.302,283.209,0.654,403,10.842,410.376,0.387,0.384
130,5,0,26.349,283.395,0.654,405,10.729,414.339,0.39,0.396
131,4,0,26.674,289.907,0.682,402,10.789,417.91,0.388,0.414
132,5,0,26.628,290.419,0.682,402,10.711,415.913,0.389,0.416
133,5,0,27.279,290.605,0.681,397,10.668,422.687,0.384,0.445
134,6,0,27.419,290.163,0.68,401,10.599,426.315,0.386,0.462
135,5,0,27.372,290.442,0.68,402,10.564,425.609,0.386,0.459
136,6,0,27.628,292.349,0.692,404,10.536,427.534,0.388,0.485
137,6,0,27.721,293.744,0.702,405,10.434,428.191,0.39,0.502
138,3,0,27.698,294.605,0.713,399,11.167,416.135,0.384,0.483
139,6,0,27.349,294.605,0.711,394,11.341,410.881,0.381,0.445
140,3,0,27.442,294.233,0.711,393,11.411,409.198,0.379,0.445
141,9,0,27.07,297.302,0.718,399,11.325,411.513,0.385,0.438
142,4,0,27.186,297.674,0.72,397,11.302,415.618,0.386,0.45
143,7,0,27.419,299.605,0.715,401,11.095,423.626,0.392,0.489
144,3,0,27.465,300.023,0.717,403,11.057,424.579,0.391,0.49
145,5,0,27.419,301.767,0.722,401,11.346,421.99,0.389,0.482
146,12,0,28.047,306.581,0.725,406,11.092,439.143,0.399,0.564
147,6,0,28.233,308.814,0.733,408,10.855,448.676,0.403,0.591
148,8,0,28.419,317.395,0.731,413,11.227,449.914,0.41,0.633
149,7,0,28.512,317.558,0.724,417,10.911,462.85,0.419,0.666
150,3,0,28.651,317.558,0.725,419,10.826,469.196,0.421,0.684
151,5,0,29.0,318.581,0.725,418,10.309,473.477,0.421,0.702
152,10,0,29.512,320.395,0.731,421,10.077,487.102,0.425,0.744
153,3,0,29.465,320.674,0.732,422,10.13,483.511,0.424,0.739
154,6,0,29.651,319.814,0.735,424,10.044,491.212,0.426,0.755
155,5,0,29.744,319.814,0.734,423,9.894,488.218,0.429,0.768
156,3,0,30.465,319.651,0.728,421,9.549,497.441,0.427,0.797
157,6,0,30.349,320.14,0.729,423,9.697,492.448,0.425,0.788
158,6,0,30.442,320.14,0.732,424,9.754,491.623,0.422,0.785
159,6,0,30.674,321.395,0.726,429,9.662,501.652,0.428,0.812
160,9,0,30.814,321.512,0.721,435,9.6,503.242,0.431,0.825
161,8,0,31.047,321.442,0.72,437,9.515,509.4,0.433,0.839
162,5,0,31.372,324.93,0.721,434,9.611,512.535,0.431,0.849
163,11,0,31.791,324.93,0.725,442,9.437,525.362,0.438,0.875
164,8,0,32.023,324.93,0.727,444,9.434,527.644,0.436,0.88
165,4,0,32.07,324.93,0.724,445,9.411,527.479,0.436,0.881
166,4,0,31.93,324.93,0.726,442,9.44,523.515,0.434,0.874
167,7,0,31.837,325.047,0.724,448,9.363,527.832,0.439,0.878
168,2,0,31.837,325.047,0.725,448,9.426,526.374,0.437,0.875
169,6,0,31.86,320.698,0.716,450,10.341,523.266,0.437,0.88
170,9,0,31.628,320.767,0.714,457,10.263,528.22,0.442,0.88
171,7,0,31.558,322.372,0.714,460,10.293,526.323,0.443,0.879
172,5,0,31.977,325.209,0.718,461,9.958,538.308,0.446,0.896
173,6,0,32.116,325.86,0.719,465,9.801,547.483,0.452,0.907
174,5,0,32.349,325.86,0.72,463,8.936,548.742,0.451,0.909
175,5,0,32.674,326.047,0.72,461,9.038,550.188,0.446,0.912
176,4,0,32.907,326.047,0.723,460,9.108,550.975,0.445,0.917
177,5,0,32.814,326.628,0.724,462,9.121,552.274,0.448,0.917
178,1,0,32.698,326.628,0.726,458,9.188,546.787,0.444,0.91
179,3,0,32.791,326.628,0.726,457,9.171,548.148,0.445,0.914
180,6,0,33.163,326.953,0.726,460,9.141,560.185,0.448,0.925
181,2,0,33.465,326.953,0.726,456,9.157,559.618,0.446,0.93
182,4,0,27.07,328.14,0.692,456,11.068,452.144,0.445,0.652
183,4,0,27.023,328.14,0.692,458,11.041,453.716,0.446,0.652
184,7,0,27.535,328.14,0.692,460,10.898,465.788,0.447,0.69
185,4,0,27.721,328.14,0.693,460,10.816,470.314,0.448,0.707
186,5,0,28.605,331.512,0.716,456,9.763,480.226,0.443,0.739
187,3,0,28.744,333.721,0.72,453,9.584,483.218,0.441,0.739
188,6,0,28.721,334.488,0.722,454,9.543,488.37,0.442,0.741
189,4,0,29.07,334.535,0.724,448,9.609,487.09,0.436,0.746
190,6,0,29.0,334.535,0.723,452,9.547,488.21,0.441,0.754
191,7,0,29.0,334.535,0.725,454,9.499,486.844,0.437,0.744
192,11,0,29.14,334.767,0.728,460,9.325,496.717,0.443,0.768
193,11,0,29.651,335.256,0.733,467,9.032,519.079,0.452,0.814
194,7,0,29.674,335.256,0.73,469,8.956,523.205,0.453,0.817
195,8,0,29.814,335.256,0.731,471,9.084,519.526,0.448,0.812
196,5,0,30.093,335.256,0.731,471,9.177,516.307,0.442,0.813
197,5,0,30.233,335.256,0.729,472,9.072,522.13,0.446,0.828
198,7,0,30.233,335.256,0.73,470,9.193,519.171,0.445,0.827
199,10,0,29.86,334.977,0.732,476,9.269,515.206,0.451,0.822
200,6,0,30.0,340.674,0.732,478,9.198,517.986,0.453,0.833
201,13,1,24.512,342.186,0.689,482,11.222,429.05,0.453,0.491
202,5,0,24.465,342.186,0.687,487,11.118,432.986,0.457,0.501
203,2,0,24.512,342.186,0.689,483,11.109,432.239,0.455,0.497
204,11,0,24.884,342.186,0.687,491,10.697,446.099,0.465,0.557
205,1,0,24.93,342.186,0.688,488,10.813,445.933,0.462,0.552
206,8,0,25.395,343.93,0.694,488,10.769,456.138,0.461,0.583
207,4,0,25.721,343.93,0.7,485,10.786,453.858,0.456,0.592
208,5,0,21.093,336.0,0.674,485,12.406,357.487,0.457,0.267
209,3,0,21.209,336.0,0.675,482,12.165,357.308,0.455,0.266
210,6,0,21.628,336.0,0.675,484,11.926,369.992,0.456,0.294
211,5,0,21.674,336.0,0.673,488,11.905,370.12,0.458,0.304
212,1,0,21.628,336.0,0.674,486,12.173,368.568,0.456,0.298
213,8,0,21.907,336.047,0.679,493,11.871,377.681,0.46,0.327
214,3,0,22.093,336.047,0.681,493,11.865,380.199,0.458,0.333
215,4,0,22.465,336.047,0.683,491,11.86,381.987,0.454,0.343
216,8,0,23.163,336.047,0.691,496,11.411,401.788,0.462,0.42
217,5,0,23.674,336.047,0.691,493,11.319,411.632,0.46,0.452
218,6,0,24.093,336.395,0.694,493,11.078,417.191,0.459,0.478
219,5,0,24.279,336.395,0.699,491,11.134,425.667,0.46,0.498
220,4,0,25.186,336.395,0.702,485,11.005,436.408,0.453,0.54
221,6,0,25.14,336.395,0.704,483,10.388,436.547,0.453,0.531
222,4,0,25.512,336.395,0.706,479,10.565,431.089,0.446,0.537
223,5,0,25.628,336.395,0.709,480,10.56,436.546,0.445,0.543
224,5,0,20.86,339.256,0.648,483,11.879,364.709,0.452,0.237
225,5,0,21.395,338.372,0.654,480,11.805,374.405,0.45,0.26
226,7,0,21.86,339.07,0.653,483,11.593,384.732,0.454,0.302
227,5,0,21.953,339.256,0.652,483,11.583,385.156,0.455,0.31
228,10,0,22.535,339.256,0.652,485,11.37,400.326,0.457,0.355
229,3,0,22.628,338.651,0.647,482,11.052,397.123,0.452,0.344
230,6,0,22.721,338.651,0.644,484,11.053,404.457,0.456,0.362
231,3,0,22.86,339.395,0.656,486,10.767,409.629,0.458,0.378
232,7,0,23.116,339.395,0.665,487,10.681,416.31,0.461,0.406
233,5,0,23.256,337.814,0.671,484,10.624,418.404,0.46,0.412
234,3,0,23.628,341.628,0.689,484,10.014,428.427,0.462,0.444
235,6,0,19.581,329.884,0.644,481,11.073,342.465,0.455,0.175
236,5,0,19.907,329.86,0.649,482,10.73,354.861,0.455,0.189
237,1,0,20.279,329.86,0.649,477,10.622,361.015,0.452,0.198
238,6,0,21.279,329.953,0.66,469,10.601,372.089,0.443,0.228
239,6,0,21.465,329.953,0.659,474,10.506,379.728,0.445,0.245
240,11,0,22.07,331.349,0.66,478,10.398,384.946,0.449,0.292
241,6,0,22.419,333.209,0.659,479,10.219,398.649,0.453,0.325
242,6,0,22.837,333.209,0.665,483,10.004,404.327,0.454,0.357
243,7,0,23.581,333.209,0.674,485,9.699,424.445,0.458,0.423
244,3,0,23.698,333.209,0.671,483,9.692,426.847,0.453,0.416
245,7,0,19.326,332.326,0.642,485,12.007,326.871,0.453,0.164
246,4,0,19.674,332.326,0.644,483,12.231,331.62,0.45,0.174
247,5,0,20.093,332.326,0.645,485,11.415,344.002,0.453,0.195
248,6,0,20.721,332.744,0.649,482,11.387,351.979,0.448,0.215
249,6,1,16.884,339.628,0.602,483,16.368,303.389,0.449,0.09
250,5,1,17.442,339.628,0.61,482,16.055,315.513,0.449,0.105
251,6,0,18.256,341.349,0.618,481,15.824,332.904,0.448,0.129
252,5,0,18.93,336.581,0.622,474,15.375,337.667,0.443,0.142
253,7,0,19.116,336.581,0.617,475,16.848,337.303,0.442,0.153
254,1,0,18.977,336.581,0.62,472,16.929,334.113,0.438,0.141
255,5,0,19.116,336.581,0.617,472,17.503,334.257,0.437,0.148
256,2,0,19.488,336.581,0.623,466,17.699,335.295,0.43,0.15
257,6,0,19.907,336.581,0.624,467,17.548,344.902,0.432,0.171
258,3,0,20.093,336.581,0.626,460,17.693,343.288,0.426,0.167
259,5,0,20.279,336.581,0.636,459,18.904,341.566,0.424,0.177
260,6,0,20.791,336.581,0.637,460,18.667,352.83,0.428,0.211
261,4,0,20.884,336.581,0.643,457,17.917,350.805,0.425,0.203
262,7,0,21.302,334.116,0.644,457,17.814,363.205,0.426,0.228
263,3,0,21.488,334.116,0.647,456,17.815,364.597,0.423,0.228
264,6,0,21.767,334.07,0.649,459,17.544,368.206,0.426,0.253
265,10,0,22.14,334.07,0.652,465,17.319,380.331,0.43,0.287
266,9,0,22.302,332.488,0.654,468,17.04,379.718,0.434,0.307
267,3,0,22.628,332.488,0.658,463,17.08,376.175,0.429,0.311
268,9,0,23.047,333.372,0.655,465,16.086,386.228,0.434,0.351
269,5,0,23.372,334.605,0.658,464,16.173,388.377,0.428,0.355
270,5,0,23.535,334.512,0.664,460,16.317,388.36,0.419,0.338
271,9,0,23.535,335.023,0.665,464,16.189,389.023,0.423,0.347
272,6,0,23.395,335.023,0.661,470,16.053,393.583,0.429,0.359
273,2,0,24.14,335.023,0.665,465,15.959,402.604,0.422,0.389
274,6,0,24.326,335.419,0.664,469,15.692,407.593,0.426,0.415
275,6,0,24.651,335.814,0.663,470,15.307,417.346,0.429,0.447
276,8,0,25.023,336.674,0.669,470,15.027,423.31,0.428,0.47
277,5,0,25.116,336.674,0.668,472,14.948,429.07,0.43,0.483
278,7,0,25.814,337.256,0.673,470,14.835,434.826,0.425,0.518
279,6,0,25.93,337.953,0.676,474,14.743,437.255,0.426,0.529
280,6,0,26.023,337.953,0.686,479,14.426,444.832,0.433,0.56
281,6,0,26.302,337.791,0.688,480,14.358,450.204,0.436,0.593
282,3,0,26.837,337.791,0.691,477,14.38,455.528,0.434,0.623
283,9,0,27.0,337.791,0.69,480,14.316,457.594,0.435,0.639
284,5,0,27.0,337.791,0.691,481,14.398,459.179,0.436,0.642
285,5,0,27.721,337.791,0.695,478,14.355,464.904,0.434,0.686
286,10,0,28.14,337.791,0.703,482,12.241,477.21,0.444,0.729
287,6,0,28.116,338.86,0.704,484,12.12,478.035,0.449,0.741
288,6,0,28.442,338.86,0.704,485,11.909,481.971,0.452,0.766
289,5,0,28.721,338.977,0.714,487,11.832,490.136,0.453,0.785
290,6,0,28.721,338.977,0.715,488,11.899,492.189,0.453,0.785
291,6,0,28.907,338.977,0.715,493,11.734,498.549,0.458,0.805
292,6,0,29.302,338.558,0.715,493,11.499,504.146,0.46,0.828
293,7,0,29.442,338.558,0.718,493,11.286,509.261,0.464,0.841
294,6,0,23.721,337.837,0.688,491,11.503,411.272,0.465,0.475
295,9,0,24.256,337.837,0.688,496,11.233,432.425,0.47,0.533
296,7,0,24.814,337.837,0.689,497,10.98,442.901,0.472,0.58
297,7,0,25.209,336.419,0.692,494,10.959,442.929,0.468,0.597
298,5,0,25.674,334.698,0.693,489,10.869,449.722,0.465,0.619
299,2,0,26.233,334.698,0.694,486,10.787,456.159,0.462,0.649
300,8,0,26.558,334.698,0.699,489,10.597,466.694,0.468,0.691
301,8,0,17.93,338.047,0.631,492,15.456,308.368,0.471,0.156
302,8,0,18.395,338.047,0.63,496,15.109,319.168,0.471,0.174
303,6,0,18.814,338.186,0.637,500,14.724,333.845,0.475,0.2
304,4,0,19.605,338.186,0.648,496,14.735,345.92,0.468,0.226
305,8,0,19.791,338.186,0.648,502,14.379,355.939,0.475,0.254
306,2,0,20.14,338.186,0.649,499,14.447,358.055,0.47,0.26
307,3,0,20.558,338.186,0.653,496,14.553,361.756,0.463,0.267
308,5,0,20.837,338.186,0.651,497,14.19,368.076,0.462,0.278
309,7,0,21.488,338.698,0.656,494,14.118,373.539,0.461,0.317
310,5,0,21.488,338.698,0.651,496,12.583,376.239,0.46,0.304
311,7,0,21.884,338.698,0.655,498,12.479,381.369,0.46,0.329
312,4,0,22.186,339.488,0.658,499,12.28,390.831,0.464,0.362
313,5,0,22.488,339.651,0.663,497,12.118,389.89,0.462,0.374
314,7,0,22.767,339.651,0.659,500,11.903,399.634,0.466,0.407
315,6,0,23.419,339.651,0.673,496,11.811,409.936,0.461,0.44
316,4,0,23.791,339.419,0.678,494,11.005,413.322,0.457,0.445
317,6,0,19.581,325.767,0.647,494,12.892,338.168,0.459,0.192
318,4,0,20.0,325.767,0.649,494,12.701,346.002,0.46,0.214
319,3,0,20.279,325.535,0.647,491,12.708,357.322,0.459,0.226
320,3,0,20.791,325.721,0.653,490,12.592,363.147,0.456,0.247
321,9,0,21.302,325.721,0.662,495,12.417,371.259,0.459,0.286
322,5,0,21.628,325.721,0.667,496,12.355,374.856,0.459,0.306
323,5,0,22.116,324.0,0.671,492,12.07,379.194,0.458,0.336
324,5,0,23.047,323.814,0.673,489,11.964,391.762,0.452,0.381
325,6,0,23.326,323.814,0.67,490,11.836,391.953,0.453,0.402
326,5,0,23.651,325.767,0.673,490,11.7,393.261,0.451,0.419
327,0,0,23.791,325.767,0.674,486,11.706,395.272,0.449,0.424
328,7,0,24.767,328.256,0.689,486,10.615,413.419,0.45,0.493
329,3,0,24.628,328.581,0.686,484,10.704,411.737,0.449,0.479
330,4,0,25.395,328.581,0.694,481,10.716,417.737,0.441,0.509
331,3,0,25.395,328.581,0.699,479,10.71,413.795,0.439,0.504
332,7,0,25.628,328.674,0.696,484,10.493,422.044,0.445,0.542
333,8,0,26.233,330.535,0.7,483,10.199,428.556,0.443,0.579
334,8,0,26.558,330.535,0.702,486,9.909,439.55,0.447,0.613
335,5,0,26.837,331.605,0.703,486,9.714,448.453,0.447,0.632
336,7,0,27.116,331.605,0.705,485,9.724,452.772,0.444,0.644
337,2,0,27.442,331.605,0.706,482,9.665,459.831,0.441,0.656
338,8,0,27.86,333.326,0.722,482,9.533,471.002,0.447,0.702
339,7,0,27.907,333.093,0.722,483,9.531,471.284,0.446,0.702
340,3,0,27.628,333.093,0.719,481,9.68,458.626,0.44,0.665
341,6,0,28.047,333.233,0.723,482,9.582,470.78,0.442,0.7
342,1,0,28.14,333.233,0.724,482,9.572,472.128,0.441,0.703
343,3,0,28.233,333.093,0.725,479,9.686,471.038,0.437,0.697
344,8,0,28.698,333.093,0.724,483,9.428,484.14,0.443,0.743
345,5,0,28.791,333.093,0.73,482,9.35,488.343,0.442,0.745
346,9,0,29.023,333.256,0.735,483,9.034,498.582,0.446,0.766
347,7,0,28.953,334.302,0.735,484,8.449,505.014,0.449,0.767
348,4,0,29.186,334.302,0.739,484,8.418,510.06,0.448,0.778
349,2,0,29.07,334.302,0.741,480,8.584,502.838,0.444,0.76
350,5,0,29.349,336.93,0.739,478,8.742,500.816,0.44,0.768
351,6,0,29.163,336.93,0.736,477,8.845,496.246,0.439,0.754
352,5,0,29.302,336.93,0.739,478,8.815,497.886,0.44,0.766
353,6,0,29.093,337.419,0.739,479,8.578,501.182,0.44,0.753
354,7,0,29.279,337.326,0.741,479,8.704,500.913,0.437,0.754
355,8,0,29.395,337.326,0.745,476,8.691,495.914,0.436,0.758
356,10,0,30.07,337.326,0.746,482,8.26,516.481,0.445,0.815
357,5,0,30.349,337.326,0.747,481,8.353,512.616,0.44,0.818
358,5,0,30.442,337.326,0.745,478,8.468,506.421,0.437,0.815
359,5,0,30.651,338.535,0.748,482,8.33,516.928,0.442,0.834
360,5,0,30.465,338.535,0.749,481,8.4,510.347,0.442,0.826
361,13,0,30.698,341.907,0.754,488,8.037,526.568,0.446,0.844
362,2,0,30.837,342.047,0.754,488,7.96,527.642,0.448,0.852
363,11,0,24.605,344.977,0.701,496,10.219,441.114,0.459,0.509
364,5,0,25.023,343.302,0.7,494,10.812,446.524,0.461,0.557
365,13,0,24.977,343.488,0.698,501,10.402,455.999,0.47,0.581
366,8,0,25.558,343.488,0.7,504,10.203,465.953,0.469,0.621
367,4,0,25.884,343.488,0.702,505,10.069,469.524,0.469,0.643
368,2,0,26.163,343.488,0.702,503,10.043,474.689,0.468,0.66
369,5,0,26.651,343.186,0.703,502,9.873,480.333,0.467,0.686
370,9,0,26.837,344.395,0.706,506,9.824,482.751,0.468,0.702
371,5,0,27.209,344.395,0.707,507,9.734,488.207,0.466,0.72
372,7,0,27.256,343.535,0.717,506,9.727,485.017,0.464,0.716
373,6,0,27.767,343.721,0.722,507,9.578,502.537,0.465,0.751
374,8,0,22.372,347.419,0.704,510,11.316,405.041,0.465,0.37
375,10,0,23.256,347.791,0.706,514,10.987,422.034,0.467,0.441
376,5,0,23.791,349.488,0.713,515,11.17,430.187,0.467,0.486
377,10,0,24.767,349.419,0.721,517,10.867,449.12,0.465,0.55
378,3,0,24.791,349.744,0.723,512,10.976,449.05,0.459,0.533
379,3,0,25.186,349.814,0.728,511,10.944,450.221,0.455,0.548
380,3,0,25.465,349.814,0.729,509,10.808,454.773,0.458,0.577
381,5,0,25.837,349.814,0.728,509,10.665,459.066,0.459,0.61
382,3,0,25.953,349.814,0.73,505,10.754,458.227,0.456,0.607
383,5,0,26.419,349.814,0.733,505,10.691,469.803,0.455,0.637
384,9,0,26.605,349.814,0.737,512,10.546,480.201,0.459,0.664
385,5,0,26.744,349.814,0.737,511,10.557,486.677,0.46,0.676
386,3,0,26.977,349.814,0.737,512,10.467,494.916,0.462,0.696
387,9,0,27.419,349.814,0.738,515,10.343,503.106,0.465,0.733
388,3,0,27.349,349.907,0.735,512,10.497,501.895,0.462,0.722
389,8,0,27.674,349.907,0.735,515,10.469,506.524,0.462,0.741
390,6,0,22.558,347.674,0.689,516,11.988,404.685,0.467,0.397
391,5,0,22.651,347.488,0.697,516,11.945,405.973,0.468,0.406
392,4,0,23.093,347.488,0.699,513,11.433,416.46,0.466,0.429
393,10,0,19.209,336.047,0.638,512,13.298,370.228,0.468,0.197
394,5,0,19.488,336.047,0.65,511,12.218,371.319,0.467,0.203
395,2,0,20.209,337.628,0.658,508,12.088,385.157,0.466,0.239
396,3,0,20.512,337.628,0.663,503,12.075,387.138,0.464,0.25
397,7,0,20.837,337.628,0.668,508,11.696,397.623,0.468,0.278
398,4,0,21.14,337.628,0.669,507,10.965,403.373,0.468,0.295
399,9,0,22.047,338.07,0.673,507,10.638,428.471,0.474,0.373
400,6,0,22.674,338.628,0.676,508,10.29,440.959,0.472,0.411
401,12,0,18.744,328.186,0.636,513,10.376,355.761,0.489,0.209
402,6,0,19.488,329.186,0.643,513,10.092,380.913,0.494,0.261
403,3,0,19.628,332.674,0.644,513,9.946,384.296,0.496,0.275
404,2,0,19.814,332.605,0.646,512,9.935,386.74,0.494,0.28
405,8,1,20.651,333.767,0.653,515,9.22,404.557,0.499,0.347
406,6,0,21.163,335.721,0.658,515,8.775,419.647,0.501,0.387
407,1,0,21.628,335.721,0.665,505,8.96,421.714,0.49,0.386
408,9,1,22.465,337.233,0.682,510,8.591,446.339,0.496,0.466
409,5,0,18.488,336.581,0.635,510,12.133,365.013,0.498,0.228
410,5,0,18.721,336.581,0.637,512,11.752,370.148,0.5,0.243
411,5,0,19.326,336.814,0.643,510,11.437,385.252,0.499,0.276
412,6,0,19.558,336.814,0.641,512,11.276,393.157,0.502,0.299
413,6,0,20.163,336.814,0.644,513,10.992,411.371,0.503,0.34
414,11,0,20.674,337.86,0.655,520,10.563,426.237,0.514,0.411
415,10,0,21.093,339.372,0.677,526,10.249,437.986,0.517,0.452
416,7,0,21.488,339.372,0.676,526,10.391,440.963,0.51,0.459
417,7,0,22.14,339.372,0.682,524,10.195,451.372,0.507,0.496
418,4,0,22.233,341.488,0.689,526,9.407,452.973,0.507,0.495
419,8,0,18.93,338.605,0.61,527,13.349,370.024,0.505,0.281
420,8,2,19.209,338.605,0.614,526,13.203,378.426,0.507,0.304
421,4,0,19.581,338.605,0.622,528,13.0,389.172,0.511,0.341
422,8,1,20.372,338.581,0.634,530,12.751,408.297,0.511,0.397
423,5,0,21.209,338.581,0.651,527,12.547,430.762,0.511,0.457
424,6,1,21.721,339.674,0.659,529,12.316,441.256,0.515,0.51
425,9,0,22.093,339.674,0.665,535,10.403,448.757,0.519,0.537
426,6,0,22.698,341.349,0.671,536,10.37,462.688,0.515,0.572
427,3,0,22.605,341.349,0.671,539,10.336,462.181,0.517,0.571
428,6,1,23.256,341.349,0.675,536,10.327,472.921,0.513,0.604
429,3,0,23.488,341.349,0.678,532,10.328,475.072,0.509,0.608
430,4,0,23.302,341.349,0.678,535,10.363,472.996,0.51,0.596
431,11,0,19.442,336.116,0.669,543,9.941,377.878,0.511,0.309
432,5,0,20.07,336.116,0.675,543,9.76,388.335,0.51,0.346
433,5,0,20.674,336.302,0.681,543,9.57,399.24,0.508,0.383
434,5,0,20.86,337.14,0.679,546,9.475,403.429,0.511,0.405
435,6,1,21.558,337.14,0.69,546,9.189,420.992,0.511,0.457
436,7,0,22.395,337.14,0.706,546,9.015,432.642,0.511,0.521
437,8,0,22.628,337.14,0.702,551,8.859,441.982,0.517,0.561
438,10,0,22.767,339.605,0.7,559,8.447,454.807,0.526,0.601
439,7,0,22.907,339.605,0.702,561,8.465,459.295,0.525,0.605
440,7,0,23.326,339.744,0.7,559,8.419,460.716,0.52,0.621
441,8,0,23.744,339.744,0.699,560,7.943,466.978,0.522,0.654
442,11,1,23.791,339.93,0.696,569,7.829,470.825,0.529,0.678
443,7,0,23.605,339.93,0.695,573,7.799,471.93,0.533,0.677
444,4,0,23.558,340.465,0.694,572,7.618,472.005,0.533,0.675
445,9,2,24.233,340.535,0.7,567,7.994,479.376,0.527,0.703
446,7,1,19.884,337.837,0.707,564,9.86,400.958,0.519,0.367
447,1,0,20.349,337.837,0.71,560,10.073,409.784,0.515,0.387
448,4,0,21.279,337.837,0.717,551,10.227,415.735,0.503,0.417
449,6,0,21.767,337.837,0.717,551,9.919,432.124,0.506,0.463
450,5,0,22.395,337.837,0.717,551,9.715,445.462,0.504,0.503
451,6,2,23.372,337.837,0.729,544,9.779,454.065,0.494,0.541
452,8,0,19.349,333.349,0.64,546,10.736,389.903,0.503,0.283
453,6,0,19.581,333.349,0.639,551,10.294,396.76,0.51,0.316
454,7,0,20.116,333.349,0.652,550,10.171,402.743,0.506,0.341
455,8,0,20.488,334.209,0.654,554,9.507,415.946,0.513,0.386
456,3,0,21.14,334.209,0.662,550,9.306,427.433,0.509,0.419
457,3,0,21.721,334.209,0.669,543,9.212,437.797,0.507,0.455
458,7,0,22.186,335.07,0.666,545,8.884,443.702,0.508,0.493
459,6,0,22.558,336.186,0.681,549,8.633,451.181,0.513,0.539
460,2,0,23.256,335.977,0.688,543,8.591,451.803,0.504,0.559
461,5,0,23.628,334.302,0.691,541,8.637,453.1,0.5,0.573
462,7,0,24.395,334.953,0.698,544,8.347,472.089,0.501,0.631
463,7,0,19.907,328.442,0.677,546,9.906,389.657,0.495,0.288
464,4,0,20.465,328.442,0.68,546,9.783,401.815,0.494,0.322
465,5,0,20.93,328.442,0.686,545,9.688,406.04,0.489,0.336
466,7,1,21.302,329.791,0.686,547,9.435,415.809,0.493,0.377
467,7,1,22.233,329.791,0.696,546,9.103,441.65,0.494,0.448
468,8,0,22.93,330.674,0.7,549,8.902,459.064,0.496,0.507
469,9,0,23.558,331.0,0.698,551,8.826,463.412,0.498,0.56
470,9,0,19.837,334.07,0.696,551,10.177,382.318,0.495,0.286
471,11,0,20.581,334.302,0.696,554,9.839,394.644,0.498,0.342
472,2,0,20.953,334.535,0.697,550,9.718,404.757,0.496,0.362
473,8,0,21.372,334.535,0.699,553,9.571,411.513,0.496,0.393
474,6,0,21.93,336.977,0.699,557,9.29,423.497,0.5,0.448
475,9,0,22.581,336.93,0.705,557,8.79,439.068,0.501,0.497
476,3,0,22.953,337.279,0.712,552,8.796,451.447,0.5,0.521
477,7,0,23.163,339.14,0.708,554,8.705,456.44,0.503,0.55
478,5,0,23.442,339.302,0.709,556,8.549,467.438,0.506,0.581
479,8,0,23.465,339.372,0.712,557,8.626,469.2,0.506,0.582
480,6,0,18.814,342.186,0.68,561,10.739,364.142,0.504,0.253
481,4,0,19.047,342.279,0.68,558,10.665,370.783,0.503,0.265
482,3,0,19.512,339.814,0.69,556,10.572,380.261,0.5,0.284
483,6,2,20.372,339.814,0.697,549,10.433,390.482,0.494,0.322
484,4,1,20.558,339.814,0.698,550,10.335,391.255,0.493,0.33
485,5,0,21.209,339.814,0.707,548,10.122,404.935,0.493,0.373
486,8,1,21.837,339.814,0.712,550,9.838,421.099,0.491,0.412
487,7,1,21.814,339.814,0.713,550,9.913,412.788,0.489,0.404
488,4,1,22.186,339.837,0.714,546,9.964,416.068,0.485,0.416
489,6,0,22.628,340.628,0.714,546,9.818,424.275,0.486,0.452
490,6,0,18.302,337.488,0.617,549,13.319,359.465,0.494,0.213
491,8,0,19.0,337.488,0.622,553,12.996,377.93,0.493,0.249
492,7,0,19.698,333.674,0.627,550,12.919,389.645,0.488,0.275
493,5,0,20.302,333.674,0.631,548,12.854,407.984,0.491,0.323
494,6,0,20.116,332.302,0.639,549,12.894,401.951,0.49,0.307
495,7,0,21.116,332.256,0.643,548,12.56,421.626,0.489,0.373
496,2,0,21.395,332.256,0.644,546,12.493,429.915,0.489,0.391
497,6,0,21.767,332.884,0.645,548,12.376,438.232,0.49,0.421
498,5,0,22.279,333.186,0.658,545,12.231,448.118,0.488,0.455
499,6,0,17.581,343.093,0.609,548,13.669,363.111,0.491,0.173
500,13,0,18.395,342.744,0.623,551,12.403,378.647,0.492,0.209
501,11,1,19.233,339.605,0.644,556,12.094,399.476,0.494,0.258
502,5,0,19.814,339.605,0.653,557,11.495,415.499,0.497,0.3
503,5,0,20.698,339.605,0.658,554,11.034,434.333,0.495,0.352
504,8,3,21.07,339.605,0.666,554,10.845,445.034,0.498,0.388
505,6,0,21.349,339.605,0.672,555,10.852,447.91,0.495,0.398
506,4,2,21.674,339.605,0.674,554,10.797,454.475,0.494,0.418
507,6,0,21.884,339.605,0.663,552,10.655,458.439,0.494,0.431
508,4,0,21.93,339.465,0.661,551,10.63,464.421,0.494,0.437
509,5,1,22.279,339.744,0.662,548,10.585,470.825,0.491,0.449
510,11,0,22.698,339.744,0.664,552,10.021,488.437,0.497,0.5
511,4,0,22.93,339.744,0.669,551,9.977,497.514,0.498,0.523
512,4,0,23.395,339.744,0.692,553,9.795,511.098,0.502,0.572
513,10,0,19.488,339.651,0.615,554,9.906,391.767,0.512,0.316
514,12,0,20.465,339.791,0.637,563,9.42,420.368,0.523,0.418
515,6,0,21.209,339.791,0.657,562,9.132,440.933,0.526,0.486
516,9,1,21.628,339.721,0.662,565,8.952,446.209,0.527,0.521
517,9,1,22.605,339.698,0.684,566,8.738,465.261,0.529,0.599
518,6,0,23.442,339.698,0.715,561,8.625,489.187,0.528,0.658
519,6,0,23.814,340.419,0.718,563,8.561,494.329,0.529,0.685
520,4,0,24.279,340.233,0.721,554,8.703,501.576,0.52,0.689
521,6,2,20.442,340.419,0.694,551,9.977,428.222,0.521,0.414
522,3,0,20.814,340.419,0.694,550,9.817,431.642,0.521,0.441
523,3,0,21.698,340.419,0.708,546,9.678,447.262,0.514,0.483
524,5,1,22.233,340.628,0.708,546,9.49,455.805,0.515,0.528
525,3,0,22.419,340.628,0.706,547,9.4,464.816,0.516,0.544
526,4,0,22.837,340.628,0.711,544,9.085,467.662,0.51,0.551
527,6,0,23.349,340.628,0.716,542,9.168,469.356,0.502,0.564
528,4,0,23.512,340.628,0.715,539,9.185,469.98,0.5,0.57
529,9,3,19.488,333.419,0.652,541,10.58,370.257,0.506,0.3
530,12,1,20.349,335.209,0.657,543,10.305,385.291,0.506,0.357
531,4,0,20.814,335.209,0.66,542,10.297,396.203,0.501,0.373
532,9,0,21.209,336.721,0.663,548,9.966,408.208,0.505,0.417
533,6,0,22.0,337.884,0.666,550,9.418,426.162,0.507,0.479
534,5,0,22.116,338.116,0.676,549,9.43,425.456,0.503,0.473
535,4,0,22.628,339.767,0.676,548,9.344,434.991,0.503,0.512
536,8,0,23.512,342.163,0.682,547,8.839,459.804,0.504,0.58
537,6,0,18.674,330.907,0.65,546,10.791,355.6,0.509,0.259
538,8,0,19.372,332.419,0.657,551,10.324,371.365,0.516,0.323
539,4,1,20.163,332.419,0.668,550,10.223,385.198,0.509,0.353
540,8,0,20.953,332.698,0.678,553,9.924,404.725,0.512,0.419
541,9,0,21.744,333.465,0.683,556,9.716,427.214,0.515,0.49
542,7,1,22.767,333.605,0.685,552,9.515,442.724,0.513,0.562
543,5,0,22.907,333.605,0.686,555,9.428,446.387,0.516,0.583
544,9,1,23.465,333.721,0.694,559,9.148,468.058,0.523,0.644
545,12,0,24.372,330.953,0.701,560,8.94,490.378,0.52,0.698
546,3,0,24.767,331.767,0.703,561,8.85,495.247,0.519,0.718
547,6,0,24.767,332.581,0.707,563,8.806,495.456,0.524,0.734
548,7,0,20.256,340.163,0.661,565,10.962,391.555,0.51,0.368
549,4,0,20.767,340.163,0.666,565,10.954,398.9,0.506,0.394
550,8,0,21.233,341.14,0.669,567,10.636,404.814,0.506,0.427
551,1,0,22.07,341.14,0.675,559,10.58,417.145,0.498,0.461
552,4,0,22.628,341.465,0.675,558,10.436,426.421,0.495,0.491
553,5,0,23.744,341.465,0.681,552,10.249,451.442,0.49,0.56
554,7,0,24.465,341.698,0.684,551,9.681,472.194,0.494,0.622
555,9,2,20.186,341.047,0.632,553,10.504,383.892,0.498,0.32
556,6,0,21.047,340.558,0.632,553,10.228,409.482,0.497,0.378
557,5,2,21.837,340.558,0.649,551,10.079,429.078,0.497,0.436
558,8,0,22.186,340.767,0.661,554,10.027,436.459,0.5,0.474
559,7,0,23.163,340.744,0.675,552,9.928,457.872,0.5,0.546
560,6,0,23.581,340.744,0.684,553,9.779,461.136,0.5,0.577
561,6,0,23.953,340.744,0.684,554,9.67,469.909,0.5,0.606
562,3,0,24.512,340.744,0.684,549,9.722,480.999,0.496,0.632
563,9,0,25.256,340.744,0.697,551,9.431,496.49,0.499,0.693
564,7,0,21.209,342.372,0.7,552,9.607,400.661,0.502,0.401
565,8,0,22.047,342.372,0.709,551,9.427,414.841,0.497,0.446
566,10,0,22.837,342.93,0.709,553,9.098,438.933,0.501,0.52
567,7,0,23.302,342.93,0.725,557,9.003,453.278,0.503,0.562
568,6,0,19.279,332.837,0.653,556,10.866,368.532,0.506,0.289
569,5,0,19.791,335.977,0.658,557,10.501,379.655,0.509,0.329
570,7,0,20.302,336.535,0.665,561,10.327,388.072,0.511,0.371
571,4,0,20.674,336.674,0.68,556,10.37,390.661,0.506,0.38
572,8,0,21.419,337.093,0.687,559,10.125,406.412,0.505,0.433
573,6,0,22.047,337.186,0.694,556,10.185,416.253,0.503,0.473
574,7,0,22.186,336.744,0.703,560,9.725,426.115,0.507,0.497
575,6,0,22.372,336.721,0.7,559,9.727,433.43,0.509,0.517
576,10,1,23.116,337.814,0.71,560,9.183,451.628,0.511,0.58
577,7,0,23.349,337.953,0.707,563,8.927,462.863,0.516,0.611
578,4,0,23.86,338.07,0.717,563,8.71,472.529,0.518,0.655
579,6,0,19.395,336.953,0.662,565,10.418,372.222,0.52,0.34
580,3,0,20.233,336.953,0.666,561,10.411,389.89,0.514,0.377
581,4,0,20.837,338.419,0.674,554,10.506,397.405,0.508,0.402
582,5,0,21.395,338.488,0.673,555,10.386,399.833,0.506,0.437
583,6,0,22.093,340.07,0.695,552,9.741,411.332,0.507,0.489
584,8,0,22.884,340.279,0.702,553,9.217,430.77,0.51,0.558
585,9,0,22.907,340.279,0.7,557,9.12,434.603,0.513,0.569
586,8,0,18.14,345.209,0.617,563,13.904,333.685,0.514,0.262
587,5,1,18.814,345.535,0.624,558,13.685,344.412,0.511,0.292
588,9,0,19.698,345.535,0.654,563,13.284,357.352,0.514,0.361
589,7,0,20.349,345.535,0.658,566,12.899,371.673,0.517,0.416
590,10,0,20.721,345.628,0.663,571,12.706,385.684,0.518,0.446
591,10,0,21.047,345.628,0.663,576,12.451,397.268,0.52,0.479
592,5,1,22.07,345.488,0.68,568,12.495,411.258,0.512,0.529
593,7,1,22.767,345.488,0.687,570,12.33,420.775,0.511,0.576
594,7,0,22.953,345.488,0.69,576,12.17,424.677,0.513,0.596
595,5,0,23.791,345.488,0.703,574,11.962,440.793,0.511,0.649
596,6,0,24.302,345.488,0.704,568,10.684,444.671,0.501,0.643
597,4,0,24.86,345.488,0.707,566,10.562,453.033,0.497,0.668
598,4,0,25.0,345.558,0.708,565,10.566,456.754,0.496,0.675
599,5,0,25.767,345.628,0.719,564,9.559,476.054,0.492,0.706
600,8,0,26.14,345.628,0.724,570,9.095,490.639,0.499,0.747
601,7,0,26.512,345.628,0.724,573,8.934,501.762,0.5,0.77
602,5,0,26.465,345.558,0.723,572,9.793,500.105,0.498,0.766
603,3,0,26.558,345.488,0.725,570,9.765,501.673,0.496,0.767
604,5,0,26.512,345.488,0.732,570,9.745,499.897,0.495,0.761
605,4,0,26.419,345.488,0.728,570,9.922,506.171,0.495,0.756
606,7,0,21.209,339.93,0.687,574,11.733,391.367,0.497,0.402
607,10,0,21.767,341.07,0.676,577,10.042,415.371,0.507,0.466
608,10,1,22.349,341.07,0.683,581,10.061,420.32,0.507,0.513
609,3,0,18.767,319.14,0.596,578,13.257,355.292,0.507,0.275
610,6,0,18.977,321.953,0.604,578,13.378,357.954,0.507,0.289
611,3,0,19.442,321.953,0.607,578,13.42,367.642,0.506,0.316
612,12,0,20.744,324.372,0.621,582,12.853,402.491,0.514,0.437
613,4,0,21.256,324.372,0.635,581,12.809,413.705,0.514,0.474
614,1,0,21.767,324.698,0.644,573,11.251,415.514,0.507,0.475
615,6,0,22.512,324.837,0.659,571,11.458,433.544,0.507,0.534
616,7,0,23.535,325.07,0.669,572,11.255,451.359,0.506,0.609
617,9,0,19.674,336.488,0.648,575,10.432,377.408,0.508,0.32
618,6,0,20.581,336.488,0.657,573,10.232,395.21,0.507,0.378
619,6,0,21.14,332.093,0.66,570,10.128,402.058,0.503,0.402
620,5,0,21.419,330.14,0.661,571,10.034,407.302,0.502,0.421
621,2,0,22.116,330.14,0.669,566,10.202,413.686,0.493,0.443
622,3,0,22.628,330.07,0.673,562,10.204,422.257,0.487,0.46
623,4,0,22.628,330.07,0.676,560,10.179,424.59,0.486,0.456
624,3,0,22.907,330.07,0.681,557,10.136,426.915,0.482,0.462
625,6,0,23.372,330.07,0.684,553,10.097,431.096,0.476,0.475
626,4,0,23.93,330.07,0.686,552,9.866,444.412,0.479,0.53
627,3,0,24.256,328.744,0.675,550,9.837,454.618,0.48,0.558
628,2,0,25.0,328.744,0.678,544,9.816,467.473,0.475,0.597
629,9,0,25.186,328.744,0.678,549,9.736,466.88,0.478,0.619
630,3,0,25.326,323.302,0.678,549,9.655,474.046,0.477,0.628
631,3,0,25.395,323.302,0.681,548,9.721,473.451,0.479,0.637
632,9,0,25.767,325.721,0.683,548,9.772,478.202,0.48,0.669
633,3,0,26.047,328.0,0.684,548,9.708,484.705,0.481,0.69
634,13,0,26.721,329.233,0.688,553,8.865,504.121,0.486,0.743
635,8,0,27.116,329.233,0.689,557,8.639,512.231,0.489,0.771
636,9,0,27.558,329.233,0.693,563,8.58,520.555,0.49,0.796
637,2,0,27.93,329.233,0.694,561,8.532,527.818,0.488,0.81
638,4,0,28.535,331.209,0.699,559,8.349,539.407,0.486,0.832
639,5,0,28.488,331.209,0.696,560,8.325,540.089,0.486,0.831
640,6,0,29.465,334.442,0.699,555,8.28,552.658,0.482,0.862
641,6,0,29.512,332.977,0.7,554,7.896,554.62,0.481,0.861
642,5,0,29.581,332.93,0.703,555,8.028,554.808,0.48,0.862
643,3,0,30.093,332.93,0.707,554,8.011,564.412,0.48,0.879
644,6,0,30.349,332.93,0.711,551,7.984,567.179,0.479,0.886
645,7,1,24.419,338.442,0.708,549,8.661,460.511,0.478,0.554
646,8,0,25.023,338.465,0.707,552,8.539,473.705,0.478,0.6
647,3,0,25.186,338.465,0.712,550,8.587,475.678,0.475,0.602
648,5,0,26.07,338.581,0.717,546,8.503,482.499,0.469,0.643
649,13,0,26.209,339.07,0.717,551,8.44,489.838,0.471,0.658
650,6,0,21.349,326.721,0.651,552,10.467,396.351,0.477,0.332
651,3,0,22.093,328.581,0.666,547,10.265,404.135,0.473,0.37
652,4,0,22.535,328.884,0.674,545,10.153,408.368,0.47,0.392
653,4,0,22.907,328.907,0.676,539,10.207,411.667,0.467,0.408
654,7,0,23.628,332.349,0.695,539,10.235,420.898,0.469,0.472
655,4,0,24.0,332.395,0.696,534,10.132,427.723,0.468,0.496
656,13,0,24.767,329.419,0.693,540,9.777,448.245,0.469,0.558
657,7,0,25.209,329.419,0.697,540,9.885,454.343,0.466,0.58
658,3,0,25.395,329.419,0.694,539,9.81,459.564,0.467,0.597
659,3,0,25.721,329.419,0.698,538,9.777,465.935,0.466,0.617
660,7,0,26.0,329.419,0.699,539,9.548,476.43,0.468,0.643
661,4,0,21.023,326.326,0.693,539,10.373,388.223,0.472,0.294
662,6,0,21.837,326.326,0.694,536,9.991,403.853,0.473,0.349
663,9,0,22.535,326.326,0.7,541,9.61,418.264,0.476,0.41
664,9,0,23.395,327.023,0.7,543,9.307,441.784,0.481,0.491
665,7,0,23.93,327.698,0.711,545,9.126,453.264,0.483,0.539
666,6,0,24.233,328.0,0.706,547,8.996,464.935,0.486,0.571
667,5,0,19.442,344.674,0.631,547,10.924,398.093,0.49,0.251
668,12,0,20.488,344.767,0.642,552,9.916,423.795,0.497,0.336
669,2,0,20.953,344.767,0.652,544,10.295,427.707,0.492,0.354
670,3,1,21.07,344.767,0.652,539,10.405,425.342,0.488,0.35
671,4,0,21.209,344.767,0.652,538,10.133,427.189,0.488,0.356
672,4,0,21.419,342.047,0.652,536,10.208,431.488,0.486,0.367
673,5,0,21.349,334.953,0.647,532,11.049,426.138,0.48,0.348
674,7,1,21.791,334.953,0.655,532,10.061,438.412,0.482,0.376
675,6,0,22.023,334.953,0.657,536,10.02,441.005,0.481,0.392
676,3,0,22.326,334.953,0.659,535,10.022,446.391,0.479,0.408
677,8,0,18.419,317.651,0.516,537,12.691,348.334,0.484,0.193
678,4,0,19.209,307.884,0.545,535,12.264,366.581,0.484,0.232
679,7,0,19.907,307.814,0.557,537,11.914,379.781,0.488,0.281
680,5,0,20.372,308.047,0.564,536,11.676,389.916,0.488,0.309
681,5,0,20.814,312.07,0.563,535,11.618,399.996,0.484,0.326
682,6,0,21.419,312.233,0.575,535,11.646,409.392,0.482,0.363
683,5,0,21.651,312.233,0.582,537,11.576,414.7,0.483,0.383
684,7,0,17.465,319.372,0.602,539,12.394,340.745,0.488,0.158
685,7,0,18.116,321.488,0.615,538,11.977,360.294,0.492,0.192
686,9,0,18.907,322.721,0.617,542,11.595,382.148,0.495,0.239
687,10,1,20.209,324.465,0.627,543,11.211,406.469,0.492,0.307
688,7,0,20.698,319.884,0.632,542,11.079,418.733,0.488,0.328
689,4,0,20.744,319.953,0.644,543,11.191,418.087,0.486,0.326
690,8,0,21.395,320.884,0.653,542,11.091,433.578,0.488,0.376
691,2,0,21.791,319.721,0.655,531,11.247,436.803,0.478,0.372
692,6,0,22.86,319.721,0.669,527,11.397,454.996,0.472,0.432
693,6,0,23.767,319.419,0.674,523,11.265,471.321,0.466,0.482
694,10,0,24.209,324.163,0.669,529,10.983,481.165,0.472,0.533
695,4,0,24.442,324.163,0.671,529,11.13,482.836,0.47,0.546
696,8,0,24.395,324.465,0.671,534,11.042,488.056,0.472,0.551
697,9,0,24.977,328.86,0.681,541,10.57,510.678,0.478,0.613
698,7,0,25.442,328.953,0.681,541,10.38,526.587,0.475,0.635
699,13,0,25.674,329.116,0.679,549,10.112,537.083,0.483,0.674
700,6,0,20.721,322.14,0.622,549,12.652,420.354,0.483,0.325
701,11,1,21.558,323.209,0.636,549,12.7,429.306,0.48,0.376
702,4,0,22.163,323.256,0.632,546,12.656,437.062,0.474,0.397
703,5,0,22.395,323.163,0.634,546,12.735,439.1,0.471,0.405
704,7,0,18.209,335.86,0.61,551,13.778,344.87,0.471,0.161
705,4,0,18.791,337.256,0.633,547,12.936,364.393,0.472,0.185
706,8,0,19.535,337.256,0.645,546,12.397,383.16,0.473,0.222
707,9,1,20.465,337.302,0.653,543,12.22,404.443,0.468,0.261
708,5,0,21.256,337.488,0.665,540,11.632,410.999,0.464,0.293
709,5,0,21.581,337.488,0.664,540,11.399,415.333,0.462,0.307
710,5,0,22.14,337.488,0.664,540,11.243,430.342,0.464,0.35
711,7,0,22.558,337.558,0.665,541,11.065,446.219,0.469,0.396
712,6,0,23.163,337.558,0.666,542,10.819,455.584,0.467,0.433
713,8,0,23.907,337.558,0.676,543,10.631,460.865,0.464,0.479
714,5,0,24.535,337.558,0.676,541,9.997,470.672,0.462,0.513
715,10,0,19.953,334.651,0.667,544,11.353,370.245,0.457,0.198
716,6,0,20.302,334.419,0.671,546,10.991,380.365,0.461,0.224
717,3,0,20.209,334.419,0.669,546,11.04,374.442,0.46,0.217
718,4,0,20.349,334.419,0.673,544,10.939,382.896,0.463,0.233
719,8,0,20.767,334.419,0.671,548,10.695,392.022,0.468,0.268
720,12,0,21.581,335.349,0.669,555,10.009,412.434,0.478,0.35
721,4,0,22.233,334.93,0.674,547,9.938,421.655,0.475,0.384
722,10,0,23.116,336.791,0.699,551,9.589,448.953,0.48,0.469
723,8,0,23.535,337.395,0.715,553,9.101,465.357,0.488,0.526
724,5,0,23.907,337.395,0.721,547,9.24,465.025,0.482,0.533
725,11,0,24.233,337.535,0.718,555,9.045,477.864,0.489,0.582
726,11,0,20.163,349.233,0.638,558,10.909,387.847,0.49,0.297
727,5,0,21.093,349.233,0.649,557,10.44,406.585,0.489,0.356
728,5,0,21.558,349.233,0.663,559,10.243,413.867,0.494,0.403
729,10,0,22.209,349.233,0.675,563,9.439,430.458,0.503,0.482
730,5,0,22.349,349.233,0.679,564,9.335,434.961,0.503,0.492
731,8,1,22.628,349.233,0.673,564,9.245,442.423,0.503,0.511
732,10,0,23.302,349.372,0.688,566,8.994,457.559,0.505,0.569
733,8,1,19.047,309.14,0.638,571,11.322,376.256,0.505,0.274
734,12,2,19.884,312.395,0.653,572,11.105,391.768,0.506,0.33
735,4,0,20.698,315.651,0.663,569,10.942,400.195,0.499,0.363
736,8,0,21.209,316.837,0.661,574,10.595,413.979,0.505,0.421
737,4,1,21.535,316.837,0.667,574,10.58,420.286,0.505,0.443
738,5,0,21.907,318.512,0.666,575,10.282,432.859,0.509,0.484
739,4,0,22.512,322.07,0.666,570,10.308,440.032,0.506,0.523
740,6,1,22.558,318.279,0.665,572,10.367,444.696,0.505,0.522
741,4,0,22.791,318.279,0.67,572,10.351,449.023,0.505,0.541
742,5,0,23.233,320.791,0.673,572,10.217,456.839,0.507,0.579
743,9,0,19.326,340.349,0.665,576,10.589,390.3,0.515,0.319
744,12,0,20.953,340.419,0.692,583,9.846,435.89,0.524,0.463
745,5,0,21.256,339.907,0.702,577,9.874,439.073,0.519,0.469
746,6,2,21.419,339.953,0.701,576,9.837,439.486,0.517,0.473
747,8,2,21.837,339.953,0.713,575,9.531,444.195,0.516,0.5
748,7,0,22.581,339.953,0.714,577,9.311,451.238,0.516,0.555
749,2,0,22.767,339.953,0.715,575,9.342,453.094,0.513,0.56
750,7,1,23.0,339.884,0.725,577,9.24,458.271,0.515,0.584
751,7,1,23.442,339.884,0.725,578,9.015,467.267,0.515,0.614
752,2,0,23.86,339.721,0.727,572,9.124,467.959,0.507,0.617
753,7,0,24.465,339.721,0.734,573,9.033,471.966,0.504,0.653
754,7,1,19.721,341.233,0.685,571,12.814,376.201,0.498,0.308
755,4,0,20.837,341.233,0.698,566,12.608,391.684,0.493,0.367
756,3,0,21.023,341.233,0.698,564,12.661,396.084,0.491,0.374
757,10,1,22.326,341.233,0.699,563,12.422,419.388,0.486,0.451
758,5,1,22.744,341.233,0.702,560,12.212,422.262,0.48,0.46
759,6,0,23.07,341.233,0.704,562,11.988,430.244,0.482,0.491
760,6,0,23.744,341.233,0.702,560,11.756,445.874,0.482,0.541
761,5,0,23.651,341.233,0.699,559,11.73,440.611,0.484,0.542
762,9,0,19.372,342.186,0.612,562,15.175,345.209,0.484,0.257
763,5,1,20.163,342.186,0.615,556,15.093,360.918,0.477,0.286
764,6,0,20.953,342.209,0.617,553,14.984,372.125,0.475,0.331
765,4,0,21.605,342.209,0.621,551,14.769,387.744,0.475,0.378
766,4,0,22.349,342.209,0.628,549,14.47,404.213,0.475,0.429
767,2,0,22.605,342.209,0.632,546,14.321,406.115,0.472,0.436
768,5,0,22.581,340.93,0.635,546,14.29,406.511,0.471,0.433
769,8,0,17.884,341.093,0.623,551,14.841,314.986,0.477,0.163
770,10,0,18.256,342.674,0.632,558,14.56,323.887,0.48,0.184
771,8,0,18.628,342.674,0.645,561,14.5,330.043,0.479,0.202
772,6,0,19.884,342.674,0.654,555,13.786,353.098,0.479,0.266
773,2,0,20.442,342.674,0.662,551,13.666,356.493,0.473,0.282
774,3,1,20.814,342.674,0.667,545,13.786,362.294,0.468,0.291
775,8,0,21.233,342.674,0.668,551,13.617,371.849,0.471,0.328
776,8,0,22.116,342.674,0.681,553,13.31,389.351,0.472,0.391
777,3,0,22.395,342.674,0.682,546,13.326,390.785,0.47,0.405
778,6,0,22.814,342.674,0.681,546,13.358,398.943,0.469,0.435
779,6,0,23.372,342.558,0.683,544,13.447,409.906,0.468,0.473
780,10,0,23.977,342.558,0.685,549,13.186,424.701,0.471,0.531
781,4,0,24.814,342.558,0.706,543,13.107,435.167,0.462,0.563
782,4,0,25.279,342.977,0.707,542,12.87,447.364,0.465,0.608
783,1,0,25.419,342.977,0.707,539,12.963,445.47,0.461,0.603
784,4,0,25.698,342.977,0.709,537,12.959,447.567,0.46,0.619
785,5,0,26.116,342.977,0.709,536,12.714,451.166,0.459,0.644
786,4,0,26.605,342.977,0.716,534,12.611,461.406,0.457,0.673
787,6,0,26.884,342.977,0.707,529,12.83,454.434,0.448,0.662
788,9,0,26.698,343.07,0.708,531,12.844,446.876,0.449,0.654
789,3,0,27.07,343.07,0.709,526,12.868,447.672,0.442,0.658
790,7,0,27.674,343.256,0.715,528,12.788,455.021,0.441,0.694
791,10,0,28.093,343.256,0.714,532,12.633,474.052,0.442,0.724
792,13,0,22.721,339.512,0.668,541,13.672,380.875,0.456,0.383
793,5,0,23.279,339.837,0.664,540,13.602,389.494,0.455,0.42
794,6,0,23.419,339.837,0.666,540,13.354,399.115,0.457,0.439
795,4,0,23.837,339.837,0.672,539,13.362,407.914,0.458,0.474
796,8,0,24.442,340.209,0.673,543,13.11,420.254,0.459,0.522
797,10,0,24.814,340.349,0.676,546,13.133,432.967,0.46,0.555
798,3,0,25.186,340.349,0.68,545,13.204,435.692,0.456,0.568
799,12,0,25.791,341.186,0.688,551,12.953,452.14,0.462,0.635
800,4,0,21.209,322.372,0.684,547,13.091,373.356,0.46,0.289
801,11,0,22.093,323.302,0.695,552,12.597,395.726,0.465,0.36
802,5,0,22.465,322.977,0.697,550,12.352,400.892,0.465,0.385
803,6,0,22.628,323.535,0.694,551,11.47,409.995,0.469,0.404
804,6,0,23.047,321.791,0.696,552,11.429,412.617,0.467,0.428
805,2,0,23.419,322.07,0.7,546,11.439,413.187,0.462,0.44
806,6,0,19.233,334.279,0.636,549,12.979,328.547,0.464,0.187
807,6,0,19.651,331.442,0.633,548,13.013,332.684,0.459,0.197
808,9,0,19.744,331.581,0.631,551,12.736,338.454,0.463,0.209
809,4,0,20.419,331.814,0.638,546,12.661,344.444,0.456,0.227
810,4,1,20.512,334.953,0.639,546,12.469,350.793,0.46,0.241
811,6,0,20.93,334.953,0.638,547,12.149,361.035,0.461,0.269
812,6,0,21.256,334.953,0.637,551,11.775,370.99,0.462,0.289
813,6,0,21.907,335.395,0.642,548,11.659,381.041,0.463,0.333
814,2,0,22.093,335.395,0.645,546,11.626,381.485,0.46,0.336
815,6,0,18.651,303.581,0.667,543,15.874,312.672,0.455,0.156
816,8,0,19.116,305.047,0.675,546,15.64,324.446,0.459,0.185
817,6,0,19.535,305.907,0.676,547,15.468,331.474,0.461,0.208
818,5,0,20.233,306.953,0.68,543,15.201,346.14,0.462,0.248
819,7,0,20.977,318.884,0.685,544,13.089,369.876,0.467,0.295
820,3,0,21.349,318.884,0.681,538,13.146,372.745,0.462,0.302
821,1,0,21.814,320.814,0.686,532,13.271,376.273,0.455,0.313
822,10,0,22.209,322.093,0.687,537,12.559,392.216,0.46,0.351
823,3,0,22.628,322.093,0.691,533,12.556,396.077,0.455,0.363
824,12,0,23.302,322.116,0.693,538,12.324,412.046,0.457,0.419
825,1,0,23.442,322.116,0.696,533,12.407,410.403,0.453,0.417
826,4,0,23.953,322.047,0.701,529,12.323,417.491,0.45,0.444
827,4,0,24.512,322.047,0.701,526,11.481,421.742,0.449,0.476
828,8,0,25.349,322.279,0.701,527,11.056,441.844,0.451,0.548
829,2,0,25.535,322.279,0.703,524,11.067,442.779,0.449,0.553
830,6,0,25.721,322.326,0.702,523,10.959,445.223,0.446,0.556
831,6,0,25.884,324.558,0.706,525,10.816,450.288,0.447,0.57
832,2,0,25.93,324.558,0.707,526,10.776,449.938,0.448,0.576
833,7,0,26.0,324.628,0.707,526,10.709,447.227,0.447,0.58
834,8,0,26.442,324.628,0.706,524,10.671,450.529,0.448,0.615
835,9,0,27.233,329.814,0.717,524,10.55,470.495,0.453,0.687
836,7,0,27.093,329.814,0.717,525,10.736,465.614,0.452,0.676
837,2,0,27.233,329.814,0.71,517,10.887,457.697,0.445,0.662
838,8,0,27.465,329.814,0.714,520,10.773,461.261,0.448,0.687
839,6,0,27.93,330.395,0.717,520,10.633,465.125,0.449,0.72
840,6,0,28.07,331.581,0.718,521,10.49,468.057,0.451,0.735
841,7,0,28.349,331.581,0.721,522,10.46,471.665,0.45,0.747
842,5,0,28.07,331.581,0.719,525,10.43,465.777,0.452,0.737
843,4,0,28.535,332.953,0.722,526,9.972,481.456,0.456,0.771
844,6,0,23.326,325.023,0.691,529,10.162,393.247,0.464,0.43
845,2,0,23.605,325.93,0.69,526,10.187,398.796,0.461,0.442
846,6,0,24.279,325.93,0.694,529,9.884,420.377,0.469,0.519
847,10,0,24.372,326.326,0.696,536,9.965,425.298,0.475,0.551
848,6,0,24.651,326.326,0.696,534,9.97,428.619,0.475,0.57
849,10,0,20.116,344.372,0.654,541,12.646,353.653,0.476,0.264
850,5,0,20.767,344.372,0.66,541,12.385,367.315,0.474,0.297
851,1,0,21.326,344.372,0.667,536,12.706,376.402,0.471,0.328
852,6,0,21.651,344.372,0.675,537,12.424,383.96,0.47,0.346
853,7,0,21.977,346.86,0.674,538,12.142,392.148,0.472,0.372
854,3,0,22.488,346.86,0.675,532,11.627,403.014,0.466,0.385
855,5,0,22.953,346.86,0.682,532,11.492,408.541,0.464,0.411
856,6,0,23.186,346.86,0.685,531,11.42,418.385,0.465,0.434
857,6,0,23.698,346.86,0.688,530,11.082,430.319,0.469,0.483
858,5,0,23.884,346.86,0.686,528,10.964,431.872,0.465,0.483
859,5,0,24.86,346.86,0.69,525,10.91,446.016,0.459,0.535
860,9,0,26.023,346.86,0.707,523,10.511,469.685,0.46,0.625
861,5,0,26.372,346.86,0.709,524,10.282,477.068,0.462,0.655
862,6,0,26.744,346.86,0.713,523,10.278,477.923,0.459,0.673
863,6,0,27.023,346.86,0.712,524,10.323,480.971,0.46,0.694
864,3,0,26.977,346.86,0.713,523,10.378,483.05,0.462,0.696
865,5,0,27.302,346.721,0.715,514,10.673,475.536,0.451,0.686
866,9,0,27.674,346.721,0.724,518,10.386,487.083,0.457,0.728
867,4,0,27.814,346.721,0.723,519,10.274,492.183,0.459,0.739
868,7,0,28.186,346.721,0.726,522,10.087,507.361,0.464,0.773
869,9,0,23.651,345.907,0.693,522,11.068,428.588,0.468,0.477
870,4,0,19.558,345.047,0.637,515,11.986,334.067,0.466,0.204
871,5,0,19.884,345.047,0.634,515,11.579,343.59,0.469,0.224
872,4,1,19.907,345.047,0.633,517,11.575,344.056,0.469,0.227
873,6,0,20.419,345.349,0.641,520,11.416,352.406,0.469,0.255
874,6,0,21.256,347.512,0.643,516,11.533,367.56,0.466,0.298
875,4,0,21.535,347.512,0.646,515,11.293,371.289,0.467,0.318
876,7,0,22.209,347.512,0.662,516,11.045,385.377,0.469,0.371
877,5,0,22.116,347.791,0.659,521,10.954,386.955,0.472,0.373
878,7,0,22.442,347.791,0.66,522,10.938,386.63,0.47,0.391
879,3,0,22.628,347.791,0.657,522,11.121,389.16,0.467,0.396
880,5,0,22.86,347.791,0.656,525,10.739,400.321,0.472,0.428
881,9,0,23.372,347.791,0.66,530,10.5,409.219,0.474,0.474
882,5,0,23.465,347.791,0.659,529,10.734,410.862,0.473,0.479
883,3,0,23.372,347.791,0.659,530,10.537,410.216,0.475,0.476
884,5,0,23.837,347.791,0.669,531,10.448,414.712,0.474,0.508
885,6,0,24.349,347.791,0.676,528,10.545,415.277,0.466,0.52
886,5,0,24.744,345.372,0.688,525,10.537,421.754,0.465,0.545
887,7,0,20.07,345.372,0.623,529,12.607,344.266,0.471,0.246
888,10,0,20.395,345.372,0.634,536,11.931,358.364,0.475,0.272
889,8,0,21.093,345.349,0.64,541,11.348,372.823,0.48,0.332
890,4,0,21.628,345.791,0.643,539,11.008,374.42,0.479,0.363
891,10,0,22.279,345.791,0.653,543,10.493,393.023,0.484,0.426
892,6,0,23.07,345.744,0.664,541,10.254,405.27,0.486,0.492
893,4,0,23.767,348.907,0.667,541,9.867,417.431,0.486,0.542
894,2,0,24.372,348.907,0.681,536,9.695,418.425,0.477,0.553
895,6,0,24.326,348.907,0.68,541,9.615,419.28,0.479,0.558
896,9,0,24.837,348.907,0.68,538,9.533,431.467,0.477,0.591
897,9,0,25.116,348.907,0.687,544,9.261,440.535,0.481,0.623
898,7,0,25.628,348.907,0.689,545,9.108,450.509,0.48,0.653
899,4,0,26.0,348.907,0.692,545,8.859,457.385,0.48,0.679
900,6,0,26.279,348.907,0.695,548,8.767,464.387,0.481,0.7
901,9,0,26.558,348.907,0.694,549,8.735,466.686,0.481,0.716
902,8,0,26.698,348.907,0.697,550,8.664,471.965,0.481,0.725
903,8,0,21.512,348.721,0.657,551,10.494,375.35,0.48,0.353
904,7,0,21.977,348.721,0.666,555,10.172,387.795,0.48,0.386
905,3,0,22.163,348.721,0.664,553,10.048,393.04,0.481,0.402
906,7,0,22.814,348.721,0.686,557,9.725,407.56,0.485,0.463
907,5,0,23.14,348.767,0.691,556,9.708,417.419,0.485,0.49
908,6,0,23.767,348.605,0.697,555,9.622,419.74,0.479,0.515
909,6,0,24.512,348.744,0.697,552,9.317,429.348,0.481,0.577
910,5,0,25.093,347.628,0.703,550,9.234,435.781,0.478,0.609
911,6,0,25.558,347.628,0.707,550,9.164,439.728,0.479,0.647
912,6,0,26.116,347.628,0.716,551,8.966,456.521,0.482,0.693
913,5,0,26.395,347.628,0.716,549,8.97,459.048,0.481,0.707
914,5,0,27.0,346.279,0.718,543,9.556,458.302,0.472,0.725
915,4,0,27.349,346.419,0.719,540,9.399,472.374,0.472,0.743
916,9,0,27.721,346.581,0.725,544,9.32,479.52,0.474,0.771
917,6,0,28.465,347.884,0.729,542,9.248,497.138,0.474,0.808
918,3,0,28.744,347.884,0.724,537,8.919,495.538,0.465,0.798
919,3,0,29.093,347.884,0.725,532,8.994,491.986,0.458,0.8
920,6,0,29.093,347.884,0.725,537,8.889,495.775,0.463,0.811
921,7,0,29.233,347.884,0.726,537,8.784,501.36,0.463,0.818
922,4,0,29.372,347.884,0.729,539,8.708,506.1,0.466,0.831
923,6,0,29.651,347.884,0.724,538,8.547,516.041,0.47,0.848
924,5,0,29.744,347.884,0.715,536,8.735,510.696,0.467,0.848
925,13,0,20.372,347.535,0.649,546,10.727,358.166,0.473,0.259
926,5,0,20.698,347.535,0.646,543,10.75,363.221,0.472,0.276
927,7,0,21.535,347.698,0.661,541,10.31,382.159,0.478,0.348
928,8,0,22.186,347.698,0.673,544,10.046,395.259,0.48,0.401
929,9,0,22.558,347.698,0.676,548,9.813,401.6,0.483,0.438
930,7,0,18.07,283.349,0.562,550,12.851,313.883,0.485,0.178
931,4,0,18.744,286.791,0.585,550,12.474,323.387,0.484,0.207
932,1,0,19.488,283.884,0.589,540,14.342,332.653,0.474,0.232
933,4,0,19.721,283.884,0.587,541,14.265,334.414,0.473,0.242
934,5,0,20.186,284.163,0.593,539,14.196,339.066,0.469,0.259
935,4,0,20.884,284.163,0.595,537,13.852,351.323,0.467,0.293
936,6,0,21.488,286.698,0.608,537,13.58,364.133,0.469,0.339
937,6,0,21.581,288.814,0.632,541,13.691,367.551,0.474,0.364
938,2,0,21.907,288.814,0.634,539,13.54,374.297,0.473,0.381
939,4,0,22.326,290.349,0.637,540,13.452,385.666,0.474,0.418
940,5,0,23.349,292.488,0.655,538,13.241,402.196,0.472,0.485
941,8,0,23.628,295.814,0.67,542,12.803,417.183,0.477,0.524
942,7,0,24.047,296.023,0.671,545,12.617,422.975,0.479,0.56
943,4,0,24.256,296.814,0.677,543,12.536,426.134,0.477,0.57
944,7,0,24.767,297.442,0.676,546,12.346,439.571,0.479,0.614
945,7,0,25.093,299.605,0.691,545,12.277,451.51,0.481,0.644
946,6,0,25.372,299.535,0.689,547,12.344,458.707,0.482,0.666
947,7,0,26.116,304.465,0.704,543,12.223,467.555,0.479,0.706
948,0,0,26.302,304.465,0.706,535,12.427,468.117,0.473,0.701
949,8,0,26.581,310.651,0.706,539,12.048,485.157,0.48,0.738
950,5,0,27.093,315.651,0.723,539,10.229,500.217,0.48,0.755
951,2,0,27.233,305.116,0.716,533,11.967,494.746,0.473,0.755
952,3,0,27.372,305.326,0.714,530,11.987,492.21,0.469,0.754
953,5,0,27.558,305.419,0.716,532,11.964,496.848,0.471,0.768
954,8,0,28.163,313.349,0.723,533,11.81,510.907,0.474,0.806
955,9,0,28.488,315.442,0.726,535,11.604,520.805,0.481,0.835
956,5,0,28.721,320.953,0.725,536,11.447,527.678,0.482,0.846
957,8,0,24.0,338.512,0.702,535,11.035,472.122,0.488,0.576
958,1,0,24.372,338.512,0.704,529,11.047,474.21,0.483,0.588
959,7,0,25.023,338.512,0.707,527,10.752,486.998,0.483,0.635
960,4,0,25.302,338.512,0.707,524,10.801,484.832,0.48,0.643
961,6,0,25.535,338.605,0.709,523,10.797,488.785,0.476,0.646
962,4,0,26.093,338.605,0.713,521,10.652,500.452,0.473,0.674
963,11,0,21.442,322.488,0.703,528,10.654,388.755,0.472,0.325
964,4,0,22.465,322.488,0.707,525,10.165,402.589,0.469,0.382
965,7,0,22.977,320.605,0.706,526,10.078,416.022,0.471,0.427
966,5,0,23.302,318.628,0.712,526,9.906,424.956,0.473,0.458
967,8,0,23.395,319.721,0.717,531,9.643,430.212,0.478,0.482
968,5,0,23.581,320.488,0.716,533,9.559,436.975,0.48,0.503
969,4,0,24.14,322.326,0.722,533,9.325,449.607,0.479,0.542
970,5,0,24.698,322.791,0.725,532,9.203,460.124,0.476,0.572
971,5,0,25.488,322.791,0.737,528,9.116,471.565,0.471,0.612
972,6,0,25.628,324.0,0.739,533,9.018,475.722,0.475,0.637
973,6,0,26.023,324.0,0.739,534,8.816,487.207,0.479,0.675
974,4,0,25.977,323.86,0.741,533,8.844,483.664,0.478,0.67
975,7,0,26.395,323.86,0.74,536,8.72,495.499,0.48,0.704
976,3,0,26.581,322.767,0.741,534,8.62,501.845,0.479,0.713
977,10,0,26.767,325.814,0.748,540,8.307,516.317,0.489,0.75
978,6,0,22.163,332.442,0.707,539,10.867,422.863,0.483,0.417
979,4,0,22.372,332.442,0.712,540,9.967,432.356,0.486,0.435
980,6,0,22.395,332.442,0.714,543,9.883,433.236,0.485,0.434
981,6,0,18.791,330.395,0.591,541,14.135,335.705,0.485,0.222
982,7,0,19.0,330.395,0.593,546,13.966,339.895,0.489,0.243
983,8,0,19.698,330.395,0.594,549,13.466,355.951,0.496,0.302
984,6,0,20.093,330.907,0.608,550,13.206,360.221,0.499,0.337
985,7,0,21.721,331.465,0.644,549,12.439,401.302,0.505,0.475
986,12,1,22.465,335.302,0.67,555,10.308,424.181,0.511,0.535
987,6,0,18.558,326.674,0.671,556,9.957,371.731,0.509,0.248
988,4,0,19.163,329.558,0.671,558,9.622,387.855,0.514,0.297
989,6,0,19.721,333.0,0.67,559,9.413,401.013,0.517,0.343
990,10,0,20.581,334.651,0.688,563,9.055,427.0,0.523,0.423
991,6,0,20.977,335.186,0.693,562,8.843,436.398,0.524,0.457
992,10,0,21.372,335.535,0.698,566,8.637,449.903,0.529,0.504
993,13,2,22.209,337.279,0.712,572,8.223,478.47,0.534,0.583
994,7,0,22.209,334.698,0.712,570,8.424,475.298,0.531,0.576
995,7,2,22.767,337.07,0.716,570,8.202,485.773,0.533,0.623
996,7,3,23.512,337.07,0.714,563,8.158,497.162,0.527,0.656
997,3,1,24.07,337.116,0.718,559,8.161,505.378,0.521,0.673
998,7,1,24.488,335.744,0.713,556,8.19,508.143,0.518,0.694
999,9,0,19.837,334.256,0.662,557,8.974,417.284,0.52,0.36
1000,0,0,20.442,334.256,0.668,549,8.661,431.042,0.514,0.379
