1,10,0,0.571,2.381,0.0,10,343.504,0.0,0.008,0.043
2,3,0,0.762,3.619,0.002,13,338.565,0.0,0.011,0.04
3,3,0,1.048,5.476,0.002,16,312.542,0.0,0.015,0.02
4,3,0,1.238,8.476,0.005,19,296.248,0.013,0.021,0.014
5,4,0,1.667,10.429,0.006,23,263.514,0.118,0.026,0.006
6,7,0,2.238,15.952,0.01,29,233.207,0.222,0.039,0.003
7,5,0,2.524,19.952,0.014,34,215.035,0.418,0.046,0.002
8,5,0,2.952,24.0,0.022,38,195.203,0.555,0.05,0.001
9,5,0,3.524,31.857,0.036,42,162.589,0.864,0.06,0.001
10,3,0,3.81,35.381,0.042,45,158.804,0.937,0.064,0.001
11,6,0,3.571,36.524,0.04,51,173.93,0.96,0.07,0.001
12,9,0,3.857,41.905,0.043,59,146.478,1.231,0.082,0.001
13,4,0,4.0,43.905,0.042,63,141.52,1.358,0.089,0.001
14,4,0,4.095,45.238,0.043,67,140.311,1.415,0.092,0.001
15,3,0,4.19,45.714,0.04,70,131.682,1.533,0.096,0.0
16,8,0,4.905,52.905,0.055,77,109.841,2.089,0.103,0.0
17,4,0,5.286,61.0,0.071,81,99.665,2.559,0.112,0.0
18,4,0,5.571,63.238,0.07,85,95.559,2.889,0.119,0.0
19,7,0,6.095,68.81,0.077,91,80.539,3.815,0.13,0.0
20,8,0,6.667,73.381,0.082,98,71.661,4.519,0.138,0.0
21,3,0,6.952,75.857,0.09,98,72.729,4.66,0.138,0.0
22,3,0,7.238,77.952,0.097,98,69.129,4.959,0.138,0.0
23,3,0,7.429,80.286,0.101,101,66.766,5.289,0.142,0.0
24,3,0,7.429,80.571,0.099,104,66.078,5.205,0.145,0.0
25,5,0,7.714,87.857,0.112,108,61.867,5.597,0.156,0.0
26,6,0,7.524,89.19,0.11,113,61.199,5.631,0.161,0.0
27,8,0,8.286,97.667,0.124,119,55.276,6.449,0.174,0.0
28,6,0,8.476,100.857,0.125,125,53.093,7.364,0.183,0.0
29,3,0,8.476,102.048,0.127,127,52.108,7.759,0.186,0.0
30,3,0,8.381,102.667,0.125,130,52.314,7.808,0.189,0.0
31,5,0,9.048,103.143,0.129,130,47.378,8.358,0.187,0.0
32,8,0,9.429,110.571,0.146,137,43.727,8.62,0.195,0.001
33,3,0,9.905,115.476,0.157,139,41.175,9.263,0.2,0.001
34,4,0,10.286,120.19,0.17,143,39.305,9.944,0.204,0.001
35,6,0,10.857,126.571,0.183,148,37.035,10.894,0.214,0.001
36,3,0,10.857,127.048,0.181,151,36.39,11.367,0.218,0.001
37,9,0,11.429,127.048,0.169,157,35.48,12.927,0.228,0.001
38,0,0,11.619,127.048,0.174,154,35.317,12.633,0.224,0.001
39,6,0,12.19,127.714,0.176,157,34.887,13.188,0.225,0.002
40,2,0,12.095,128.571,0.175,159,35.012,13.193,0.229,0.002
41,2,0,12.095,128.571,0.174,161,34.695,13.338,0.229,0.002
42,3,0,12.19,128.571,0.176,162,35.16,13.306,0.228,0.002
43,7,0,12.095,124.667,0.154,168,35.418,13.797,0.234,0.002
44,7,0,12.19,127.81,0.16,173,37.553,14.43,0.24,0.002
45,4,0,12.571,130.81,0.173,175,35.785,15.135,0.238,0.002
46,8,0,12.81,133.476,0.175,180,34.21,15.339,0.245,0.002
47,3,0,13.095,133.714,0.174,179,31.519,15.503,0.247,0.003
48,10,0,13.571,141.619,0.188,187,28.737,16.461,0.261,0.003
49,8,0,14.524,151.381,0.217,192,24.593,19.511,0.27,0.004
50,2,0,15.095,151.381,0.223,190,23.836,19.866,0.264,0.005
51,7,0,15.19,152.095,0.218,196,23.482,20.498,0.272,0.005
52,4,0,15.19,152.238,0.22,198,23.226,20.739,0.271,0.005
53,6,0,15.667,153.476,0.22,202,22.27,22.074,0.275,0.006
54,2,0,15.571,154.048,0.222,203,22.237,21.845,0.276,0.006
55,5,0,16.048,157.381,0.236,204,21.778,22.012,0.277,0.007
56,6,0,16.048,158.429,0.233,209,21.528,22.292,0.282,0.008
57,5,0,16.476,161.143,0.239,212,20.899,23.193,0.286,0.009
58,5,0,16.952,162.952,0.239,215,19.869,25.07,0.294,0.011
59,7,0,17.238,164.476,0.24,218,19.474,25.929,0.297,0.013
60,8,0,17.619,167.143,0.245,224,18.936,26.138,0.302,0.015
61,1,0,17.81,168.762,0.257,221,18.915,26.042,0.297,0.015
62,6,0,17.619,168.952,0.251,225,18.529,26.176,0.302,0.015
63,6,0,17.524,169.381,0.249,228,18.627,26.354,0.306,0.016
64,5,0,18.0,171.667,0.252,231,18.119,27.383,0.312,0.019
65,3,0,18.0,171.667,0.251,230,18.114,27.576,0.313,0.02
66,7,0,18.095,173.048,0.255,235,17.946,27.904,0.314,0.02
67,3,0,18.381,175.048,0.263,235,17.685,29.386,0.315,0.022
68,6,0,19.238,181.524,0.283,238,16.778,30.052,0.319,0.03
69,6,0,19.714,189.0,0.303,242,15.731,32.345,0.328,0.038
70,5,0,20.19,191.905,0.31,244,15.032,33.243,0.333,0.046
71,8,0,20.571,193.0,0.305,252,14.374,34.859,0.343,0.057
72,8,0,20.857,199.238,0.322,257,14.048,35.877,0.348,0.067
73,5,0,20.571,200.524,0.331,257,14.179,35.491,0.347,0.06
74,6,0,20.667,202.143,0.336,258,13.998,35.738,0.349,0.064
75,7,0,20.524,204.476,0.341,262,13.878,35.873,0.354,0.065
76,5,0,20.429,204.476,0.337,264,13.427,36.666,0.358,0.066
77,5,0,20.429,204.476,0.335,266,13.25,36.4,0.36,0.068
78,5,0,20.905,204.524,0.339,268,13.022,36.87,0.357,0.074
79,3,0,20.905,205.667,0.34,268,12.917,36.479,0.361,0.078
80,3,0,20.81,206.762,0.342,271,12.889,37.202,0.364,0.079
81,2,0,20.476,206.762,0.35,269,13.17,35.868,0.357,0.066
82,3,0,20.952,208.429,0.36,269,12.872,36.072,0.355,0.073
83,8,0,20.762,210.667,0.365,275,12.875,36.651,0.361,0.074
84,2,0,20.762,210.952,0.367,275,12.876,36.754,0.361,0.074
85,6,0,20.571,212.905,0.366,279,12.622,37.924,0.37,0.079
86,5,0,20.571,214.19,0.364,282,12.299,39.014,0.376,0.085
87,5,0,21.143,215.762,0.367,281,11.621,41.278,0.38,0.103
88,4,0,21.333,219.762,0.375,284,11.271,42.861,0.39,0.123
89,9,0,22.048,225.333,0.39,291,10.488,45.62,0.399,0.164
90,5,0,22.429,226.19,0.395,292,10.246,46.157,0.4,0.182
91,3,0,22.952,226.762,0.401,290,10.146,46.662,0.397,0.199
92,5,0,23.333,229.143,0.406,290,10.062,46.806,0.402,0.231
93,5,0,23.952,230.429,0.412,288,9.637,48.157,0.402,0.264
94,5,0,24.143,232.476,0.419,290,9.736,47.659,0.403,0.281
95,5,0,24.333,233.619,0.425,292,9.731,48.004,0.406,0.3
96,1,0,24.429,233.619,0.427,289,9.888,46.683,0.402,0.297
97,5,0,24.619,234.667,0.429,291,9.959,47.061,0.404,0.315
98,3,0,25.19,235.143,0.43,290,9.701,48.43,0.407,0.362
99,5,0,25.19,235.286,0.428,292,9.636,48.739,0.408,0.366
100,5,0,25.286,237.048,0.428,295,9.495,48.942,0.416,0.401
101,4,0,20.571,241.81,0.447,295,11.379,42.721,0.424,0.155
102,7,0,20.762,243.333,0.45,299,11.011,42.838,0.429,0.171
103,4,0,21.429,242.952,0.454,297,10.831,43.149,0.425,0.193
104,4,0,22.571,245.048,0.468,296,10.477,46.098,0.421,0.242
105,5,0,22.762,245.381,0.466,297,10.201,46.98,0.424,0.26
106,4,0,23.524,247.619,0.478,295,9.606,49.91,0.425,0.305
107,2,0,24.286,247.619,0.482,293,9.317,51.385,0.421,0.344
108,8,0,24.476,247.905,0.48,297,9.038,52.649,0.427,0.375
109,2,0,24.524,250.952,0.498,294,9.001,53.821,0.425,0.37
110,3,0,24.81,250.952,0.5,293,8.913,54.631,0.424,0.387
111,5,0,25.19,252.238,0.504,294,8.618,56.038,0.427,0.425
112,6,0,25.0,253.381,0.504,298,8.528,56.572,0.432,0.427
113,7,0,24.619,253.571,0.512,300,8.874,53.327,0.425,0.378
114,2,0,24.714,253.571,0.515,296,8.884,53.24,0.423,0.378
115,5,0,25.19,254.333,0.52,296,8.798,53.497,0.42,0.403
116,6,0,25.667,255.333,0.52,298,8.511,54.336,0.426,0.456
117,4,0,25.571,255.333,0.526,298,8.705,53.291,0.42,0.431
118,2,0,26.524,255.333,0.531,295,8.557,55.016,0.416,0.489
119,8,0,26.524,256.381,0.526,301,8.122,56.866,0.429,0.531
120,4,0,26.143,256.19,0.526,302,8.254,56.354,0.428,0.499
121,4,0,26.333,256.19,0.529,301,8.348,54.92,0.424,0.499
122,9,0,26.333,257.238,0.521,307,7.975,56.322,0.437,0.544
123,5,0,26.857,259.952,0.534,307,7.855,57.062,0.438,0.588
124,6,0,27.476,260.476,0.536,308,7.733,58.806,0.437,0.63
125,4,0,27.286,261.238,0.544,308,7.976,58.165,0.433,0.605
126,5,0,27.095,262.476,0.549,312,7.953,58.743,0.436,0.6
127,4,0,27.19,261.238,0.546,313,7.957,57.954,0.432,0.594
128,9,0,27.286,265.238,0.559,317,7.506,60.643,0.444,0.638
129,8,0,27.952,267.0,0.567,321,7.208,61.806,0.449,0.699
130,5,0,28.333,267.0,0.566,323,6.976,63.335,0.452,0.73
131,6,0,28.619,267.667,0.562,328,6.766,65.027,0.461,0.771
132,7,0,28.81,270.0,0.569,332,6.578,66.766,0.468,0.798
133,6,0,29.095,271.571,0.574,336,6.345,68.301,0.475,0.826
134,5,0,29.571,271.571,0.576,335,6.222,70.979,0.474,0.844
135,6,0,29.571,272.048,0.571,340,6.008,71.904,0.481,0.856
136,5,0,29.571,272.048,0.574,340,6.153,70.741,0.476,0.848
137,4,0,29.857,272.333,0.57,341,5.942,73.259,0.483,0.869
138,5,0,29.667,272.333,0.575,343,6.011,72.091,0.479,0.856
139,8,0,29.571,276.048,0.582,350,5.834,73.699,0.489,0.869
140,7,0,29.286,275.667,0.583,352,6.061,71.212,0.487,0.856
141,8,0,29.095,275.667,0.574,358,6.023,70.599,0.495,0.863
142,5,0,29.286,275.667,0.57,360,5.836,73.069,0.499,0.876
143,11,0,31.0,278.333,0.584,361,5.435,77.642,0.501,0.925
144,7,0,30.905,278.333,0.579,365,5.25,78.287,0.508,0.929
145,5,0,31.524,281.476,0.592,364,5.08,79.558,0.511,0.943
146,7,0,31.619,281.619,0.593,366,4.999,79.454,0.511,0.945
147,6,0,31.905,284.095,0.609,368,4.824,80.858,0.514,0.95
148,5,0,32.0,284.095,0.608,369,4.794,82.041,0.514,0.952
149,5,0,32.19,284.952,0.612,369,4.823,81.919,0.514,0.954
150,8,0,32.19,285.714,0.615,373,4.754,81.813,0.518,0.957
151,2,0,33.238,286.667,0.621,369,4.748,83.52,0.516,0.968
152,11,0,34.048,295.619,0.655,375,4.423,86.812,0.528,0.979
153,2,0,34.048,295.619,0.656,373,4.467,87.049,0.526,0.978
154,2,0,34.333,295.619,0.664,369,4.565,85.685,0.517,0.977
155,4,0,34.429,296.476,0.674,369,4.567,85.832,0.515,0.977
156,4,0,34.905,296.476,0.677,369,4.567,86.896,0.513,0.98
157,8,0,34.714,298.857,0.683,369,4.534,87.169,0.523,0.981
158,4,0,34.952,300.0,0.688,371,4.416,88.187,0.529,0.984
159,5,0,34.952,303.095,0.695,373,4.388,88.076,0.53,0.984
160,4,0,35.143,302.667,0.687,368,4.6,85.805,0.52,0.983
161,5,0,35.714,302.381,0.695,364,4.643,86.366,0.513,0.984
162,1,0,35.81,302.381,0.698,359,4.683,86.367,0.509,0.984
163,3,0,35.714,302.381,0.705,355,4.884,85.133,0.5,0.981
164,4,0,35.524,302.381,0.706,350,5.033,81.845,0.491,0.977
165,4,0,35.286,302.381,0.703,351,5.077,81.153,0.493,0.976
166,4,0,35.19,302.381,0.704,349,5.163,81.136,0.487,0.973
167,2,0,35.286,302.381,0.704,347,5.216,79.826,0.482,0.972
168,4,0,35.095,307.238,0.72,347,5.246,80.879,0.484,0.971
169,5,0,35.095,307.238,0.72,350,5.255,80.506,0.485,0.972
170,5,0,35.0,307.238,0.716,355,5.141,81.193,0.493,0.974
171,2,0,35.19,307.238,0.717,353,5.153,80.358,0.49,0.974
172,3,0,35.19,307.238,0.719,350,5.112,81.236,0.489,0.974
173,8,0,35.571,307.619,0.719,350,5.379,80.139,0.485,0.976
174,3,0,36.238,307.619,0.724,349,5.303,81.712,0.483,0.979
175,5,0,36.048,307.619,0.722,353,5.238,82.029,0.488,0.98
176,2,0,35.667,307.19,0.723,349,5.407,80.574,0.481,0.975
177,5,0,35.952,305.857,0.72,345,5.623,79.588,0.478,0.976
178,6,0,35.524,306.381,0.711,344,5.618,77.926,0.477,0.972
179,6,0,35.333,306.0,0.708,345,5.685,77.933,0.474,0.97
180,2,0,35.143,306.0,0.712,339,5.875,77.45,0.467,0.965
181,5,0,34.952,306.0,0.716,337,5.85,77.21,0.464,0.961
182,7,0,35.333,306.0,0.714,340,5.682,79.036,0.468,0.967
183,2,0,35.333,301.333,0.713,337,5.779,78.796,0.462,0.964
184,10,0,35.524,301.333,0.709,345,5.536,81.316,0.467,0.968
185,8,0,35.143,300.571,0.693,351,5.364,82.256,0.473,0.967
186,2,0,35.048,300.571,0.702,349,5.421,81.433,0.468,0.964
187,7,0,35.238,300.762,0.702,352,5.285,81.58,0.473,0.968
188,5,0,34.952,300.762,0.703,352,5.425,80.464,0.471,0.964
189,3,0,34.571,301.143,0.706,349,5.454,79.266,0.47,0.959
190,8,0,34.571,299.952,0.696,353,5.403,79.554,0.476,0.962
191,1,0,34.476,299.952,0.696,354,5.489,79.009,0.476,0.962
192,6,0,34.476,299.952,0.693,356,5.408,80.56,0.482,0.965
193,6,0,34.381,299.952,0.69,361,5.262,81.955,0.492,0.968
194,7,0,34.286,301.762,0.694,365,5.18,82.33,0.499,0.97
195,8,0,34.476,304.905,0.71,364,4.685,84.671,0.506,0.974
196,5,0,35.238,305.238,0.718,363,4.544,86.995,0.507,0.98
197,2,0,35.143,306.667,0.724,362,4.465,88.027,0.509,0.98
198,7,0,35.667,307.048,0.729,362,4.451,89.427,0.507,0.982
199,4,0,35.571,307.048,0.728,364,4.418,89.293,0.509,0.982
200,2,0,35.667,307.048,0.725,366,4.332,89.948,0.515,0.984
201,2,0,28.381,305.905,0.661,365,5.325,72.861,0.518,0.873
202,5,0,29.143,305.81,0.663,366,5.334,74.412,0.514,0.892
203,4,0,29.333,307.524,0.667,369,5.267,75.043,0.518,0.903
204,5,0,29.905,307.524,0.677,370,5.031,77.006,0.52,0.919
205,6,0,29.81,307.524,0.673,374,4.96,77.254,0.524,0.921
206,5,0,30.476,307.524,0.678,371,5.056,76.872,0.513,0.924
207,4,0,30.476,307.238,0.676,372,5.025,77.078,0.515,0.927
208,4,0,30.381,307.619,0.677,374,5.001,77.848,0.518,0.927
209,3,0,30.286,307.619,0.677,376,4.944,77.63,0.521,0.928
210,12,0,30.381,307.619,0.678,383,4.803,77.566,0.527,0.935
211,6,0,30.476,307.619,0.681,383,4.87,77.649,0.521,0.932
212,3,0,31.143,307.238,0.686,380,5.044,77.961,0.51,0.935
213,5,0,31.333,307.238,0.685,384,5.002,78.903,0.512,0.94
214,1,0,31.81,307.238,0.689,378,5.031,79.62,0.505,0.942
215,1,0,32.286,307.095,0.696,369,5.198,79.503,0.494,0.942
216,2,0,32.476,307.857,0.698,367,5.273,79.245,0.489,0.942
217,5,0,32.476,307.286,0.702,363,5.523,76.318,0.476,0.931
218,4,0,33.048,307.286,0.698,362,5.439,77.825,0.476,0.941
219,7,0,33.143,307.286,0.71,362,5.347,79.575,0.479,0.945
220,4,0,32.762,307.286,0.709,364,5.376,79.798,0.481,0.94
221,6,0,33.19,313.286,0.711,367,5.142,82.59,0.487,0.951
222,5,0,32.762,316.286,0.707,370,5.203,81.87,0.494,0.949
223,3,0,33.19,316.286,0.711,362,5.349,81.471,0.484,0.949
224,5,0,33.857,318.048,0.734,355,5.356,83.395,0.479,0.955
225,7,0,33.81,318.333,0.733,358,5.296,84.332,0.484,0.958
226,10,0,33.905,318.619,0.731,364,5.139,84.892,0.489,0.962
227,5,0,33.952,318.619,0.73,368,4.996,86.4,0.495,0.965
228,5,0,34.81,319.476,0.741,368,4.675,91.094,0.501,0.975
229,4,0,35.0,320.714,0.746,370,4.527,92.615,0.508,0.979
230,4,0,34.619,327.381,0.754,367,4.649,90.793,0.507,0.976
231,2,0,34.81,327.381,0.755,364,4.563,91.827,0.506,0.977
232,3,0,34.81,327.381,0.758,361,4.681,91.242,0.5,0.975
233,6,0,35.286,327.381,0.76,362,4.624,91.385,0.498,0.977
234,2,0,35.19,327.381,0.759,362,4.588,90.939,0.499,0.977
235,1,0,35.476,327.381,0.761,359,4.586,91.265,0.496,0.978
236,1,0,36.238,327.381,0.768,355,4.582,92.146,0.492,0.982
237,5,0,36.143,327.381,0.768,354,4.564,91.815,0.494,0.981
238,3,0,37.0,327.714,0.769,351,4.422,94.344,0.493,0.986
239,3,0,37.095,327.714,0.768,350,4.352,94.971,0.495,0.986
240,4,0,36.619,327.714,0.767,353,4.379,94.708,0.498,0.985
241,6,0,36.429,327.714,0.765,356,4.359,95.335,0.5,0.984
242,8,0,36.143,330.238,0.765,358,4.307,96.755,0.502,0.984
243,4,0,35.81,339.143,0.766,358,4.375,96.245,0.502,0.982
244,8,0,35.762,330.238,0.763,360,4.274,97.906,0.502,0.981
245,3,0,35.571,330.238,0.766,356,4.478,95.159,0.494,0.978
246,6,0,35.476,336.571,0.77,356,4.473,95.132,0.496,0.978
247,10,0,35.333,336.571,0.769,366,4.32,96.961,0.506,0.98
248,7,0,34.952,336.571,0.769,371,4.288,97.171,0.51,0.979
249,7,0,35.048,336.952,0.773,374,4.329,98.174,0.511,0.98
250,6,0,35.238,336.952,0.772,376,4.263,100.723,0.513,0.981
251,5,0,35.333,336.952,0.773,376,4.235,100.704,0.515,0.982
252,5,0,35.429,330.905,0.772,375,4.305,99.214,0.51,0.982
253,4,0,35.81,331.048,0.773,374,4.216,99.457,0.514,0.985
254,3,0,35.714,331.333,0.772,375,4.136,100.767,0.519,0.985
255,7,0,35.714,332.286,0.771,381,3.978,101.019,0.528,0.987
256,6,0,35.714,329.429,0.765,377,4.175,99.024,0.515,0.984
257,3,0,35.905,329.429,0.768,375,4.181,100.357,0.513,0.985
258,3,0,35.81,332.81,0.768,374,4.267,98.86,0.514,0.985
259,2,0,36.0,332.81,0.768,373,4.223,100.078,0.515,0.986
260,3,0,35.905,332.333,0.77,371,4.371,100.044,0.51,0.984
261,7,0,36.0,332.333,0.768,373,4.264,99.022,0.514,0.985
262,3,0,36.0,332.333,0.769,373,4.297,98.706,0.51,0.985
263,8,0,35.905,332.333,0.77,376,4.079,99.886,0.521,0.986
264,3,0,35.81,332.333,0.768,379,4.032,99.959,0.524,0.987
265,2,0,35.524,332.333,0.771,375,4.044,98.599,0.52,0.984
266,5,1,35.429,332.333,0.77,374,3.929,99.66,0.527,0.986
267,5,0,35.524,335.238,0.775,375,3.904,99.72,0.53,0.987
268,7,0,36.095,335.429,0.77,375,3.825,101.522,0.534,0.989
269,4,0,36.429,335.048,0.771,371,3.839,100.812,0.531,0.99
270,3,0,36.905,339.619,0.772,368,3.796,102.107,0.529,0.991
271,5,0,37.286,342.714,0.778,367,3.675,104.271,0.535,0.993
272,3,0,36.714,342.714,0.78,364,3.771,100.762,0.532,0.991
273,9,0,36.905,341.857,0.782,364,3.791,100.734,0.53,0.991
274,5,0,36.905,342.095,0.777,366,3.684,103.081,0.537,0.992
275,4,0,37.286,342.095,0.775,364,3.729,103.365,0.534,0.993
276,3,0,37.238,344.143,0.774,363,3.778,102.809,0.53,0.992
277,7,0,37.714,344.143,0.776,367,3.694,105.063,0.531,0.993
278,6,0,38.571,344.143,0.785,369,3.637,107.125,0.53,0.995
279,6,0,38.667,344.143,0.781,374,3.47,109.136,0.541,0.996
280,5,0,38.143,344.143,0.78,375,3.628,106.057,0.538,0.995
281,5,0,39.048,344.143,0.785,372,3.615,106.792,0.535,0.996
282,6,0,39.238,346.667,0.784,376,3.556,108.498,0.544,0.996
283,0,0,39.429,346.524,0.787,368,3.628,107.307,0.537,0.996
284,2,0,39.143,346.524,0.789,363,3.719,105.219,0.531,0.996
285,5,0,39.048,346.619,0.796,358,3.925,100.769,0.515,0.994
286,7,0,39.048,346.619,0.792,360,3.886,101.512,0.516,0.994
287,7,0,39.048,346.762,0.793,364,3.758,102.875,0.522,0.995
288,4,0,39.286,346.762,0.795,364,3.739,103.755,0.522,0.995
289,6,0,38.857,346.762,0.799,362,3.832,102.209,0.523,0.995
290,8,0,38.571,345.048,0.797,363,3.779,101.581,0.527,0.994
291,3,0,38.667,345.048,0.797,360,3.748,101.454,0.526,0.995
292,6,0,38.905,345.048,0.799,361,3.789,101.247,0.523,0.995
293,3,0,38.714,345.048,0.798,361,3.829,100.048,0.523,0.994
294,0,0,39.0,345.048,0.799,356,3.917,99.071,0.517,0.994
295,5,0,39.095,345.524,0.801,356,3.966,97.88,0.513,0.994
296,4,0,39.095,345.524,0.801,359,3.925,98.677,0.516,0.995
297,8,0,38.905,345.667,0.796,361,3.928,99.677,0.517,0.994
298,4,0,39.0,345.667,0.796,360,4.059,98.156,0.508,0.994
299,4,0,38.429,345.667,0.792,356,4.026,97.833,0.511,0.993
300,8,0,38.143,345.667,0.789,359,3.986,98.9,0.514,0.992
301,5,0,30.381,350.857,0.734,356,5.069,77.168,0.505,0.914
302,6,0,30.667,350.857,0.734,360,4.86,79.251,0.512,0.927
303,3,0,30.952,350.857,0.734,360,4.835,79.642,0.511,0.931
304,4,0,31.333,350.857,0.735,361,4.789,79.871,0.509,0.937
305,6,0,31.048,350.857,0.738,365,4.727,80.47,0.513,0.935
306,3,0,31.143,350.857,0.736,368,4.683,80.484,0.516,0.94
307,4,0,30.667,350.857,0.733,369,4.685,79.603,0.52,0.934
308,2,0,31.524,350.857,0.737,362,4.865,79.611,0.509,0.94
309,5,0,31.333,350.857,0.737,365,4.835,79.795,0.511,0.939
310,2,0,31.429,350.857,0.741,363,5.012,78.976,0.503,0.934
311,6,0,31.429,350.857,0.744,368,4.888,79.535,0.51,0.94
312,3,0,31.333,350.857,0.743,369,4.744,80.896,0.517,0.944
313,7,0,31.81,350.857,0.745,371,4.539,83.186,0.522,0.954
314,6,0,31.619,350.857,0.744,375,4.582,82.713,0.521,0.951
315,7,0,32.0,350.857,0.749,376,4.502,82.823,0.526,0.959
316,6,0,32.095,350.857,0.75,379,4.436,83.852,0.532,0.963
317,4,0,32.238,350.952,0.746,379,4.465,84.891,0.53,0.964
318,6,0,32.238,350.952,0.739,380,4.424,85.162,0.529,0.963
319,3,0,32.524,350.952,0.743,380,4.485,85.163,0.524,0.964
320,2,0,32.714,350.952,0.745,378,4.636,83.47,0.519,0.964
321,2,0,33.0,350.952,0.746,374,4.68,83.63,0.514,0.964
322,8,0,32.905,350.952,0.745,378,4.614,83.862,0.516,0.964
323,6,0,33.19,350.952,0.743,380,4.454,85.741,0.521,0.969
324,3,0,33.19,350.952,0.746,377,4.521,84.922,0.518,0.968
325,4,0,33.0,350.952,0.748,376,4.512,84.875,0.515,0.965
326,9,0,32.81,350.952,0.741,385,4.327,87.002,0.528,0.969
327,5,0,33.19,350.952,0.742,388,4.287,88.059,0.53,0.973
328,4,0,33.381,350.952,0.734,388,4.266,89.183,0.531,0.975
329,5,0,33.524,350.952,0.726,389,4.183,90.132,0.533,0.976
330,6,0,34.0,350.952,0.723,391,4.066,92.72,0.537,0.981
331,4,0,34.0,350.952,0.727,393,3.999,93.245,0.54,0.981
332,4,0,34.19,350.952,0.729,390,4.117,93.721,0.533,0.981
333,3,0,34.19,346.81,0.731,388,4.11,93.63,0.532,0.981
334,6,0,34.238,346.81,0.727,392,3.974,94.329,0.54,0.983
335,12,1,34.286,346.81,0.734,396,3.974,94.507,0.54,0.983
336,5,0,34.095,346.81,0.734,398,3.974,94.138,0.54,0.982
337,6,0,34.0,346.81,0.728,402,3.758,95.628,0.549,0.984
338,11,0,34.0,346.81,0.729,402,3.952,92.896,0.541,0.982
339,4,0,33.81,346.81,0.721,399,4.122,91.141,0.535,0.979
340,4,0,34.524,349.048,0.724,396,4.079,92.3,0.533,0.983
341,6,0,35.952,349.048,0.731,395,3.966,95.045,0.529,0.988
342,7,0,35.857,349.048,0.734,396,4.012,94.116,0.529,0.988
343,2,0,35.762,349.048,0.737,393,4.102,93.526,0.527,0.987
344,6,0,35.952,345.429,0.734,394,4.038,95.103,0.53,0.988
345,7,0,36.048,345.429,0.733,399,3.844,98.497,0.54,0.99
346,6,0,35.667,345.429,0.737,402,3.84,97.598,0.542,0.989
347,5,0,35.952,345.429,0.74,404,3.776,98.458,0.543,0.99
348,7,0,36.619,345.429,0.741,404,3.785,99.249,0.541,0.992
349,7,0,37.0,345.429,0.747,405,3.783,101.331,0.545,0.993
350,5,0,37.048,345.429,0.747,405,3.824,100.256,0.543,0.993
351,3,0,37.238,345.429,0.749,404,3.753,100.218,0.547,0.994
352,4,0,37.333,345.429,0.755,403,3.904,98.192,0.544,0.994
353,2,0,37.143,345.429,0.747,400,4.009,96.886,0.538,0.993
354,3,0,37.238,345.429,0.749,396,4.052,95.662,0.534,0.993
355,6,0,37.143,345.429,0.748,399,4.079,95.398,0.533,0.992
356,6,0,37.524,345.429,0.764,397,4.184,94.446,0.528,0.993
357,7,0,37.333,345.429,0.756,398,4.002,95.123,0.536,0.993
358,6,0,37.524,345.143,0.755,394,4.099,95.6,0.523,0.992
359,10,0,37.143,345.381,0.759,396,3.993,96.985,0.529,0.992
360,4,0,37.0,344.0,0.758,392,4.064,96.379,0.522,0.99
361,2,0,37.381,344.0,0.762,390,4.064,96.542,0.517,0.991
362,9,0,36.81,344.0,0.76,397,4.064,95.755,0.524,0.99
363,5,0,36.905,344.0,0.761,398,4.041,97.457,0.525,0.991
364,2,0,37.0,344.0,0.761,397,3.997,98.114,0.527,0.991
365,6,0,37.0,344.0,0.757,402,3.838,98.708,0.539,0.992
366,6,0,37.19,344.0,0.76,402,3.847,98.129,0.54,0.993
367,9,0,37.714,344.0,0.768,404,3.687,100.323,0.547,0.995
368,11,0,38.048,344.0,0.762,409,3.59,101.947,0.554,0.996
369,5,0,37.952,344.0,0.765,412,3.52,102.945,0.56,0.996
370,4,1,38.238,344.0,0.768,410,3.571,102.254,0.554,0.996
371,4,1,38.19,344.0,0.768,411,3.598,101.992,0.554,0.996
372,4,1,38.19,344.333,0.774,410,3.618,101.136,0.555,0.996
373,8,0,38.571,344.333,0.771,416,3.406,103.392,0.564,0.997
374,8,1,38.333,344.333,0.77,421,3.366,104.325,0.567,0.997
375,4,1,39.0,344.333,0.773,415,3.471,105.357,0.559,0.997
376,6,0,39.286,346.524,0.778,417,3.38,108.082,0.561,0.997
377,6,0,39.619,347.333,0.78,420,3.35,108.214,0.562,0.998
378,6,0,39.238,347.333,0.777,424,3.305,108.428,0.567,0.997
379,3,0,39.429,347.333,0.778,424,3.31,108.564,0.567,0.998
380,5,1,39.048,347.333,0.777,424,3.3,107.562,0.568,0.997
381,6,1,38.381,347.333,0.774,425,3.353,106.252,0.571,0.997
382,9,1,38.571,346.762,0.768,424,3.413,104.329,0.566,0.997
383,5,0,38.19,346.762,0.764,425,3.421,103.812,0.569,0.997
384,7,0,38.0,349.619,0.762,426,3.445,103.578,0.569,0.996
385,5,0,38.667,349.619,0.768,424,3.384,107.132,0.569,0.997
386,3,0,38.667,349.619,0.767,423,3.418,107.772,0.568,0.997
387,3,0,38.667,349.619,0.767,422,3.442,107.22,0.565,0.997
388,3,0,39.048,349.619,0.769,421,3.431,107.569,0.561,0.997
389,8,0,39.81,349.619,0.778,428,3.104,113.11,0.574,0.998
390,6,0,39.429,349.619,0.77,426,3.211,113.287,0.571,0.998
391,8,1,39.238,349.619,0.767,428,3.163,112.766,0.576,0.998
392,3,0,39.619,349.619,0.772,425,3.155,113.458,0.574,0.998
393,6,0,39.095,349.619,0.772,428,3.185,112.058,0.575,0.998
394,2,0,39.571,349.619,0.772,423,3.235,113.01,0.574,0.998
395,3,0,38.857,349.619,0.77,418,3.476,107.844,0.561,0.997
396,3,0,38.905,349.619,0.778,417,3.45,108.152,0.561,0.997
397,11,0,38.952,349.619,0.782,422,3.277,111.207,0.567,0.997
398,2,0,38.952,349.619,0.783,416,3.262,110.617,0.565,0.997
399,5,0,38.762,349.619,0.781,413,3.253,109.777,0.564,0.997
400,5,0,39.143,349.619,0.779,412,3.259,111.84,0.561,0.997
401,4,0,31.381,350.143,0.741,413,4.407,85.75,0.555,0.967
402,9,0,31.571,348.952,0.752,417,4.229,85.499,0.562,0.972
403,3,0,32.143,348.952,0.756,414,4.167,87.726,0.561,0.976
404,3,0,32.143,348.952,0.754,411,4.129,88.472,0.56,0.976
405,2,0,32.333,348.762,0.756,410,4.158,89.494,0.557,0.976
406,6,0,32.571,349.857,0.76,409,4.264,88.788,0.555,0.977
407,2,0,32.571,349.857,0.762,409,4.209,90.295,0.558,0.978
408,9,0,32.333,349.857,0.769,414,4.147,91.257,0.561,0.977
409,5,0,32.81,348.286,0.766,413,4.146,91.294,0.555,0.978
410,6,0,32.905,348.286,0.767,412,4.159,92.214,0.554,0.979
411,5,0,33.429,346.095,0.769,410,4.109,91.083,0.549,0.981
412,6,0,33.619,345.857,0.767,409,4.108,91.64,0.547,0.981
413,6,0,33.619,345.524,0.767,412,4.123,91.787,0.547,0.981
414,4,0,34.0,345.524,0.77,411,4.083,93.073,0.545,0.983
415,3,0,33.905,345.524,0.775,410,4.259,90.048,0.541,0.981
416,7,0,34.476,347.905,0.779,414,4.102,93.025,0.551,0.986
417,3,0,34.857,347.905,0.779,412,4.003,94.444,0.551,0.988
418,4,0,35.0,347.905,0.78,409,3.91,95.928,0.554,0.989
419,0,0,35.286,347.905,0.781,404,3.935,96.534,0.552,0.989
420,6,0,35.762,347.905,0.783,409,3.805,99.09,0.558,0.992
421,5,0,35.19,347.905,0.78,410,3.826,97.165,0.563,0.991
422,6,0,35.286,347.905,0.78,414,3.72,97.694,0.568,0.992
423,5,0,35.333,347.905,0.781,413,3.678,99.626,0.57,0.992
424,2,0,35.81,349.619,0.782,410,3.749,100.728,0.568,0.993
425,4,0,36.0,349.619,0.783,409,3.663,101.911,0.57,0.993
426,7,0,36.571,349.619,0.788,414,3.505,104.779,0.576,0.995
427,8,0,37.238,349.619,0.785,414,3.412,106.951,0.577,0.996
428,3,0,37.048,349.619,0.786,409,3.528,104.906,0.568,0.995
429,3,0,36.952,349.619,0.787,407,3.609,103.814,0.565,0.995
430,3,0,37.333,349.619,0.783,409,3.481,105.557,0.572,0.996
431,3,0,37.667,349.619,0.789,407,3.512,105.129,0.566,0.996
432,3,0,37.762,349.619,0.79,406,3.531,105.171,0.568,0.996
433,0,0,37.762,349.619,0.784,402,3.638,103.269,0.561,0.996
434,9,0,38.048,349.619,0.783,408,3.513,105.478,0.571,0.997
435,6,0,38.048,348.095,0.795,409,3.518,105.305,0.568,0.996
436,5,0,38.143,348.095,0.798,408,3.537,105.587,0.562,0.996
437,7,0,38.81,348.095,0.799,408,3.32,108.606,0.57,0.997
438,10,0,39.381,348.095,0.794,416,2.946,111.904,0.586,0.998
439,3,0,39.19,347.714,0.794,413,3.035,108.699,0.579,0.998
440,3,0,39.286,348.286,0.791,408,3.077,107.51,0.574,0.998
441,6,0,39.286,348.286,0.79,410,3.083,108.076,0.575,0.998
442,2,0,39.857,348.857,0.793,406,3.036,109.859,0.572,0.998
443,4,0,39.381,348.857,0.789,405,3.04,107.929,0.57,0.998
444,5,0,39.286,348.857,0.79,404,3.108,107.33,0.563,0.997
445,2,0,39.81,348.857,0.792,398,3.194,106.889,0.554,0.997
446,2,0,39.619,348.857,0.791,396,3.218,106.181,0.554,0.997
447,5,0,39.952,346.571,0.79,393,3.29,106.293,0.548,0.997
448,4,0,39.952,347.0,0.792,396,3.276,106.257,0.551,0.997
449,6,0,39.762,350.0,0.799,399,3.179,107.653,0.561,0.998
450,6,0,40.0,350.0,0.796,402,3.058,110.734,0.568,0.998
451,7,2,40.19,350.0,0.803,405,2.876,113.482,0.579,0.998
452,4,0,40.667,350.0,0.804,406,2.804,115.367,0.583,0.999
453,7,0,40.762,350.0,0.808,407,2.782,117.268,0.585,0.999
454,4,0,40.19,350.0,0.809,409,2.817,114.168,0.589,0.999
455,13,1,39.714,350.286,0.802,416,2.798,115.609,0.598,0.999
456,3,0,39.524,350.286,0.803,417,2.864,115.394,0.596,0.998
457,2,0,39.905,350.286,0.802,416,2.895,115.902,0.594,0.999
458,4,0,40.095,350.286,0.801,417,2.848,116.873,0.596,0.999
459,4,1,40.19,350.286,0.801,415,2.893,116.305,0.595,0.999
460,6,0,40.095,350.286,0.798,415,3.079,116.687,0.591,0.999
461,5,1,40.476,350.286,0.802,410,3.204,116.053,0.581,0.999
462,8,0,39.905,350.286,0.798,413,3.273,114.209,0.58,0.998
463,8,0,40.0,350.286,0.797,416,2.988,117.531,0.593,0.999
464,3,0,39.905,350.286,0.798,413,2.946,117.131,0.591,0.999
465,7,1,40.571,350.286,0.804,416,2.755,120.989,0.597,0.999
466,7,4,41.429,350.286,0.801,413,2.749,121.314,0.593,0.999
467,5,0,41.238,350.286,0.801,414,2.717,120.801,0.593,0.999
468,6,1,41.19,350.286,0.805,413,2.71,120.239,0.593,0.999
469,3,0,41.095,347.476,0.807,413,2.764,117.489,0.588,0.999
470,0,0,41.381,347.476,0.809,411,2.781,118.226,0.585,0.999
471,7,2,41.857,347.476,0.823,407,2.751,118.074,0.588,0.999
472,7,0,41.857,347.476,0.828,412,2.674,118.507,0.595,0.999
473,8,0,42.429,347.476,0.828,418,2.537,122.731,0.602,0.999
474,4,1,42.143,346.857,0.825,419,2.566,120.87,0.602,0.999
475,1,0,42.048,346.857,0.825,416,2.564,120.715,0.603,0.999
476,4,2,42.143,346.857,0.824,411,2.65,119.359,0.596,0.999
477,4,0,41.905,345.286,0.814,410,2.784,118.644,0.593,0.999
478,5,0,42.476,346.857,0.827,409,2.728,121.243,0.594,0.999
479,2,0,42.381,346.857,0.828,408,2.748,120.916,0.592,0.999
480,5,1,42.0,347.19,0.826,411,2.698,120.799,0.597,0.999
481,3,0,42.0,347.19,0.825,409,2.762,119.927,0.593,0.999
482,6,2,41.905,347.19,0.824,412,2.671,119.923,0.598,0.999
483,4,1,42.0,346.286,0.821,406,2.766,120.304,0.59,0.999
484,6,1,42.0,346.286,0.822,404,2.752,120.338,0.589,0.999
485,8,2,42.095,346.048,0.819,400,2.845,120.249,0.583,0.999
486,7,1,42.286,346.286,0.817,405,2.824,120.88,0.585,0.999
487,4,0,42.571,346.286,0.826,408,2.78,122.333,0.588,0.999
488,9,1,42.667,346.286,0.821,413,2.626,125.425,0.596,0.999
489,5,0,42.571,346.286,0.823,413,2.572,126.957,0.601,0.999
490,4,0,42.476,345.714,0.813,413,2.588,126.204,0.595,0.999
491,4,1,43.333,347.381,0.822,409,2.563,129.039,0.591,0.999
492,3,0,42.952,347.381,0.816,410,2.608,128.55,0.588,0.999
493,2,0,43.143,347.381,0.815,406,2.713,126.753,0.581,0.999
494,8,1,43.429,347.381,0.813,409,2.548,130.209,0.592,1.0
495,3,1,43.81,347.381,0.813,409,2.524,132.363,0.592,1.0
496,1,0,43.333,347.381,0.815,405,2.649,129.679,0.583,0.999
497,6,0,43.333,347.476,0.811,406,2.668,131.291,0.583,0.999
498,3,0,43.048,347.476,0.81,403,2.703,129.483,0.579,0.999
499,4,0,42.333,347.476,0.813,398,2.962,123.125,0.57,0.999
500,6,1,42.048,347.857,0.812,399,2.946,123.192,0.573,0.999
501,4,0,33.095,346.333,0.777,398,4.064,96.902,0.567,0.984
502,4,0,33.0,346.333,0.776,399,3.917,97.289,0.573,0.984
503,3,0,33.095,346.143,0.779,395,3.991,97.826,0.568,0.984
504,1,0,33.476,346.143,0.79,392,3.979,97.743,0.565,0.985
505,4,0,33.667,346.143,0.79,391,3.837,99.169,0.569,0.986
506,2,0,33.762,344.571,0.795,389,3.837,98.483,0.562,0.985
507,4,0,33.952,344.571,0.799,382,4.019,97.456,0.552,0.984
508,5,0,34.048,344.571,0.8,385,3.938,98.569,0.555,0.985
509,7,0,34.524,344.286,0.798,388,3.867,99.843,0.556,0.987
510,7,0,35.0,344.619,0.801,390,3.788,102.014,0.558,0.989
511,4,0,35.0,344.619,0.802,391,3.757,101.553,0.561,0.99
512,5,0,35.19,344.619,0.804,391,3.839,100.704,0.557,0.99
513,7,0,36.381,347.476,0.808,393,3.659,105.306,0.563,0.994
514,8,0,36.571,347.476,0.809,392,3.76,104.947,0.557,0.993
515,4,0,37.143,347.476,0.813,389,3.835,105.91,0.552,0.994
516,4,0,37.429,347.476,0.811,390,3.72,107.058,0.556,0.995
517,3,0,37.714,347.476,0.81,389,3.629,107.833,0.558,0.995
518,6,1,37.238,347.476,0.806,389,3.725,106.361,0.555,0.994
519,5,0,36.952,347.476,0.81,385,3.836,103.9,0.545,0.993
520,4,0,37.143,347.476,0.808,385,3.773,104.659,0.546,0.993
521,5,0,37.667,347.476,0.806,382,3.757,105.421,0.543,0.994
522,6,0,37.619,347.476,0.809,382,3.891,100.752,0.539,0.994
523,3,0,37.524,347.476,0.81,380,3.829,101.734,0.54,0.994
524,9,0,37.905,347.476,0.813,385,3.667,103.821,0.543,0.995
525,5,0,37.81,347.476,0.814,388,3.595,104.836,0.549,0.995
526,4,1,37.762,345.0,0.815,387,3.706,102.212,0.545,0.995
527,4,0,37.476,345.0,0.813,386,3.813,100.017,0.538,0.993
528,5,0,37.571,345.0,0.817,387,3.751,99.727,0.54,0.994
529,9,0,37.714,347.857,0.812,391,3.742,101.572,0.545,0.994
530,6,0,38.0,347.333,0.814,392,3.837,100.807,0.541,0.995
531,5,0,38.762,347.333,0.814,391,3.96,98.674,0.539,0.996
532,4,0,38.81,347.333,0.811,392,3.936,99.559,0.542,0.996
533,6,0,38.619,347.333,0.812,390,3.912,98.91,0.544,0.996
534,5,0,38.238,347.333,0.802,389,3.858,100.006,0.548,0.996
535,3,0,37.952,347.333,0.804,386,3.941,98.07,0.546,0.995
536,7,0,38.238,347.333,0.803,388,3.94,98.441,0.544,0.995
537,5,0,38.619,347.333,0.807,390,3.83,98.902,0.55,0.996
538,3,0,39.286,347.333,0.807,388,3.875,100.199,0.541,0.996
539,6,0,38.952,345.286,0.807,390,3.827,99.494,0.544,0.996
540,2,0,39.333,345.286,0.806,385,3.893,98.991,0.536,0.996
541,7,0,39.524,346.0,0.801,388,3.652,101.101,0.546,0.997
542,5,0,39.048,346.0,0.804,388,3.721,99.382,0.546,0.996
543,5,0,39.333,343.476,0.805,390,3.656,99.708,0.549,0.997
544,13,1,39.429,345.762,0.794,398,3.319,104.66,0.566,0.998
545,12,1,39.619,345.762,0.802,404,2.986,110.571,0.58,0.998
546,7,1,39.429,345.762,0.804,402,2.994,110.623,0.578,0.998
547,6,0,38.952,345.762,0.793,402,3.073,108.735,0.574,0.998
548,5,0,39.238,345.762,0.801,400,3.109,108.041,0.572,0.998
549,3,0,40.0,345.762,0.802,399,3.012,110.365,0.574,0.998
550,3,0,40.476,345.762,0.799,397,3.042,111.611,0.568,0.998
551,1,0,40.476,345.429,0.802,391,3.151,109.472,0.562,0.998
552,2,0,40.286,345.429,0.801,393,3.154,109.037,0.562,0.998
553,3,1,40.762,345.429,0.797,388,3.185,108.47,0.557,0.998
554,6,0,40.857,345.81,0.805,390,3.027,112.323,0.563,0.998
555,5,0,40.571,345.81,0.805,387,3.117,111.515,0.56,0.998
556,13,0,41.333,345.81,0.816,394,2.922,117.512,0.565,0.999
557,7,0,40.857,345.81,0.816,399,2.873,117.685,0.571,0.999
558,3,0,40.905,347.19,0.819,397,2.929,116.157,0.565,0.998
559,2,0,41.0,348.857,0.81,393,3.072,113.024,0.557,0.998
560,6,0,41.286,348.857,0.807,395,2.948,116.185,0.562,0.999
561,7,0,41.952,348.857,0.817,396,2.838,119.065,0.566,0.999
562,4,1,41.952,348.857,0.819,392,2.907,117.427,0.562,0.999
563,3,0,42.143,348.857,0.82,391,2.91,119.353,0.558,0.999
564,6,0,42.143,349.19,0.818,389,2.988,119.098,0.556,0.999
565,3,0,42.238,348.429,0.813,387,3.111,119.018,0.55,0.999
566,4,0,42.143,347.524,0.811,384,3.171,122.385,0.547,0.999
567,2,0,43.0,347.524,0.813,380,3.229,123.072,0.541,0.999
568,4,0,42.905,347.524,0.817,384,3.158,123.882,0.548,0.999
569,4,0,42.524,347.524,0.818,383,3.226,119.755,0.544,0.999
570,3,0,42.238,347.524,0.816,384,3.26,119.557,0.543,0.999
571,4,0,41.571,347.524,0.814,384,3.278,119.019,0.542,0.998
572,8,0,41.381,347.524,0.816,389,3.059,122.212,0.556,0.998
573,8,0,41.381,347.524,0.824,393,2.951,120.888,0.561,0.999
574,2,0,41.762,347.524,0.821,389,2.944,120.072,0.557,0.999
575,11,0,41.286,347.524,0.817,397,2.913,119.245,0.565,0.999
576,3,0,41.286,347.524,0.814,398,2.858,119.665,0.569,0.999
577,7,0,41.286,347.524,0.825,397,2.759,120.171,0.57,0.999
578,4,0,41.19,347.524,0.83,397,2.802,118.36,0.57,0.999
579,6,0,41.286,347.524,0.828,399,2.71,120.732,0.575,0.999
580,10,0,40.905,347.524,0.827,404,2.687,122.014,0.58,0.999
581,5,1,40.81,347.524,0.83,403,2.666,121.85,0.579,0.999
582,4,1,40.429,347.524,0.833,398,2.809,120.198,0.57,0.998
583,5,0,40.81,347.524,0.832,393,2.838,120.115,0.562,0.998
584,4,0,41.095,347.524,0.832,393,2.819,120.65,0.562,0.998
585,13,0,40.714,347.524,0.827,405,2.638,123.446,0.578,0.999
586,1,0,40.905,347.524,0.828,399,2.769,122.274,0.568,0.998
587,7,0,41.286,347.524,0.837,400,2.673,123.007,0.573,0.999
588,5,0,41.286,347.524,0.831,402,2.61,125.893,0.577,0.999
589,6,0,41.429,347.762,0.829,403,2.615,125.223,0.578,0.999
590,1,0,41.238,347.762,0.827,400,2.705,122.979,0.573,0.999
591,5,1,40.952,347.762,0.832,399,2.812,122.374,0.567,0.999
592,3,0,40.905,347.0,0.835,398,2.796,121.164,0.567,0.998
593,2,0,40.952,347.0,0.836,396,2.783,120.851,0.567,0.998
594,4,0,41.238,347.0,0.835,395,2.764,122.119,0.567,0.999
595,8,0,41.333,347.0,0.831,398,2.641,123.121,0.575,0.999
596,6,0,41.429,347.0,0.829,401,2.497,127.12,0.582,0.999
597,7,0,41.333,347.0,0.826,404,2.498,125.902,0.585,0.999
598,5,0,41.524,347.095,0.823,401,2.524,125.423,0.58,0.999
599,5,0,41.429,347.095,0.825,403,2.453,125.298,0.586,0.999
600,3,0,41.619,347.095,0.823,400,2.504,124.928,0.582,0.999
601,4,0,33.381,345.286,0.781,401,3.637,94.565,0.574,0.986
602,7,0,33.667,345.286,0.783,403,3.534,95.899,0.578,0.988
603,1,0,33.952,345.619,0.782,401,3.518,96.413,0.575,0.989
604,5,0,34.238,345.619,0.788,400,3.708,99.482,0.567,0.988
605,5,0,33.667,345.619,0.793,396,3.908,95.266,0.56,0.985
606,0,0,34.143,345.619,0.794,390,4.054,93.881,0.552,0.985
607,4,0,34.143,345.619,0.791,388,4.161,93.142,0.548,0.984
608,7,0,33.952,345.619,0.785,388,4.187,92.903,0.547,0.983
609,3,0,34.619,345.619,0.79,384,4.167,94.243,0.54,0.985
610,4,0,34.905,345.619,0.783,381,4.109,95.379,0.535,0.985
611,6,0,34.714,345.619,0.78,385,4.001,96.055,0.542,0.985
612,3,0,35.762,345.619,0.788,380,3.994,97.947,0.535,0.988
613,6,0,35.952,345.619,0.787,383,3.87,100.15,0.541,0.99
614,2,0,35.952,345.619,0.785,383,3.889,99.885,0.54,0.99
615,9,0,37.0,345.619,0.782,384,3.828,101.843,0.538,0.992
616,5,0,36.619,345.619,0.78,383,3.991,98.372,0.534,0.991
617,2,0,36.619,344.952,0.778,381,4.083,97.041,0.53,0.99
618,5,0,36.524,345.238,0.775,382,3.975,97.687,0.535,0.991
619,8,0,37.0,345.238,0.782,384,3.998,98.831,0.536,0.992
620,8,0,37.19,345.524,0.792,384,3.859,99.804,0.539,0.993
621,5,0,37.286,345.524,0.796,382,4.002,97.27,0.53,0.992
622,10,0,37.381,345.524,0.799,387,3.842,99.308,0.536,0.993
623,8,0,37.095,345.524,0.799,393,3.692,101.981,0.545,0.993
624,3,0,36.81,345.524,0.8,393,3.712,100.263,0.545,0.993
625,6,0,37.095,345.762,0.798,396,3.62,100.841,0.549,0.994
626,0,0,38.0,345.762,0.802,390,3.602,102.104,0.542,0.995
627,2,0,38.286,344.333,0.805,383,3.73,101.821,0.531,0.994
628,4,0,38.286,344.333,0.804,384,3.736,102.074,0.531,0.994
629,3,0,38.095,344.333,0.802,387,3.701,102.229,0.534,0.994
630,4,0,37.381,344.333,0.796,387,3.794,100.054,0.532,0.993
631,8,0,37.476,346.571,0.797,389,3.861,99.233,0.533,0.993
632,2,0,37.476,346.571,0.798,387,3.911,99.02,0.531,0.993
633,8,0,37.619,338.048,0.803,386,3.895,97.84,0.529,0.993
634,5,0,38.286,338.048,0.808,388,3.838,99.496,0.529,0.994
635,5,0,38.571,338.81,0.811,390,3.82,99.435,0.529,0.995
636,5,0,38.762,339.476,0.813,394,3.716,101.137,0.535,0.995
637,6,0,39.238,339.476,0.807,395,3.58,101.222,0.541,0.996
638,7,1,40.0,340.524,0.819,397,3.368,105.607,0.548,0.997
639,3,0,40.095,342.048,0.821,395,3.374,105.642,0.544,0.997
640,8,0,40.095,342.429,0.828,398,3.155,109.839,0.55,0.998
641,3,0,40.286,342.048,0.827,398,3.19,109.746,0.547,0.998
642,3,0,40.095,342.048,0.829,400,3.125,110.513,0.554,0.998
643,5,0,40.19,342.048,0.828,402,3.057,111.393,0.556,0.998
644,8,0,40.667,344.0,0.829,405,3.015,112.803,0.555,0.998
645,6,0,40.571,344.0,0.829,407,2.998,112.687,0.556,0.998
646,5,0,40.571,344.0,0.837,408,3.003,111.863,0.554,0.998
647,4,0,40.476,343.0,0.835,408,3.072,112.035,0.548,0.998
648,5,0,41.095,343.571,0.837,408,2.971,113.897,0.55,0.998
649,4,0,41.19,343.571,0.837,410,2.922,114.525,0.552,0.998
650,3,0,41.857,343.571,0.839,407,2.924,115.699,0.549,0.999
651,0,0,41.857,343.571,0.839,402,2.994,114.778,0.542,0.998
652,4,0,41.476,343.571,0.84,402,3.093,112.878,0.54,0.998
653,2,0,41.476,343.571,0.84,401,3.123,112.193,0.538,0.998
654,8,0,41.667,343.905,0.837,406,2.931,116.252,0.547,0.998
655,4,0,41.571,343.905,0.84,407,2.983,115.481,0.548,0.998
656,5,0,40.905,343.905,0.836,404,3.151,110.842,0.536,0.998
657,7,0,40.81,343.905,0.837,409,3.08,111.204,0.542,0.998
658,6,0,41.286,344.619,0.843,409,3.012,112.144,0.544,0.998
659,2,0,41.286,344.619,0.843,409,3.001,112.429,0.544,0.998
660,4,0,40.905,344.619,0.842,407,3.049,110.878,0.545,0.998
661,3,0,41.095,344.619,0.843,407,3.089,109.06,0.54,0.998
662,5,0,40.524,345.095,0.836,402,3.198,106.197,0.537,0.997
663,6,0,40.571,345.095,0.838,403,3.242,105.889,0.535,0.997
664,5,0,40.952,345.095,0.838,403,3.216,107.416,0.536,0.998
665,3,0,41.333,344.429,0.834,399,3.251,106.562,0.528,0.998
666,4,0,40.476,344.429,0.833,399,3.351,103.9,0.53,0.997
667,9,0,40.762,344.429,0.836,405,3.177,106.93,0.538,0.998
668,3,0,40.857,344.429,0.837,405,3.162,107.576,0.538,0.998
669,5,0,40.857,344.429,0.836,403,3.248,106.875,0.531,0.997
670,3,0,41.238,344.429,0.836,400,3.316,107.569,0.525,0.997
671,7,0,41.333,344.429,0.832,402,3.3,107.623,0.525,0.998
672,5,0,41.381,345.143,0.832,403,3.2,109.067,0.53,0.998
673,1,0,41.571,345.143,0.831,401,3.238,108.784,0.526,0.998
674,5,0,41.19,345.143,0.832,399,3.186,108.463,0.531,0.998
675,6,0,40.905,344.381,0.834,393,3.229,109.483,0.524,0.997
676,7,0,41.19,344.381,0.834,396,3.109,111.091,0.529,0.998
677,4,0,41.19,344.381,0.835,396,3.099,110.756,0.529,0.998
678,2,0,41.762,344.381,0.838,392,3.115,110.585,0.527,0.998
679,7,0,41.429,344.381,0.836,394,3.068,111.661,0.532,0.998
680,2,0,41.619,344.381,0.835,393,3.038,111.938,0.533,0.998
681,4,0,41.619,344.381,0.838,391,3.128,110.279,0.525,0.998
682,5,0,42.19,344.381,0.835,389,3.169,108.776,0.522,0.998
683,4,0,42.0,344.381,0.835,391,3.13,109.394,0.527,0.998
684,7,0,41.714,343.667,0.834,391,3.182,109.256,0.526,0.998
685,4,0,41.762,343.667,0.835,391,3.196,109.005,0.525,0.998
686,6,0,41.571,344.381,0.836,392,3.19,107.651,0.527,0.998
687,2,0,41.19,344.381,0.836,389,3.406,104.591,0.519,0.997
688,4,0,41.095,344.381,0.839,387,3.379,105.606,0.519,0.997
689,0,0,40.905,344.381,0.84,383,3.456,104.592,0.515,0.997
690,7,0,40.714,344.381,0.835,387,3.492,103.278,0.512,0.996
691,4,0,40.714,344.381,0.829,385,3.553,102.925,0.507,0.996
692,1,0,40.619,342.952,0.833,382,3.622,101.946,0.5,0.996
693,4,0,40.048,342.952,0.829,378,3.639,100.626,0.501,0.995
694,5,0,40.143,342.952,0.833,378,3.603,101.485,0.503,0.995
695,8,0,39.667,342.952,0.831,380,3.496,102.097,0.512,0.995
696,5,0,39.286,342.952,0.831,381,3.622,99.273,0.511,0.994
697,4,0,38.81,342.286,0.829,379,3.83,95.648,0.506,0.993
698,3,0,38.714,341.0,0.827,375,3.984,93.823,0.501,0.992
699,7,0,39.476,340.381,0.828,374,4.009,94.727,0.495,0.993
700,4,0,39.286,340.381,0.827,373,4.147,93.552,0.489,0.992
701,3,0,31.333,344.476,0.775,373,5.421,73.463,0.492,0.923
702,1,0,31.619,344.476,0.776,372,5.376,73.789,0.491,0.928
703,3,0,31.619,344.476,0.775,369,5.403,74.194,0.494,0.93
704,5,0,32.095,348.0,0.784,370,5.192,75.672,0.499,0.943
705,4,0,32.286,348.857,0.796,371,5.067,76.673,0.504,0.95
706,3,0,32.952,347.524,0.803,366,5.174,76.926,0.495,0.953
707,3,0,33.048,347.524,0.802,363,5.338,76.588,0.488,0.95
708,6,0,32.857,347.524,0.803,362,5.415,76.001,0.483,0.943
709,4,0,33.81,347.524,0.803,360,5.337,77.207,0.477,0.954
710,7,0,33.905,347.524,0.806,362,5.204,78.417,0.482,0.958
711,10,0,34.0,347.524,0.806,369,4.869,81.722,0.489,0.963
712,8,0,34.286,347.524,0.8,373,4.67,83.134,0.499,0.97
713,4,0,34.762,347.524,0.799,372,4.701,83.756,0.497,0.973
714,4,0,35.048,347.524,0.801,374,4.587,85.598,0.503,0.977
715,4,0,34.667,347.238,0.799,375,4.695,84.296,0.506,0.976
716,7,0,35.048,347.238,0.796,373,4.577,85.647,0.506,0.978
717,4,0,35.143,347.238,0.793,374,4.42,88.138,0.511,0.98
718,8,0,35.714,347.238,0.801,377,4.152,92.247,0.522,0.986
719,2,0,36.286,347.238,0.803,375,4.146,92.616,0.518,0.987
720,7,0,36.19,347.238,0.801,377,4.126,92.534,0.522,0.988
721,3,0,36.476,347.238,0.803,374,4.182,92.52,0.517,0.988
722,6,0,36.429,347.238,0.798,376,4.139,94.004,0.519,0.988
723,6,0,36.429,344.143,0.799,377,4.189,94.402,0.515,0.987
724,4,0,36.238,347.476,0.799,377,4.064,95.786,0.522,0.988
725,4,0,36.762,348.095,0.794,378,3.825,98.479,0.532,0.991
726,5,0,37.095,348.095,0.798,379,3.857,98.156,0.528,0.991
727,8,0,36.714,348.095,0.794,380,3.752,99.018,0.537,0.992
728,7,0,36.905,348.095,0.79,382,3.656,100.028,0.542,0.993
729,6,0,37.81,348.095,0.797,378,3.56,102.205,0.543,0.994
730,8,0,37.762,348.095,0.794,380,3.531,103.044,0.547,0.995
731,5,0,37.952,346.095,0.792,375,3.627,101.311,0.537,0.994
732,8,1,37.952,346.095,0.788,382,3.488,101.718,0.547,0.995
733,7,0,38.381,346.095,0.788,384,3.439,102.24,0.547,0.996
734,10,0,38.714,345.048,0.792,389,3.452,103.196,0.547,0.996
735,9,0,39.048,345.333,0.795,392,3.406,104.637,0.547,0.996
736,5,0,39.524,345.333,0.796,392,3.401,105.042,0.546,0.997
737,5,1,39.714,345.333,0.801,392,3.321,107.022,0.549,0.997
738,5,0,39.905,345.81,0.799,396,3.258,108.089,0.554,0.998
739,6,0,39.81,345.571,0.802,395,3.301,107.729,0.554,0.997
740,7,0,38.952,345.571,0.8,396,3.264,105.788,0.558,0.997
741,6,0,38.667,345.571,0.799,399,3.252,105.3,0.563,0.997
742,8,0,38.667,345.571,0.794,402,3.23,104.318,0.566,0.997
743,11,0,38.286,345.429,0.794,407,3.325,101.778,0.565,0.997
744,1,0,38.476,345.429,0.795,404,3.313,102.463,0.564,0.997
745,6,0,39.0,345.429,0.794,406,3.216,105.373,0.567,0.997
746,8,0,39.571,344.81,0.796,406,3.03,108.001,0.568,0.998
747,2,0,39.857,344.81,0.798,400,3.111,106.284,0.562,0.998
748,5,0,40.143,345.81,0.802,400,3.157,106.413,0.557,0.998
749,8,0,40.429,345.81,0.799,401,3.002,108.73,0.559,0.998
750,4,0,40.0,348.524,0.801,399,3.103,107.511,0.555,0.998
751,8,0,40.286,348.524,0.797,404,2.971,110.472,0.564,0.998
752,5,0,39.905,348.524,0.796,407,2.935,109.861,0.568,0.998
753,2,0,40.286,348.524,0.801,402,3.028,109.721,0.557,0.998
754,7,0,40.286,348.905,0.798,406,2.938,111.071,0.564,0.998
755,7,0,40.143,348.905,0.803,403,2.978,110.487,0.562,0.998
756,6,0,40.048,348.905,0.798,403,3.044,109.448,0.556,0.998
757,8,0,40.143,348.905,0.796,405,2.933,111.172,0.562,0.998
758,4,0,40.524,348.905,0.796,404,2.949,111.193,0.561,0.998
759,3,0,40.714,348.905,0.797,404,2.972,111.572,0.557,0.998
760,5,0,40.714,348.905,0.798,408,2.902,113.516,0.562,0.998
761,6,0,41.571,348.905,0.797,408,2.815,115.237,0.565,0.999
762,3,0,41.667,348.905,0.789,405,2.86,114.443,0.561,0.999
763,7,0,41.905,348.905,0.786,404,2.921,113.701,0.56,0.999
764,5,0,41.81,348.905,0.784,405,2.918,113.955,0.557,0.999
765,6,0,41.714,348.905,0.79,405,2.965,112.28,0.557,0.999
766,8,0,42.0,348.905,0.79,408,2.843,114.563,0.561,0.999
767,3,0,41.905,348.905,0.786,408,2.778,116.517,0.561,0.999
768,4,0,42.0,348.905,0.786,407,2.791,116.039,0.561,0.999
769,4,0,41.905,348.905,0.786,406,2.765,117.542,0.562,0.999
770,2,0,42.571,348.905,0.786,404,2.716,118.022,0.562,0.999
771,5,0,42.667,348.905,0.792,402,2.799,118.339,0.557,0.999
772,6,0,42.524,348.905,0.79,404,2.793,117.681,0.558,0.999
773,5,0,42.524,348.905,0.795,404,2.788,117.666,0.558,0.999
774,6,0,42.476,348.905,0.798,404,2.866,117.03,0.556,0.999
775,4,0,42.762,348.905,0.802,400,2.932,116.403,0.547,0.999
776,5,0,42.667,348.905,0.805,402,2.924,117.398,0.549,0.999
777,4,1,42.857,348.905,0.807,400,2.924,117.779,0.549,0.999
778,4,0,43.238,348.905,0.806,400,2.888,119.962,0.551,0.999
779,7,0,43.667,348.905,0.807,400,2.96,119.345,0.546,0.999
780,4,0,43.952,348.905,0.807,399,2.926,119.367,0.547,0.999
781,6,0,43.762,348.905,0.807,400,2.924,119.303,0.547,0.999
782,2,0,43.762,348.905,0.806,402,2.883,120.419,0.55,0.999
783,5,0,43.571,348.905,0.805,406,2.779,122.206,0.557,0.999
784,4,0,43.857,348.905,0.808,404,2.893,119.935,0.552,0.999
785,3,0,43.952,348.905,0.813,402,2.846,119.991,0.554,0.999
786,7,0,44.0,348.905,0.808,404,2.796,119.674,0.558,0.999
787,6,0,44.286,348.905,0.808,405,2.748,121.273,0.565,0.999
788,4,0,44.381,348.905,0.808,405,2.754,121.746,0.563,0.999
789,6,1,44.286,348.905,0.806,407,2.728,121.966,0.565,0.999
790,5,0,44.048,349.286,0.799,405,2.737,121.511,0.567,0.999
791,4,0,44.048,349.286,0.802,403,2.774,121.06,0.565,0.999
792,6,0,43.952,349.286,0.799,400,2.861,120.087,0.56,0.999
793,2,0,44.333,349.286,0.801,397,2.85,120.894,0.559,0.999
794,7,0,44.238,349.286,0.807,397,2.766,121.34,0.561,0.999
795,7,1,43.952,349.286,0.806,401,2.711,122.23,0.568,0.999
796,4,0,44.143,349.286,0.809,403,2.616,125.941,0.575,1.0
797,1,0,43.571,349.286,0.806,397,2.865,120.762,0.563,0.999
798,9,0,44.095,349.286,0.811,400,2.791,123.347,0.564,0.999
799,3,0,44.095,349.286,0.81,397,2.767,123.667,0.56,0.999
800,6,0,43.905,349.286,0.808,402,2.677,124.833,0.566,0.999
801,6,0,35.381,348.429,0.784,400,3.654,96.382,0.562,0.991
802,1,0,35.286,348.429,0.789,399,3.709,95.661,0.558,0.99
803,8,0,35.286,348.429,0.784,401,3.612,96.204,0.565,0.991
804,4,0,35.524,348.429,0.78,399,3.546,97.331,0.569,0.992
805,3,0,35.905,348.429,0.785,397,3.531,98.264,0.569,0.993
806,6,0,35.905,348.714,0.783,398,3.426,99.711,0.571,0.993
807,4,0,36.0,348.714,0.781,392,3.48,98.902,0.567,0.993
808,6,0,35.714,348.714,0.784,392,3.602,95.871,0.566,0.992
809,2,0,35.81,348.714,0.785,388,3.706,95.234,0.56,0.992
810,5,0,36.381,348.714,0.79,390,3.535,97.531,0.567,0.994
811,4,0,36.619,348.333,0.798,390,3.355,98.663,0.571,0.995
812,8,0,36.286,348.333,0.785,393,3.434,96.754,0.573,0.994
813,1,0,36.19,347.81,0.787,388,3.54,95.701,0.567,0.994
814,6,0,35.905,347.81,0.782,391,3.434,96.696,0.577,0.994
815,9,0,36.048,348.333,0.779,397,3.262,98.885,0.589,0.995
816,0,0,35.19,347.429,0.78,390,3.518,94.434,0.577,0.992
817,5,0,35.19,347.429,0.778,391,3.57,93.604,0.573,0.992
818,4,0,35.571,347.429,0.784,390,3.677,93.213,0.563,0.992
819,5,0,35.762,347.429,0.787,390,3.666,93.758,0.564,0.992
820,7,0,35.952,347.571,0.787,393,3.673,94.124,0.564,0.993
821,7,0,35.857,347.571,0.784,399,3.6,94.067,0.569,0.993
822,4,0,36.048,346.381,0.786,392,3.785,92.827,0.559,0.993
823,6,0,35.952,346.381,0.79,394,3.77,92.924,0.561,0.992
824,6,0,36.381,346.381,0.794,392,3.806,93.137,0.555,0.993
825,6,0,36.238,347.143,0.796,390,3.881,92.095,0.554,0.992
826,2,0,36.333,347.143,0.796,383,4.014,91.401,0.545,0.992
827,6,0,36.333,347.143,0.799,386,3.916,92.411,0.553,0.993
828,4,0,36.81,346.762,0.804,388,3.749,95.128,0.555,0.994
829,5,1,36.524,346.762,0.801,389,3.804,92.786,0.556,0.993
830,3,0,36.524,346.619,0.804,384,3.896,92.6,0.546,0.992
831,8,0,36.476,345.429,0.799,384,3.919,91.449,0.552,0.993
832,4,0,36.571,345.429,0.804,384,3.966,91.234,0.547,0.992
833,4,0,36.286,345.429,0.807,383,4.064,89.545,0.54,0.991
834,5,0,36.476,345.429,0.808,385,4.01,90.086,0.544,0.992
835,7,0,37.0,345.429,0.809,388,3.913,92.421,0.55,0.994
836,3,0,36.81,345.429,0.808,389,3.953,92.004,0.553,0.994
837,2,0,36.905,344.952,0.812,386,3.908,92.678,0.552,0.994
838,2,0,37.286,344.952,0.812,383,3.898,92.558,0.548,0.994
839,10,0,37.571,345.333,0.815,391,3.662,95.514,0.562,0.995
840,6,0,37.81,346.81,0.813,391,3.684,94.415,0.557,0.995
841,5,0,37.81,346.81,0.813,394,3.614,94.819,0.564,0.996
842,7,1,37.524,346.81,0.813,396,3.592,94.177,0.565,0.996
843,5,0,37.714,346.952,0.811,397,3.603,94.004,0.567,0.996
844,1,0,37.714,346.952,0.81,393,3.657,93.931,0.563,0.996
845,4,0,37.619,346.952,0.813,396,3.434,97.047,0.57,0.996
846,3,0,37.048,346.952,0.802,394,3.553,94.808,0.568,0.995
847,5,0,37.048,346.952,0.794,396,3.557,94.311,0.569,0.995
848,5,1,37.048,346.952,0.793,396,3.585,93.539,0.57,0.995
849,6,0,36.762,346.952,0.794,398,3.544,93.214,0.571,0.995
850,5,0,37.238,346.952,0.79,399,3.454,94.448,0.572,0.996
851,5,0,37.095,346.952,0.791,404,3.402,95.332,0.576,0.996
852,6,0,36.81,346.952,0.789,405,3.349,95.598,0.578,0.995
853,4,0,37.0,346.952,0.791,406,3.293,96.806,0.583,0.996
854,7,1,37.667,346.524,0.799,404,3.31,98.406,0.579,0.997
855,4,0,37.857,346.524,0.803,404,3.309,98.377,0.582,0.997
856,6,0,38.143,347.714,0.8,403,3.127,101.315,0.586,0.997
857,6,0,38.762,347.714,0.801,406,3.011,103.37,0.592,0.998
858,6,0,38.762,347.714,0.797,408,3.012,103.157,0.591,0.998
859,6,0,39.81,347.714,0.796,409,2.836,107.666,0.596,0.999
860,3,1,40.19,347.714,0.8,401,2.986,106.152,0.582,0.998
861,5,0,40.0,347.714,0.794,403,2.929,106.469,0.587,0.998
862,3,0,39.905,347.714,0.792,399,2.996,105.037,0.582,0.998
863,9,0,39.667,347.714,0.788,405,2.897,104.572,0.591,0.998
864,7,1,39.286,347.714,0.784,406,2.935,103.808,0.591,0.998
865,4,0,39.952,347.714,0.794,402,2.893,105.478,0.587,0.998
866,8,0,40.81,348.619,0.799,402,2.944,105.814,0.58,0.999
867,8,0,40.429,348.619,0.801,396,3.016,103.563,0.577,0.998
868,2,0,39.857,348.619,0.802,393,3.086,101.872,0.574,0.998
869,4,0,39.381,348.619,0.789,392,3.224,99.948,0.57,0.998
870,4,0,39.524,348.619,0.792,392,3.225,99.785,0.568,0.998
871,5,1,40.095,348.619,0.791,390,3.286,100.225,0.563,0.998
872,5,0,40.667,348.619,0.791,389,3.286,101.435,0.561,0.998
873,4,0,41.048,348.619,0.791,387,3.354,101.326,0.555,0.998
874,2,0,41.286,348.905,0.8,385,3.313,102.434,0.555,0.998
875,3,0,41.143,348.905,0.805,383,3.404,101.728,0.55,0.998
876,2,0,41.143,348.905,0.805,383,3.398,101.551,0.55,0.998
877,3,0,40.667,348.905,0.799,379,3.444,101.87,0.549,0.998
878,4,0,41.048,348.0,0.801,374,3.448,101.626,0.541,0.998
879,7,0,40.571,348.0,0.801,374,3.63,99.356,0.537,0.997
880,6,0,40.0,348.0,0.79,376,3.65,98.005,0.538,0.997
881,9,0,40.0,348.0,0.801,383,3.518,98.589,0.548,0.997
882,6,0,39.714,348.0,0.793,385,3.461,98.53,0.552,0.997
883,13,0,39.524,348.0,0.786,391,3.472,98.555,0.554,0.997
884,1,0,39.905,348.0,0.79,384,3.533,97.793,0.547,0.997
885,5,0,40.143,348.0,0.79,382,3.553,97.865,0.543,0.997
886,2,0,40.048,348.0,0.789,382,3.504,98.294,0.545,0.997
887,7,0,40.429,348.0,0.797,382,3.398,101.548,0.55,0.998
888,4,0,40.048,348.0,0.803,377,3.408,101.49,0.546,0.997
889,1,0,40.238,348.0,0.8,369,3.677,98.997,0.531,0.997
890,4,0,40.429,348.0,0.799,368,3.665,98.674,0.531,0.997
891,2,0,40.667,348.0,0.798,367,3.567,100.838,0.532,0.997
892,1,0,40.762,348.0,0.798,366,3.566,100.979,0.531,0.997
893,4,0,40.143,348.0,0.8,364,3.828,97.938,0.52,0.996
894,6,0,40.238,348.0,0.8,363,3.928,96.388,0.518,0.996
895,3,0,40.333,348.0,0.797,363,3.822,98.662,0.522,0.997
896,9,0,40.429,348.0,0.799,368,3.546,102.88,0.533,0.997
897,2,0,40.714,348.0,0.799,367,3.6,101.629,0.529,0.997
898,7,0,40.524,348.0,0.797,373,3.4,103.787,0.54,0.997
899,9,0,40.238,348.0,0.805,372,3.364,101.485,0.548,0.998
900,5,0,40.286,348.0,0.806,373,3.419,100.88,0.545,0.997
901,8,0,31.905,342.381,0.782,378,4.203,83.612,0.546,0.968
902,5,0,32.095,342.381,0.785,379,4.162,84.727,0.547,0.97
903,7,0,32.286,342.381,0.788,379,4.212,84.025,0.542,0.97
904,2,0,32.286,342.381,0.781,379,4.286,83.016,0.542,0.97
905,3,0,32.429,340.667,0.785,375,4.295,83.006,0.539,0.97
906,7,0,33.095,341.524,0.788,374,4.264,83.805,0.537,0.975
907,12,0,33.286,342.714,0.792,383,4.124,84.824,0.543,0.978
908,5,0,33.476,342.714,0.788,383,4.052,84.837,0.546,0.98
909,5,0,33.81,342.714,0.788,384,4.009,86.091,0.547,0.982
910,6,0,34.095,342.714,0.785,387,3.858,87.729,0.556,0.986
911,4,0,33.905,342.524,0.785,387,3.876,86.777,0.556,0.985
912,5,0,34.143,343.857,0.789,386,3.81,88.668,0.556,0.986
913,4,0,34.429,343.857,0.788,386,3.849,88.211,0.554,0.987
914,4,0,34.333,343.857,0.789,386,3.895,87.991,0.551,0.986
915,6,0,34.524,344.095,0.787,385,3.839,88.768,0.551,0.986
916,5,0,35.095,344.095,0.791,384,3.781,90.546,0.552,0.989
917,2,0,35.476,344.095,0.791,382,3.813,91.126,0.55,0.99
918,8,0,34.714,342.857,0.795,385,3.888,89.244,0.548,0.987
919,4,0,34.857,342.857,0.793,383,4.0,88.97,0.542,0.986
920,7,0,34.524,342.19,0.794,385,3.993,88.152,0.54,0.984
921,2,0,34.81,342.19,0.795,384,4.014,88.276,0.537,0.985
922,4,0,35.286,342.19,0.797,382,3.995,89.214,0.53,0.986
923,3,0,35.762,344.667,0.798,381,4.003,90.625,0.529,0.987
924,2,0,36.0,344.667,0.803,379,3.933,91.707,0.53,0.988
925,6,0,36.619,344.667,0.801,379,3.658,96.483,0.534,0.991
926,10,0,36.952,344.667,0.801,383,3.56,97.2,0.536,0.992
927,5,0,36.571,344.667,0.8,383,3.588,96.159,0.538,0.991
928,5,0,36.571,344.667,0.8,384,3.585,96.431,0.538,0.991
929,3,0,36.286,345.81,0.793,379,3.781,93.81,0.534,0.99
930,3,0,36.0,345.81,0.795,376,3.904,91.338,0.526,0.988
931,3,0,36.429,345.81,0.797,374,3.909,92.415,0.522,0.988
932,6,0,37.048,345.476,0.8,372,3.824,94.968,0.525,0.991
933,7,0,37.048,345.476,0.798,373,3.699,96.767,0.529,0.991
934,5,0,37.048,345.476,0.799,372,3.699,95.783,0.532,0.992
935,6,0,36.762,345.476,0.797,373,3.628,96.339,0.533,0.991
936,3,0,37.143,345.476,0.8,372,3.719,96.191,0.529,0.992
937,5,0,37.429,345.476,0.799,375,3.524,98.713,0.537,0.993
938,5,0,37.333,345.476,0.798,376,3.502,98.644,0.54,0.993
939,7,0,37.524,345.476,0.801,377,3.401,100.145,0.547,0.994
940,10,0,37.619,345.476,0.802,382,3.229,102.42,0.559,0.995
941,3,0,37.905,345.476,0.797,378,3.218,103.289,0.555,0.995
942,6,0,37.143,345.476,0.796,381,3.224,102.611,0.557,0.994
943,5,0,37.333,345.476,0.795,384,3.157,104.06,0.56,0.995
944,4,0,37.048,346.238,0.787,381,3.321,101.713,0.551,0.994
945,3,0,37.048,346.238,0.785,380,3.394,101.656,0.547,0.993
946,3,0,37.524,346.238,0.798,374,3.478,101.186,0.536,0.993
947,5,0,37.714,346.238,0.793,376,3.399,101.862,0.542,0.994
948,5,0,37.714,348.19,0.794,376,3.366,102.705,0.544,0.994
949,1,0,37.81,348.19,0.797,372,3.465,101.581,0.54,0.994
950,4,0,37.81,348.19,0.796,372,3.478,101.443,0.54,0.994
951,6,0,38.429,348.19,0.799,375,3.363,103.647,0.546,0.996
952,5,0,38.524,347.381,0.8,372,3.388,103.864,0.544,0.996
953,3,0,38.714,347.381,0.802,371,3.318,104.857,0.546,0.996
954,9,0,39.048,347.381,0.807,374,3.273,104.682,0.552,0.997
955,1,0,38.857,347.381,0.801,368,3.389,102.428,0.545,0.996
956,6,0,38.762,347.381,0.801,373,3.355,103.002,0.548,0.996
957,2,0,38.381,347.381,0.803,370,3.436,101.125,0.544,0.995
958,6,0,38.286,347.381,0.8,370,3.442,100.993,0.544,0.995
959,5,0,38.381,347.381,0.799,370,3.398,101.354,0.545,0.995
960,5,0,38.19,347.381,0.802,372,3.362,101.546,0.548,0.995
961,2,0,37.905,347.381,0.799,370,3.449,100.328,0.544,0.995
962,5,0,38.524,347.381,0.8,369,3.433,101.076,0.543,0.996
963,4,0,39.19,347.381,0.8,366,3.483,99.7,0.54,0.996
964,7,0,39.19,347.667,0.793,369,3.456,99.524,0.544,0.996
965,9,0,39.333,348.476,0.792,374,3.362,102.465,0.548,0.997
966,3,0,39.429,348.476,0.793,375,3.306,103.652,0.55,0.997
967,5,0,39.238,348.476,0.799,375,3.298,103.64,0.548,0.997
968,4,0,39.286,348.476,0.798,375,3.332,103.043,0.543,0.996
969,1,0,39.19,348.476,0.798,371,3.468,100.288,0.537,0.996
970,12,0,39.857,348.476,0.802,377,3.375,101.911,0.54,0.997
971,1,0,39.857,348.476,0.801,371,3.643,98.262,0.529,0.996
972,5,0,39.857,348.476,0.798,371,3.654,98.056,0.53,0.996
973,10,0,39.667,348.476,0.795,376,3.561,98.787,0.532,0.996
974,6,0,39.81,348.476,0.794,378,3.483,100.824,0.533,0.997
975,7,0,39.905,348.476,0.791,381,3.328,103.219,0.543,0.997
976,5,0,40.143,348.476,0.793,383,3.242,104.963,0.55,0.998
977,5,0,40.286,347.619,0.797,381,3.271,103.877,0.55,0.998
978,4,0,39.81,347.619,0.801,378,3.507,99.649,0.545,0.997
979,8,0,39.381,348.476,0.798,378,3.598,98.462,0.546,0.997
980,3,0,38.571,348.762,0.8,372,3.808,95.387,0.535,0.995
981,2,0,38.0,348.762,0.797,371,3.906,92.945,0.529,0.994
982,7,0,37.905,348.762,0.799,369,3.974,91.404,0.525,0.993
983,5,0,37.905,348.762,0.797,372,3.993,90.517,0.526,0.993
984,4,0,37.905,348.762,0.802,369,4.049,90.053,0.522,0.993
985,6,0,38.095,348.762,0.799,372,4.006,90.824,0.524,0.993
986,1,0,38.667,348.762,0.801,366,4.066,91.283,0.517,0.994
987,3,0,39.048,348.762,0.802,364,4.125,90.864,0.517,0.995
988,7,0,39.048,348.762,0.807,365,4.058,92.367,0.523,0.995
989,4,0,38.667,348.762,0.798,366,4.151,90.874,0.521,0.994
990,6,0,38.857,348.762,0.801,364,4.039,92.11,0.517,0.994
991,5,0,38.857,348.762,0.799,365,3.98,92.532,0.518,0.994
992,2,0,39.048,348.762,0.8,363,3.985,93.021,0.516,0.994
993,1,0,38.476,348.762,0.796,360,4.049,91.886,0.514,0.993
994,4,0,39.238,348.762,0.801,361,3.952,93.009,0.512,0.994
995,8,0,39.429,348.476,0.802,363,3.917,94.976,0.515,0.995
996,2,0,39.81,348.476,0.807,358,4.053,93.953,0.503,0.995
997,3,0,39.524,348.476,0.806,359,4.068,93.827,0.506,0.994
998,9,0,39.143,348.476,0.8,365,4.032,92.569,0.515,0.995
999,5,0,39.238,348.476,0.8,365,4.082,91.799,0.516,0.995
1000,0,0,39.571,347.524,0.802,359,4.143,91.778,0.507,0.995
