1,10,0,0.571,2.381,0.0,10,343.504,0.0,0.008,0.043
2,3,0,0.762,3.619,0.002,13,338.565,0.0,0.011,0.04
3,3,0,1.048,5.476,0.002,16,312.542,0.0,0.015,0.02
4,3,0,1.238,8.476,0.005,19,296.248,0.013,0.021,0.014
5,4,0,1.667,10.429,0.006,23,263.514,0.118,0.026,0.006
6,7,0,2.238,15.952,0.01,29,233.207,0.222,0.039,0.003
7,5,0,2.524,19.952,0.014,34,215.035,0.418,0.046,0.002
8,5,0,2.952,24.0,0.022,38,195.203,0.555,0.05,0.001
9,5,0,3.524,31.857,0.036,42,162.589,0.864,0.06,0.001
10,3,0,3.81,35.381,0.042,45,158.804,0.937,0.064,0.001
11,6,0,3.571,36.524,0.04,51,173.93,0.96,0.07,0.001
12,9,0,3.857,41.905,0.043,59,146.478,1.231,0.082,0.001
13,4,0,4.0,43.905,0.042,63,141.52,1.358,0.089,0.001
14,4,0,4.095,45.238,0.043,67,140.311,1.415,0.092,0.001
15,3,0,4.19,45.714,0.04,70,131.682,1.533,0.096,0.0
16,8,0,4.905,52.905,0.055,77,109.841,2.089,0.103,0.0
17,4,0,5.286,61.0,0.071,81,99.665,2.559,0.112,0.0
18,4,0,5.571,63.238,0.07,85,95.559,2.889,0.119,0.0
19,7,0,6.095,68.81,0.077,91,80.539,3.815,0.13,0.0
20,8,0,6.667,73.381,0.082,98,71.661,4.519,0.138,0.0
21,3,0,6.952,75.857,0.09,98,72.729,4.66,0.138,0.0
22,3,0,7.238,77.952,0.097,98,69.129,4.959,0.138,0.0
23,3,0,7.429,80.286,0.101,101,66.766,5.289,0.142,0.0
24,3,0,7.429,80.571,0.099,104,66.078,5.205,0.145,0.0
25,5,0,7.714,87.857,0.112,108,61.867,5.597,0.156,0.0
26,6,0,7.524,89.19,0.11,113,61.199,5.631,0.161,0.0
27,8,0,8.286,97.667,0.124,119,55.276,6.449,0.174,0.0
28,6,0,8.476,100.857,0.125,125,53.093,7.364,0.183,0.0
29,3,0,8.476,102.048,0.127,127,52.108,7.759,0.186,0.0
30,3,0,8.381,102.667,0.125,130,52.314,7.808,0.189,0.0
31,5,0,9.048,103.143,0.129,130,47.378,8.358,0.187,0.0
32,8,0,9.429,110.571,0.146,137,43.727,8.62,0.195,0.001
33,3,0,9.905,115.476,0.157,139,41.175,9.263,0.2,0.001
34,4,0,10.286,120.19,0.17,143,39.305,9.944,0.204,0.001
35,6,0,10.857,126.571,0.183,148,37.035,10.894,0.214,0.001
36,3,0,10.857,127.048,0.181,151,36.39,11.367,0.218,0.001
37,9,0,11.429,127.048,0.169,157,35.48,12.927,0.228,0.001
38,0,0,11.619,127.048,0.174,154,35.317,12.633,0.224,0.001
39,6,0,12.19,127.714,0.176,157,34.887,13.188,0.225,0.002
40,2,0,12.095,128.571,0.175,159,35.012,13.193,0.229,0.002
41,2,0,12.095,128.571,0.174,161,34.695,13.338,0.229,0.002
42,3,0,12.19,128.571,0.176,162,35.16,13.306,0.228,0.002
43,7,0,12.095,124.667,0.154,168,35.418,13.797,0.234,0.002
44,7,0,12.19,127.81,0.16,173,37.553,14.43,0.24,0.002
45,4,0,12.571,130.81,0.173,175,35.785,15.135,0.238,0.002
46,8,0,12.81,133.476,0.175,180,34.21,15.339,0.245,0.002
47,3,0,13.095,133.714,0.174,179,31.519,15.503,0.247,0.003
48,10,0,13.571,141.619,0.188,187,28.737,16.461,0.261,0.003
49,8,0,14.524,151.381,0.217,192,24.593,19.511,0.27,0.004
50,2,0,15.095,151.381,0.223,190,23.836,19.866,0.264,0.005
51,7,0,15.19,152.095,0.218,196,23.482,20.498,0.272,0.005
52,4,0,15.19,152.238,0.22,198,23.226,20.739,0.271,0.005
53,6,0,15.667,153.476,0.22,202,22.27,22.074,0.275,0.006
54,2,0,15.571,154.048,0.222,203,22.237,21.845,0.276,0.006
55,5,0,16.048,157.381,0.236,204,21.778,22.012,0.277,0.007
56,6,0,16.048,158.429,0.233,209,21.528,22.292,0.282,0.008
57,5,0,16.476,161.143,0.239,212,20.899,23.193,0.286,0.009
58,5,0,16.952,162.952,0.239,215,19.869,25.07,0.294,0.011
59,7,0,17.238,164.476,0.24,218,19.474,25.929,0.297,0.013
60,8,0,17.619,167.143,0.245,224,18.936,26.138,0.302,0.015
61,1,0,17.81,168.762,0.257,221,18.915,26.042,0.297,0.015
62,6,0,17.619,168.952,0.251,225,18.529,26.176,0.302,0.015
63,6,0,17.524,169.381,0.249,228,18.627,26.354,0.306,0.016
64,5,0,18.0,171.667,0.252,231,18.119,27.383,0.312,0.019
65,3,0,18.0,171.667,0.251,230,18.114,27.576,0.313,0.02
66,7,0,18.095,173.048,0.255,235,17.946,27.904,0.314,0.02
67,3,0,18.381,175.048,0.263,235,17.685,29.386,0.315,0.022
68,6,0,19.238,181.524,0.283,238,16.778,30.052,0.319,0.03
69,6,0,19.714,189.0,0.303,242,15.731,32.345,0.328,0.038
70,5,0,20.19,191.905,0.31,244,15.032,33.243,0.333,0.046
71,8,0,20.571,193.0,0.305,252,14.374,34.859,0.343,0.057
72,8,0,20.857,199.238,0.322,257,14.048,35.877,0.348,0.067
73,5,0,20.571,200.524,0.331,257,14.179,35.491,0.347,0.06
74,6,0,20.667,202.143,0.336,258,13.998,35.738,0.349,0.064
75,7,0,20.524,204.476,0.341,262,13.878,35.873,0.354,0.065
76,5,0,20.429,204.476,0.337,264,13.427,36.666,0.358,0.066
77,5,0,20.429,204.476,0.335,266,13.25,36.4,0.36,0.068
78,5,0,20.905,204.524,0.339,268,13.022,36.87,0.357,0.074
79,3,0,20.905,205.667,0.34,268,12.917,36.479,0.361,0.078
80,3,0,20.81,206.762,0.342,271,12.889,37.202,0.364,0.079
81,2,0,20.476,206.762,0.35,269,13.17,35.868,0.357,0.066
82,3,0,20.952,208.429,0.36,269,12.872,36.072,0.355,0.073
83,8,0,20.762,210.667,0.365,275,12.875,36.651,0.361,0.074
84,2,0,20.762,210.952,0.367,275,12.876,36.754,0.361,0.074
85,6,0,20.571,212.905,0.366,279,12.622,37.924,0.37,0.079
86,5,0,20.571,214.19,0.364,282,12.299,39.014,0.376,0.085
87,5,0,21.143,215.762,0.367,281,11.621,41.278,0.38,0.103
88,4,0,21.333,219.762,0.375,284,11.271,42.861,0.39,0.123
89,9,0,22.048,225.333,0.39,291,10.488,45.62,0.399,0.164
90,5,0,22.429,226.19,0.395,292,10.246,46.157,0.4,0.182
91,3,0,22.952,226.762,0.401,290,10.146,46.662,0.397,0.199
92,5,0,23.333,229.143,0.406,290,10.062,46.806,0.402,0.231
93,5,0,23.952,230.429,0.412,288,9.637,48.157,0.402,0.264
94,5,0,24.143,232.476,0.419,290,9.736,47.659,0.403,0.281
95,5,0,24.333,233.619,0.425,292,9.731,48.004,0.406,0.3
96,1,0,24.429,233.619,0.427,289,9.888,46.683,0.402,0.297
97,5,0,24.619,234.667,0.429,291,9.959,47.061,0.404,0.315
98,3,0,25.19,235.143,0.43,290,9.701,48.43,0.407,0.362
99,5,0,25.19,235.286,0.428,292,9.636,48.739,0.408,0.366
100,5,0,25.286,237.048,0.428,295,9.495,48.942,0.416,0.401
101,4,0,20.333,239.714,0.436,295,10.366,41.794,0.421,0.136
102,7,0,20.905,240.857,0.437,299,9.963,43.392,0.425,0.166
103,4,0,21.19,240.857,0.439,297,10.01,43.125,0.423,0.174
104,4,0,22.048,242.714,0.45,296,9.517,45.78,0.422,0.21
105,5,0,22.333,245.524,0.462,297,9.289,47.375,0.424,0.229
106,4,0,22.905,250.0,0.486,295,8.938,49.505,0.425,0.263
107,2,0,23.381,250.0,0.491,293,8.846,50.597,0.422,0.283
108,8,0,23.381,251.143,0.493,297,8.675,50.843,0.427,0.298
109,2,0,23.524,251.81,0.496,294,8.579,51.975,0.426,0.302
110,3,0,23.619,251.238,0.494,293,8.779,50.864,0.425,0.307
111,5,0,24.19,255.095,0.51,294,8.486,52.599,0.428,0.354
112,6,0,24.667,255.095,0.506,298,8.192,53.636,0.433,0.403
113,7,0,24.952,256.952,0.52,300,8.48,52.8,0.429,0.413
114,2,0,24.762,256.952,0.524,296,8.641,52.076,0.425,0.386
115,5,0,24.952,256.952,0.525,296,8.692,52.281,0.423,0.394
116,6,0,25.238,260.571,0.538,298,8.498,53.041,0.428,0.432
117,4,0,25.524,260.619,0.544,298,8.6,52.787,0.421,0.431
118,2,0,26.0,260.619,0.549,295,8.647,52.09,0.416,0.449
119,8,0,25.81,261.19,0.542,301,8.416,53.497,0.428,0.477
120,4,0,26.0,261.19,0.542,302,8.346,53.714,0.43,0.497
121,4,0,26.476,261.19,0.547,301,8.398,53.633,0.426,0.519
122,9,0,26.476,263.143,0.542,307,8.078,54.958,0.441,0.573
123,5,0,26.429,263.143,0.541,307,7.77,54.911,0.444,0.576
124,6,0,26.238,262.857,0.541,308,8.044,53.782,0.442,0.556
125,4,0,26.143,263.238,0.546,308,8.24,53.523,0.438,0.536
126,5,0,25.667,262.905,0.542,312,8.267,52.733,0.44,0.507
127,4,0,25.762,262.905,0.546,313,8.366,52.908,0.436,0.501
128,9,0,25.857,266.143,0.555,317,7.764,55.273,0.445,0.535
129,8,0,26.143,267.19,0.557,321,7.795,55.429,0.451,0.58
130,5,0,26.619,268.095,0.56,323,7.652,56.579,0.453,0.62
131,6,0,26.81,270.571,0.568,328,7.44,58.048,0.462,0.665
132,7,0,27.19,275.095,0.588,332,6.839,60.317,0.469,0.71
133,6,0,26.81,275.429,0.584,336,6.817,60.348,0.476,0.705
134,5,0,27.0,274.857,0.581,335,6.933,60.416,0.474,0.713
135,6,0,26.524,275.333,0.577,340,6.73,60.577,0.482,0.704
136,5,0,27.19,275.333,0.581,340,6.715,62.0,0.478,0.733
137,4,0,27.476,279.952,0.594,341,6.315,64.959,0.483,0.763
138,5,0,27.571,279.952,0.598,343,6.343,64.817,0.479,0.758
139,8,0,27.286,281.238,0.598,350,6.197,65.363,0.489,0.768
140,7,0,28.143,281.524,0.602,352,6.167,66.924,0.487,0.808
141,8,0,27.381,281.524,0.591,358,6.072,66.683,0.498,0.793
142,5,0,27.381,281.524,0.587,360,5.955,67.979,0.502,0.803
143,11,0,28.619,282.857,0.591,361,5.716,70.738,0.503,0.857
144,7,0,29.0,283.524,0.585,365,5.404,73.304,0.512,0.885
145,5,0,29.667,286.714,0.603,364,5.282,75.1,0.515,0.908
146,7,0,29.857,284.81,0.599,366,5.124,76.603,0.513,0.91
147,6,0,30.238,284.81,0.601,368,5.05,77.261,0.514,0.92
148,5,0,29.952,285.333,0.602,369,5.09,76.649,0.515,0.914
149,5,0,29.857,285.333,0.602,369,5.282,75.406,0.514,0.911
150,8,0,30.143,287.524,0.611,373,5.088,75.695,0.517,0.921
151,2,0,30.619,287.524,0.613,369,5.158,74.939,0.513,0.928
152,11,0,30.905,292.238,0.629,375,4.976,75.621,0.522,0.941
153,2,0,31.19,292.238,0.63,373,5.086,74.961,0.52,0.944
154,2,0,31.0,292.238,0.64,369,5.258,73.653,0.51,0.933
155,4,0,31.19,292.619,0.641,369,5.256,74.031,0.512,0.938
156,4,0,31.286,292.619,0.649,369,5.249,74.191,0.509,0.937
157,8,0,31.762,293.762,0.649,369,4.943,77.204,0.515,0.949
158,4,0,31.714,293.762,0.644,371,4.775,78.203,0.522,0.953
159,5,0,31.238,297.524,0.654,373,4.765,77.873,0.524,0.947
160,4,0,31.81,297.81,0.665,368,4.881,78.65,0.514,0.949
161,5,0,32.095,294.476,0.657,364,4.945,78.075,0.507,0.948
162,1,0,32.286,294.476,0.66,359,5.051,77.197,0.502,0.948
163,3,0,32.333,294.476,0.667,355,5.229,75.465,0.49,0.94
164,4,0,33.0,295.238,0.675,350,5.365,74.943,0.48,0.943
165,4,0,32.81,295.238,0.665,351,5.467,74.443,0.483,0.942
166,4,0,33.095,295.238,0.671,349,5.486,74.835,0.478,0.944
167,2,0,33.095,295.238,0.674,347,5.55,74.469,0.473,0.94
168,4,0,33.476,299.81,0.695,347,5.389,76.146,0.474,0.947
169,5,0,33.381,299.81,0.693,350,5.434,75.983,0.477,0.947
170,5,0,33.571,300.0,0.69,355,5.3,76.805,0.484,0.955
171,2,0,33.667,300.0,0.692,353,5.342,76.202,0.482,0.955
172,3,0,33.667,300.0,0.692,350,5.34,75.977,0.48,0.954
173,8,0,33.429,299.81,0.684,350,5.349,75.731,0.478,0.949
174,3,0,33.429,299.571,0.685,349,5.391,75.945,0.475,0.947
175,5,0,33.333,299.571,0.685,353,5.282,76.598,0.48,0.949
176,2,0,33.619,299.571,0.691,349,5.469,74.469,0.472,0.947
177,5,0,34.19,299.571,0.693,345,5.523,75.293,0.467,0.952
178,6,0,34.667,299.952,0.696,344,5.374,77.284,0.468,0.959
179,6,0,35.143,300.905,0.701,345,5.345,77.328,0.466,0.964
180,2,0,34.952,300.905,0.706,339,5.588,76.449,0.459,0.958
181,5,0,34.952,300.905,0.71,337,5.628,75.959,0.457,0.956
182,7,0,35.381,301.143,0.708,340,5.406,77.801,0.46,0.963
183,2,0,35.0,298.0,0.705,337,5.606,76.036,0.453,0.955
184,10,0,35.286,306.762,0.7,345,5.397,77.812,0.46,0.962
185,8,0,34.81,308.81,0.706,351,5.231,79.76,0.466,0.96
186,2,0,34.905,308.429,0.708,349,5.302,79.825,0.461,0.958
187,7,0,35.0,308.952,0.715,352,5.069,81.517,0.467,0.962
188,5,0,34.619,308.952,0.717,352,5.142,79.618,0.464,0.956
189,3,0,35.095,308.952,0.717,349,5.09,79.981,0.464,0.962
190,8,0,35.286,308.571,0.709,353,4.804,83.376,0.472,0.967
191,1,0,35.095,308.571,0.709,354,4.798,83.007,0.473,0.966
192,6,0,35.095,311.238,0.717,356,4.674,85.034,0.478,0.968
193,6,0,35.476,311.238,0.716,361,4.524,86.682,0.487,0.975
194,7,0,35.762,312.381,0.715,365,4.418,88.507,0.492,0.979
195,8,0,36.238,313.81,0.729,364,4.373,89.119,0.499,0.983
196,5,0,36.143,314.476,0.729,363,4.383,89.957,0.501,0.983
197,2,0,36.714,315.095,0.737,362,4.197,94.063,0.503,0.986
198,7,0,36.476,315.095,0.74,362,4.299,91.538,0.5,0.985
199,4,0,36.571,315.095,0.739,364,4.235,91.812,0.502,0.986
200,2,0,36.571,317.0,0.744,366,4.115,93.048,0.509,0.987
201,2,0,29.286,315.286,0.736,365,4.812,74.732,0.511,0.891
202,5,0,30.048,315.381,0.733,366,4.777,76.788,0.507,0.906
203,4,0,30.286,315.524,0.733,369,4.712,77.925,0.511,0.917
204,5,0,30.286,315.524,0.731,370,4.65,77.909,0.514,0.92
205,6,0,30.476,315.524,0.728,374,4.487,78.625,0.518,0.928
206,5,0,31.048,315.619,0.732,371,4.569,78.745,0.511,0.933
207,4,0,31.333,319.571,0.745,372,4.531,79.964,0.514,0.941
208,4,0,31.238,319.857,0.744,374,4.521,80.058,0.515,0.94
209,3,0,31.333,321.905,0.746,376,4.456,80.669,0.518,0.944
210,12,0,31.762,327.857,0.744,383,4.303,82.658,0.523,0.954
211,6,0,31.667,327.857,0.748,383,4.406,82.675,0.519,0.95
212,3,0,32.524,327.857,0.754,380,4.449,83.203,0.508,0.955
213,5,0,32.619,327.857,0.749,384,4.416,83.477,0.51,0.957
214,1,0,32.905,327.857,0.75,378,4.487,84.001,0.504,0.957
215,1,0,33.095,327.714,0.754,369,4.709,82.088,0.493,0.953
216,2,0,33.286,327.714,0.755,367,4.781,81.448,0.489,0.953
217,5,0,33.095,327.714,0.763,363,5.105,77.494,0.477,0.942
218,4,0,33.19,327.714,0.762,362,5.1,78.282,0.477,0.943
219,7,0,33.381,327.19,0.76,362,5.014,79.232,0.481,0.949
220,4,0,33.286,327.19,0.759,364,4.98,79.308,0.482,0.949
221,6,0,32.905,327.19,0.76,367,4.921,79.932,0.488,0.947
222,5,0,33.095,327.238,0.757,370,4.836,80.906,0.494,0.954
223,3,0,33.429,322.095,0.759,362,4.992,79.109,0.483,0.952
224,5,0,33.905,322.095,0.762,355,5.129,80.123,0.478,0.955
225,7,0,34.095,322.095,0.762,358,4.993,80.584,0.482,0.96
226,10,0,34.667,321.286,0.757,364,4.802,82.717,0.487,0.968
227,5,0,34.857,321.286,0.754,368,4.716,83.826,0.492,0.972
228,5,0,34.476,322.667,0.756,368,4.695,83.654,0.498,0.971
229,4,0,34.524,327.952,0.753,370,4.514,85.353,0.505,0.974
230,4,0,34.952,327.952,0.763,367,4.499,86.37,0.505,0.977
231,2,0,35.048,327.952,0.763,364,4.496,87.044,0.504,0.977
232,3,0,34.857,327.952,0.766,361,4.648,85.338,0.497,0.974
233,6,0,34.762,327.952,0.767,362,4.756,83.099,0.494,0.972
234,2,0,35.048,327.952,0.767,362,4.708,84.092,0.494,0.975
235,1,0,35.143,327.81,0.768,359,4.706,84.919,0.492,0.974
236,1,0,35.143,327.714,0.771,355,4.875,82.828,0.488,0.973
237,5,0,35.905,327.714,0.776,354,4.752,85.727,0.49,0.979
238,3,0,36.381,327.714,0.775,351,4.73,86.039,0.488,0.981
239,3,0,36.667,327.714,0.774,350,4.596,87.683,0.49,0.983
240,4,0,36.571,327.714,0.773,353,4.579,87.794,0.491,0.983
241,6,0,36.857,326.381,0.768,356,4.521,88.808,0.492,0.985
242,8,0,37.095,331.619,0.771,358,4.494,89.047,0.496,0.987
243,4,0,36.905,331.619,0.773,358,4.619,88.751,0.492,0.985
244,8,0,36.905,332.429,0.777,360,4.462,88.828,0.498,0.986
245,3,0,37.667,332.429,0.781,356,4.538,89.46,0.488,0.987
246,6,0,38.143,332.429,0.777,356,4.478,90.933,0.491,0.989
247,10,0,37.619,332.429,0.773,366,4.375,91.773,0.501,0.989
248,7,0,37.429,332.429,0.77,371,4.334,91.173,0.504,0.989
249,7,0,37.333,332.762,0.768,374,4.314,91.118,0.505,0.989
250,6,0,37.19,332.762,0.768,376,4.254,90.965,0.506,0.989
251,5,0,37.857,335.619,0.774,376,4.047,93.975,0.51,0.991
252,5,0,37.19,335.619,0.777,375,4.207,91.489,0.507,0.989
253,4,0,37.476,335.619,0.786,374,4.16,92.118,0.509,0.99
254,3,0,37.762,335.619,0.784,375,4.031,94.253,0.514,0.991
255,7,0,37.81,335.81,0.781,381,3.929,94.486,0.523,0.993
256,6,0,37.667,334.714,0.781,377,4.114,92.473,0.511,0.991
257,3,0,37.381,334.714,0.778,375,4.088,92.243,0.511,0.99
258,3,0,37.571,335.095,0.779,374,4.113,92.281,0.509,0.99
259,2,0,37.524,335.095,0.776,373,4.072,92.668,0.51,0.99
260,3,0,37.381,335.095,0.777,371,4.172,92.149,0.507,0.989
261,7,0,37.476,335.095,0.777,373,4.105,92.808,0.511,0.99
262,3,0,37.381,331.286,0.761,373,4.213,92.382,0.507,0.989
263,8,0,37.0,332.048,0.749,376,4.16,92.774,0.517,0.99
264,3,0,37.0,332.048,0.748,379,4.115,92.774,0.52,0.99
265,2,0,37.19,332.048,0.752,375,4.196,92.828,0.516,0.99
266,5,0,37.476,334.143,0.752,375,3.893,97.444,0.527,0.992
267,5,0,37.19,334.143,0.753,376,3.884,96.772,0.529,0.992
268,7,0,37.667,339.19,0.757,376,3.735,97.972,0.533,0.993
269,4,0,38.524,339.19,0.76,372,3.733,100.201,0.53,0.995
270,3,0,38.095,336.476,0.756,369,3.786,98.959,0.527,0.994
271,5,0,38.619,337.81,0.765,368,3.604,102.723,0.532,0.995
272,3,0,38.714,337.81,0.768,365,3.623,102.185,0.529,0.995
273,9,0,39.143,337.81,0.767,365,3.624,102.093,0.527,0.995
274,5,0,39.238,337.81,0.768,367,3.513,103.89,0.532,0.996
275,4,0,39.762,337.81,0.768,364,3.591,103.082,0.526,0.996
276,3,0,39.857,337.81,0.766,363,3.663,101.207,0.521,0.996
277,7,0,39.619,338.143,0.764,367,3.74,101.253,0.522,0.996
278,6,0,39.714,338.143,0.77,369,3.753,102.312,0.521,0.996
279,6,0,39.905,340.429,0.782,374,3.512,105.561,0.534,0.997
280,5,0,40.095,340.429,0.784,375,3.535,106.024,0.531,0.997
281,5,0,39.952,340.429,0.781,372,3.58,103.719,0.529,0.996
282,6,0,40.048,340.429,0.778,376,3.5,105.658,0.537,0.997
283,0,0,39.857,340.429,0.777,368,3.593,104.373,0.529,0.996
284,2,0,40.238,340.429,0.777,363,3.634,103.911,0.523,0.996
285,5,0,40.333,340.429,0.783,358,3.843,101.445,0.507,0.996
286,7,0,41.095,341.0,0.784,360,3.63,105.545,0.513,0.997
287,7,0,40.476,341.0,0.782,364,3.597,104.475,0.521,0.997
288,4,0,40.286,341.381,0.774,364,3.654,103.239,0.519,0.996
289,6,0,39.857,342.381,0.79,362,3.74,101.017,0.518,0.996
290,8,0,40.238,343.286,0.788,363,3.702,102.688,0.521,0.996
291,3,0,40.143,343.286,0.783,360,3.729,103.202,0.52,0.996
292,6,0,39.714,343.429,0.781,361,3.789,102.572,0.518,0.996
293,3,0,39.81,343.429,0.781,361,3.779,101.853,0.518,0.996
294,0,0,39.905,343.429,0.783,356,3.842,100.748,0.513,0.996
295,5,0,40.19,342.333,0.784,356,3.86,101.718,0.51,0.996
296,4,0,40.19,342.619,0.787,359,3.799,102.174,0.516,0.996
297,8,0,40.19,342.905,0.778,361,3.725,104.04,0.517,0.996
298,4,0,40.095,342.905,0.781,360,3.806,102.496,0.508,0.995
299,4,0,39.619,345.0,0.778,356,3.814,102.032,0.512,0.995
300,8,0,39.619,345.0,0.775,359,3.729,103.821,0.514,0.995
301,5,0,31.381,345.238,0.743,356,4.889,82.366,0.509,0.939
302,6,0,31.524,345.238,0.738,360,4.754,83.951,0.517,0.947
303,3,0,31.667,345.762,0.738,360,4.802,84.354,0.515,0.948
304,4,0,31.381,345.762,0.739,361,4.876,82.088,0.512,0.941
305,6,0,31.095,345.762,0.734,365,4.816,81.79,0.518,0.941
306,3,0,31.0,345.762,0.732,368,4.789,81.567,0.522,0.942
307,4,0,31.667,345.762,0.745,369,4.699,84.004,0.524,0.954
308,2,0,31.905,345.476,0.751,362,4.966,80.71,0.51,0.948
309,5,0,31.905,345.476,0.753,365,4.917,80.898,0.512,0.949
310,2,0,31.619,345.476,0.748,363,5.284,78.177,0.502,0.938
311,6,0,31.81,345.857,0.745,368,5.053,79.191,0.509,0.946
312,3,0,32.095,345.857,0.744,369,4.808,81.626,0.516,0.954
313,7,0,31.905,345.857,0.745,371,4.663,82.828,0.523,0.956
314,6,0,31.81,345.857,0.745,375,4.646,83.991,0.521,0.954
315,7,1,32.286,345.476,0.749,375,4.46,86.151,0.524,0.961
316,6,0,32.333,345.762,0.747,378,4.365,87.069,0.528,0.964
317,4,0,32.714,345.762,0.746,378,4.349,87.84,0.526,0.967
318,6,0,32.714,345.762,0.753,379,4.297,87.875,0.525,0.966
319,3,0,32.619,345.762,0.745,379,4.494,87.794,0.519,0.962
320,2,0,32.619,346.095,0.746,377,4.622,86.199,0.515,0.96
321,2,0,32.667,346.095,0.743,373,4.713,86.304,0.509,0.958
322,8,0,32.81,346.095,0.74,377,4.682,86.106,0.512,0.961
323,6,0,33.0,346.095,0.744,379,4.49,88.242,0.518,0.966
324,3,0,32.905,346.095,0.738,376,4.62,87.398,0.514,0.963
325,4,0,33.238,346.095,0.74,375,4.572,88.265,0.512,0.966
326,9,0,32.857,346.095,0.737,384,4.314,91.246,0.526,0.968
327,5,0,33.048,346.095,0.735,387,4.273,91.764,0.528,0.971
328,4,0,33.143,346.095,0.742,387,4.161,92.202,0.53,0.972
329,5,0,33.429,346.095,0.739,388,4.024,95.056,0.534,0.976
330,6,0,33.524,346.238,0.743,390,3.953,95.865,0.539,0.978
331,4,0,33.238,346.238,0.741,392,3.965,94.974,0.542,0.977
332,4,0,33.667,346.238,0.749,389,4.024,95.008,0.535,0.978
333,3,0,33.095,346.238,0.749,387,4.143,93.153,0.536,0.974
334,6,0,33.0,346.238,0.745,391,3.994,94.136,0.543,0.976
335,12,0,32.952,346.238,0.75,396,3.908,94.441,0.548,0.977
336,5,0,32.476,346.238,0.751,398,4.041,92.807,0.547,0.973
337,6,0,32.571,346.238,0.749,402,3.95,94.127,0.553,0.976
338,11,0,33.381,345.286,0.754,402,4.057,92.398,0.541,0.978
339,4,0,34.333,345.286,0.755,399,4.048,94.344,0.536,0.982
340,4,0,34.619,344.952,0.757,396,3.976,95.689,0.533,0.983
341,6,0,34.333,344.667,0.755,395,4.09,97.5,0.532,0.981
342,7,0,34.714,344.667,0.754,396,4.052,97.369,0.531,0.983
343,2,0,34.429,344.667,0.751,393,4.033,96.04,0.53,0.981
344,6,0,34.429,344.667,0.75,394,3.967,96.343,0.531,0.981
345,7,0,34.905,344.667,0.742,399,3.763,99.817,0.539,0.986
346,6,0,34.952,343.286,0.747,402,3.728,98.697,0.542,0.986
347,5,0,35.238,343.286,0.747,404,3.654,100.177,0.542,0.988
348,7,0,34.476,343.667,0.741,403,3.851,98.494,0.537,0.983
349,7,0,35.238,343.667,0.755,404,3.759,99.442,0.541,0.987
350,5,0,34.81,343.667,0.753,404,3.819,98.14,0.54,0.986
351,3,0,34.857,343.667,0.752,403,3.795,97.765,0.542,0.986
352,4,0,35.238,343.333,0.762,402,3.779,97.501,0.538,0.987
353,2,0,35.81,343.333,0.764,399,3.839,97.708,0.534,0.988
354,3,0,35.429,343.333,0.766,395,3.914,95.373,0.53,0.986
355,6,0,35.143,343.333,0.763,398,3.968,94.83,0.53,0.985
356,6,0,35.143,343.333,0.767,396,4.135,93.061,0.524,0.984
357,7,0,35.667,344.095,0.764,397,4.032,93.679,0.531,0.987
358,6,0,35.286,344.095,0.752,393,4.276,92.941,0.52,0.983
359,10,0,35.19,344.095,0.754,395,4.128,95.463,0.527,0.985
360,4,0,36.048,344.476,0.76,391,4.118,96.327,0.524,0.988
361,2,0,35.762,344.476,0.757,389,4.178,95.623,0.519,0.985
362,9,0,36.0,344.476,0.755,396,4.043,96.751,0.525,0.988
363,5,0,36.333,344.476,0.754,397,3.923,97.264,0.527,0.989
364,2,0,36.429,344.476,0.764,396,3.863,98.897,0.529,0.99
365,6,0,36.238,344.476,0.764,401,3.767,98.401,0.54,0.991
366,6,0,36.19,344.476,0.772,401,3.792,98.958,0.54,0.99
367,9,0,36.286,344.476,0.772,403,3.708,99.289,0.543,0.991
368,11,0,36.333,344.476,0.771,408,3.576,99.758,0.55,0.992
369,5,0,36.238,344.095,0.778,411,3.46,102.104,0.559,0.993
370,4,0,36.0,344.095,0.779,410,3.525,100.99,0.555,0.992
371,4,0,35.667,344.095,0.779,412,3.574,100.442,0.558,0.991
372,4,0,36.524,344.095,0.783,412,3.417,103.919,0.563,0.994
373,8,0,36.286,344.095,0.777,418,3.331,104.317,0.572,0.994
374,8,0,36.286,344.381,0.78,424,3.182,104.869,0.58,0.995
375,4,0,36.762,345.333,0.79,419,3.153,104.718,0.577,0.995
376,6,0,36.857,345.333,0.796,421,3.139,104.213,0.578,0.995
377,6,0,36.571,345.333,0.796,424,3.21,103.043,0.578,0.995
378,6,0,36.762,345.429,0.795,428,3.14,104.196,0.583,0.996
379,3,0,36.619,344.81,0.794,428,3.181,103.683,0.583,0.995
380,5,0,36.619,344.81,0.795,428,3.193,104.309,0.582,0.995
381,6,0,36.048,344.81,0.797,430,3.234,101.906,0.586,0.995
382,9,0,37.0,344.81,0.798,430,3.163,103.053,0.584,0.996
383,5,0,37.381,344.81,0.797,430,3.141,103.889,0.584,0.996
384,7,0,37.762,344.81,0.798,431,3.126,105.187,0.583,0.997
385,5,1,38.429,344.524,0.798,428,3.038,108.875,0.583,0.997
386,3,0,38.619,344.524,0.804,427,2.997,110.163,0.584,0.998
387,3,0,38.524,344.524,0.803,426,3.02,109.629,0.581,0.997
388,3,0,38.714,345.286,0.801,425,3.032,109.593,0.577,0.997
389,8,0,39.095,345.286,0.797,432,2.822,113.522,0.591,0.998
390,6,0,38.905,345.286,0.785,430,3.026,111.413,0.585,0.998
391,8,1,38.619,345.286,0.78,432,2.992,111.734,0.589,0.998
392,3,0,39.19,345.286,0.786,429,2.859,112.563,0.586,0.998
393,6,0,39.714,349.571,0.789,432,2.819,114.914,0.587,0.998
394,2,1,40.0,349.571,0.788,425,2.851,114.154,0.581,0.998
395,3,0,40.667,349.286,0.795,420,2.954,114.007,0.569,0.998
396,3,0,40.952,349.286,0.796,419,2.936,113.83,0.568,0.999
397,11,0,40.19,349.524,0.793,425,2.877,115.262,0.577,0.998
398,2,0,39.667,349.524,0.795,419,2.964,112.63,0.575,0.998
399,5,0,40.143,349.524,0.796,416,2.888,115.642,0.574,0.998
400,5,0,40.048,349.524,0.798,415,2.963,114.347,0.571,0.998
401,4,0,31.714,349.667,0.745,416,3.621,91.704,0.576,0.977
402,9,0,32.0,349.667,0.735,420,3.528,91.981,0.583,0.981
403,3,0,32.286,349.667,0.737,417,3.545,92.871,0.58,0.982
404,3,0,33.143,349.667,0.735,413,3.403,95.503,0.577,0.986
405,2,0,33.333,349.667,0.737,412,3.454,95.797,0.574,0.986
406,6,0,33.476,349.667,0.741,411,3.369,97.121,0.575,0.987
407,2,0,33.667,349.667,0.746,411,3.308,99.754,0.578,0.988
408,9,0,34.0,348.048,0.756,416,3.275,100.74,0.577,0.989
409,5,0,35.048,348.048,0.758,415,3.227,102.894,0.573,0.991
410,6,0,35.238,348.048,0.759,414,3.204,104.195,0.572,0.992
411,5,0,35.524,347.667,0.767,412,3.207,103.604,0.568,0.992
412,6,0,35.619,347.667,0.771,411,3.265,102.65,0.568,0.992
413,6,0,35.714,347.667,0.771,414,3.247,101.469,0.566,0.992
414,4,0,35.429,347.667,0.767,413,3.292,100.134,0.565,0.991
415,3,0,35.524,347.667,0.769,412,3.336,99.982,0.56,0.991
416,7,0,35.619,347.667,0.77,416,3.22,103.073,0.57,0.993
417,3,0,35.81,347.619,0.766,414,3.179,103.675,0.57,0.993
418,4,0,34.952,347.619,0.763,411,3.2,101.436,0.572,0.991
419,0,0,35.048,347.619,0.763,406,3.24,101.526,0.57,0.991
420,6,0,35.143,347.619,0.767,411,3.101,102.517,0.578,0.992
421,5,0,35.905,347.619,0.775,412,2.996,105.742,0.581,0.994
422,6,0,36.19,347.619,0.779,416,2.884,107.177,0.588,0.995
423,5,1,36.333,347.619,0.785,414,2.898,106.097,0.586,0.995
424,2,0,37.0,347.619,0.795,411,2.925,107.178,0.583,0.996
425,4,0,36.476,347.619,0.794,410,2.951,105.822,0.583,0.995
426,7,0,36.381,347.619,0.809,415,2.844,106.282,0.59,0.996
427,8,0,37.333,346.0,0.82,415,2.764,107.971,0.591,0.997
428,3,0,37.81,346.0,0.823,410,2.81,109.089,0.582,0.997
429,3,0,38.0,345.333,0.825,408,2.882,109.667,0.58,0.997
430,3,0,38.857,346.857,0.825,410,2.706,114.287,0.589,0.998
431,3,1,38.81,346.857,0.815,407,2.786,112.277,0.583,0.998
432,3,0,38.333,346.857,0.813,406,2.798,112.347,0.582,0.997
433,0,0,38.238,346.857,0.815,402,2.947,108.907,0.574,0.997
434,9,0,37.762,347.952,0.808,408,2.874,108.921,0.583,0.997
435,6,0,37.714,347.667,0.803,409,2.896,109.815,0.581,0.997
436,5,0,37.619,347.667,0.798,408,2.944,107.922,0.577,0.996
437,7,1,38.476,347.905,0.804,407,2.9,110.908,0.577,0.997
438,10,0,38.762,348.381,0.807,415,2.623,112.721,0.595,0.998
439,3,0,37.81,348.381,0.813,412,2.781,108.699,0.588,0.997
440,3,0,38.667,348.286,0.814,407,2.729,111.037,0.583,0.998
441,6,0,38.476,348.286,0.809,409,2.729,111.287,0.586,0.998
442,2,0,38.762,348.286,0.813,405,2.729,112.461,0.582,0.998
443,4,0,38.857,348.286,0.809,404,2.752,112.576,0.582,0.998
444,5,0,38.905,348.286,0.81,403,2.812,112.442,0.575,0.997
445,2,0,38.714,348.286,0.809,397,2.89,110.88,0.567,0.997
446,2,0,38.333,348.286,0.808,395,2.896,110.385,0.568,0.997
447,5,0,38.238,348.286,0.811,392,3.027,108.59,0.561,0.996
448,4,0,38.429,348.286,0.812,395,2.979,109.338,0.564,0.997
449,6,0,38.619,348.286,0.808,398,2.763,113.462,0.575,0.997
450,6,0,39.048,348.286,0.808,401,2.658,115.942,0.583,0.998
451,7,3,39.524,348.286,0.818,403,2.507,120.599,0.593,0.998
452,4,1,39.524,348.286,0.822,403,2.456,121.235,0.594,0.998
453,7,1,39.714,348.286,0.826,403,2.486,121.856,0.59,0.998
454,4,1,39.905,348.286,0.825,404,2.421,122.91,0.592,0.999
455,13,2,39.81,347.095,0.827,410,2.379,122.291,0.596,0.999
456,3,0,40.048,347.095,0.829,411,2.399,123.306,0.595,0.999
457,2,0,40.143,347.095,0.83,410,2.478,122.258,0.592,0.999
458,4,0,39.905,347.762,0.83,411,2.505,121.846,0.595,0.999
459,4,1,40.095,347.762,0.835,409,2.483,121.364,0.598,0.999
460,6,0,39.714,347.762,0.828,409,2.495,119.873,0.594,0.998
461,5,0,39.905,347.762,0.82,406,2.551,120.646,0.587,0.998
462,8,0,39.619,347.762,0.817,409,2.56,121.146,0.588,0.998
463,8,1,40.095,349.476,0.819,411,2.436,123.822,0.598,0.999
464,3,0,39.857,349.476,0.819,408,2.499,121.32,0.594,0.999
465,7,0,40.238,349.476,0.821,412,2.244,125.54,0.605,0.999
466,7,3,41.0,349.476,0.825,411,2.175,127.535,0.606,0.999
467,5,0,41.095,349.476,0.825,412,2.182,126.786,0.606,0.999
468,6,1,41.381,349.476,0.832,411,2.168,127.612,0.608,0.999
469,3,0,41.571,349.857,0.835,411,2.199,126.635,0.604,0.999
470,0,0,41.571,349.857,0.833,409,2.255,126.305,0.601,0.999
471,7,2,41.571,349.857,0.833,405,2.24,129.551,0.603,0.999
472,7,0,41.286,349.857,0.831,410,2.167,130.206,0.61,0.999
473,8,0,41.0,349.857,0.834,416,2.112,131.316,0.619,0.999
474,4,0,40.905,349.857,0.836,418,2.115,130.975,0.621,0.999
475,1,0,40.952,349.857,0.839,415,2.1,131.776,0.621,0.999
476,4,1,41.714,349.857,0.835,411,2.112,132.392,0.617,0.999
477,4,0,41.81,349.857,0.839,410,2.172,132.326,0.612,0.999
478,5,2,41.905,349.857,0.844,407,2.188,132.039,0.611,0.999
479,2,0,41.571,349.857,0.84,406,2.221,131.174,0.609,0.999
480,5,1,41.571,349.857,0.839,409,2.175,131.697,0.614,0.999
481,3,0,41.19,348.81,0.838,407,2.253,130.07,0.61,0.999
482,6,2,40.952,347.524,0.84,410,2.226,130.362,0.613,0.999
483,4,2,40.762,347.524,0.839,403,2.404,127.915,0.603,0.999
484,6,0,40.095,346.286,0.833,402,2.414,125.924,0.603,0.999
485,8,2,40.429,345.429,0.83,399,2.475,124.253,0.597,0.999
486,7,1,40.619,346.952,0.828,404,2.445,125.908,0.6,0.999
487,4,1,40.619,346.952,0.828,406,2.427,125.068,0.604,0.999
488,9,1,40.143,347.19,0.822,412,2.354,125.321,0.61,0.999
489,5,0,40.095,347.19,0.812,412,2.303,126.49,0.614,0.999
490,4,0,40.095,347.19,0.815,412,2.369,126.196,0.606,0.999
491,4,2,40.19,347.19,0.819,408,2.41,125.066,0.601,0.999
492,3,0,40.143,347.81,0.816,409,2.469,124.639,0.599,0.999
493,2,0,40.429,347.81,0.819,405,2.543,123.073,0.593,0.999
494,8,1,40.524,347.81,0.817,408,2.45,125.783,0.603,0.999
495,3,0,40.238,347.81,0.815,409,2.448,124.375,0.606,0.999
496,1,0,40.524,347.81,0.815,404,2.578,122.937,0.595,0.999
497,6,0,40.429,347.81,0.815,405,2.592,123.019,0.594,0.999
498,3,0,40.619,347.81,0.813,402,2.594,122.398,0.59,0.999
499,4,0,40.524,347.81,0.816,396,2.687,120.898,0.583,0.999
500,6,1,40.524,347.81,0.815,397,2.711,119.348,0.585,0.999
501,4,0,32.476,347.571,0.776,396,3.559,94.438,0.582,0.984
502,4,0,33.476,349.571,0.775,397,3.455,96.727,0.587,0.989
503,3,0,33.762,349.571,0.775,393,3.469,96.09,0.582,0.989
504,1,0,34.238,349.571,0.778,390,3.475,97.044,0.58,0.99
505,4,0,34.429,349.571,0.777,389,3.45,98.155,0.583,0.991
506,2,0,34.905,349.571,0.784,387,3.5,97.937,0.577,0.992
507,4,0,35.762,349.571,0.788,380,3.561,98.621,0.567,0.993
508,5,0,35.667,349.571,0.788,382,3.606,96.759,0.566,0.992
509,7,0,35.857,349.571,0.79,385,3.565,97.198,0.566,0.993
510,7,0,36.19,349.571,0.79,387,3.514,98.994,0.568,0.994
511,4,0,36.476,349.571,0.789,388,3.491,100.173,0.57,0.994
512,5,0,36.286,349.571,0.79,388,3.668,98.079,0.566,0.994
513,7,0,35.81,349.571,0.783,390,3.667,96.081,0.569,0.993
514,8,0,36.381,349.571,0.793,390,3.67,98.439,0.567,0.994
515,4,0,36.381,349.571,0.789,387,3.775,95.429,0.562,0.993
516,4,0,36.762,348.524,0.786,388,3.662,97.732,0.565,0.994
517,3,0,36.762,347.238,0.788,387,3.597,97.828,0.566,0.994
518,6,0,36.667,347.238,0.79,388,3.669,97.66,0.565,0.994
519,5,0,36.762,348.381,0.792,385,3.768,96.791,0.558,0.994
520,4,0,36.524,348.381,0.794,385,3.772,96.34,0.558,0.993
521,5,0,36.952,346.81,0.784,382,3.745,97.653,0.555,0.994
522,6,2,37.238,346.81,0.787,380,3.85,95.047,0.545,0.994
523,3,0,37.524,346.81,0.786,378,3.894,94.111,0.544,0.994
524,9,0,37.81,346.81,0.781,383,3.812,95.149,0.547,0.995
525,5,0,37.714,346.81,0.786,386,3.717,96.728,0.552,0.995
526,4,0,37.619,346.81,0.775,386,3.721,96.818,0.552,0.995
527,4,0,37.333,346.81,0.774,385,3.838,93.872,0.545,0.994
528,5,0,37.714,346.81,0.767,387,3.686,96.34,0.551,0.995
529,9,0,37.524,346.81,0.761,391,3.671,95.725,0.554,0.995
530,6,1,37.667,346.81,0.762,391,3.747,95.784,0.548,0.995
531,5,0,38.238,346.81,0.769,390,3.767,96.28,0.545,0.995
532,4,0,38.143,346.81,0.768,392,3.643,98.171,0.552,0.996
533,6,0,38.429,346.81,0.767,390,3.622,99.178,0.552,0.996
534,5,0,39.19,347.19,0.771,389,3.516,102.2,0.553,0.997
535,3,0,39.286,347.19,0.769,386,3.542,101.979,0.55,0.997
536,7,0,39.429,347.19,0.764,388,3.491,103.043,0.55,0.997
537,5,0,39.714,347.19,0.765,390,3.4,105.051,0.557,0.997
538,3,0,40.19,347.19,0.766,388,3.456,104.214,0.549,0.998
539,6,0,40.0,347.19,0.77,390,3.427,103.966,0.553,0.998
540,2,0,40.476,347.619,0.773,386,3.473,104.798,0.548,0.998
541,7,0,40.667,347.619,0.773,389,3.316,106.73,0.559,0.998
542,5,0,40.952,347.619,0.776,389,3.196,109.937,0.559,0.998
543,5,1,40.857,347.619,0.777,390,3.194,110.015,0.559,0.998
544,13,1,40.19,347.619,0.775,397,3.152,109.006,0.571,0.998
545,12,2,40.476,347.619,0.777,402,3.026,112.321,0.58,0.999
546,7,1,40.286,346.333,0.781,400,3.032,112.733,0.579,0.998
547,6,0,40.095,344.667,0.783,400,3.069,112.439,0.575,0.998
548,5,0,39.571,344.667,0.79,398,3.187,109.497,0.572,0.998
549,3,0,39.667,344.667,0.79,397,3.123,110.739,0.573,0.998
550,3,0,39.762,344.667,0.785,395,3.037,112.185,0.569,0.998
551,1,0,40.286,344.667,0.788,389,3.06,112.801,0.562,0.998
552,2,0,40.19,344.667,0.787,391,3.064,112.427,0.562,0.998
553,3,0,40.476,344.667,0.793,387,3.082,112.599,0.56,0.998
554,6,0,40.429,344.857,0.794,388,3.049,113.545,0.564,0.998
555,5,0,40.619,344.857,0.791,385,2.946,116.958,0.566,0.998
556,13,0,40.81,344.857,0.794,392,2.872,120.473,0.57,0.998
557,7,0,40.619,344.857,0.794,397,2.76,121.88,0.576,0.999
558,3,0,41.476,344.857,0.794,395,2.774,123.595,0.57,0.999
559,2,0,41.667,344.429,0.792,391,2.862,121.1,0.56,0.999
560,6,0,41.714,345.667,0.794,393,2.807,120.939,0.563,0.999
561,7,1,41.857,343.952,0.795,394,2.817,121.273,0.563,0.999
562,4,0,41.667,343.952,0.8,391,2.888,120.134,0.559,0.999
563,3,0,41.667,343.952,0.803,391,2.849,121.653,0.559,0.999
564,6,0,41.857,343.952,0.807,389,2.934,121.51,0.554,0.999
565,3,0,41.476,343.952,0.806,387,2.989,120.52,0.55,0.998
566,4,0,41.762,343.952,0.819,384,2.956,120.744,0.546,0.998
567,2,0,42.333,342.81,0.822,380,3.054,120.565,0.54,0.999
568,4,0,42.333,342.81,0.822,384,2.991,122.119,0.547,0.999
569,4,1,42.571,342.81,0.823,382,3.036,121.815,0.543,0.999
570,3,0,42.571,342.048,0.82,383,3.047,121.524,0.542,0.999
571,4,0,42.476,342.048,0.822,383,3.065,121.864,0.54,0.999
572,8,0,42.571,342.048,0.825,388,2.877,124.952,0.552,0.999
573,8,0,42.286,342.048,0.827,392,2.84,123.778,0.557,0.999
574,2,0,42.238,342.857,0.827,389,2.862,123.321,0.555,0.999
575,11,0,42.333,344.381,0.82,397,2.785,123.734,0.561,0.999
576,3,0,42.238,344.381,0.82,398,2.733,124.224,0.565,0.999
577,7,0,42.571,344.381,0.82,397,2.696,125.593,0.567,0.999
578,4,1,42.476,344.381,0.822,396,2.798,122.482,0.564,0.999
579,6,1,42.476,344.381,0.825,398,2.697,124.607,0.57,0.999
580,10,0,42.333,344.952,0.823,403,2.655,124.766,0.574,0.999
581,5,1,41.857,344.952,0.822,402,2.681,124.483,0.573,0.999
582,4,0,41.762,344.524,0.821,397,2.8,122.158,0.566,0.999
583,5,0,42.286,346.095,0.821,392,2.916,121.836,0.558,0.999
584,4,0,42.667,346.095,0.821,392,2.895,122.789,0.558,0.999
585,13,0,43.619,346.81,0.823,404,2.494,131.275,0.577,0.999
586,1,0,42.762,346.81,0.818,397,2.731,124.62,0.561,0.999
587,7,0,43.429,346.81,0.815,398,2.585,126.818,0.567,0.999
588,5,1,43.952,346.81,0.818,399,2.558,128.564,0.569,0.999
589,6,0,43.762,346.81,0.818,400,2.546,127.471,0.571,0.999
590,1,0,44.238,346.81,0.816,397,2.615,127.832,0.565,0.999
591,5,1,44.048,346.81,0.818,396,2.692,126.767,0.56,0.999
592,3,0,44.429,346.81,0.815,395,2.671,126.759,0.559,0.999
593,2,0,44.905,346.81,0.82,393,2.628,127.606,0.56,1.0
594,4,0,45.238,346.81,0.82,391,2.689,127.65,0.554,1.0
595,8,0,45.619,346.81,0.822,394,2.619,127.822,0.559,1.0
596,6,0,45.81,346.81,0.821,397,2.449,132.083,0.568,1.0
597,7,0,46.238,346.81,0.822,400,2.368,132.599,0.571,1.0
598,5,0,45.857,346.095,0.826,398,2.428,128.449,0.568,1.0
599,5,0,46.143,347.667,0.838,400,2.377,131.302,0.572,1.0
600,3,0,47.095,347.667,0.843,397,2.33,131.995,0.571,1.0
601,4,0,37.524,348.381,0.789,399,3.154,100.373,0.568,0.996
602,7,0,37.143,348.19,0.789,400,3.187,98.585,0.568,0.995
603,1,0,37.0,348.19,0.787,399,3.161,99.315,0.57,0.995
604,5,0,37.19,348.19,0.783,400,3.114,98.861,0.572,0.996
605,5,0,38.476,348.19,0.786,396,3.036,101.479,0.565,0.997
606,0,0,38.667,348.19,0.791,390,3.152,101.14,0.556,0.996
607,4,0,39.333,348.19,0.792,388,3.186,102.424,0.551,0.997
608,7,0,39.81,348.19,0.779,388,3.217,103.243,0.55,0.997
609,3,0,40.0,348.19,0.781,384,3.267,102.09,0.543,0.997
610,4,0,40.0,348.19,0.786,381,3.31,101.216,0.539,0.997
611,6,0,39.81,348.19,0.783,385,3.263,101.508,0.543,0.997
612,3,0,40.048,348.19,0.788,379,3.433,101.609,0.532,0.997
613,6,0,40.333,348.19,0.785,382,3.295,103.571,0.538,0.997
614,2,0,40.048,348.19,0.786,382,3.306,103.008,0.537,0.997
615,9,0,39.571,348.19,0.79,383,3.448,102.091,0.536,0.996
616,5,0,40.143,348.19,0.793,382,3.43,103.596,0.534,0.997
617,2,0,40.143,348.19,0.794,380,3.466,103.321,0.53,0.997
618,5,0,40.429,348.476,0.792,381,3.402,106.057,0.535,0.997
619,8,0,40.81,348.476,0.789,383,3.376,106.066,0.537,0.998
620,8,0,40.571,348.476,0.789,383,3.283,107.349,0.542,0.998
621,5,0,40.381,348.476,0.791,381,3.434,106.038,0.535,0.997
622,10,0,40.0,348.476,0.795,387,3.313,106.364,0.543,0.997
623,8,0,40.0,348.476,0.793,393,3.206,108.988,0.551,0.997
624,3,0,40.0,347.619,0.789,393,3.248,108.309,0.548,0.997
625,6,0,40.0,347.619,0.786,396,3.19,109.438,0.552,0.997
626,0,0,39.857,347.619,0.789,390,3.34,107.672,0.546,0.997
627,2,0,40.238,347.905,0.787,383,3.459,106.423,0.535,0.997
628,4,0,40.286,348.143,0.78,384,3.488,106.013,0.534,0.997
629,3,0,40.095,348.143,0.778,387,3.439,106.399,0.538,0.997
630,4,0,40.19,348.0,0.779,387,3.481,105.982,0.536,0.997
631,8,0,40.381,348.0,0.777,389,3.417,107.411,0.538,0.997
632,2,0,40.667,348.0,0.779,387,3.447,106.56,0.535,0.997
633,8,0,40.524,348.0,0.784,385,3.528,104.829,0.53,0.997
634,5,0,40.714,348.0,0.784,387,3.504,105.961,0.532,0.997
635,5,0,40.429,348.0,0.789,389,3.509,105.368,0.532,0.997
636,5,0,40.333,348.0,0.786,393,3.451,105.895,0.538,0.997
637,6,0,40.81,345.81,0.783,394,3.341,107.795,0.541,0.998
638,7,1,40.619,345.81,0.787,396,3.475,104.801,0.544,0.998
639,3,0,40.619,345.952,0.792,394,3.564,102.504,0.538,0.998
640,8,0,40.429,344.524,0.791,397,3.437,104.665,0.547,0.998
641,3,0,40.524,344.524,0.792,397,3.468,103.803,0.545,0.998
642,3,1,40.714,344.524,0.793,398,3.435,103.887,0.547,0.998
643,5,0,40.714,345.571,0.794,400,3.418,103.706,0.548,0.998
644,8,0,41.0,345.952,0.794,403,3.341,104.606,0.548,0.998
645,6,0,40.762,345.952,0.789,405,3.434,102.832,0.55,0.998
646,5,0,40.857,348.143,0.787,405,3.469,101.925,0.548,0.998
647,4,1,40.667,348.143,0.782,404,3.541,100.396,0.542,0.998
648,5,1,40.524,348.143,0.779,403,3.578,99.975,0.539,0.997
649,4,0,40.714,348.143,0.775,405,3.562,99.637,0.541,0.998
650,3,0,40.143,348.143,0.776,403,3.649,97.586,0.54,0.997
651,0,0,40.143,348.143,0.781,397,3.763,96.249,0.531,0.997
652,4,0,40.048,348.143,0.782,397,3.794,95.969,0.527,0.997
653,2,0,39.857,348.143,0.783,396,3.831,95.309,0.525,0.996
654,8,0,40.524,348.19,0.789,400,3.662,97.337,0.529,0.997
655,4,0,40.81,348.19,0.789,401,3.623,98.169,0.531,0.997
656,5,0,41.095,348.19,0.788,398,3.867,94.757,0.521,0.997
657,7,0,41.286,348.19,0.784,403,3.787,95.989,0.526,0.998
658,6,0,41.286,348.19,0.785,403,3.757,96.436,0.528,0.998
659,2,0,41.381,348.19,0.785,403,3.747,96.838,0.529,0.998
660,4,0,41.714,348.571,0.786,401,3.748,97.426,0.527,0.998
661,3,0,41.619,348.571,0.787,402,3.833,96.488,0.525,0.998
662,5,0,41.048,348.571,0.785,397,4.198,91.538,0.521,0.997
663,6,0,41.476,348.571,0.786,398,4.192,92.615,0.519,0.998
664,5,0,41.571,348.571,0.794,398,4.142,93.429,0.52,0.998
665,3,0,41.238,348.571,0.796,395,4.231,92.126,0.515,0.997
666,4,0,40.762,348.714,0.796,395,4.24,91.7,0.516,0.997
667,9,0,40.81,348.714,0.796,401,3.956,94.581,0.526,0.997
668,3,0,40.952,348.714,0.796,401,3.947,95.478,0.527,0.997
669,5,0,40.0,347.286,0.793,399,4.086,92.324,0.521,0.996
670,3,0,39.571,349.048,0.796,396,4.318,88.628,0.513,0.995
671,7,0,39.048,349.048,0.793,398,4.413,87.848,0.51,0.994
672,5,0,39.286,349.048,0.782,399,4.261,89.762,0.516,0.995
673,1,0,39.571,348.762,0.781,397,4.282,89.679,0.512,0.995
674,5,0,40.429,348.762,0.785,395,4.161,91.244,0.518,0.996
675,6,0,41.19,348.762,0.784,390,4.11,93.077,0.512,0.997
676,7,0,41.429,348.762,0.786,393,4.086,94.667,0.518,0.997
677,4,0,41.333,348.762,0.785,393,4.104,94.692,0.519,0.997
678,2,0,40.762,348.762,0.786,389,4.202,92.365,0.516,0.997
679,7,0,40.952,348.762,0.785,391,4.077,93.97,0.521,0.997
680,2,0,40.762,348.762,0.778,390,4.09,94.954,0.52,0.997
681,4,0,40.714,348.762,0.774,388,4.191,92.81,0.511,0.996
682,5,0,40.905,349.143,0.774,386,4.287,92.53,0.507,0.996
683,4,0,40.714,349.143,0.77,388,4.235,92.277,0.512,0.996
684,7,0,41.048,349.143,0.771,388,4.209,92.569,0.511,0.997
685,4,0,40.667,349.143,0.772,388,4.22,91.734,0.511,0.996
686,6,0,40.19,349.143,0.77,389,4.275,89.604,0.512,0.996
687,2,0,40.381,349.143,0.772,387,4.329,89.007,0.508,0.996
688,4,0,40.476,347.667,0.767,385,4.28,90.628,0.506,0.996
689,0,0,40.0,347.667,0.764,381,4.378,88.266,0.502,0.995
690,7,0,39.905,347.857,0.761,385,4.394,87.451,0.5,0.995
691,4,0,39.81,347.857,0.76,383,4.453,86.647,0.495,0.994
692,1,0,39.81,348.667,0.761,379,4.556,85.798,0.487,0.993
693,4,0,39.571,348.286,0.765,375,4.486,86.382,0.487,0.993
694,5,0,39.857,347.857,0.761,375,4.521,86.119,0.486,0.993
695,8,0,40.381,347.857,0.76,377,4.483,88.4,0.496,0.995
696,5,0,40.381,347.857,0.756,378,4.494,87.985,0.495,0.995
697,4,0,40.571,347.857,0.756,376,4.548,87.04,0.489,0.995
698,3,0,40.381,348.143,0.759,372,4.663,86.015,0.484,0.994
699,7,0,40.381,348.143,0.752,372,4.698,85.921,0.484,0.994
700,4,0,41.048,348.143,0.753,371,4.713,87.073,0.479,0.995
701,3,0,32.619,347.286,0.711,371,5.831,73.669,0.473,0.931
702,1,0,32.714,347.286,0.711,370,5.821,73.543,0.472,0.932
703,3,0,32.952,347.286,0.708,367,5.746,74.082,0.474,0.938
704,5,0,33.238,346.667,0.707,368,5.625,74.965,0.478,0.946
705,4,0,33.619,346.667,0.71,369,5.427,76.928,0.482,0.955
706,3,0,33.714,346.667,0.722,364,5.585,76.318,0.475,0.951
707,3,0,34.048,346.667,0.728,361,5.711,76.002,0.468,0.952
708,6,0,33.81,346.667,0.729,360,5.771,74.167,0.463,0.944
709,4,0,33.905,347.524,0.73,358,5.844,73.146,0.459,0.943
710,7,0,33.905,347.524,0.729,360,5.834,73.12,0.464,0.946
711,10,0,34.81,347.524,0.731,367,5.572,76.167,0.472,0.963
712,8,0,34.905,347.524,0.725,371,5.373,78.576,0.482,0.969
713,4,0,35.429,347.524,0.735,370,5.282,80.073,0.478,0.972
714,4,0,35.429,347.524,0.733,372,5.193,80.602,0.483,0.974
715,4,0,35.81,346.0,0.732,373,5.159,81.826,0.486,0.978
716,7,0,36.429,347.095,0.732,371,4.942,84.169,0.49,0.982
717,4,0,36.714,347.095,0.73,372,4.765,86.288,0.496,0.985
718,8,0,36.524,347.095,0.73,375,4.685,87.406,0.508,0.987
719,2,0,36.905,347.095,0.733,373,4.704,87.769,0.504,0.988
720,7,0,36.333,347.095,0.734,375,4.795,87.0,0.504,0.985
721,3,0,36.238,347.333,0.727,372,4.906,87.076,0.5,0.984
722,6,0,36.19,347.333,0.732,374,4.874,88.198,0.502,0.984
723,6,0,36.19,347.333,0.735,375,4.932,87.461,0.499,0.983
724,4,0,36.571,347.333,0.744,375,4.749,89.611,0.507,0.987
725,4,0,36.952,347.714,0.752,376,4.62,91.186,0.514,0.989
726,5,0,37.143,347.714,0.754,377,4.726,91.826,0.511,0.99
727,8,0,37.714,347.714,0.753,378,4.572,95.025,0.52,0.992
728,7,0,38.095,347.714,0.758,380,4.477,95.694,0.524,0.993
729,6,0,38.286,347.714,0.763,375,4.413,97.256,0.522,0.994
730,8,0,37.619,347.714,0.759,377,4.46,95.195,0.527,0.993
731,5,0,36.571,347.714,0.749,372,4.712,91.443,0.518,0.989
732,8,0,36.476,347.714,0.756,380,4.527,92.345,0.532,0.99
733,7,0,36.667,347.714,0.761,382,4.501,91.985,0.535,0.991
734,10,0,37.048,347.714,0.767,387,4.378,94.311,0.538,0.993
735,9,0,36.667,347.333,0.757,390,4.294,93.83,0.54,0.992
736,5,0,36.381,347.333,0.758,390,4.319,92.99,0.537,0.991
737,5,0,37.286,347.095,0.757,391,4.012,96.771,0.543,0.994
738,5,0,37.19,347.095,0.753,395,3.944,97.698,0.55,0.994
739,6,0,37.0,347.095,0.761,393,3.98,95.923,0.546,0.993
740,7,0,36.81,347.095,0.759,394,3.893,96.423,0.553,0.994
741,6,0,36.905,347.095,0.756,397,3.893,96.48,0.559,0.994
742,8,0,37.381,347.095,0.764,401,3.927,98.308,0.565,0.995
743,11,0,36.905,347.095,0.754,406,3.742,98.021,0.568,0.995
744,1,0,37.095,347.095,0.755,403,3.8,97.633,0.566,0.995
745,6,0,37.286,347.095,0.75,405,3.768,98.175,0.569,0.996
746,8,0,38.429,346.333,0.75,405,3.679,100.416,0.572,0.997
747,2,0,38.714,346.333,0.752,399,3.673,101.571,0.568,0.997
748,5,0,38.333,346.762,0.756,399,3.749,100.184,0.564,0.997
749,8,0,38.143,346.476,0.759,400,3.6,101.363,0.565,0.996
750,4,0,38.333,346.476,0.754,398,3.662,101.007,0.56,0.996
751,8,0,38.429,346.476,0.756,403,3.547,103.447,0.567,0.997
752,5,0,38.333,346.476,0.759,406,3.483,103.091,0.572,0.997
753,2,0,38.714,346.476,0.755,401,3.597,102.393,0.561,0.997
754,7,0,38.81,346.476,0.752,405,3.5,103.602,0.568,0.997
755,7,0,39.19,346.476,0.751,402,3.483,101.997,0.567,0.997
756,6,0,39.238,346.524,0.759,402,3.541,102.019,0.561,0.997
757,8,0,38.857,346.524,0.758,404,3.468,102.698,0.566,0.997
758,4,0,38.762,346.476,0.761,403,3.488,101.018,0.566,0.997
759,3,0,39.238,346.476,0.77,403,3.49,101.364,0.562,0.997
760,5,0,38.857,346.476,0.771,407,3.354,102.735,0.568,0.997
761,6,0,38.857,346.476,0.776,407,3.315,102.043,0.572,0.997
762,3,0,38.571,346.476,0.775,404,3.394,100.136,0.568,0.997
763,7,0,38.286,346.476,0.775,403,3.418,99.328,0.566,0.997
764,5,0,38.381,346.476,0.779,404,3.408,99.372,0.564,0.997
765,6,0,38.667,346.81,0.783,404,3.333,100.028,0.567,0.997
766,8,0,38.667,346.81,0.785,407,3.218,101.299,0.571,0.997
767,3,0,38.381,346.81,0.786,407,3.202,100.802,0.573,0.997
768,4,0,38.19,346.81,0.783,406,3.218,99.363,0.574,0.997
769,4,0,38.238,346.81,0.773,405,3.114,102.116,0.576,0.997
770,2,0,38.714,346.81,0.779,403,3.112,101.973,0.574,0.997
771,5,0,39.19,346.81,0.779,401,3.104,103.046,0.57,0.998
772,6,0,39.381,346.81,0.784,403,3.049,103.879,0.572,0.998
773,5,0,39.381,346.81,0.788,403,3.01,105.155,0.573,0.998
774,6,0,39.476,346.81,0.79,403,2.962,107.636,0.571,0.998
775,4,0,39.476,346.81,0.792,399,3.1,106.623,0.565,0.998
776,5,0,39.571,347.143,0.793,401,3.061,105.977,0.567,0.998
777,4,0,39.952,347.524,0.792,400,2.967,107.947,0.569,0.998
778,4,0,39.952,348.095,0.792,400,2.906,109.739,0.571,0.998
779,7,0,40.333,348.095,0.792,401,2.9,110.201,0.569,0.998
780,4,0,40.524,348.095,0.8,400,2.891,111.008,0.57,0.998
781,6,0,40.714,349.333,0.8,401,2.893,112.071,0.568,0.998
782,2,0,40.714,349.333,0.799,403,2.858,112.479,0.571,0.998
783,5,0,40.333,349.333,0.796,407,2.821,112.441,0.576,0.998
784,4,0,40.81,349.333,0.797,405,2.899,111.108,0.57,0.999
785,3,0,41.476,349.333,0.799,403,2.854,114.535,0.571,0.999
786,7,0,41.619,349.333,0.81,405,2.806,115.262,0.576,0.999
787,6,1,41.381,349.333,0.816,405,2.86,113.392,0.579,0.999
788,4,0,41.095,349.333,0.814,405,2.863,112.679,0.577,0.999
789,6,0,41.286,349.333,0.81,408,2.793,115.1,0.583,0.999
790,5,0,41.381,349.333,0.809,406,2.792,115.682,0.583,0.999
791,4,0,41.286,349.333,0.809,404,2.873,114.399,0.581,0.999
792,6,1,41.286,349.429,0.808,400,2.985,112.14,0.574,0.999
793,2,0,41.476,349.429,0.803,397,2.992,113.138,0.573,0.999
794,7,0,41.762,347.619,0.802,397,2.858,114.753,0.576,0.999
795,7,1,41.667,347.714,0.802,401,2.803,115.954,0.582,0.999
796,4,0,41.857,347.714,0.799,403,2.655,118.538,0.589,0.999
797,1,0,42.238,347.714,0.8,397,2.853,114.911,0.577,0.999
798,9,1,42.429,346.952,0.809,399,2.753,116.73,0.578,0.999
799,3,0,42.524,346.952,0.814,396,2.793,116.418,0.574,0.999
800,6,0,42.333,347.333,0.811,400,2.747,116.654,0.576,0.999
801,6,0,34.524,347.429,0.782,398,3.594,91.009,0.564,0.989
802,1,0,34.905,347.429,0.781,397,3.583,90.9,0.562,0.99
803,8,0,35.762,347.429,0.78,399,3.424,93.408,0.568,0.993
804,4,0,36.619,347.429,0.79,396,3.363,95.352,0.569,0.994
805,3,0,37.19,347.429,0.79,394,3.298,98.862,0.57,0.995
806,6,0,37.381,347.429,0.789,395,3.268,99.551,0.572,0.996
807,4,0,37.857,347.429,0.794,389,3.272,100.672,0.569,0.996
808,6,0,38.143,347.429,0.795,389,3.272,99.678,0.57,0.997
809,2,0,38.333,347.429,0.796,385,3.384,99.22,0.563,0.996
810,5,0,38.429,347.429,0.801,387,3.336,100.272,0.57,0.997
811,4,0,38.714,347.429,0.803,387,3.318,101.592,0.569,0.997
812,8,0,38.429,347.429,0.795,390,3.369,100.181,0.571,0.997
813,1,0,38.429,347.429,0.797,385,3.51,98.198,0.564,0.997
814,6,0,38.333,347.429,0.794,388,3.424,99.79,0.574,0.997
815,9,0,38.238,347.429,0.8,394,3.266,101.326,0.586,0.997
816,0,0,38.524,347.429,0.805,387,3.434,100.201,0.575,0.997
817,5,0,38.238,347.429,0.801,388,3.446,100.186,0.572,0.997
818,4,0,39.0,347.429,0.808,387,3.53,100.593,0.562,0.997
819,5,0,38.619,347.429,0.805,387,3.593,99.686,0.562,0.997
820,7,0,38.619,347.429,0.804,390,3.577,99.445,0.564,0.997
821,7,0,38.238,347.429,0.801,396,3.536,100.369,0.569,0.997
822,4,0,38.714,346.952,0.807,389,3.71,98.763,0.557,0.997
823,6,0,39.095,345.667,0.803,391,3.546,99.42,0.556,0.997
824,6,0,39.19,345.667,0.805,389,3.569,99.454,0.551,0.997
825,6,0,39.19,345.667,0.804,387,3.577,101.267,0.552,0.997
826,2,0,39.762,346.048,0.806,381,3.626,100.544,0.545,0.997
827,6,1,39.857,346.048,0.8,383,3.59,101.071,0.548,0.997
828,4,0,39.952,342.857,0.803,385,3.51,102.179,0.55,0.997
829,5,0,39.667,342.857,0.804,387,3.492,101.702,0.554,0.997
830,3,0,40.095,345.762,0.805,382,3.459,102.219,0.544,0.997
831,8,0,40.286,345.762,0.823,382,3.466,103.098,0.551,0.998
832,4,0,40.095,345.952,0.822,382,3.49,103.003,0.547,0.997
833,4,0,39.714,346.238,0.823,381,3.631,100.373,0.54,0.997
834,5,0,39.619,346.714,0.823,383,3.589,101.221,0.543,0.997
835,7,0,40.286,347.571,0.821,386,3.412,103.547,0.548,0.998
836,3,1,39.714,347.571,0.82,386,3.453,101.904,0.549,0.997
837,2,0,40.095,347.571,0.821,383,3.453,102.759,0.548,0.997
838,2,0,40.0,347.571,0.821,380,3.591,100.538,0.544,0.997
839,10,1,40.095,347.0,0.826,387,3.373,103.24,0.554,0.998
840,6,0,40.476,347.0,0.828,387,3.421,103.707,0.548,0.998
841,5,0,40.19,347.0,0.826,390,3.335,103.655,0.555,0.998
842,7,0,40.19,347.0,0.827,393,3.224,106.214,0.559,0.998
843,5,0,40.286,347.0,0.828,394,3.182,105.963,0.56,0.998
844,1,0,40.286,347.0,0.826,390,3.246,105.861,0.556,0.998
845,4,0,40.429,348.048,0.823,393,3.144,107.682,0.562,0.998
846,3,0,40.333,348.048,0.824,391,3.218,106.675,0.56,0.998
847,5,0,40.333,348.048,0.823,393,3.258,105.698,0.562,0.998
848,5,1,40.476,348.048,0.823,393,3.282,105.811,0.562,0.998
849,6,0,40.762,348.81,0.822,396,3.189,106.47,0.565,0.998
850,5,1,40.952,348.81,0.823,396,3.196,106.091,0.564,0.998
851,5,0,40.571,348.81,0.823,401,3.155,105.653,0.568,0.998
852,6,0,40.905,348.667,0.823,402,3.086,106.927,0.571,0.999
853,4,0,40.81,348.857,0.823,403,3.022,107.289,0.576,0.999
854,7,0,41.048,348.857,0.826,402,2.956,108.566,0.575,0.999
855,4,2,40.762,348.857,0.822,400,3.04,106.149,0.573,0.999
856,6,0,41.048,348.857,0.823,399,3.012,107.511,0.575,0.999
857,6,1,40.952,348.857,0.825,401,2.963,107.137,0.578,0.999
858,6,0,41.048,348.857,0.823,403,3.005,107.305,0.577,0.999
859,6,0,42.0,348.857,0.823,404,2.839,110.755,0.583,0.999
860,3,1,41.905,348.857,0.821,397,2.987,108.745,0.571,0.999
861,5,0,42.0,348.857,0.824,399,2.87,110.816,0.578,0.999
862,3,0,42.19,348.857,0.817,396,2.881,111.108,0.575,0.999
863,9,1,42.095,348.857,0.822,401,2.836,110.697,0.581,0.999
864,7,0,42.762,348.857,0.831,403,2.729,114.326,0.584,0.999
865,4,1,42.857,348.476,0.83,398,2.808,113.053,0.579,0.999
866,8,0,42.095,348.476,0.828,399,2.889,110.626,0.579,0.999
867,8,2,42.143,348.476,0.83,391,3.142,105.665,0.566,0.999
868,2,0,42.333,348.476,0.831,388,3.144,105.961,0.563,0.999
869,4,0,42.238,348.476,0.832,387,3.162,104.913,0.56,0.999
870,4,0,42.333,348.476,0.832,387,3.163,104.514,0.558,0.999
871,5,0,42.429,348.476,0.821,386,3.22,103.469,0.556,0.999
872,5,0,43.095,349.667,0.819,385,3.158,106.738,0.556,0.999
873,4,0,43.143,349.667,0.817,384,3.207,106.628,0.551,0.999
874,2,0,43.143,349.667,0.817,382,3.127,108.015,0.553,0.999
875,3,0,42.762,349.667,0.819,380,3.208,106.877,0.548,0.999
876,2,0,42.667,349.667,0.819,380,3.238,106.118,0.549,0.999
877,3,0,43.143,349.667,0.825,376,3.211,107.264,0.546,0.999
878,4,0,43.429,349.667,0.827,371,3.241,107.333,0.54,0.999
879,7,0,42.857,349.667,0.823,371,3.361,104.406,0.537,0.999
880,6,0,42.857,349.667,0.822,373,3.336,104.797,0.537,0.999
881,9,0,42.762,349.667,0.822,380,3.218,106.022,0.549,0.999
882,6,0,42.381,349.667,0.821,382,3.183,106.218,0.553,0.999
883,13,1,42.19,350.524,0.822,387,3.188,106.307,0.557,0.999
884,1,0,43.048,350.524,0.823,380,3.208,106.335,0.548,0.999
885,5,0,42.857,350.524,0.824,378,3.285,104.739,0.545,0.999
886,2,0,42.762,350.524,0.824,378,3.233,105.617,0.547,0.999
887,7,0,43.524,350.524,0.824,379,3.029,109.573,0.554,0.999
888,4,0,43.429,350.524,0.828,373,3.098,108.466,0.547,0.999
889,1,0,42.857,350.524,0.828,364,3.454,101.427,0.528,0.999
890,4,0,43.048,349.81,0.83,363,3.416,101.461,0.528,0.999
891,2,0,42.857,349.81,0.826,362,3.392,100.281,0.529,0.999
892,1,0,42.857,349.81,0.824,361,3.397,100.582,0.529,0.999
893,4,0,42.476,349.095,0.825,359,3.55,98.995,0.518,0.998
894,6,0,42.286,349.095,0.825,358,3.74,96.031,0.514,0.998
895,3,0,42.571,349.095,0.824,358,3.621,98.063,0.518,0.998
896,9,0,42.476,349.095,0.825,363,3.408,100.855,0.532,0.998
897,2,0,42.476,349.095,0.817,361,3.5,98.983,0.527,0.998
898,7,0,42.476,349.095,0.819,367,3.329,101.01,0.537,0.999
899,9,0,43.143,348.952,0.818,366,3.269,102.71,0.544,0.999
900,5,0,42.952,348.952,0.82,367,3.295,101.819,0.542,0.999
901,8,0,34.238,349.81,0.777,372,4.209,81.984,0.538,0.982
902,5,0,34.333,349.81,0.778,373,4.202,82.622,0.54,0.983
903,7,0,34.429,349.81,0.781,374,4.225,82.716,0.539,0.984
904,2,0,34.333,349.81,0.782,374,4.246,82.561,0.538,0.983
905,3,0,34.714,349.143,0.785,370,4.25,82.801,0.534,0.984
906,7,0,35.095,349.286,0.786,369,4.293,82.405,0.53,0.985
907,12,0,35.0,349.286,0.788,378,4.174,82.724,0.536,0.986
908,5,0,35.762,349.286,0.794,378,4.064,84.846,0.538,0.989
909,5,0,35.952,349.286,0.796,379,4.006,85.608,0.539,0.99
910,6,0,36.0,349.286,0.793,382,3.857,87.916,0.547,0.991
911,4,0,36.0,349.286,0.791,382,3.855,87.699,0.549,0.991
912,5,0,36.19,349.286,0.795,381,3.849,89.096,0.549,0.992
913,4,0,36.19,349.286,0.795,381,3.902,87.55,0.547,0.991
914,4,0,36.095,349.286,0.796,381,3.935,87.528,0.544,0.991
915,6,0,36.524,348.0,0.8,380,3.876,88.715,0.544,0.992
916,5,0,37.143,348.0,0.801,379,3.825,90.239,0.544,0.993
917,2,0,36.952,348.0,0.802,377,3.893,89.034,0.542,0.993
918,8,0,37.286,347.81,0.798,380,3.941,87.992,0.538,0.993
919,4,0,37.19,347.81,0.799,378,4.019,87.956,0.533,0.992
920,7,0,36.714,346.905,0.805,380,4.049,88.125,0.531,0.991
921,2,0,36.714,346.905,0.805,380,4.05,87.956,0.531,0.991
922,4,0,36.762,347.714,0.807,378,4.111,87.72,0.525,0.99
923,3,0,36.667,347.714,0.806,377,4.156,87.34,0.525,0.99
924,2,0,36.667,347.714,0.806,375,4.174,87.14,0.526,0.99
925,6,0,37.333,347.714,0.807,375,3.938,91.408,0.531,0.992
926,10,0,37.095,347.714,0.808,379,3.93,91.316,0.534,0.992
927,5,0,37.143,347.714,0.807,379,3.896,90.775,0.537,0.993
928,5,0,37.238,347.714,0.806,380,3.881,90.534,0.538,0.993
929,3,0,37.714,347.238,0.806,375,3.879,90.037,0.534,0.993
930,3,0,37.619,347.238,0.804,372,4.032,88.677,0.528,0.993
931,3,0,37.429,347.238,0.795,370,4.162,86.74,0.524,0.992
932,6,0,37.619,347.238,0.795,368,4.062,88.198,0.526,0.993
933,7,0,37.238,347.238,0.793,369,4.042,88.303,0.53,0.992
934,5,0,37.333,347.238,0.789,368,3.967,89.203,0.532,0.992
935,6,1,36.762,347.238,0.79,368,4.037,88.118,0.532,0.991
936,3,0,36.095,347.238,0.779,367,4.307,84.315,0.526,0.988
937,5,0,36.238,347.238,0.783,370,3.979,88.018,0.533,0.99
938,5,0,36.524,347.238,0.786,371,3.869,88.77,0.537,0.991
939,7,0,36.476,347.238,0.786,372,3.702,91.177,0.544,0.992
940,10,0,36.952,350.048,0.779,377,3.33,96.818,0.559,0.994
941,3,0,37.19,350.048,0.791,373,3.377,97.134,0.556,0.994
942,6,0,36.905,350.048,0.789,377,3.295,96.836,0.562,0.994
943,5,0,36.81,350.048,0.792,380,3.237,96.989,0.564,0.994
944,4,0,36.476,350.048,0.786,377,3.416,93.422,0.554,0.993
945,3,0,36.429,350.048,0.79,376,3.461,93.844,0.549,0.992
946,3,0,36.333,350.048,0.796,370,3.676,90.881,0.537,0.99
947,5,0,36.429,350.048,0.789,372,3.627,90.778,0.542,0.991
948,5,0,37.0,350.048,0.788,372,3.454,94.021,0.546,0.993
949,1,0,37.286,350.048,0.791,368,3.47,95.817,0.542,0.993
950,4,0,36.571,350.048,0.792,368,3.541,92.915,0.543,0.992
951,6,0,36.762,350.048,0.795,371,3.492,94.129,0.547,0.993
952,5,0,36.762,350.048,0.795,368,3.518,94.529,0.547,0.993
953,3,0,36.952,348.619,0.796,367,3.472,94.985,0.549,0.993
954,9,1,36.714,348.619,0.795,369,3.483,94.021,0.55,0.993
955,1,0,36.81,348.476,0.797,364,3.632,91.55,0.545,0.993
956,6,0,37.095,348.476,0.796,369,3.568,92.684,0.548,0.994
957,2,0,37.19,348.476,0.797,365,3.711,91.567,0.541,0.993
958,6,0,36.81,348.476,0.786,365,3.734,90.603,0.541,0.992
959,5,0,36.81,348.476,0.787,365,3.71,91.421,0.542,0.992
960,5,0,37.048,348.476,0.791,367,3.758,91.609,0.543,0.993
961,2,0,37.095,348.476,0.791,365,3.814,91.125,0.539,0.993
962,5,0,37.476,348.476,0.787,364,3.786,92.253,0.539,0.993
963,4,0,37.095,347.667,0.785,361,3.874,90.222,0.536,0.992
964,7,0,36.762,348.0,0.782,364,3.864,89.869,0.539,0.992
965,9,0,36.048,348.0,0.775,370,3.939,87.465,0.544,0.991
966,3,0,35.667,348.0,0.775,371,3.95,87.097,0.546,0.99
967,5,0,35.667,348.095,0.773,371,3.836,87.205,0.547,0.99
968,4,0,35.476,348.095,0.775,371,3.944,85.748,0.543,0.989
969,1,0,35.333,348.095,0.775,367,4.085,83.449,0.537,0.987
970,12,0,35.762,348.095,0.785,373,3.966,85.35,0.54,0.989
971,1,0,36.143,348.095,0.781,367,4.136,84.04,0.527,0.989
972,5,0,36.714,349.286,0.779,368,4.059,85.013,0.532,0.991
973,10,0,36.952,349.286,0.775,373,3.962,86.012,0.534,0.992
974,6,0,37.524,349.286,0.773,375,3.805,88.539,0.538,0.993
975,7,0,37.524,349.286,0.769,378,3.776,89.114,0.545,0.994
976,5,0,37.714,349.286,0.768,380,3.624,91.505,0.554,0.995
977,5,0,38.238,349.286,0.766,378,3.545,92.693,0.555,0.996
978,4,0,38.429,349.286,0.755,375,3.662,90.759,0.549,0.996
979,8,0,38.333,348.333,0.76,375,3.695,89.905,0.55,0.996
980,3,0,38.714,348.333,0.777,369,3.737,89.472,0.541,0.996
981,2,0,39.095,348.333,0.78,368,3.769,89.689,0.535,0.996
982,7,0,39.762,348.333,0.784,366,3.772,90.851,0.53,0.996
983,5,0,40.048,348.333,0.788,369,3.731,92.034,0.533,0.997
984,4,0,40.429,348.333,0.787,366,3.754,91.547,0.528,0.997
985,6,0,40.762,348.333,0.786,369,3.721,92.16,0.529,0.997
986,1,0,40.952,348.333,0.79,363,3.777,92.334,0.522,0.997
987,3,0,40.667,348.333,0.789,361,3.909,90.657,0.52,0.997
988,7,0,41.19,348.333,0.787,362,3.776,92.638,0.527,0.998
989,4,0,41.381,348.333,0.786,363,3.747,93.301,0.525,0.998
990,6,0,41.19,348.714,0.784,361,3.771,93.341,0.521,0.997
991,5,0,41.0,348.714,0.785,362,3.766,93.287,0.523,0.997
992,2,0,41.0,348.714,0.786,360,3.787,93.1,0.521,0.997
993,1,0,40.81,348.714,0.783,357,3.845,92.016,0.518,0.997
994,4,0,41.0,348.714,0.78,358,3.801,92.931,0.517,0.997
995,8,0,40.429,348.714,0.763,360,3.745,93.469,0.524,0.997
996,2,0,40.667,347.429,0.763,355,3.935,90.434,0.512,0.996
997,3,0,40.667,347.429,0.771,356,3.906,90.78,0.514,0.997
998,9,0,41.238,347.429,0.764,362,3.596,94.726,0.53,0.998
999,5,0,41.714,347.429,0.769,362,3.609,95.185,0.532,0.998
1000,0,0,41.619,346.619,0.772,356,3.757,93.29,0.523,0.998
