1,10,0,0.791,4.349,0.003,10,310.491,0.227,0.011,0.016
2,8,0,1.256,7.767,0.007,18,275.241,0.705,0.017,0.007
3,6,0,1.581,11.814,0.013,24,247.514,1.385,0.023,0.003
4,7,0,2.186,15.488,0.017,30,221.815,2.31,0.03,0.002
5,6,0,2.465,20.023,0.023,36,205.28,3.343,0.037,0.001
6,13,0,3.186,24.372,0.029,46,183.246,5.966,0.045,0.001
7,2,0,3.233,25.674,0.031,48,179.201,6.385,0.046,0.001
8,6,0,3.581,27.395,0.031,54,167.252,7.838,0.051,0.001
9,8,0,3.767,30.302,0.033,62,152.635,9.369,0.058,0.0
10,4,0,3.907,32.116,0.037,65,143.313,9.832,0.059,0.0
11,9,0,4.349,34.884,0.038,73,132.837,11.894,0.066,0.0
12,7,0,4.791,38.047,0.042,80,124.52,13.831,0.072,0.0
13,3,0,5.023,40.977,0.05,81,118.655,14.349,0.073,0.0
14,12,0,5.488,46.628,0.06,91,105.686,17.932,0.08,0.0
15,12,0,6.233,58.116,0.081,102,91.982,21.68,0.094,0.0
16,7,0,6.186,58.791,0.08,107,93.462,22.094,0.097,0.0
17,7,0,6.605,62.721,0.087,112,91.374,22.556,0.102,0.0
18,6,0,6.884,66.698,0.093,118,88.33,26.069,0.109,0.0
19,5,0,7.186,67.907,0.097,118,81.385,27.778,0.109,0.0
20,8,0,7.581,73.209,0.108,124,76.696,29.937,0.115,0.0
21,10,0,7.907,77.953,0.114,134,70.623,33.496,0.124,0.0
22,8,0,8.163,79.628,0.115,139,69.179,35.664,0.129,0.0
23,6,0,8.349,80.209,0.113,145,67.724,37.574,0.133,0.0
24,10,0,8.581,85.116,0.119,154,64.205,43.693,0.143,0.0
25,5,0,8.814,88.279,0.124,158,60.435,46.879,0.148,0.0
26,4,0,9.047,91.047,0.129,160,58.319,48.94,0.153,0.0
27,8,0,9.186,93.349,0.132,167,57.001,51.333,0.157,0.0
28,7,0,9.791,105.256,0.164,171,51.358,59.37,0.164,0.001
29,6,0,9.744,105.442,0.16,177,51.401,60.046,0.167,0.001
30,10,0,9.93,108.047,0.161,186,49.967,65.63,0.175,0.001
31,12,0,10.488,120.698,0.187,195,46.193,76.426,0.191,0.001
32,7,0,10.86,126.023,0.198,200,44.261,83.264,0.199,0.001
33,10,0,10.953,128.186,0.204,204,43.538,85.577,0.2,0.001
34,11,0,10.977,129.093,0.201,212,42.416,89.432,0.206,0.001
35,9,0,11.581,133.744,0.211,218,37.595,98.729,0.213,0.001
36,5,0,11.884,137.512,0.221,222,36.46,102.676,0.216,0.001
37,9,0,11.791,139.14,0.224,228,35.954,104.6,0.218,0.001
38,9,0,12.349,143.558,0.231,236,33.906,112.736,0.227,0.002
39,11,0,13.186,154.814,0.263,244,31.898,123.958,0.235,0.002
40,6,0,13.372,156.395,0.271,247,31.734,126.033,0.232,0.002
41,6,0,13.558,156.395,0.271,251,31.351,129.415,0.234,0.002
42,5,0,13.744,157.605,0.271,253,30.778,132.02,0.238,0.003
43,6,0,13.837,158.233,0.269,258,30.302,133.79,0.242,0.003
44,4,0,13.977,156.791,0.269,256,30.134,132.135,0.238,0.003
45,7,0,14.209,158.186,0.272,260,29.6,135.129,0.241,0.003
46,5,0,14.535,166.093,0.296,263,28.702,140.573,0.246,0.004
47,4,0,15.186,169.256,0.305,263,27.543,147.491,0.248,0.004
48,13,0,15.698,169.721,0.303,272,26.998,154.708,0.252,0.005
49,10,0,16.163,172.465,0.308,277,25.589,164.954,0.259,0.006
50,9,0,16.535,179.884,0.327,283,24.537,175.832,0.27,0.008
51,8,0,16.488,179.977,0.324,287,24.151,177.602,0.273,0.008
52,4,0,16.628,185.302,0.344,285,24.021,174.926,0.273,0.009
53,3,0,16.86,186.023,0.347,285,23.878,179.95,0.273,0.009
54,9,0,16.907,187.14,0.345,292,22.935,186.602,0.278,0.01
55,5,0,16.814,187.698,0.348,296,23.629,182.201,0.278,0.01
56,8,0,16.953,190.674,0.356,301,23.308,186.023,0.281,0.01
57,9,0,17.047,194.86,0.371,307,22.418,190.462,0.284,0.011
58,11,0,17.326,197.163,0.378,311,22.654,193.087,0.286,0.012
59,11,0,17.628,202.465,0.391,320,21.947,206.153,0.298,0.016
60,6,0,17.721,214.372,0.422,323,21.547,209.717,0.306,0.018
61,9,0,18.14,219.488,0.439,330,20.57,224.669,0.311,0.022
62,5,0,18.186,219.953,0.439,333,20.529,225.921,0.314,0.023
63,8,0,18.233,220.512,0.439,339,19.899,229.876,0.316,0.023
64,4,0,18.372,222.0,0.446,338,19.68,229.964,0.314,0.023
65,13,0,18.977,227.814,0.457,346,18.706,244.454,0.326,0.032
66,9,0,19.163,230.372,0.472,349,18.548,249.451,0.326,0.034
67,2,0,19.302,230.023,0.475,346,18.701,251.58,0.322,0.034
68,7,0,19.791,230.86,0.479,347,18.577,259.318,0.322,0.039
69,5,0,19.884,230.488,0.481,345,18.739,259.394,0.318,0.038
70,8,0,19.907,230.488,0.479,348,18.611,261.479,0.321,0.039
71,5,0,19.721,234.465,0.49,350,18.55,259.639,0.322,0.038
72,6,0,20.116,234.93,0.498,349,17.975,257.114,0.316,0.039
73,13,0,20.302,236.721,0.498,359,17.145,269.14,0.326,0.046
74,8,0,20.674,242.349,0.516,365,16.538,277.469,0.333,0.055
75,13,0,20.814,245.093,0.522,375,16.265,283.364,0.338,0.062
76,5,0,21.256,245.093,0.524,374,16.16,284.302,0.338,0.069
77,8,0,22.163,248.488,0.54,375,15.346,301.467,0.342,0.093
78,13,0,22.442,250.14,0.541,385,15.204,314.543,0.351,0.113
79,12,0,23.233,252.442,0.544,391,14.691,332.892,0.359,0.152
80,7,0,23.512,260.023,0.563,395,13.929,345.984,0.366,0.175
81,10,0,23.907,260.116,0.558,400,13.511,348.131,0.37,0.2
82,9,0,24.14,260.512,0.558,406,13.14,354.572,0.373,0.219
83,3,0,24.302,260.907,0.56,404,13.003,361.037,0.374,0.23
84,4,0,24.302,263.163,0.571,401,13.196,355.357,0.372,0.226
85,8,0,24.395,260.326,0.559,400,13.195,354.635,0.37,0.224
86,8,0,24.558,261.535,0.563,407,12.86,363.74,0.376,0.248
87,10,0,24.814,261.86,0.561,411,12.461,377.397,0.382,0.279
88,5,0,25.07,261.977,0.567,405,12.663,372.03,0.377,0.279
89,5,0,25.047,261.977,0.569,406,12.741,372.838,0.374,0.271
90,5,0,25.116,264.093,0.574,405,12.677,376.007,0.375,0.278
91,10,0,25.535,265.698,0.573,407,12.43,383.431,0.381,0.32
92,13,0,25.93,269.884,0.58,413,12.054,397.54,0.386,0.364
93,10,0,26.163,277.488,0.609,418,11.879,406.685,0.394,0.408
94,9,0,26.233,278.744,0.617,423,11.234,413.944,0.399,0.424
95,10,0,26.581,279.512,0.62,429,10.744,429.155,0.406,0.472
96,4,0,26.721,280.581,0.621,429,10.739,430.239,0.406,0.483
97,7,0,26.767,280.721,0.618,431,10.601,438.897,0.411,0.507
98,7,0,26.953,280.721,0.616,434,10.974,443.563,0.414,0.534
99,10,0,27.419,285.209,0.641,436,10.983,449.322,0.413,0.567
100,6,0,27.837,286.349,0.645,433,10.95,454.468,0.415,0.603
101,4,0,28.209,288.442,0.648,433,10.889,459.492,0.414,0.627
102,4,0,28.302,288.442,0.65,432,10.926,460.705,0.413,0.632
103,8,0,28.605,290.558,0.65,434,11.776,467.17,0.417,0.672
104,6,0,28.419,290.395,0.65,435,11.909,461.382,0.413,0.648
105,4,0,28.465,289.488,0.65,430,12.072,457.589,0.406,0.627
106,13,0,28.721,303.279,0.655,435,11.864,470.999,0.415,0.677
107,12,0,28.86,307.93,0.663,442,11.918,476.133,0.419,0.696
108,7,0,29.14,308.14,0.66,447,11.865,488.674,0.422,0.725
109,11,0,29.488,312.605,0.68,453,11.538,505.189,0.43,0.764
110,12,0,29.349,312.605,0.681,459,11.343,513.063,0.436,0.773
111,6,0,29.07,312.628,0.682,459,11.43,506.127,0.436,0.756
112,6,0,28.837,312.0,0.68,461,11.561,499.858,0.433,0.736
113,12,1,29.465,313.581,0.692,468,18.771,516.479,0.444,0.834
114,10,0,26.302,316.116,0.671,471,26.319,460.815,0.451,0.729
115,9,0,26.535,316.116,0.674,473,26.313,466.572,0.449,0.738
116,7,0,26.93,316.837,0.682,472,26.264,473.991,0.446,0.752
117,8,0,27.256,317.744,0.678,474,21.968,479.711,0.446,0.743
118,9,0,27.302,318.116,0.678,480,21.817,483.183,0.452,0.762
119,4,0,18.558,307.163,0.641,477,29.053,317.428,0.447,0.199
120,6,0,18.884,307.744,0.653,477,28.902,328.717,0.449,0.219
121,4,0,19.302,308.651,0.653,474,28.818,336.007,0.446,0.234
122,5,0,19.977,309.581,0.658,470,28.654,344.323,0.444,0.267
123,13,0,20.721,311.302,0.659,476,28.091,372.112,0.45,0.329
124,6,0,20.581,309.488,0.658,480,28.032,369.339,0.452,0.325
125,11,0,20.884,309.651,0.658,487,22.203,378.375,0.456,0.319
126,4,0,21.488,312.047,0.665,485,22.1,385.944,0.454,0.351
127,9,0,22.651,313.256,0.672,485,22.033,411.164,0.452,0.429
128,5,0,22.953,313.256,0.673,486,22.005,415.648,0.45,0.446
129,11,0,23.256,313.233,0.675,491,21.826,421.425,0.451,0.473
130,5,0,23.349,313.372,0.675,491,21.726,424.059,0.452,0.484
131,8,1,23.814,315.744,0.678,489,21.742,428.444,0.45,0.51
132,6,1,24.047,315.744,0.682,489,21.765,432.02,0.447,0.52
133,2,0,24.605,315.744,0.685,485,21.783,437.383,0.442,0.542
134,7,0,24.651,316.326,0.686,491,17.567,442.138,0.444,0.521
135,11,0,24.837,315.907,0.683,497,17.324,450.946,0.45,0.553
136,3,0,25.488,318.07,0.684,494,17.182,458.883,0.448,0.596
137,12,0,25.302,318.372,0.687,502,17.414,463.871,0.455,0.607
138,10,0,25.907,318.302,0.688,503,16.988,476.943,0.457,0.654
139,7,0,26.488,318.302,0.693,500,17.164,481.948,0.455,0.691
140,9,0,26.442,325.884,0.705,506,23.04,491.422,0.462,0.747
141,13,1,26.837,326.302,0.71,513,22.782,497.665,0.466,0.779
142,10,1,26.628,322.372,0.71,511,22.459,493.806,0.467,0.768
143,5,0,26.535,321.651,0.714,508,22.509,486.078,0.465,0.758
144,8,1,26.698,324.186,0.715,510,22.274,494.091,0.467,0.771
145,5,1,27.209,324.186,0.715,505,22.245,502.287,0.46,0.782
146,5,1,27.395,324.186,0.72,501,22.263,502.141,0.454,0.774
147,9,2,27.953,325.209,0.727,503,22.158,514.715,0.456,0.809
148,12,2,28.512,325.791,0.728,504,22.171,513.872,0.456,0.835
149,10,0,22.791,335.256,0.705,509,27.74,414.484,0.455,0.498
150,7,0,23.279,335.581,0.708,509,27.561,423.632,0.455,0.536
151,7,0,23.465,335.581,0.712,506,27.311,427.894,0.457,0.555
152,7,0,23.767,334.093,0.713,500,27.26,425.153,0.452,0.562
153,8,0,24.279,334.093,0.712,500,26.866,444.463,0.454,0.604
154,13,0,24.512,334.209,0.712,510,26.699,456.152,0.461,0.643
155,10,0,24.953,334.209,0.712,514,26.547,469.716,0.464,0.682
156,7,2,25.279,334.209,0.716,514,26.452,480.094,0.465,0.707
157,10,1,25.767,334.209,0.729,519,26.173,490.392,0.468,0.744
158,6,0,26.0,334.209,0.727,519,26.145,493.334,0.469,0.76
159,9,2,26.372,335.395,0.731,521,20.169,506.952,0.474,0.758
160,7,0,26.186,335.395,0.732,523,20.317,501.889,0.473,0.745
161,9,0,20.326,329.558,0.63,530,27.296,389.204,0.478,0.392
162,7,0,20.837,329.698,0.635,532,27.073,399.639,0.48,0.435
163,3,0,21.256,329.698,0.649,531,26.801,404.72,0.479,0.462
164,10,0,22.233,331.419,0.665,533,26.176,426.406,0.482,0.541
165,2,0,22.558,332.628,0.667,531,26.112,436.335,0.481,0.564
166,6,0,22.837,332.767,0.665,534,25.882,448.845,0.483,0.589
167,8,1,23.163,333.116,0.671,536,25.659,454.445,0.485,0.618
168,9,0,23.744,333.116,0.682,541,25.311,475.456,0.492,0.682
169,4,1,24.093,332.372,0.684,535,25.21,473.798,0.487,0.689
170,6,0,24.605,331.791,0.695,536,25.038,484.308,0.487,0.72
171,6,0,25.395,331.791,0.71,535,20.104,502.273,0.486,0.734
172,9,0,26.279,332.163,0.714,536,19.251,520.492,0.489,0.787
173,13,1,26.372,332.163,0.716,542,19.224,527.619,0.493,0.801
174,9,2,26.558,332.558,0.719,548,18.792,538.287,0.499,0.821
175,7,2,22.512,332.442,0.674,547,25.406,445.975,0.502,0.628
176,6,1,22.791,334.488,0.669,548,25.253,451.628,0.504,0.654
177,5,0,23.442,334.488,0.676,546,25.313,461.058,0.498,0.679
178,11,1,23.953,334.488,0.687,547,25.056,469.806,0.498,0.713
179,5,1,24.581,334.698,0.694,540,25.2,473.222,0.488,0.722
180,5,0,25.093,334.977,0.7,542,25.036,483.949,0.491,0.76
181,6,0,25.186,334.977,0.701,540,25.027,480.032,0.485,0.75
182,13,2,25.884,335.372,0.707,546,24.634,500.651,0.493,0.805
183,7,1,25.698,335.907,0.702,546,24.837,494.592,0.491,0.793
184,13,2,25.93,336.767,0.7,555,24.675,503.737,0.498,0.818
185,11,2,26.07,336.884,0.704,560,24.618,505.993,0.503,0.837
186,13,2,26.163,339.023,0.703,566,24.583,507.664,0.506,0.846
187,12,1,26.86,339.023,0.716,569,24.325,523.195,0.506,0.871
188,8,2,27.372,339.023,0.716,569,24.176,535.43,0.505,0.885
189,5,2,27.884,339.023,0.718,566,24.181,544.722,0.501,0.895
190,10,1,28.395,339.023,0.719,562,24.192,551.468,0.496,0.904
191,7,0,28.953,340.465,0.718,562,24.076,558.005,0.498,0.92
192,5,1,29.233,340.558,0.72,559,24.114,557.048,0.494,0.921
193,12,0,29.651,340.86,0.714,563,23.523,568.335,0.496,0.932
194,11,1,29.977,340.512,0.722,565,19.206,582.362,0.497,0.93
195,6,1,30.07,340.512,0.723,563,17.887,584.323,0.494,0.926
196,8,1,28.628,340.186,0.709,562,24.349,511.137,0.487,0.899
197,10,1,29.372,340.512,0.711,563,23.616,527.675,0.491,0.92
198,5,0,29.372,340.512,0.713,560,23.694,526.797,0.485,0.913
199,5,0,29.698,340.512,0.716,558,23.58,535.364,0.486,0.922
200,5,0,29.93,340.395,0.717,557,23.595,538.853,0.485,0.926
201,13,0,30.07,340.535,0.722,565,18.846,544.294,0.49,0.924
202,6,2,25.628,332.651,0.693,560,25.764,459.788,0.494,0.802
203,10,1,26.233,332.651,0.7,564,25.479,476.083,0.501,0.843
204,8,0,26.93,333.279,0.711,562,25.17,489.013,0.496,0.86
205,11,1,27.442,333.767,0.714,564,20.829,501.04,0.496,0.861
206,6,1,27.442,336.581,0.723,567,19.357,506.006,0.501,0.864
207,9,0,26.0,341.674,0.67,571,26.332,465.207,0.495,0.824
208,3,0,26.558,341.674,0.672,566,25.762,471.514,0.491,0.837
209,8,1,26.837,341.674,0.673,567,25.679,476.424,0.494,0.855
210,13,1,27.14,341.419,0.676,572,25.57,479.892,0.498,0.873
211,13,2,28.488,341.419,0.684,575,25.04,505.404,0.498,0.911
212,9,0,29.14,341.419,0.694,575,25.014,519.042,0.498,0.926
213,9,0,29.977,341.419,0.698,576,24.905,535.006,0.5,0.943
214,6,0,30.395,341.419,0.706,577,24.882,541.131,0.498,0.948
215,13,3,30.209,340.116,0.708,579,22.984,526.551,0.502,0.946
216,7,1,30.767,340.465,0.718,581,21.284,538.91,0.506,0.954
217,4,1,31.047,340.465,0.719,579,21.302,541.085,0.505,0.957
218,6,0,31.302,340.465,0.721,579,21.216,545.776,0.503,0.959
219,4,0,31.814,340.465,0.722,579,21.143,555.5,0.502,0.964
220,8,0,32.488,328.744,0.735,580,21.084,566.693,0.501,0.97
221,7,0,32.814,329.302,0.736,577,20.273,577.074,0.497,0.971
222,5,0,32.395,329.302,0.737,575,20.311,575.543,0.496,0.966
223,7,1,32.674,329.302,0.737,573,20.309,576.307,0.495,0.968
224,6,2,33.465,329.302,0.741,564,20.369,589.66,0.485,0.972
225,7,1,33.698,329.326,0.741,565,20.311,594.735,0.487,0.974
226,4,0,33.651,329.326,0.742,565,20.329,594.343,0.486,0.973
227,7,0,33.465,329.326,0.741,570,20.303,593.067,0.489,0.973
228,7,0,33.977,329.326,0.745,566,20.251,599.555,0.489,0.977
229,4,0,34.163,329.326,0.739,557,20.305,600.557,0.485,0.977
230,6,0,34.256,329.326,0.744,560,20.25,604.3,0.487,0.978
231,12,3,34.512,329.326,0.746,561,20.099,616.826,0.492,0.981
232,7,0,34.558,329.326,0.744,560,20.119,611.779,0.491,0.981
233,3,1,34.605,329.326,0.747,555,20.346,599.394,0.482,0.979
234,4,0,34.651,329.326,0.744,555,20.346,599.204,0.481,0.979
235,8,3,34.698,329.326,0.747,556,19.916,605.458,0.484,0.98
236,10,1,34.977,329.512,0.746,560,19.638,615.9,0.485,0.982
237,5,1,35.093,329.512,0.745,558,19.702,614.167,0.481,0.981
238,12,1,35.581,329.512,0.746,557,19.614,617.765,0.481,0.984
239,10,0,35.581,329.651,0.744,560,19.568,631.743,0.486,0.985
240,11,0,35.535,329.651,0.742,557,19.59,626.268,0.483,0.984
241,13,1,35.209,329.651,0.739,560,19.638,617.393,0.482,0.982
242,3,1,35.116,328.884,0.741,552,15.007,616.114,0.477,0.977
243,5,1,35.326,327.791,0.741,545,20.589,616.848,0.472,0.981
244,9,1,35.163,327.791,0.744,546,20.693,613.135,0.474,0.98
245,11,5,35.558,327.791,0.743,547,20.459,619.039,0.479,0.984
246,12,1,24.023,323.07,0.684,553,27.15,410.234,0.481,0.677
247,8,2,24.349,323.163,0.685,556,27.066,415.705,0.481,0.7
248,7,0,24.907,323.372,0.686,554,26.768,419.228,0.477,0.723
249,7,0,25.163,333.279,0.688,554,26.801,421.049,0.474,0.728
250,6,0,25.442,333.279,0.689,554,26.761,426.832,0.472,0.739
251,7,0,25.93,333.279,0.691,555,26.656,440.041,0.473,0.77
252,8,2,26.442,333.279,0.7,557,26.587,447.255,0.473,0.797
253,7,1,26.907,334.186,0.7,556,26.527,453.497,0.474,0.82
254,12,1,27.256,335.302,0.702,556,25.132,451.297,0.47,0.821
255,10,1,27.628,335.302,0.706,562,24.97,465.431,0.474,0.845
256,7,1,28.186,335.302,0.71,565,24.556,476.644,0.48,0.874
257,2,0,28.628,335.209,0.712,562,22.209,481.46,0.477,0.877
258,4,0,29.023,335.209,0.711,559,21.384,486.127,0.473,0.88
259,10,1,29.442,335.209,0.717,555,20.969,492.099,0.47,0.887
260,11,3,29.907,335.209,0.717,557,20.811,498.943,0.474,0.907
261,7,2,30.047,335.209,0.717,552,20.653,495.505,0.471,0.906
262,8,0,30.0,335.209,0.715,555,20.446,498.642,0.475,0.909
263,5,0,30.14,337.395,0.719,554,14.54,506.766,0.475,0.896
264,5,0,30.419,337.488,0.719,551,14.516,516.039,0.476,0.905
265,7,0,30.884,336.86,0.722,550,14.466,524.772,0.477,0.917
266,9,2,30.186,333.256,0.717,554,19.554,513.236,0.477,0.914
267,12,1,29.814,333.256,0.718,560,19.441,513.233,0.482,0.91
268,10,0,22.698,327.512,0.683,565,25.89,407.084,0.484,0.582
269,4,0,23.07,327.07,0.691,564,26.11,414.405,0.483,0.611
270,12,0,23.674,326.698,0.695,570,25.412,426.928,0.488,0.666
271,12,0,24.512,330.302,0.707,577,21.232,445.653,0.497,0.72
272,4,0,24.837,330.302,0.715,574,21.224,447.344,0.495,0.732
273,6,0,25.488,330.419,0.713,575,19.971,459.934,0.495,0.763
274,11,2,26.047,330.419,0.716,576,19.82,468.984,0.493,0.788
275,13,0,27.0,331.814,0.718,581,19.362,491.632,0.499,0.844
276,11,0,27.465,332.674,0.717,587,19.146,499.642,0.504,0.87
277,9,1,27.791,332.674,0.721,590,19.031,502.962,0.506,0.883
278,3,0,21.465,337.605,0.654,585,25.685,397.7,0.509,0.577
279,12,0,22.395,337.605,0.679,589,21.004,414.962,0.514,0.627
280,12,0,23.279,336.442,0.703,595,20.611,434.233,0.52,0.707
281,7,0,23.791,337.395,0.704,598,20.488,440.854,0.522,0.742
282,7,1,24.605,338.442,0.711,593,20.319,455.74,0.519,0.78
283,8,0,25.023,338.86,0.712,598,20.097,466.171,0.522,0.807
284,8,3,25.209,338.86,0.713,596,20.119,470.619,0.52,0.813
285,12,2,26.233,338.86,0.731,598,19.879,488.797,0.521,0.858
286,9,0,26.767,338.86,0.733,600,19.833,497.405,0.522,0.877
287,12,2,27.372,338.86,0.736,603,19.548,502.036,0.521,0.894
288,6,0,27.465,338.86,0.736,602,19.571,506.361,0.519,0.895
289,6,0,27.465,340.349,0.732,605,19.431,516.045,0.525,0.902
290,5,2,27.884,340.349,0.733,602,19.572,517.378,0.521,0.909
291,11,0,28.07,340.349,0.737,608,19.485,531.663,0.524,0.916
292,6,2,29.047,340.349,0.739,600,19.509,541.359,0.515,0.928
293,11,1,28.977,338.791,0.739,604,19.485,543.221,0.516,0.928
294,10,1,29.07,338.791,0.74,607,19.378,548.704,0.521,0.935
295,4,0,28.814,338.791,0.735,607,19.243,541.539,0.519,0.927
296,12,1,28.93,338.093,0.739,607,19.185,550.893,0.521,0.932
297,10,0,29.674,338.093,0.742,604,19.251,560.079,0.515,0.94
298,6,0,29.884,338.0,0.741,605,19.277,562.285,0.511,0.941
299,6,0,30.116,338.0,0.739,604,19.337,560.144,0.508,0.942
300,7,1,30.395,338.0,0.744,602,19.191,570.083,0.508,0.946
301,11,0,31.14,338.0,0.742,606,18.911,589.441,0.513,0.96
302,13,2,31.837,338.07,0.745,608,18.858,601.202,0.51,0.966
303,2,0,31.884,337.907,0.747,601,19.006,593.825,0.502,0.962
304,8,1,32.581,338.465,0.749,596,18.948,607.288,0.5,0.969
305,4,0,32.814,338.465,0.75,597,18.945,613.238,0.5,0.971
306,6,0,28.651,326.86,0.721,596,25.206,554.024,0.497,0.914
307,10,2,29.023,327.07,0.725,599,25.159,561.707,0.499,0.924
308,9,1,29.953,328.884,0.733,596,25.108,577.949,0.495,0.939
309,8,1,30.186,328.302,0.727,600,25.028,585.701,0.497,0.945
310,5,1,30.791,327.256,0.731,594,25.142,593.144,0.494,0.952
311,7,0,31.349,327.256,0.734,594,25.094,598.747,0.492,0.958
312,5,1,31.674,327.256,0.739,587,24.789,605.861,0.487,0.959
313,9,0,31.791,327.256,0.738,591,24.745,611.718,0.49,0.962
314,7,1,31.791,327.209,0.739,589,24.794,599.45,0.486,0.96
315,7,0,31.977,333.395,0.748,592,20.511,605.602,0.492,0.96
316,6,0,32.628,334.256,0.757,590,20.27,614.727,0.491,0.966
317,4,0,33.233,332.907,0.758,584,20.01,615.861,0.487,0.97
318,7,0,33.465,332.767,0.759,586,20.414,612.925,0.486,0.972
319,13,0,33.372,332.767,0.759,597,20.307,618.348,0.492,0.973
320,3,0,33.884,332.767,0.758,590,20.322,619.909,0.488,0.976
321,11,3,34.256,333.651,0.758,593,20.298,623.981,0.488,0.978
322,6,0,34.512,341.302,0.761,595,14.447,626.644,0.488,0.976
323,12,1,34.0,335.116,0.757,598,20.276,623.692,0.495,0.979
324,7,1,34.209,335.116,0.756,599,20.237,626.121,0.497,0.981
325,7,1,34.302,335.116,0.76,599,20.202,624.958,0.496,0.981
326,6,0,34.535,334.605,0.76,594,20.063,623.099,0.492,0.981
327,13,1,34.628,334.884,0.756,601,19.93,629.186,0.497,0.983
328,4,0,34.721,336.698,0.756,599,18.579,632.65,0.498,0.983
329,4,0,27.744,329.209,0.729,594,25.055,513.579,0.498,0.89
330,13,0,27.884,328.628,0.732,601,24.855,526.038,0.504,0.901
331,4,0,28.581,328.488,0.734,595,24.858,536.381,0.5,0.915
332,5,0,29.07,328.488,0.733,594,24.742,547.889,0.503,0.928
333,4,0,28.953,328.488,0.73,594,24.686,550.598,0.504,0.927
334,10,4,29.744,329.326,0.735,594,20.529,568.537,0.503,0.934
335,7,1,30.07,329.326,0.734,594,20.585,575.759,0.502,0.938
336,5,2,30.023,329.326,0.738,589,20.675,571.584,0.497,0.933
337,8,2,30.256,334.395,0.743,586,19.429,577.304,0.494,0.932
338,6,2,30.442,334.302,0.745,584,19.613,577.306,0.493,0.936
339,5,0,30.791,335.674,0.75,578,19.622,575.666,0.489,0.938
340,8,1,27.814,340.558,0.729,579,20.188,501.936,0.49,0.862
341,8,0,28.651,341.488,0.732,581,19.362,523.237,0.492,0.891
342,8,2,26.721,332.977,0.714,579,26.874,475.194,0.492,0.851
343,13,4,27.047,332.977,0.719,579,26.686,478.467,0.493,0.864
344,11,0,27.558,332.977,0.721,580,26.805,483.24,0.489,0.876
345,8,1,27.651,332.977,0.722,582,26.012,493.195,0.493,0.883
346,5,0,27.791,332.977,0.722,578,26.061,488.898,0.488,0.88
347,12,0,28.349,332.791,0.732,585,25.749,508.606,0.496,0.906
348,11,0,29.0,332.791,0.738,589,25.151,528.165,0.5,0.925
349,10,0,29.279,332.791,0.739,590,25.072,533.092,0.5,0.931
350,3,1,29.605,332.791,0.739,584,25.089,532.072,0.496,0.933
351,5,0,29.884,338.395,0.745,583,20.939,544.702,0.497,0.932
352,7,0,30.884,338.395,0.753,583,19.39,567.161,0.497,0.946
353,6,0,22.791,337.674,0.663,586,22.099,425.49,0.495,0.6
354,6,0,23.209,337.674,0.669,588,21.98,435.0,0.497,0.636
355,10,1,23.698,337.674,0.669,588,21.91,445.593,0.497,0.67
356,10,0,24.233,337.837,0.671,587,21.841,453.393,0.495,0.7
357,6,0,24.488,337.837,0.67,586,21.86,453.913,0.49,0.702
358,1,0,24.721,337.837,0.676,581,21.787,456.386,0.485,0.7
359,13,0,25.628,337.837,0.692,583,20.394,470.036,0.485,0.748
360,8,0,25.93,337.837,0.696,589,20.193,476.582,0.489,0.774
361,8,0,26.884,337.837,0.708,588,19.949,496.184,0.485,0.812
362,13,0,27.07,337.837,0.705,592,19.764,495.843,0.49,0.831
363,6,0,26.977,337.93,0.707,591,19.477,496.198,0.491,0.828
364,7,0,27.488,337.767,0.705,591,19.525,505.157,0.49,0.847
365,7,0,27.628,337.953,0.687,590,19.533,503.427,0.488,0.848
366,5,0,28.14,337.953,0.69,590,19.505,512.257,0.486,0.865
367,8,0,28.814,337.953,0.69,589,19.511,525.45,0.484,0.885
368,6,0,29.395,338.093,0.704,585,19.461,527.26,0.481,0.897
369,9,1,30.698,339.349,0.708,580,19.238,553.2,0.482,0.93
370,2,0,30.698,339.349,0.712,575,19.339,544.861,0.478,0.926
371,11,0,30.837,339.419,0.714,579,19.3,540.519,0.478,0.928
372,8,1,31.023,339.419,0.713,582,19.115,550.394,0.481,0.935
373,7,0,31.163,339.419,0.717,583,19.096,551.739,0.478,0.935
374,6,0,31.209,338.186,0.718,578,19.275,553.115,0.473,0.931
375,9,1,31.767,338.488,0.719,581,19.138,568.27,0.476,0.944
376,6,0,31.86,338.488,0.728,579,19.057,569.776,0.476,0.945
377,13,0,32.279,338.488,0.73,586,18.767,586.956,0.484,0.956
378,7,1,32.512,338.488,0.732,585,18.834,592.578,0.482,0.958
379,5,0,32.558,337.465,0.733,582,19.186,581.656,0.478,0.957
380,8,2,26.07,331.256,0.673,580,25.946,475.006,0.479,0.789
381,6,0,26.465,331.302,0.675,576,26.048,476.168,0.473,0.796
382,8,0,26.163,330.698,0.676,578,26.069,474.906,0.474,0.781
383,11,3,27.116,330.698,0.682,572,22.265,493.203,0.473,0.807
384,6,1,27.535,330.698,0.689,572,22.241,496.936,0.472,0.825
385,5,1,27.93,330.651,0.691,570,22.262,504.095,0.472,0.841
386,6,1,28.488,330.651,0.705,566,22.29,506.439,0.468,0.857
387,10,1,29.326,330.651,0.709,564,22.159,519.617,0.466,0.882
388,4,1,29.186,330.651,0.706,566,22.07,521.621,0.469,0.882
389,11,1,29.674,331.767,0.711,569,21.932,536.015,0.472,0.901
390,10,0,29.721,330.651,0.71,572,21.836,542.182,0.474,0.904
391,7,1,30.0,330.558,0.71,570,22.065,549.343,0.473,0.911
392,7,0,29.372,329.0,0.702,572,29.808,539.51,0.473,0.916
393,5,0,29.605,329.0,0.706,570,27.389,541.538,0.471,0.913
394,6,0,29.605,329.14,0.702,570,26.29,542.441,0.47,0.909
395,10,0,29.907,329.14,0.708,571,26.419,548.335,0.472,0.918
396,9,1,29.907,329.302,0.71,576,25.878,555.156,0.478,0.924
397,5,1,30.14,329.302,0.706,570,25.915,551.463,0.473,0.924
398,6,0,30.326,330.023,0.707,572,25.835,557.728,0.475,0.93
399,5,0,30.233,329.581,0.707,568,25.824,555.119,0.475,0.928
400,8,1,30.419,329.605,0.708,568,25.838,563.577,0.475,0.931
401,2,0,30.721,329.605,0.707,564,25.876,563.647,0.472,0.935
402,2,0,30.581,329.605,0.705,563,25.971,559.854,0.471,0.931
403,9,0,30.767,329.605,0.704,565,25.918,561.014,0.472,0.936
404,7,1,31.14,329.605,0.708,562,25.661,571.625,0.473,0.943
405,12,0,31.651,329.605,0.703,567,25.741,587.227,0.478,0.954
406,8,1,31.907,330.186,0.706,563,25.818,579.611,0.474,0.955
407,6,1,31.744,330.186,0.705,567,25.749,581.854,0.477,0.955
408,6,1,31.977,329.86,0.705,558,26.011,578.077,0.469,0.953
409,11,1,32.372,329.86,0.709,561,25.834,592.25,0.471,0.96
410,4,1,32.605,330.558,0.711,562,25.805,600.566,0.473,0.963
411,13,2,32.791,330.233,0.71,563,25.802,596.253,0.471,0.964
412,3,1,32.837,330.233,0.712,552,25.969,591.986,0.463,0.96
413,6,1,33.07,330.233,0.711,551,25.91,601.664,0.465,0.964
414,5,0,32.977,330.233,0.71,555,25.909,597.909,0.466,0.964
415,9,0,33.163,330.233,0.716,555,25.839,598.39,0.468,0.966
416,12,1,33.558,330.372,0.712,564,25.703,605.261,0.471,0.971
417,13,0,34.047,337.535,0.716,569,19.808,617.359,0.476,0.972
418,5,0,33.953,337.535,0.718,563,20.047,604.637,0.467,0.968
419,6,0,29.581,331.837,0.701,563,24.86,535.869,0.468,0.901
420,2,0,29.837,331.837,0.702,554,24.971,535.975,0.458,0.896
421,4,0,30.023,331.419,0.704,552,24.973,538.238,0.458,0.901
422,6,0,30.512,331.651,0.707,547,24.882,546.899,0.456,0.911
423,7,0,30.326,331.651,0.713,544,24.815,544.198,0.458,0.908
424,5,0,31.674,331.814,0.719,531,24.913,550.868,0.445,0.926
425,6,0,31.884,330.395,0.729,533,24.825,562.326,0.45,0.935
426,11,1,32.093,330.395,0.731,535,24.612,565.804,0.448,0.936
427,13,0,32.326,330.395,0.735,542,24.216,580.154,0.452,0.943
428,9,0,32.628,330.395,0.732,547,24.031,582.944,0.458,0.952
429,9,0,33.047,330.395,0.729,551,24.001,592.337,0.46,0.959
430,4,0,32.837,330.395,0.733,546,24.222,575.398,0.45,0.95
431,13,0,32.744,330.116,0.726,555,23.954,585.856,0.456,0.952
432,7,0,32.977,330.116,0.723,553,23.932,588.37,0.452,0.953
433,12,0,33.302,337.047,0.729,560,18.278,615.863,0.459,0.954
434,10,0,29.651,333.279,0.707,562,20.511,562.285,0.462,0.881
435,10,0,29.93,333.279,0.714,569,20.166,569.281,0.469,0.899
436,9,1,30.326,332.884,0.716,567,19.64,573.27,0.466,0.904
437,11,0,30.558,334.721,0.727,567,18.155,580.444,0.468,0.908
438,10,1,30.767,335.233,0.73,569,18.157,584.714,0.464,0.909
439,6,0,30.953,339.442,0.738,570,17.003,595.008,0.467,0.914
440,13,0,31.047,339.581,0.737,577,16.757,605.073,0.471,0.92
441,5,0,31.209,339.581,0.735,575,16.743,604.848,0.469,0.922
442,3,0,31.837,339.581,0.738,569,16.663,619.297,0.468,0.934
443,4,1,32.07,339.581,0.741,566,11.849,615.756,0.465,0.925
444,7,1,32.395,339.395,0.743,565,16.67,612.047,0.462,0.939
445,5,0,32.558,338.163,0.74,562,16.747,610.168,0.457,0.937
446,6,0,33.256,338.14,0.743,558,16.554,631.069,0.458,0.95
447,4,0,33.721,338.14,0.748,552,16.581,633.143,0.454,0.953
448,7,0,33.721,338.14,0.746,555,16.512,636.369,0.457,0.955
449,11,0,33.721,337.558,0.746,558,16.42,644.389,0.462,0.958
450,4,0,33.721,337.558,0.747,555,16.219,642.353,0.46,0.957
451,7,0,23.628,342.605,0.652,556,24.742,435.08,0.464,0.572
452,5,0,24.047,342.605,0.652,553,24.659,440.533,0.461,0.594
453,5,0,24.674,342.605,0.663,544,24.723,444.474,0.454,0.616
454,8,1,24.86,342.651,0.669,550,24.548,449.242,0.459,0.646
455,11,1,25.465,342.651,0.671,556,24.112,462.363,0.465,0.704
456,8,0,26.395,342.535,0.682,551,23.852,465.489,0.463,0.754
457,9,0,26.349,342.535,0.682,552,23.945,462.747,0.46,0.742
458,10,0,27.07,342.558,0.686,552,23.376,474.989,0.462,0.784
459,11,1,27.791,342.558,0.688,556,23.147,502.985,0.467,0.83
460,5,0,28.163,342.93,0.693,556,23.029,512.098,0.47,0.851
461,5,1,28.395,342.93,0.696,554,23.051,513.456,0.468,0.856
462,8,2,28.674,342.93,0.7,556,22.881,518.708,0.47,0.87
463,11,0,29.186,342.93,0.712,563,22.752,529.587,0.477,0.896
464,13,1,29.419,342.93,0.714,569,22.616,542.123,0.479,0.905
465,12,1,29.744,342.93,0.717,570,17.633,544.585,0.478,0.898
466,7,0,29.837,342.93,0.719,574,17.597,547.668,0.481,0.904
467,11,1,23.721,335.674,0.673,574,24.163,425.346,0.472,0.605
468,13,0,24.442,338.14,0.679,581,24.008,440.213,0.473,0.659
469,9,0,25.163,338.07,0.68,582,18.491,458.045,0.478,0.685
470,7,0,25.07,338.07,0.68,585,18.43,460.91,0.483,0.693
471,12,0,23.605,338.209,0.645,586,15.737,434.697,0.481,0.559
472,9,3,24.116,329.116,0.633,588,24.543,445.236,0.484,0.676
473,13,1,25.233,329.349,0.646,593,24.432,468.84,0.484,0.747
474,5,0,25.535,331.116,0.647,591,24.412,478.03,0.484,0.763
475,9,0,25.767,331.023,0.646,594,24.471,483.537,0.487,0.784
476,13,1,26.465,336.372,0.66,599,20.342,497.711,0.491,0.807
477,8,0,27.302,336.372,0.683,601,20.133,515.448,0.493,0.848
478,11,0,27.93,336.372,0.693,603,18.532,537.222,0.498,0.873
479,10,0,28.721,336.605,0.681,611,17.999,552.86,0.508,0.91
480,11,0,22.93,345.791,0.65,609,20.517,461.392,0.498,0.609
481,13,1,23.605,345.581,0.672,612,20.503,483.814,0.503,0.675
482,5,0,24.209,345.581,0.672,609,20.403,500.646,0.503,0.714
483,9,1,24.581,345.767,0.679,612,20.09,509.229,0.509,0.75
484,9,0,25.14,345.767,0.682,617,19.886,525.095,0.512,0.788
485,4,0,25.349,345.651,0.69,614,19.657,528.232,0.507,0.786
486,4,0,25.349,345.651,0.689,610,19.684,523.767,0.504,0.779
487,12,0,25.744,345.651,0.688,617,14.618,530.003,0.511,0.787
488,13,2,26.698,340.558,0.702,625,22.775,565.958,0.522,0.885
489,12,3,27.047,340.558,0.699,627,17.94,574.952,0.524,0.883
490,9,0,27.535,340.558,0.699,626,17.884,579.068,0.521,0.893
491,5,0,27.674,340.558,0.698,619,17.848,577.037,0.515,0.888
492,10,0,27.558,340.558,0.699,623,17.837,577.145,0.519,0.891
493,5,0,28.023,340.558,0.702,619,17.81,583.36,0.514,0.899
494,7,0,28.651,340.558,0.715,620,17.693,591.678,0.513,0.913
495,7,0,29.186,340.558,0.718,622,17.666,599.783,0.511,0.924
496,10,1,27.744,324.047,0.711,622,20.055,565.509,0.51,0.891
497,11,0,28.767,326.163,0.717,624,14.498,584.002,0.508,0.901
498,3,0,29.186,326.163,0.717,619,14.394,595.38,0.508,0.911
499,9,0,29.465,326.233,0.709,622,13.986,605.8,0.511,0.921
500,12,2,29.651,325.186,0.711,627,18.966,614.222,0.517,0.941
501,4,1,30.07,325.186,0.722,619,18.921,621.916,0.512,0.944
502,6,3,30.209,325.186,0.728,619,18.864,620.838,0.513,0.947
503,6,1,30.86,325.186,0.732,615,18.808,622.417,0.509,0.953
504,6,0,31.279,325.512,0.729,613,17.318,632.815,0.507,0.956
505,8,0,31.465,325.512,0.733,615,17.145,646.166,0.513,0.961
506,9,0,25.395,332.651,0.72,616,23.378,510.075,0.514,0.823
507,9,1,25.86,332.651,0.719,621,23.197,522.437,0.519,0.852
508,12,1,26.628,337.605,0.732,623,17.648,540.879,0.522,0.865
509,6,0,27.326,337.605,0.735,621,17.641,551.405,0.519,0.884
510,3,0,28.442,337.605,0.739,611,17.589,566.561,0.51,0.903
511,3,0,28.86,337.605,0.741,608,16.174,570.51,0.506,0.906
512,13,1,29.395,329.558,0.725,608,23.0,574.807,0.503,0.932
513,8,1,29.442,329.558,0.727,605,23.098,573.661,0.499,0.929
514,9,2,30.372,329.558,0.728,604,23.05,589.58,0.497,0.944
515,13,5,30.674,330.209,0.731,602,23.07,589.926,0.493,0.946
516,10,1,31.14,330.209,0.736,600,23.066,594.63,0.494,0.953
517,12,0,31.233,330.209,0.735,606,22.894,600.753,0.499,0.958
518,9,0,31.535,330.256,0.736,610,22.81,601.072,0.498,0.961
519,4,0,32.0,330.256,0.739,608,22.929,609.864,0.493,0.963
520,6,1,32.093,330.256,0.744,605,22.874,612.953,0.491,0.964
521,10,1,32.581,329.605,0.747,604,22.718,626.449,0.492,0.969
522,7,1,32.767,329.605,0.748,604,22.664,631.798,0.492,0.97
523,6,0,32.488,331.558,0.752,599,17.596,621.211,0.489,0.96
524,8,0,30.977,330.163,0.721,598,23.733,605.029,0.487,0.947
525,11,0,31.442,338.023,0.722,601,19.441,620.867,0.494,0.952
526,9,1,31.837,337.535,0.727,602,19.35,628.979,0.494,0.958
527,10,0,32.535,337.535,0.729,599,19.26,632.761,0.491,0.964
528,7,0,32.605,337.814,0.729,600,19.153,636.08,0.493,0.966
529,7,0,32.698,337.814,0.728,603,19.056,651.182,0.499,0.969
530,2,0,32.884,337.814,0.729,601,19.114,649.285,0.497,0.97
531,8,0,33.116,337.814,0.729,601,19.169,650.867,0.495,0.971
532,8,0,33.209,338.07,0.73,602,19.052,652.573,0.496,0.972
533,7,1,33.535,338.07,0.73,603,18.972,661.859,0.497,0.976
534,11,2,33.395,340.256,0.738,608,13.368,675.813,0.505,0.973
535,11,1,33.302,339.605,0.736,611,18.815,672.992,0.507,0.977
536,7,0,22.86,326.302,0.653,610,25.278,452.906,0.503,0.657
537,4,0,23.628,326.302,0.66,602,25.219,457.524,0.497,0.689
538,10,1,24.419,331.558,0.68,608,20.434,477.634,0.508,0.739
539,9,1,24.372,331.837,0.676,609,20.431,476.437,0.505,0.73
540,7,1,24.884,331.837,0.676,609,20.307,481.133,0.505,0.759
541,9,0,25.349,331.837,0.684,609,20.198,497.635,0.504,0.782
542,10,1,26.093,332.419,0.683,611,19.971,522.585,0.509,0.828
543,8,0,26.093,333.442,0.686,616,14.412,531.101,0.513,0.81
544,7,0,26.302,333.442,0.685,620,14.32,540.399,0.517,0.827
545,7,1,28.442,340.0,0.712,622,19.285,590.155,0.524,0.925
546,8,1,29.07,340.0,0.717,618,19.427,598.825,0.519,0.933
547,11,2,29.07,340.791,0.723,621,19.376,594.028,0.518,0.931
548,6,2,29.349,340.791,0.718,617,19.586,594.125,0.511,0.931
549,8,3,29.651,340.791,0.723,610,20.12,585.747,0.5,0.928
550,8,0,29.884,340.791,0.71,611,24.157,590.998,0.499,0.939
551,2,0,30.442,340.791,0.712,602,24.233,596.096,0.491,0.943
552,8,1,30.581,340.791,0.711,603,24.195,603.179,0.493,0.947
553,6,1,31.326,340.837,0.717,602,23.846,608.935,0.492,0.956
554,10,1,32.023,340.837,0.718,598,23.748,626.411,0.493,0.964
555,6,1,32.419,340.837,0.721,596,23.691,635.358,0.493,0.969
556,9,1,32.93,340.837,0.721,596,23.654,643.539,0.492,0.973
557,9,3,33.349,340.837,0.721,597,23.628,652.594,0.491,0.976
558,12,1,33.488,340.884,0.725,598,19.482,651.165,0.489,0.973
559,3,0,33.814,340.884,0.725,597,19.436,656.046,0.49,0.975
560,8,1,33.907,340.93,0.723,599,19.4,662.296,0.491,0.976
561,11,3,34.093,340.93,0.722,602,19.312,672.28,0.496,0.979
562,5,1,34.326,340.93,0.723,602,19.304,677.867,0.496,0.981
563,9,2,34.023,340.14,0.725,598,19.443,664.87,0.492,0.978
564,4,0,33.884,340.14,0.725,596,19.414,658.837,0.492,0.977
565,13,2,33.837,340.14,0.726,600,19.08,663.638,0.498,0.978
566,13,3,33.977,340.14,0.726,600,17.49,672.309,0.501,0.979
567,5,0,33.977,340.14,0.725,600,17.446,672.034,0.502,0.979
568,11,0,34.256,340.14,0.724,604,18.864,676.588,0.501,0.981
569,3,1,34.395,340.14,0.727,596,18.866,668.784,0.496,0.981
570,12,0,29.907,349.279,0.717,601,23.677,566.179,0.497,0.938
571,9,1,29.721,349.279,0.712,603,23.698,560.257,0.496,0.933
572,7,1,29.721,349.279,0.713,606,23.628,565.158,0.499,0.936
573,10,0,29.674,349.279,0.712,614,23.474,569.97,0.508,0.942
574,5,2,30.093,349.279,0.714,608,23.481,578.075,0.506,0.947
575,9,3,30.233,349.279,0.718,608,23.478,581.451,0.504,0.948
576,8,1,30.791,349.279,0.721,604,23.493,585.931,0.497,0.951
577,6,0,31.349,349.395,0.73,600,19.314,593.908,0.493,0.95
578,9,1,31.349,349.395,0.732,603,19.253,596.379,0.497,0.953
579,7,0,31.86,349.395,0.738,605,19.122,609.809,0.499,0.961
580,6,1,32.0,349.395,0.738,606,19.07,613.076,0.502,0.964
581,6,0,32.372,349.395,0.735,607,19.036,621.637,0.501,0.967
582,7,0,32.465,349.395,0.737,604,19.2,612.366,0.495,0.965
583,13,2,32.744,349.395,0.74,611,18.995,623.243,0.5,0.97
584,5,0,32.744,347.581,0.735,603,19.018,619.197,0.498,0.969
585,13,3,32.837,347.581,0.735,602,19.117,615.554,0.496,0.969
586,10,0,24.907,328.14,0.68,605,25.6,434.107,0.497,0.77
587,11,1,25.744,330.721,0.685,605,20.942,454.696,0.5,0.795
588,11,0,26.698,330.814,0.702,607,20.862,473.231,0.5,0.84
589,7,0,26.93,329.535,0.705,609,20.676,483.033,0.501,0.851
590,3,0,26.977,328.651,0.709,604,20.985,473.649,0.492,0.837
591,5,1,27.442,329.047,0.707,600,20.62,478.513,0.488,0.845
592,9,1,28.186,329.07,0.709,594,20.568,489.07,0.484,0.868
593,5,1,28.628,330.163,0.718,587,20.629,487.971,0.479,0.874
594,12,0,28.93,330.814,0.716,588,20.527,494.876,0.481,0.887
595,13,0,29.442,332.209,0.726,596,20.196,508.408,0.493,0.915
596,10,0,29.581,333.279,0.731,595,20.198,510.207,0.492,0.918
597,12,1,29.791,333.279,0.731,600,20.065,517.258,0.496,0.926
598,7,1,30.093,332.93,0.737,597,20.096,521.312,0.492,0.929
599,9,0,30.465,333.093,0.74,594,20.085,523.787,0.486,0.93
600,12,0,30.395,332.093,0.744,598,20.153,520.865,0.486,0.929
601,6,0,30.721,332.093,0.747,599,20.203,527.097,0.482,0.932
602,12,0,31.535,332.209,0.745,599,20.089,542.615,0.482,0.946
603,11,0,32.0,332.488,0.751,605,19.996,557.543,0.484,0.954
604,11,0,32.581,333.14,0.748,605,20.069,559.514,0.482,0.961
605,8,1,33.0,333.14,0.754,608,19.956,566.635,0.482,0.965
606,8,1,33.419,333.14,0.761,607,19.869,574.26,0.481,0.969
607,10,0,23.86,338.93,0.673,611,27.575,408.865,0.484,0.68
608,6,0,24.558,337.791,0.671,606,23.771,424.958,0.485,0.704
609,6,0,25.465,339.302,0.671,607,23.773,444.951,0.486,0.76
610,5,0,26.209,339.233,0.689,602,22.281,453.936,0.481,0.782
611,13,2,26.395,338.93,0.689,605,22.017,464.066,0.488,0.806
612,13,2,27.093,339.14,0.697,611,20.384,483.606,0.493,0.841
613,6,0,27.884,339.14,0.702,605,20.282,492.333,0.49,0.866
614,8,0,25.395,347.023,0.678,608,27.485,452.437,0.491,0.791
615,9,0,26.372,347.116,0.686,605,27.47,465.312,0.485,0.824
616,3,0,26.744,347.256,0.692,601,23.513,467.734,0.483,0.819
617,5,0,27.488,347.256,0.706,601,21.789,485.591,0.485,0.847
618,9,0,28.047,347.256,0.708,603,21.037,491.19,0.485,0.866
619,11,0,28.744,347.535,0.706,605,21.022,506.597,0.486,0.89
620,11,0,29.302,349.256,0.713,611,20.852,524.469,0.491,0.911
621,8,0,30.0,349.256,0.715,612,20.827,535.289,0.487,0.924
622,7,1,30.07,348.14,0.715,611,21.403,530.447,0.486,0.926
623,8,0,30.302,348.14,0.718,611,21.426,535.079,0.484,0.929
624,9,0,30.86,348.14,0.731,614,19.26,545.22,0.487,0.938
625,6,0,31.233,348.14,0.733,612,19.238,551.221,0.484,0.942
626,9,0,31.14,348.14,0.736,618,19.156,555.22,0.489,0.943
627,8,0,31.651,348.14,0.74,618,18.736,565.745,0.487,0.95
628,7,0,31.744,348.14,0.746,618,13.282,568.803,0.486,0.941
629,5,0,31.884,348.0,0.75,613,12.675,568.169,0.481,0.938
630,10,0,32.256,348.186,0.751,616,12.562,569.794,0.483,0.946
631,7,1,33.419,347.953,0.745,612,19.788,582.71,0.478,0.967
632,9,0,33.977,347.953,0.745,613,19.621,599.794,0.482,0.974
633,7,2,34.442,347.953,0.745,610,19.602,609.086,0.482,0.977
634,4,1,34.674,347.953,0.744,607,19.43,613.451,0.478,0.978
635,5,2,34.907,347.953,0.748,604,19.43,612.984,0.477,0.979
636,5,0,34.907,347.953,0.748,603,19.892,608.716,0.475,0.978
637,12,1,35.326,347.953,0.76,607,19.023,620.589,0.478,0.981
638,4,1,35.512,347.953,0.763,602,18.542,619.535,0.476,0.981
639,9,0,35.93,347.953,0.764,603,18.393,633.556,0.479,0.984
640,0,0,35.791,347.953,0.763,591,18.653,621.09,0.472,0.982
641,8,0,29.977,346.186,0.704,594,25.232,511.722,0.476,0.922
642,6,0,30.302,346.186,0.703,591,25.217,516.046,0.473,0.926
643,1,0,30.279,346.186,0.703,589,25.263,515.818,0.472,0.924
644,8,0,30.233,346.186,0.703,594,25.22,518.576,0.475,0.927
645,4,0,30.488,346.349,0.71,594,24.928,527.372,0.474,0.93
646,6,2,30.767,346.349,0.717,588,24.902,532.415,0.476,0.937
647,7,0,30.86,346.349,0.718,591,24.604,531.567,0.476,0.939
648,5,0,31.0,346.349,0.714,591,24.307,537.768,0.476,0.94
649,6,0,31.326,346.349,0.718,588,24.287,536.101,0.474,0.944
650,13,0,31.884,346.209,0.717,595,24.077,554.045,0.481,0.956
651,9,1,32.395,342.488,0.718,591,24.051,568.238,0.48,0.962
652,7,2,32.628,342.488,0.721,589,24.114,562.059,0.475,0.962
653,4,1,32.907,343.721,0.726,585,24.174,559.538,0.469,0.962
654,8,0,33.233,343.721,0.729,587,24.116,564.479,0.469,0.966
655,9,0,33.558,344.419,0.73,588,23.917,584.46,0.473,0.97
656,10,0,34.07,345.698,0.734,593,23.747,599.024,0.479,0.977
657,11,2,34.349,345.837,0.75,595,18.305,611.749,0.481,0.975
658,10,1,28.605,339.651,0.708,599,24.733,477.67,0.479,0.888
659,10,1,29.488,339.721,0.713,599,24.57,501.853,0.482,0.915
660,8,0,29.721,339.721,0.714,604,20.809,511.112,0.483,0.913
661,11,0,29.884,339.814,0.72,605,20.229,514.076,0.484,0.916
662,13,0,30.372,348.116,0.721,610,20.007,529.602,0.485,0.928
663,13,1,30.977,348.163,0.729,616,19.771,549.06,0.491,0.944
664,8,1,31.047,348.163,0.731,611,18.59,537.797,0.485,0.938
665,5,0,31.302,348.163,0.733,611,13.752,543.128,0.485,0.933
666,7,0,31.86,347.093,0.735,609,12.254,550.721,0.487,0.942
667,9,0,31.628,345.953,0.731,612,12.22,546.849,0.491,0.941
668,7,0,31.977,345.953,0.74,609,11.998,543.788,0.485,0.942
669,11,1,31.837,346.465,0.741,614,17.241,544.837,0.487,0.95
670,9,0,28.465,346.953,0.705,616,19.527,513.839,0.489,0.88
671,4,1,28.698,346.953,0.708,611,19.616,512.192,0.481,0.877
672,5,0,29.581,346.953,0.72,609,19.593,523.427,0.481,0.903
673,8,0,30.047,346.953,0.72,610,18.48,545.809,0.485,0.917
674,9,1,28.326,339.558,0.692,609,25.018,502.37,0.481,0.882
675,6,0,28.977,346.558,0.697,611,19.057,523.938,0.484,0.888
676,8,1,29.791,346.372,0.7,602,19.059,528.961,0.475,0.9
677,12,1,30.279,347.256,0.707,603,19.071,535.297,0.471,0.908
678,10,0,29.884,347.256,0.707,604,19.0,531.394,0.475,0.901
679,9,0,30.326,347.256,0.709,604,18.624,534.22,0.472,0.908
680,8,0,30.326,347.093,0.711,600,18.834,531.286,0.473,0.91
681,4,0,30.651,347.093,0.711,600,18.768,536.945,0.474,0.919
682,13,0,31.047,347.093,0.72,609,13.18,554.18,0.482,0.924
683,5,3,32.163,345.698,0.716,606,17.858,584.192,0.481,0.952
684,13,2,33.14,347.326,0.717,608,17.813,605.744,0.48,0.963
685,13,1,30.349,336.86,0.719,614,23.339,571.008,0.494,0.942
686,12,0,30.767,336.86,0.725,621,23.215,588.472,0.498,0.952
687,3,0,31.023,336.953,0.727,619,23.252,588.626,0.497,0.954
688,10,1,31.488,338.907,0.732,621,23.192,599.117,0.495,0.959
689,8,0,31.349,338.581,0.732,621,23.286,597.449,0.494,0.957
690,5,0,31.581,338.581,0.732,620,23.198,600.546,0.495,0.96
691,11,0,31.884,343.977,0.735,620,18.979,611.394,0.497,0.959
692,6,1,32.116,343.977,0.739,622,18.883,613.342,0.498,0.963
693,4,0,32.349,343.977,0.735,619,18.946,612.953,0.496,0.964
694,8,1,33.023,343.977,0.751,616,17.472,632.893,0.496,0.969
695,13,1,24.953,349.163,0.662,624,18.657,470.689,0.497,0.73
696,5,0,25.14,349.163,0.667,619,18.891,469.768,0.492,0.728
697,8,0,25.977,349.163,0.682,617,15.055,493.172,0.493,0.757
698,4,0,26.209,349.163,0.684,616,15.028,493.996,0.491,0.765
699,9,0,26.674,349.163,0.684,619,13.939,506.831,0.493,0.787
700,5,0,26.814,349.302,0.685,618,13.864,509.152,0.491,0.79
701,4,0,27.047,349.302,0.683,615,14.116,511.326,0.487,0.793
702,5,0,27.605,349.302,0.693,607,13.612,521.104,0.478,0.798
703,7,0,28.07,349.302,0.695,607,13.391,530.5,0.48,0.824
704,6,0,28.395,349.302,0.697,607,13.395,538.48,0.48,0.837
705,11,0,28.558,349.302,0.698,607,12.755,539.012,0.481,0.845
706,5,0,28.698,349.302,0.704,603,12.618,534.682,0.479,0.844
707,6,0,28.791,349.302,0.703,601,12.677,537.599,0.477,0.845
708,11,2,29.372,349.302,0.706,603,17.697,542.05,0.475,0.882
709,8,0,29.698,349.302,0.704,608,17.536,552.004,0.479,0.897
710,10,0,30.256,349.302,0.702,611,17.364,569.446,0.483,0.916
711,8,1,30.767,349.302,0.709,611,17.175,575.269,0.485,0.93
712,4,0,31.372,349.302,0.715,606,17.127,580.955,0.485,0.941
713,6,2,31.744,348.605,0.717,601,17.071,583.785,0.481,0.944
714,9,1,31.512,346.442,0.718,601,17.171,572.664,0.477,0.936
715,13,1,32.209,347.326,0.727,603,16.999,591.039,0.484,0.953
716,9,2,32.186,347.326,0.726,608,16.976,598.516,0.487,0.954
717,7,2,32.0,347.326,0.727,603,17.051,587.906,0.483,0.949
718,8,0,31.814,347.326,0.731,602,17.209,582.602,0.478,0.943
719,9,2,32.0,346.558,0.727,602,17.09,589.771,0.48,0.947
720,6,2,32.698,346.558,0.731,593,17.161,595.754,0.471,0.951
721,6,0,32.744,345.907,0.729,586,17.301,587.698,0.463,0.947
722,9,0,32.884,344.465,0.735,585,16.691,594.867,0.466,0.95
723,9,1,32.93,349.047,0.735,588,16.614,600.206,0.469,0.953
724,6,1,33.209,349.047,0.737,584,16.665,602.397,0.464,0.953
725,5,0,32.93,349.047,0.726,582,16.386,598.028,0.466,0.95
726,10,1,32.791,349.047,0.72,585,16.293,604.08,0.472,0.952
727,5,0,32.767,349.047,0.723,587,16.268,610.451,0.474,0.953
728,10,0,32.814,349.884,0.723,593,16.103,622.107,0.483,0.959
729,6,0,33.093,349.884,0.731,594,15.96,635.47,0.485,0.963
730,8,0,33.349,349.884,0.735,597,15.84,644.714,0.486,0.966
731,11,0,23.465,329.651,0.623,600,21.118,432.598,0.485,0.608
732,5,0,24.07,329.791,0.627,599,21.048,440.567,0.483,0.642
733,13,0,24.86,330.209,0.64,602,20.783,456.579,0.487,0.709
734,6,0,25.419,330.209,0.642,602,20.701,470.957,0.486,0.74
735,7,0,25.419,330.209,0.653,600,20.612,468.89,0.486,0.738
736,6,0,25.698,330.279,0.653,594,20.661,470.703,0.482,0.744
737,9,0,26.256,330.581,0.653,598,18.919,495.156,0.489,0.785
738,6,1,26.767,330.581,0.662,599,18.721,505.247,0.492,0.815
739,12,0,27.93,330.767,0.667,600,18.565,525.633,0.489,0.859
740,5,0,27.884,330.721,0.667,600,18.573,526.027,0.49,0.859
741,8,0,23.884,332.023,0.638,597,25.156,422.698,0.486,0.671
742,6,0,24.349,332.023,0.651,594,20.149,426.573,0.484,0.66
743,10,0,24.744,332.023,0.655,595,19.93,434.199,0.482,0.68
744,6,0,25.488,332.628,0.676,591,19.734,448.363,0.48,0.72
745,5,0,26.093,332.628,0.681,591,19.543,457.09,0.482,0.759
746,9,1,26.791,325.767,0.688,589,19.757,466.543,0.479,0.792
747,5,0,27.209,325.767,0.696,585,19.664,476.978,0.477,0.807
748,13,0,27.814,326.233,0.686,591,19.047,496.026,0.49,0.858
749,5,0,28.372,326.233,0.687,586,19.045,502.292,0.486,0.87
750,7,0,28.93,328.86,0.696,586,18.928,515.412,0.487,0.89
751,11,2,29.558,330.0,0.702,589,18.752,529.404,0.49,0.911
752,13,2,29.791,329.581,0.703,593,18.67,533.611,0.493,0.92
753,8,2,30.0,330.651,0.706,589,18.745,538.93,0.489,0.921
754,9,1,30.047,330.628,0.703,590,18.439,543.609,0.49,0.922
755,13,3,31.023,329.581,0.706,588,18.303,561.594,0.489,0.94
756,9,1,31.628,329.605,0.708,585,18.175,569.819,0.486,0.948
757,9,1,32.186,329.419,0.704,582,18.043,580.224,0.488,0.957
758,5,1,32.721,329.419,0.708,577,18.103,582.54,0.481,0.96
759,8,1,33.047,329.907,0.711,574,18.116,587.008,0.478,0.962
760,8,0,33.047,329.628,0.715,575,18.156,588.394,0.476,0.96
761,9,0,33.209,329.0,0.717,577,18.08,588.84,0.479,0.964
762,13,1,32.721,329.14,0.716,584,14.351,587.029,0.485,0.957
763,13,0,33.093,333.023,0.73,588,12.762,602.877,0.493,0.964
764,5,0,33.372,334.349,0.726,585,11.862,601.87,0.486,0.962
765,9,0,32.744,337.07,0.712,585,17.039,604.421,0.49,0.963
766,9,2,32.744,337.93,0.717,583,11.993,604.862,0.489,0.956
767,10,2,31.837,337.163,0.71,584,17.168,583.423,0.49,0.952
768,4,1,32.07,337.163,0.712,580,17.199,587.88,0.484,0.951
769,7,0,32.558,337.163,0.709,585,17.042,606.369,0.489,0.961
770,9,1,33.14,337.163,0.721,585,16.984,623.869,0.493,0.969
771,11,0,33.047,337.465,0.718,590,16.944,621.296,0.496,0.969
772,6,0,32.953,337.465,0.716,591,16.968,614.852,0.495,0.968
773,8,1,30.837,329.605,0.698,590,23.692,554.048,0.495,0.951
774,5,0,31.07,329.605,0.698,591,23.616,561.187,0.496,0.955
775,9,0,30.698,329.279,0.7,589,18.961,550.683,0.491,0.937
776,8,0,30.977,329.279,0.699,593,18.748,559.623,0.495,0.945
777,13,0,31.605,330.116,0.709,600,14.269,584.084,0.499,0.951
778,9,1,28.837,334.907,0.693,604,19.427,577.292,0.503,0.91
779,4,0,29.163,334.907,0.703,604,19.19,585.926,0.502,0.917
780,8,1,29.442,335.047,0.705,601,19.253,586.662,0.498,0.918
781,6,0,30.0,336.465,0.714,602,18.659,597.667,0.5,0.931
782,11,0,30.372,336.465,0.717,605,18.154,602.235,0.5,0.938
783,7,2,26.186,344.605,0.718,601,20.665,494.961,0.499,0.814
784,8,3,26.884,344.535,0.72,600,20.549,512.411,0.498,0.842
785,12,2,27.023,344.535,0.721,607,20.466,515.231,0.501,0.853
786,13,1,27.953,344.535,0.723,612,20.096,528.961,0.504,0.889
787,5,0,28.302,344.535,0.729,608,20.233,528.172,0.497,0.89
788,13,0,29.14,344.814,0.737,598,18.582,549.719,0.491,0.901
789,8,0,29.233,344.698,0.736,599,18.604,556.454,0.492,0.905
790,10,0,29.767,344.465,0.738,598,18.482,568.258,0.494,0.92
791,10,2,30.186,344.326,0.74,597,18.523,575.587,0.492,0.927
792,7,0,28.302,349.233,0.716,590,24.954,520.047,0.487,0.891
793,4,0,28.767,349.233,0.717,585,24.874,537.129,0.488,0.906
794,8,0,29.372,345.86,0.719,584,20.325,544.29,0.483,0.903
795,12,5,29.605,345.86,0.719,587,20.266,553.426,0.486,0.911
796,9,3,29.837,345.767,0.726,586,14.032,555.266,0.484,0.897
797,8,0,30.07,345.767,0.726,587,14.01,562.154,0.484,0.904
798,9,0,30.977,344.0,0.732,588,19.848,579.525,0.487,0.941
799,8,1,31.163,344.0,0.739,587,19.846,574.831,0.48,0.938
800,8,0,31.302,344.07,0.741,590,19.726,583.012,0.483,0.943
801,8,0,31.535,344.07,0.742,594,19.674,596.965,0.485,0.948
802,8,0,31.651,341.605,0.742,596,19.659,606.996,0.488,0.952
803,3,1,31.977,341.605,0.736,590,19.717,606.326,0.484,0.954
804,9,0,32.535,347.651,0.728,593,20.171,606.606,0.487,0.963
805,10,0,33.395,348.256,0.734,592,20.024,614.442,0.487,0.972
806,10,1,33.558,348.256,0.737,594,19.921,629.775,0.493,0.975
807,6,1,33.721,346.558,0.739,589,15.638,628.809,0.489,0.971
808,6,1,33.419,347.488,0.714,588,23.061,624.95,0.488,0.975
809,7,0,32.953,347.326,0.713,587,22.982,608.414,0.483,0.969
810,7,0,33.372,347.256,0.72,585,23.011,616.804,0.479,0.97
811,12,2,33.442,346.791,0.73,587,22.847,620.991,0.486,0.974
812,7,0,33.349,346.791,0.73,589,14.052,627.527,0.492,0.967
813,8,0,33.628,347.535,0.729,590,13.676,637.544,0.493,0.97
814,10,1,33.163,348.14,0.73,593,22.169,623.844,0.493,0.974
815,13,0,33.837,349.535,0.727,595,21.906,633.967,0.496,0.979
816,7,0,34.163,349.442,0.728,592,21.888,649.097,0.496,0.981
817,7,0,34.721,349.442,0.736,593,21.674,655.392,0.498,0.985
818,5,0,34.628,349.442,0.734,595,21.71,650.839,0.498,0.984
819,8,1,34.209,349.442,0.735,592,21.754,642.184,0.496,0.981
820,8,0,34.814,349.442,0.74,591,16.941,649.334,0.492,0.981
821,12,1,34.977,349.442,0.74,601,17.721,655.016,0.497,0.984
822,6,1,23.047,332.721,0.629,602,25.346,410.156,0.496,0.648
823,8,0,23.767,332.721,0.642,601,25.156,426.667,0.498,0.701
824,10,1,24.767,332.721,0.647,602,24.982,445.105,0.496,0.757
825,6,1,25.093,331.14,0.647,601,24.941,452.149,0.496,0.773
826,7,0,25.465,328.814,0.652,598,24.864,454.663,0.495,0.791
827,6,0,26.023,330.488,0.655,598,24.773,460.033,0.496,0.821
828,5,1,26.349,330.488,0.665,592,24.902,451.105,0.487,0.815
829,9,0,26.814,330.488,0.668,596,24.687,468.992,0.493,0.848
830,11,2,26.814,336.907,0.669,592,24.097,467.673,0.49,0.839
831,9,2,27.186,336.907,0.67,595,23.967,479.776,0.495,0.862
832,6,0,27.651,340.791,0.687,596,19.557,496.711,0.5,0.87
833,10,0,28.07,340.791,0.69,599,14.474,507.285,0.501,0.868
834,10,1,28.372,335.047,0.718,602,19.219,515.985,0.502,0.895
835,10,0,28.93,336.395,0.726,606,14.214,528.164,0.506,0.903
836,9,1,28.744,336.186,0.725,608,19.08,528.587,0.513,0.918
837,6,1,28.93,336.186,0.728,606,19.125,529.703,0.508,0.918
838,5,0,29.395,336.442,0.728,607,19.009,543.49,0.51,0.93
839,11,2,29.581,336.442,0.727,610,18.96,546.59,0.513,0.936
840,9,0,30.047,336.465,0.728,612,17.844,552.517,0.511,0.941
841,9,0,30.674,336.465,0.737,609,17.263,575.916,0.516,0.953
842,8,0,31.302,336.465,0.743,608,12.444,592.684,0.513,0.953
843,8,0,31.326,336.465,0.747,608,15.576,606.285,0.52,0.962
844,6,2,31.651,335.814,0.752,606,15.166,608.268,0.518,0.964
845,8,0,21.744,325.93,0.63,607,24.966,400.331,0.51,0.598
846,8,0,22.953,328.047,0.652,604,24.261,423.477,0.508,0.671
847,7,0,23.744,328.047,0.662,604,24.071,439.877,0.507,0.719
848,11,0,24.884,328.047,0.67,604,23.856,452.674,0.507,0.785
849,5,0,25.14,328.047,0.671,604,23.849,454.349,0.505,0.794
850,4,0,25.279,328.047,0.671,601,23.59,456.248,0.504,0.797
851,13,1,25.814,328.047,0.684,605,23.429,466.115,0.508,0.83
852,4,1,26.07,328.047,0.685,604,23.346,467.385,0.507,0.838
853,7,0,26.814,328.047,0.69,602,19.597,479.579,0.504,0.847
854,5,0,26.977,328.047,0.694,597,19.679,481.127,0.502,0.85
855,10,1,27.186,328.047,0.694,598,19.53,484.062,0.502,0.857
856,12,2,27.605,328.651,0.699,602,14.342,494.691,0.5,0.848
857,13,0,27.791,328.581,0.7,607,14.317,500.957,0.505,0.864
858,10,0,28.023,328.581,0.701,609,14.407,503.669,0.507,0.877
859,6,0,28.814,332.186,0.703,604,13.939,516.367,0.503,0.894
860,8,1,29.372,332.07,0.706,604,19.068,525.596,0.502,0.921
861,5,1,29.791,332.07,0.709,604,19.047,534.456,0.499,0.928
862,13,0,30.116,332.07,0.707,611,18.877,544.383,0.504,0.938
863,6,0,30.395,332.07,0.706,613,18.848,548.608,0.504,0.943
864,6,0,30.442,335.326,0.71,615,18.751,551.937,0.508,0.947
865,11,1,31.0,335.628,0.718,615,18.674,562.741,0.51,0.956
866,9,1,30.86,334.535,0.726,614,17.488,563.902,0.509,0.951
867,3,0,31.0,334.535,0.726,605,17.154,558.705,0.498,0.945
868,11,0,31.279,334.558,0.728,609,17.04,568.949,0.501,0.951
869,13,3,27.884,334.163,0.712,612,22.752,511.378,0.503,0.894
870,7,0,28.628,334.465,0.718,614,14.372,525.49,0.504,0.891
871,7,0,29.047,334.465,0.719,616,14.249,542.508,0.506,0.905
872,9,0,29.419,334.465,0.717,618,14.146,551.655,0.507,0.916
873,5,1,29.767,334.419,0.72,616,22.35,554.846,0.505,0.939
874,12,0,30.326,335.186,0.721,621,22.101,582.0,0.513,0.954
875,9,3,30.442,335.186,0.718,619,22.128,587.371,0.512,0.954
876,6,0,30.814,335.186,0.724,620,16.874,593.054,0.514,0.953
877,8,0,31.233,335.372,0.725,619,13.383,598.975,0.512,0.953
878,13,2,31.512,335.419,0.729,623,17.187,608.968,0.515,0.963
879,7,0,31.535,334.744,0.727,626,17.104,608.698,0.517,0.964
880,5,0,31.535,334.837,0.725,625,18.187,608.256,0.515,0.964
881,8,2,32.093,335.698,0.735,619,18.195,606.969,0.509,0.967
882,8,1,32.884,336.558,0.744,614,18.215,616.067,0.504,0.972
883,8,0,32.791,336.558,0.752,614,16.434,619.814,0.507,0.971
884,7,2,33.209,336.558,0.755,613,16.34,629.347,0.506,0.974
885,8,1,27.395,339.0,0.726,608,21.524,490.947,0.5,0.869
886,13,1,28.0,339.0,0.728,612,21.387,504.226,0.504,0.895
887,6,1,28.093,339.0,0.727,611,21.423,502.359,0.501,0.893
888,7,0,28.651,338.814,0.728,609,21.476,509.374,0.497,0.904
889,7,0,28.884,338.814,0.728,612,21.293,518.97,0.504,0.918
890,10,0,29.721,339.093,0.734,613,17.803,549.007,0.507,0.931
891,11,0,30.326,338.837,0.737,616,11.987,561.766,0.51,0.934
892,13,0,30.884,339.023,0.739,620,11.713,575.762,0.511,0.944
893,8,1,30.349,339.023,0.738,618,16.626,556.926,0.509,0.942
894,7,0,30.512,339.023,0.741,615,16.431,564.005,0.511,0.946
895,6,2,30.651,339.023,0.742,611,15.985,561.351,0.508,0.945
896,6,0,30.558,339.023,0.741,612,15.959,563.606,0.51,0.945
897,3,0,30.581,339.023,0.741,610,15.971,565.328,0.51,0.945
898,13,0,31.116,339.581,0.741,618,15.865,575.842,0.512,0.955
899,10,0,31.349,339.953,0.741,621,15.258,582.525,0.513,0.958
900,8,1,31.721,339.953,0.744,621,15.088,588.998,0.51,0.96
901,10,1,32.419,339.953,0.749,621,15.046,600.099,0.508,0.967
902,6,1,24.512,346.279,0.685,620,21.534,452.198,0.501,0.733
903,4,0,25.302,346.442,0.686,613,21.416,460.179,0.498,0.769
904,11,1,26.093,346.488,0.696,613,18.37,477.882,0.5,0.799
905,5,0,26.605,347.047,0.699,608,18.417,481.985,0.497,0.818
906,6,0,26.837,347.047,0.699,609,18.267,481.458,0.5,0.833
907,10,0,27.116,347.047,0.7,614,18.184,484.281,0.501,0.847
908,5,0,27.674,347.047,0.706,611,17.796,494.858,0.499,0.863
909,8,1,28.186,347.047,0.706,614,17.602,515.104,0.504,0.888
910,12,0,28.372,347.047,0.71,618,17.433,518.528,0.506,0.896
911,5,0,28.837,347.047,0.708,615,17.486,522.778,0.502,0.904
912,9,0,29.163,346.977,0.716,617,17.307,531.527,0.506,0.916
913,10,1,29.86,346.977,0.713,618,17.221,549.757,0.504,0.93
914,11,0,30.209,346.837,0.716,625,17.052,561.189,0.51,0.941
915,12,0,30.512,348.419,0.715,630,17.003,561.355,0.511,0.947
916,7,2,30.767,340.744,0.716,630,16.299,563.781,0.511,0.95
917,5,1,30.953,340.744,0.715,623,11.897,557.9,0.505,0.941
918,8,0,31.326,340.744,0.715,622,11.935,557.121,0.5,0.943
919,8,0,31.605,340.628,0.715,621,11.836,562.789,0.499,0.947
920,5,0,31.674,340.395,0.714,616,11.571,565.723,0.5,0.948
921,9,0,31.721,340.395,0.714,619,9.764,572.48,0.504,0.949
922,13,0,32.326,340.535,0.726,620,9.511,585.104,0.511,0.961
923,10,0,32.605,340.535,0.723,623,9.333,598.488,0.515,0.966
924,4,1,31.535,348.093,0.716,621,15.942,579.71,0.511,0.959
925,10,0,31.744,347.581,0.723,625,15.096,590.502,0.515,0.963
926,9,0,31.465,347.581,0.726,627,15.173,582.202,0.515,0.96
927,7,1,32.209,347.581,0.737,623,10.196,596.462,0.513,0.961
928,7,1,32.395,347.14,0.732,622,15.066,598.192,0.515,0.97
929,8,0,32.907,347.279,0.738,624,15.0,609.752,0.514,0.974
930,5,0,33.581,348.093,0.746,626,14.876,622.394,0.515,0.979
931,11,0,33.535,348.465,0.742,633,14.748,628.858,0.524,0.981
932,11,1,34.372,348.465,0.75,630,14.742,639.776,0.518,0.984
933,4,0,34.744,348.465,0.751,625,14.796,638.675,0.514,0.985
934,12,2,35.07,348.465,0.76,622,14.851,641.645,0.51,0.985
935,5,0,35.163,348.465,0.77,619,9.886,644.758,0.51,0.983
936,7,1,36.163,348.256,0.765,615,14.317,661.193,0.51,0.989
937,8,1,26.93,347.047,0.709,613,22.488,502.621,0.503,0.861
938,4,0,27.302,347.047,0.712,610,22.396,503.917,0.499,0.867
939,10,0,27.674,347.047,0.713,615,22.194,517.116,0.503,0.885
940,10,1,28.047,347.209,0.724,621,18.406,531.823,0.507,0.89
941,10,1,28.326,347.209,0.722,625,18.131,534.701,0.507,0.899
942,4,3,28.837,347.209,0.724,618,18.126,539.947,0.504,0.908
943,6,0,29.349,347.209,0.731,616,18.093,547.346,0.504,0.92
944,9,4,29.535,346.814,0.734,615,16.926,554.039,0.504,0.922
945,10,1,30.326,346.814,0.739,613,16.786,568.191,0.503,0.937
946,10,1,30.837,346.86,0.745,612,16.616,579.168,0.505,0.947
947,5,0,31.419,346.698,0.753,610,16.547,586.142,0.503,0.954
948,10,0,31.744,346.698,0.753,616,16.389,598.267,0.506,0.96
949,11,2,28.116,346.209,0.72,618,22.091,518.625,0.505,0.902
950,8,1,29.0,346.209,0.73,616,18.356,536.729,0.503,0.912
951,10,3,29.465,346.209,0.732,617,18.212,548.263,0.501,0.92
952,13,3,29.93,346.209,0.736,619,12.503,559.536,0.501,0.917
953,10,1,30.349,346.023,0.738,612,17.169,557.871,0.495,0.931
954,3,0,30.814,346.023,0.739,606,17.294,557.476,0.488,0.933
955,6,1,31.465,346.116,0.743,600,17.027,569.804,0.483,0.94
956,5,0,31.372,346.116,0.741,602,17.014,570.785,0.485,0.941
957,12,2,30.512,337.721,0.738,609,22.847,554.927,0.491,0.942
958,5,1,30.791,337.721,0.738,608,19.085,559.891,0.49,0.939
959,9,1,31.163,337.721,0.738,612,18.799,568.894,0.495,0.948
960,7,3,31.86,337.721,0.741,607,18.765,578.102,0.493,0.956
961,7,1,32.488,337.721,0.744,601,18.933,582.445,0.488,0.961
962,2,1,32.488,337.721,0.743,599,18.978,579.749,0.484,0.96
963,13,0,29.163,331.326,0.735,600,23.798,515.746,0.482,0.906
964,5,1,29.977,331.326,0.74,595,23.825,524.402,0.475,0.918
965,6,0,29.977,331.326,0.738,593,23.865,521.004,0.474,0.916
966,5,0,30.581,331.326,0.742,591,23.713,532.96,0.474,0.929
967,7,0,31.14,331.791,0.744,592,23.434,547.178,0.48,0.944
968,12,0,31.186,331.791,0.743,603,23.36,550.17,0.484,0.948
969,8,0,31.93,331.791,0.744,602,23.347,563.701,0.482,0.957
970,6,0,31.605,330.953,0.743,600,23.494,559.101,0.478,0.95
971,7,1,31.651,330.953,0.749,599,23.403,568.653,0.481,0.953
972,9,1,31.884,332.488,0.748,604,23.143,579.534,0.491,0.962
973,5,1,32.07,332.488,0.75,600,23.188,582.124,0.49,0.963
974,6,0,32.302,332.488,0.75,603,23.094,587.721,0.493,0.967
975,8,1,32.581,332.302,0.753,601,23.198,584.271,0.489,0.968
976,9,1,32.907,332.163,0.751,603,22.952,598.073,0.494,0.973
977,9,3,32.767,332.163,0.751,600,23.005,594.623,0.492,0.971
978,6,2,32.953,332.163,0.753,600,23.07,596.59,0.49,0.971
979,7,1,33.372,332.163,0.75,597,23.036,604.048,0.486,0.974
980,9,1,33.419,332.163,0.748,601,22.985,608.743,0.49,0.975
981,5,3,33.535,332.163,0.749,593,23.076,604.067,0.48,0.972
982,6,2,33.907,332.163,0.751,589,19.36,612.428,0.48,0.972
983,9,2,33.767,332.186,0.748,586,19.476,607.364,0.48,0.971
984,10,1,33.721,332.302,0.751,592,19.092,609.214,0.485,0.973
985,6,1,34.047,332.302,0.753,593,19.049,616.202,0.487,0.976
986,7,3,34.558,332.302,0.754,588,19.013,614.303,0.482,0.978
987,6,1,34.558,332.302,0.755,590,18.985,608.105,0.482,0.978
988,6,0,34.767,332.302,0.755,587,18.921,611.838,0.483,0.979
989,10,0,35.233,332.302,0.757,586,18.763,623.107,0.481,0.981
990,6,1,35.465,332.302,0.763,586,18.737,628.584,0.48,0.982
991,5,0,35.535,332.302,0.763,582,18.761,626.728,0.476,0.982
992,7,2,35.395,332.302,0.76,575,18.831,621.815,0.472,0.98
993,10,0,22.907,336.581,0.645,576,25.325,409.122,0.473,0.555
994,8,0,23.326,336.581,0.653,578,25.172,424.805,0.476,0.598
995,7,0,23.698,336.581,0.662,577,24.866,431.298,0.477,0.627
996,11,0,24.302,338.047,0.669,583,19.888,449.431,0.485,0.658
997,13,0,24.628,338.047,0.672,590,19.731,463.958,0.49,0.694
998,6,0,25.0,338.047,0.682,591,19.479,471.703,0.492,0.725
999,11,0,25.791,339.674,0.679,593,19.141,489.122,0.496,0.779
1000,0,0,26.116,339.674,0.681,586,19.231,489.934,0.489,0.78
