1,10,0,0.302,2.093,0.0,10,345.752,0.0,0.007,0.041
2,3,0,0.465,2.535,0.0,13,344.4,0.197,0.009,0.043
3,3,0,0.605,3.651,0.001,16,327.567,0.317,0.011,0.027
4,3,0,0.744,5.512,0.003,19,313.23,0.677,0.014,0.019
5,4,0,0.907,6.674,0.004,23,298.499,1.043,0.016,0.012
6,7,0,1.233,9.628,0.007,29,268.406,2.147,0.022,0.006
7,5,0,1.465,13.977,0.015,34,249.601,3.526,0.027,0.004
8,5,0,1.791,16.163,0.018,38,231.462,4.771,0.03,0.002
9,5,0,1.977,20.047,0.025,42,221.702,5.894,0.035,0.002
10,3,0,2.07,21.14,0.026,45,218.843,6.388,0.037,0.002
11,6,0,2.116,22.0,0.026,51,216.412,6.996,0.039,0.002
12,9,0,2.256,23.419,0.024,59,211.361,9.334,0.046,0.002
13,4,0,2.535,26.535,0.029,63,205.866,11.216,0.051,0.002
14,4,0,2.488,26.535,0.027,67,206.39,11.123,0.052,0.002
15,3,0,2.535,27.07,0.025,70,204.638,12.125,0.056,0.002
16,8,0,2.674,29.953,0.029,77,196.513,13.944,0.06,0.001
17,4,0,2.86,32.116,0.032,81,187.91,15.99,0.064,0.001
18,4,0,2.86,32.628,0.03,85,187.198,16.457,0.067,0.001
19,7,0,2.93,35.256,0.035,91,185.34,18.667,0.071,0.001
20,8,0,2.93,36.86,0.035,98,184.202,19.342,0.075,0.001
21,3,0,3.116,38.233,0.04,98,180.9,20.591,0.075,0.001
22,3,0,3.186,39.326,0.044,98,178.645,21.14,0.074,0.001
23,3,0,3.279,41.326,0.047,101,177.833,22.999,0.077,0.001
24,3,0,3.279,41.326,0.045,104,177.899,23.432,0.079,0.001
25,5,0,3.419,44.163,0.049,108,174.524,24.714,0.084,0.001
26,6,0,3.326,43.953,0.047,113,173.2,25.46,0.086,0.001
27,8,0,3.651,47.372,0.052,119,169.491,29.444,0.092,0.001
28,6,0,3.767,49.628,0.054,125,168.662,31.124,0.096,0.001
29,3,0,3.907,49.884,0.055,127,168.077,33.647,0.097,0.001
30,3,0,4.047,50.605,0.055,130,166.845,35.368,0.099,0.001
31,5,0,4.186,51.605,0.061,130,166.071,35.011,0.096,0.001
32,8,0,4.442,53.488,0.063,137,163.929,39.343,0.1,0.002
33,3,0,4.535,55.953,0.069,139,162.742,41.42,0.103,0.002
34,4,0,4.628,56.302,0.068,143,161.925,43.979,0.105,0.002
35,6,0,4.86,57.233,0.067,148,162.556,47.44,0.109,0.002
36,3,0,4.907,58.256,0.069,151,161.843,49.4,0.111,0.002
37,9,0,5.372,62.047,0.078,157,155.944,56.567,0.115,0.002
38,0,0,5.209,61.279,0.079,154,158.297,53.239,0.112,0.002
39,6,0,5.512,62.767,0.082,157,156.139,56.093,0.114,0.002
40,2,0,5.512,62.767,0.081,159,156.055,56.188,0.115,0.002
41,2,0,5.651,62.767,0.081,161,155.429,57.261,0.115,0.002
42,3,0,5.558,62.209,0.081,162,161.463,54.914,0.113,0.002
43,7,0,5.837,63.791,0.084,168,159.88,58.969,0.116,0.003
44,7,0,5.977,64.953,0.085,173,158.984,62.133,0.119,0.003
45,4,0,6.256,65.884,0.09,175,158.157,63.412,0.118,0.003
46,8,0,6.256,68.209,0.094,180,157.024,65.495,0.12,0.003
47,3,0,6.628,69.186,0.096,179,156.096,71.037,0.122,0.003
48,10,0,7.209,77.163,0.113,187,148.374,81.0,0.131,0.003
49,8,0,7.256,80.302,0.12,192,146.315,84.446,0.135,0.003
50,2,0,7.442,77.698,0.116,190,148.028,83.7,0.132,0.004
51,7,0,7.419,77.698,0.113,196,147.973,86.763,0.135,0.004
52,4,0,7.651,77.837,0.115,198,147.598,87.85,0.134,0.004
53,6,0,7.698,77.837,0.112,202,147.369,91.483,0.136,0.004
54,2,0,7.884,78.116,0.112,203,146.963,94.207,0.137,0.004
55,5,0,7.977,79.07,0.115,204,146.658,96.298,0.138,0.005
56,6,0,8.116,80.14,0.115,209,146.101,100.282,0.141,0.005
57,5,0,8.256,80.395,0.113,212,145.629,105.086,0.144,0.005
58,5,0,8.302,80.395,0.111,215,145.523,106.668,0.146,0.005
59,7,0,8.512,82.186,0.115,218,144.871,111.578,0.149,0.006
60,8,0,8.837,87.047,0.126,224,141.934,118.096,0.153,0.006
61,1,0,8.698,87.512,0.13,221,142.438,114.887,0.151,0.006
62,6,0,8.605,87.512,0.127,225,141.502,116.67,0.154,0.006
63,6,0,8.605,88.07,0.127,228,141.255,117.373,0.155,0.006
64,5,0,8.837,88.698,0.127,231,141.207,124.226,0.159,0.007
65,3,0,9.047,88.791,0.128,230,141.137,125.889,0.158,0.007
66,7,0,9.0,88.442,0.126,235,141.138,126.337,0.16,0.007
67,3,0,9.233,88.442,0.128,235,140.636,128.603,0.158,0.007
68,6,0,9.419,89.395,0.13,238,140.388,132.247,0.16,0.008
69,6,0,9.558,92.698,0.135,242,139.889,137.463,0.166,0.009
70,5,0,10.07,94.372,0.14,244,139.265,144.569,0.168,0.011
71,8,0,10.116,95.093,0.137,252,138.832,151.627,0.173,0.011
72,8,0,10.023,98.14,0.148,257,138.731,154.175,0.176,0.012
73,5,0,10.256,99.093,0.153,257,137.674,159.469,0.175,0.012
74,6,0,10.488,100.605,0.159,258,137.407,164.339,0.175,0.013
75,7,0,11.0,101.605,0.16,262,136.775,174.553,0.178,0.015
76,5,0,11.047,101.698,0.16,264,136.699,178.71,0.179,0.015
77,5,0,11.209,101.791,0.16,266,136.572,181.117,0.179,0.016
78,5,0,11.605,101.605,0.16,268,136.3,186.07,0.178,0.018
79,3,0,11.698,101.605,0.159,268,136.226,188.109,0.179,0.019
80,3,0,11.512,101.605,0.157,271,136.282,185.239,0.18,0.018
81,2,0,11.814,101.628,0.163,269,136.399,184.375,0.175,0.018
82,3,0,11.884,101.907,0.165,269,136.423,187.165,0.174,0.019
83,8,0,12.023,102.093,0.163,275,136.21,195.134,0.177,0.02
84,2,0,11.977,102.767,0.164,275,136.175,194.436,0.178,0.02
85,6,0,11.93,104.302,0.165,279,135.619,199.54,0.183,0.021
86,5,0,11.837,104.721,0.164,282,135.288,205.063,0.186,0.021
87,5,0,11.86,106.093,0.169,281,135.342,207.952,0.187,0.021
88,4,0,11.86,106.837,0.167,284,135.188,209.966,0.191,0.022
89,9,0,11.651,109.674,0.173,291,135.155,211.464,0.196,0.023
90,5,0,11.837,109.884,0.175,292,135.258,213.192,0.195,0.024
91,3,0,12.07,110.488,0.181,290,135.165,215.372,0.193,0.025
92,5,0,12.023,110.884,0.18,290,135.321,216.167,0.195,0.025
93,5,0,11.93,111.186,0.181,288,135.153,215.231,0.196,0.025
94,5,0,12.116,113.186,0.185,290,134.721,218.169,0.199,0.027
95,5,0,12.535,114.698,0.191,292,134.269,226.754,0.2,0.031
96,1,0,12.535,114.698,0.193,289,134.371,227.293,0.198,0.03
97,5,0,12.767,116.628,0.203,291,134.25,232.041,0.199,0.032
98,3,0,12.907,118.581,0.21,290,134.135,233.77,0.2,0.034
99,5,0,12.953,118.581,0.209,292,134.24,234.649,0.2,0.035
100,5,0,13.047,120.837,0.214,295,133.863,241.553,0.205,0.038
101,4,0,9.837,114.047,0.187,295,135.98,186.277,0.204,0.015
102,7,0,10.07,115.279,0.189,299,135.767,191.667,0.207,0.017
103,4,0,10.023,114.465,0.187,297,135.609,191.704,0.205,0.016
104,4,0,10.442,116.512,0.193,296,135.247,199.113,0.207,0.018
105,5,0,10.674,116.372,0.194,297,135.324,201.68,0.207,0.02
106,4,0,10.674,115.698,0.194,295,135.63,200.696,0.205,0.019
107,2,0,10.93,115.698,0.195,293,135.501,205.644,0.203,0.02
108,8,0,11.023,115.698,0.195,297,135.436,206.742,0.204,0.021
109,2,0,11.302,115.767,0.198,294,135.236,210.955,0.202,0.022
110,3,0,11.302,115.767,0.199,293,135.324,209.439,0.201,0.022
111,5,0,11.651,117.465,0.208,294,135.076,218.337,0.201,0.024
112,6,0,11.744,120.279,0.216,298,134.816,225.13,0.205,0.026
113,7,0,11.651,120.372,0.218,300,134.875,221.061,0.204,0.025
114,2,0,11.907,120.14,0.218,296,134.659,225.731,0.202,0.026
115,5,0,12.326,120.558,0.224,296,134.514,228.743,0.199,0.029
116,6,0,12.326,121.581,0.227,298,134.519,231.492,0.201,0.029
117,4,0,12.605,121.581,0.232,298,134.583,230.005,0.196,0.03
118,2,0,12.721,121.581,0.233,295,134.561,230.72,0.195,0.031
119,8,0,13.116,125.721,0.247,301,134.212,239.62,0.199,0.036
120,4,0,12.884,125.721,0.248,302,134.291,236.249,0.199,0.034
121,4,0,12.93,125.721,0.25,301,134.261,236.553,0.197,0.033
122,9,0,13.14,131.023,0.266,307,133.613,251.127,0.205,0.039
123,5,0,13.372,132.256,0.271,307,133.496,257.287,0.205,0.042
124,6,0,13.558,133.419,0.275,308,133.278,265.748,0.207,0.045
125,4,0,13.558,133.419,0.276,308,133.327,259.782,0.206,0.044
126,5,0,13.419,130.767,0.265,312,133.301,260.824,0.208,0.043
127,4,0,13.419,130.767,0.268,313,133.392,256.484,0.205,0.042
128,9,0,13.512,133.395,0.278,317,133.227,266.965,0.208,0.045
129,8,0,13.767,134.349,0.283,321,133.086,271.752,0.209,0.049
130,5,0,13.674,134.349,0.283,323,132.996,269.525,0.21,0.048
131,6,0,13.953,136.814,0.293,328,132.831,278.645,0.213,0.054
132,7,0,13.953,138.651,0.299,332,132.754,280.503,0.215,0.055
133,6,0,14.116,139.093,0.298,336,132.607,286.376,0.218,0.06
134,5,0,14.488,139.07,0.3,335,132.594,293.536,0.216,0.065
135,6,0,14.256,139.07,0.297,340,132.353,297.457,0.221,0.065
136,5,0,14.233,139.07,0.295,340,132.229,298.091,0.222,0.065
137,4,0,14.326,139.07,0.294,341,132.112,303.167,0.224,0.069
138,5,0,14.419,139.512,0.297,343,132.093,302.274,0.225,0.071
139,8,0,14.372,140.163,0.296,350,132.021,308.519,0.229,0.074
140,7,0,14.581,140.512,0.299,352,132.011,311.606,0.228,0.077
141,8,0,14.442,141.581,0.301,358,131.906,311.354,0.232,0.078
142,5,0,14.674,141.581,0.299,360,131.75,320.321,0.234,0.086
143,11,0,14.86,142.256,0.303,361,131.787,318.889,0.233,0.09
144,7,0,14.86,142.256,0.301,365,131.689,324.487,0.236,0.092
145,5,0,15.116,142.837,0.303,364,131.626,329.963,0.237,0.101
146,7,0,15.116,143.581,0.307,366,131.714,329.093,0.238,0.102
147,6,0,15.233,144.442,0.309,368,131.654,332.274,0.239,0.107
148,5,0,15.279,144.977,0.308,369,129.681,336.027,0.241,0.105
149,5,0,15.326,145.326,0.311,369,131.691,341.471,0.242,0.114
150,8,0,15.535,145.116,0.307,373,131.567,349.656,0.244,0.123
151,2,0,15.791,144.977,0.308,369,131.545,352.916,0.242,0.129
152,11,0,16.116,151.791,0.32,375,131.185,368.16,0.25,0.155
153,2,0,16.163,151.791,0.321,373,131.175,367.241,0.249,0.155
154,2,0,16.209,151.791,0.324,369,131.217,361.834,0.246,0.15
155,4,0,16.209,152.674,0.327,369,131.2,361.862,0.246,0.151
156,4,0,16.302,152.558,0.328,369,131.199,365.645,0.245,0.152
157,8,0,16.302,161.512,0.327,369,130.977,376.507,0.251,0.164
158,4,0,16.209,161.512,0.325,371,130.853,381.689,0.255,0.166
159,5,0,16.349,161.512,0.325,373,130.749,388.746,0.256,0.175
160,4,0,16.721,168.395,0.324,368,130.736,391.49,0.254,0.187
161,5,0,16.674,168.395,0.327,364,130.833,387.244,0.25,0.177
162,1,0,16.767,168.395,0.33,359,130.913,386.52,0.247,0.175
163,3,0,16.581,168.395,0.334,355,131.054,376.45,0.242,0.158
164,4,0,16.442,168.395,0.336,350,131.135,363.542,0.239,0.146
165,4,0,16.442,168.395,0.333,351,130.983,367.292,0.24,0.148
166,4,0,16.302,168.395,0.333,349,131.042,358.823,0.238,0.138
167,2,0,16.349,168.395,0.333,347,131.098,356.17,0.236,0.137
168,4,0,16.814,170.256,0.341,347,131.017,367.187,0.237,0.157
169,5,0,16.814,170.558,0.343,350,130.893,368.963,0.239,0.161
170,5,0,16.884,173.209,0.349,355,130.801,377.876,0.242,0.17
171,2,0,17.023,173.209,0.35,353,130.784,379.09,0.242,0.174
172,3,0,17.116,173.209,0.351,350,130.784,378.623,0.24,0.175
173,8,0,16.977,175.163,0.36,350,130.811,378.261,0.241,0.172
174,3,0,17.14,175.326,0.363,349,130.705,382.061,0.242,0.18
175,5,0,17.14,175.326,0.362,353,130.699,382.444,0.245,0.186
176,2,0,16.814,175.326,0.363,349,130.83,368.306,0.242,0.165
177,5,0,16.86,175.465,0.373,345,130.862,363.535,0.24,0.164
178,6,0,16.907,175.14,0.37,344,130.878,364.431,0.24,0.167
179,6,0,17.14,175.14,0.375,345,130.808,368.446,0.24,0.177
180,2,0,17.279,175.14,0.377,339,130.809,369.003,0.237,0.176
181,5,0,17.581,175.14,0.377,337,130.732,374.556,0.237,0.19
182,7,0,17.767,175.14,0.376,340,130.605,382.363,0.24,0.205
183,2,0,17.674,176.256,0.382,337,130.806,378.718,0.237,0.195
184,10,0,17.628,176.395,0.382,345,130.742,379.568,0.24,0.198
185,8,0,17.767,176.116,0.379,351,130.596,392.02,0.242,0.211
186,2,0,17.814,176.116,0.38,349,130.676,386.163,0.239,0.207
187,7,0,17.814,176.488,0.387,352,130.559,394.948,0.242,0.213
188,5,0,17.86,176.488,0.389,352,130.537,393.175,0.242,0.214
189,3,0,17.977,176.488,0.39,349,130.572,394.81,0.24,0.216
190,8,0,17.837,176.488,0.386,353,130.52,400.77,0.244,0.219
191,1,0,17.837,176.488,0.386,354,130.509,401.089,0.244,0.22
192,6,0,17.93,176.674,0.386,356,130.377,410.96,0.248,0.234
193,6,0,17.837,176.674,0.383,361,130.266,415.356,0.254,0.243
194,7,0,17.605,176.791,0.381,365,130.219,419.453,0.257,0.238
195,8,0,18.07,174.605,0.394,364,130.064,433.656,0.258,0.268
196,5,0,18.023,174.767,0.395,363,130.101,435.689,0.258,0.265
197,2,0,18.209,179.023,0.397,362,130.044,444.353,0.259,0.28
198,7,0,18.512,179.023,0.396,362,130.023,449.545,0.258,0.296
199,4,0,18.651,179.628,0.399,364,129.936,451.351,0.26,0.308
200,2,0,18.698,183.326,0.396,366,129.842,463.128,0.264,0.326
201,2,0,13.884,173.535,0.337,365,131.639,346.936,0.265,0.104
202,5,0,14.163,173.535,0.338,366,131.64,353.144,0.265,0.112
203,4,0,14.047,173.535,0.337,369,131.609,351.394,0.267,0.111
204,5,0,14.326,176.558,0.352,370,131.406,362.969,0.269,0.122
205,6,0,14.186,176.953,0.355,374,131.389,357.676,0.271,0.121
206,5,0,14.442,177.0,0.357,371,131.414,355.709,0.267,0.123
207,4,0,14.698,178.07,0.364,372,131.363,361.02,0.267,0.133
208,4,0,14.86,178.07,0.365,374,131.321,364.967,0.268,0.14
209,3,0,14.907,178.07,0.366,376,131.245,371.465,0.27,0.144
210,12,0,14.744,178.837,0.37,383,131.005,370.164,0.271,0.139
211,6,0,15.256,178.907,0.372,383,130.876,374.631,0.266,0.149
212,3,0,15.163,178.907,0.376,380,131.008,369.189,0.26,0.136
213,5,0,15.279,178.907,0.376,384,130.918,374.583,0.262,0.143
214,1,0,15.488,178.907,0.376,378,130.975,374.6,0.259,0.146
215,1,0,15.535,178.744,0.378,369,131.133,369.248,0.253,0.138
216,2,0,15.349,178.744,0.377,367,131.168,364.889,0.254,0.131
217,5,0,15.558,178.86,0.381,363,131.262,362.297,0.249,0.132
218,4,0,15.558,178.86,0.381,362,131.421,359.211,0.248,0.131
219,7,0,15.419,171.442,0.379,362,131.653,359.527,0.249,0.129
220,4,0,15.372,171.442,0.378,364,131.631,360.181,0.251,0.129
221,6,0,15.558,171.628,0.382,367,131.37,371.906,0.254,0.142
222,5,0,15.907,171.628,0.381,370,131.191,382.983,0.257,0.16
223,3,0,16.14,171.628,0.383,362,131.445,380.503,0.252,0.161
224,5,0,16.326,171.349,0.389,355,131.57,385.471,0.248,0.16
225,7,0,16.419,174.093,0.393,358,131.328,388.045,0.25,0.169
226,10,0,16.326,174.093,0.393,364,131.27,391.142,0.253,0.17
227,5,0,16.326,174.093,0.392,368,131.238,393.861,0.255,0.173
228,5,0,16.442,174.093,0.391,368,130.992,400.248,0.257,0.183
229,4,0,16.651,175.023,0.394,370,130.846,412.302,0.26,0.199
230,4,0,17.209,181.419,0.401,367,131.036,422.859,0.258,0.223
231,2,0,17.163,181.419,0.399,364,131.173,421.739,0.257,0.22
232,3,0,17.326,181.419,0.399,361,131.128,422.675,0.256,0.225
233,6,0,17.419,181.0,0.398,362,131.087,420.619,0.254,0.226
234,2,0,17.326,181.0,0.406,362,131.047,419.318,0.256,0.224
235,1,0,17.163,181.0,0.406,359,131.107,413.249,0.254,0.213
236,1,0,17.209,181.0,0.408,355,131.259,408.262,0.251,0.208
237,5,0,17.07,181.0,0.408,354,131.268,407.59,0.251,0.201
238,3,0,17.209,181.419,0.409,351,131.259,408.032,0.25,0.205
239,3,0,17.302,181.419,0.411,350,131.201,413.321,0.251,0.213
240,4,0,17.512,181.419,0.41,353,131.172,417.945,0.252,0.225
241,6,0,17.605,181.465,0.41,356,131.078,423.077,0.254,0.234
242,8,0,17.419,181.651,0.401,358,131.129,418.629,0.253,0.223
243,4,1,17.326,181.651,0.402,357,131.176,413.927,0.251,0.214
244,8,0,17.279,181.651,0.405,360,130.94,418.675,0.255,0.218
245,3,0,17.326,181.651,0.407,356,131.021,409.13,0.249,0.208
246,6,0,17.512,181.651,0.406,356,130.971,418.988,0.251,0.22
247,10,0,17.581,181.651,0.405,366,130.777,426.014,0.256,0.237
248,7,0,17.628,181.651,0.405,371,130.676,434.48,0.258,0.245
249,7,0,17.721,181.651,0.404,374,130.598,430.39,0.256,0.244
250,6,0,17.767,181.767,0.404,376,130.499,434.718,0.257,0.249
251,5,0,17.814,181.767,0.405,376,130.453,440.225,0.257,0.253
252,5,0,17.721,182.279,0.399,375,130.565,433.389,0.256,0.244
253,4,0,17.651,182.279,0.399,374,130.625,431.245,0.257,0.242
254,3,0,17.791,182.279,0.403,375,130.584,437.568,0.259,0.256
255,7,0,17.674,182.279,0.406,381,130.401,441.509,0.264,0.263
256,6,0,17.442,182.279,0.405,377,130.617,426.594,0.259,0.236
257,3,0,17.767,182.349,0.405,375,130.557,437.617,0.259,0.254
258,3,1,17.628,182.349,0.407,373,130.592,429.759,0.256,0.238
259,2,0,17.721,182.349,0.407,372,130.59,429.665,0.256,0.244
260,3,0,17.907,182.349,0.408,370,130.56,428.558,0.254,0.251
261,7,0,18.186,182.349,0.406,372,130.433,442.055,0.256,0.27
262,3,0,18.186,182.349,0.406,372,130.45,437.401,0.256,0.27
263,8,0,18.14,182.674,0.404,375,130.383,445.109,0.26,0.279
264,3,0,18.093,182.674,0.404,378,130.357,444.318,0.262,0.282
265,2,0,18.093,182.674,0.405,374,130.409,444.045,0.259,0.275
266,5,0,18.326,182.674,0.404,374,130.319,460.498,0.263,0.3
267,5,0,18.558,182.674,0.407,375,130.31,467.906,0.264,0.318
268,7,1,18.814,183.0,0.409,374,130.327,469.323,0.262,0.33
269,4,0,18.86,183.0,0.409,370,130.446,466.097,0.261,0.33
270,3,0,19.093,182.674,0.409,367,130.512,468.886,0.259,0.34
271,5,0,19.512,182.674,0.411,366,130.288,482.287,0.261,0.377
272,3,0,19.279,182.674,0.411,363,130.351,474.699,0.258,0.35
273,9,0,19.605,182.674,0.411,363,130.311,478.459,0.258,0.371
274,5,0,19.698,182.791,0.41,365,130.365,483.326,0.259,0.383
275,4,0,20.023,182.791,0.412,362,130.387,483.465,0.256,0.397
276,3,0,19.837,182.977,0.415,362,130.486,481.824,0.257,0.389
277,7,0,19.791,182.977,0.412,366,130.386,482.91,0.26,0.394
278,6,0,19.837,182.977,0.413,368,130.382,488.81,0.26,0.398
279,6,0,19.837,187.767,0.417,373,130.2,495.275,0.267,0.42
280,5,0,19.791,187.767,0.418,374,130.198,491.646,0.265,0.411
281,5,0,19.628,187.767,0.419,371,130.245,480.419,0.265,0.399
282,6,1,19.674,187.767,0.42,374,130.13,491.548,0.27,0.417
283,0,0,19.86,187.651,0.421,366,130.238,491.383,0.266,0.419
284,2,0,20.116,190.023,0.422,361,130.265,488.115,0.263,0.426
285,5,0,20.209,190.023,0.424,356,130.392,483.493,0.257,0.415
286,7,0,20.302,190.326,0.431,358,130.315,487.532,0.257,0.42
287,7,0,20.302,190.326,0.432,362,130.217,493.954,0.259,0.428
288,4,0,20.186,192.302,0.432,362,130.265,489.434,0.261,0.424
289,6,0,20.279,192.302,0.433,360,130.189,490.336,0.262,0.437
290,8,0,20.256,192.488,0.439,361,130.146,490.44,0.264,0.44
291,3,0,20.279,192.488,0.439,358,130.161,492.073,0.263,0.441
292,6,0,20.372,192.558,0.439,359,130.208,494.069,0.262,0.443
293,3,0,20.186,192.558,0.438,359,130.184,488.629,0.263,0.433
294,0,0,20.07,192.558,0.439,354,130.304,482.989,0.26,0.413
295,5,0,20.116,192.791,0.431,354,130.467,484.621,0.258,0.412
296,4,0,20.14,192.791,0.433,357,130.513,486.699,0.26,0.422
297,8,0,20.326,192.86,0.433,359,130.665,489.894,0.257,0.427
298,4,0,20.047,192.721,0.43,358,130.809,475.663,0.252,0.387
299,4,0,20.233,192.674,0.432,354,130.776,479.077,0.252,0.403
300,8,0,20.023,193.465,0.429,357,130.948,476.792,0.253,0.391
301,5,0,15.349,189.535,0.367,354,132.348,370.454,0.25,0.13
302,6,0,15.581,189.535,0.365,358,132.221,379.0,0.253,0.143
303,3,0,15.651,189.535,0.366,358,132.235,379.12,0.252,0.144
304,4,0,15.651,188.163,0.366,359,132.428,378.346,0.252,0.144
305,6,0,15.837,188.163,0.365,363,132.289,384.163,0.255,0.157
306,3,0,15.884,188.163,0.374,366,132.242,390.109,0.257,0.162
307,4,1,15.977,188.163,0.372,366,132.022,389.433,0.257,0.166
308,2,0,16.279,188.163,0.374,360,132.087,385.898,0.251,0.167
309,5,0,16.372,188.163,0.383,363,131.984,389.049,0.251,0.171
310,2,0,16.512,188.163,0.385,361,132.078,384.314,0.246,0.168
311,6,0,16.512,188.163,0.386,366,132.02,390.35,0.249,0.173
312,3,0,16.465,188.163,0.387,367,131.979,392.588,0.252,0.177
313,7,0,16.512,188.302,0.384,369,131.835,394.8,0.255,0.186
314,6,0,16.651,188.302,0.381,373,131.602,399.778,0.255,0.191
315,7,0,16.953,188.302,0.384,374,131.5,413.753,0.257,0.21
316,6,0,17.14,188.302,0.383,377,131.45,421.197,0.26,0.226
317,4,0,17.372,188.302,0.383,377,131.444,426.975,0.26,0.239
318,6,1,17.558,188.372,0.386,377,131.343,426.656,0.257,0.242
319,3,0,17.721,188.372,0.389,377,131.254,431.993,0.257,0.251
320,2,0,17.791,188.372,0.389,375,131.399,424.926,0.255,0.251
321,2,0,17.744,188.372,0.393,371,131.423,422.371,0.253,0.242
322,8,0,18.023,188.372,0.395,375,131.209,426.096,0.255,0.264
323,6,0,18.116,188.372,0.397,377,131.128,435.837,0.259,0.279
324,3,0,18.093,188.372,0.398,374,131.188,430.947,0.257,0.272
325,4,0,18.209,188.372,0.397,373,131.166,432.322,0.255,0.275
326,9,0,18.233,188.372,0.397,382,131.021,444.594,0.261,0.293
327,5,0,18.233,188.884,0.399,385,130.94,447.656,0.263,0.3
328,4,0,18.047,188.884,0.397,385,131.213,446.274,0.261,0.284
329,5,0,17.907,188.884,0.397,386,131.19,442.972,0.263,0.279
330,6,0,17.814,188.884,0.398,388,131.164,441.656,0.263,0.273
331,4,0,17.674,190.023,0.401,390,131.087,444.056,0.264,0.268
332,4,0,17.814,190.023,0.408,387,131.329,442.322,0.262,0.272
333,3,0,17.791,190.023,0.407,385,131.295,443.622,0.263,0.272
334,6,0,17.907,192.023,0.407,389,131.235,456.343,0.267,0.291
335,12,0,18.093,192.023,0.407,394,131.171,463.572,0.268,0.307
336,5,0,18.186,192.023,0.407,396,131.104,465.611,0.268,0.313
337,6,0,18.395,192.023,0.411,400,131.001,474.389,0.27,0.333
338,11,0,19.047,192.023,0.414,400,130.962,488.632,0.269,0.373
339,4,0,19.07,192.023,0.411,397,131.005,489.27,0.267,0.369
340,4,0,19.023,192.023,0.41,394,131.087,487.777,0.265,0.362
341,6,0,19.163,192.163,0.419,394,130.992,492.916,0.269,0.382
342,7,0,19.326,192.163,0.413,395,130.951,497.505,0.268,0.392
343,2,0,19.698,192.163,0.412,392,130.978,497.263,0.265,0.41
344,6,0,19.419,192.163,0.41,393,130.997,491.809,0.266,0.393
345,7,0,19.233,192.326,0.407,398,130.883,496.501,0.271,0.396
346,6,0,19.047,192.326,0.407,401,130.968,490.494,0.272,0.386
347,5,1,18.907,192.326,0.407,402,130.99,487.571,0.273,0.378
348,7,0,19.0,192.326,0.408,401,130.686,486.421,0.271,0.376
349,7,0,19.0,192.326,0.407,402,130.599,485.447,0.273,0.381
350,5,0,19.023,192.326,0.407,402,130.586,487.092,0.272,0.381
351,3,0,19.209,192.326,0.407,401,130.491,490.105,0.274,0.399
352,4,0,19.349,192.326,0.408,400,130.571,491.377,0.272,0.404
353,2,0,19.349,192.326,0.409,397,130.659,482.564,0.27,0.397
354,3,0,19.488,192.326,0.41,393,130.757,482.96,0.266,0.396
355,6,0,19.349,191.791,0.407,396,130.504,478.326,0.267,0.385
356,6,0,19.209,191.791,0.406,394,130.632,465.995,0.261,0.358
357,7,0,19.302,191.791,0.405,395,130.47,474.977,0.263,0.368
358,6,0,19.256,191.791,0.406,391,130.444,465.81,0.258,0.347
359,10,0,19.047,191.791,0.405,393,130.444,463.15,0.262,0.347
360,4,0,19.395,188.698,0.406,389,130.535,467.618,0.257,0.355
361,2,0,19.302,188.698,0.407,387,130.577,465.754,0.256,0.346
362,9,0,19.209,188.698,0.405,394,130.495,466.372,0.26,0.352
363,5,0,18.907,189.558,0.409,395,130.555,459.536,0.259,0.328
364,2,0,18.814,189.558,0.409,394,130.574,456.729,0.26,0.325
365,6,0,18.907,189.884,0.409,399,130.351,468.979,0.267,0.352
366,6,0,18.86,189.442,0.408,399,130.303,467.897,0.269,0.356
367,9,0,18.907,189.93,0.402,401,130.232,467.761,0.271,0.366
368,11,0,18.721,190.07,0.408,406,130.182,471.925,0.275,0.366
369,5,0,18.535,190.07,0.409,409,130.11,476.588,0.279,0.367
370,4,0,18.721,190.488,0.405,408,130.118,480.972,0.279,0.378
371,4,0,18.814,190.488,0.404,410,130.074,486.255,0.28,0.391
372,4,1,18.674,190.628,0.403,409,130.104,482.1,0.28,0.377
373,8,1,18.628,190.628,0.402,414,130.137,484.662,0.283,0.385
374,8,1,18.628,190.628,0.401,419,130.012,486.664,0.284,0.388
375,4,0,18.512,188.535,0.399,414,130.146,477.598,0.279,0.363
376,6,0,18.651,188.535,0.399,416,130.038,483.898,0.281,0.379
377,6,0,18.558,188.535,0.398,419,129.946,479.855,0.282,0.374
378,6,0,18.558,188.535,0.398,423,129.917,481.494,0.283,0.38
379,3,0,18.326,188.651,0.398,423,129.921,479.315,0.284,0.366
380,5,0,18.047,188.651,0.397,423,129.908,475.698,0.286,0.352
381,6,1,18.209,188.651,0.402,424,129.876,478.815,0.286,0.364
382,9,2,18.535,188.651,0.402,422,129.948,475.251,0.28,0.367
383,5,0,18.395,188.651,0.401,422,129.909,474.003,0.281,0.359
384,7,0,18.395,188.674,0.401,424,129.841,473.368,0.281,0.359
385,5,0,18.628,190.116,0.397,422,129.77,483.335,0.282,0.381
386,3,1,18.535,190.116,0.398,420,129.802,482.56,0.281,0.369
387,3,0,18.442,190.116,0.398,419,129.826,478.616,0.28,0.359
388,3,0,18.209,190.116,0.399,418,129.886,466.025,0.276,0.331
389,8,0,18.116,190.116,0.398,425,129.811,473.857,0.28,0.337
390,6,0,18.581,190.023,0.398,423,129.714,484.214,0.279,0.366
391,8,0,18.488,190.023,0.397,426,129.537,484.862,0.282,0.369
392,3,0,18.791,190.116,0.399,423,129.582,488.606,0.278,0.378
393,6,0,18.837,190.116,0.402,426,129.552,492.91,0.279,0.385
394,2,0,19.023,190.116,0.398,421,129.577,494.726,0.278,0.394
395,3,0,19.0,190.116,0.398,416,129.624,485.002,0.274,0.378
396,3,0,19.233,190.209,0.403,415,129.606,490.014,0.273,0.391
397,11,1,19.279,190.349,0.402,419,129.557,494.383,0.273,0.396
398,2,0,19.326,190.349,0.402,413,129.591,490.117,0.27,0.388
399,5,0,19.651,190.349,0.405,410,129.461,493.254,0.27,0.41
400,5,0,19.791,190.349,0.406,409,129.443,495.89,0.268,0.415
401,4,0,13.744,214.419,0.339,410,129.544,354.984,0.27,0.1
402,9,0,14.14,214.419,0.338,414,129.051,371.913,0.274,0.117
403,3,0,14.372,214.419,0.343,411,129.054,371.071,0.273,0.122
404,3,0,14.279,214.419,0.339,408,129.13,370.2,0.273,0.118
405,2,0,14.256,214.419,0.338,407,129.146,368.764,0.272,0.117
406,6,0,14.442,214.419,0.347,406,129.155,368.281,0.271,0.121
407,2,0,14.721,214.419,0.351,406,129.029,378.549,0.272,0.133
408,9,0,14.814,214.419,0.351,412,128.933,385.757,0.276,0.142
409,5,0,14.953,214.419,0.349,411,129.021,385.32,0.274,0.144
410,6,0,15.233,214.419,0.35,409,128.949,392.132,0.272,0.152
411,5,0,15.186,214.419,0.348,408,128.996,393.06,0.273,0.152
412,6,0,15.047,214.419,0.351,407,129.073,378.827,0.27,0.141
413,6,0,15.14,214.419,0.349,411,128.967,385.207,0.273,0.149
414,4,0,15.419,214.419,0.35,410,128.889,390.065,0.271,0.158
415,3,0,15.465,214.419,0.351,409,128.943,390.579,0.27,0.158
416,7,0,15.744,214.419,0.358,413,128.725,409.158,0.278,0.185
417,3,0,15.884,214.419,0.359,411,128.687,412.19,0.278,0.192
418,4,0,16.256,214.14,0.363,408,128.703,423.22,0.278,0.21
419,0,0,16.419,213.791,0.364,403,128.704,427.319,0.277,0.216
420,6,0,16.512,213.791,0.363,408,128.622,432.589,0.28,0.229
421,5,0,16.744,213.791,0.369,409,128.593,440.251,0.28,0.242
422,6,0,16.698,213.791,0.368,413,128.518,442.168,0.283,0.247
423,5,0,16.651,213.791,0.373,412,128.53,442.151,0.284,0.246
424,2,1,16.651,213.791,0.374,408,128.579,437.784,0.28,0.235
425,4,0,16.86,213.791,0.373,407,128.453,444.481,0.279,0.245
426,7,0,17.0,213.791,0.379,412,128.215,449.015,0.28,0.254
427,8,1,17.0,189.442,0.382,411,128.387,447.948,0.278,0.25
428,3,0,17.488,190.093,0.389,406,128.531,453.919,0.273,0.265
429,3,0,17.442,190.093,0.387,404,128.544,452.485,0.273,0.263
430,3,0,17.535,190.093,0.394,406,128.46,455.119,0.276,0.275
431,3,0,17.814,190.093,0.398,404,128.466,459.648,0.275,0.29
432,3,0,17.721,190.093,0.398,403,128.502,459.471,0.274,0.283
433,0,0,17.791,190.093,0.399,399,128.558,452.163,0.271,0.279
434,9,0,17.605,190.256,0.396,405,128.497,456.554,0.275,0.277
435,6,0,17.395,190.372,0.393,407,128.521,453.055,0.276,0.269
436,5,0,17.116,190.023,0.393,406,128.799,447.185,0.274,0.247
437,7,0,17.442,190.023,0.395,406,128.742,463.128,0.277,0.276
438,10,0,17.721,190.023,0.393,414,128.534,478.875,0.283,0.311
439,3,0,17.814,190.023,0.395,411,128.586,477.035,0.281,0.31
440,3,0,18.0,190.023,0.399,406,128.632,476.306,0.277,0.311
441,6,0,18.186,190.302,0.397,408,128.582,487.166,0.279,0.329
442,2,0,18.233,190.302,0.4,404,128.667,484.308,0.276,0.322
443,4,0,18.186,190.302,0.405,403,128.653,484.192,0.276,0.318
444,5,0,18.302,190.302,0.405,402,128.726,482.888,0.271,0.314
445,2,0,18.535,188.233,0.409,396,128.77,476.656,0.266,0.313
446,2,0,18.767,188.326,0.409,394,128.723,483.387,0.266,0.327
447,5,0,18.628,187.674,0.409,391,128.757,470.799,0.264,0.311
448,4,0,18.698,187.674,0.412,394,128.708,478.272,0.266,0.324
449,6,0,18.698,188.837,0.412,397,128.67,484.791,0.269,0.333
450,6,0,18.767,189.535,0.411,400,128.636,493.813,0.272,0.347
451,7,0,19.093,189.721,0.42,406,128.267,516.721,0.28,0.394
452,4,0,19.047,189.721,0.42,407,128.2,516.151,0.281,0.395
453,7,0,18.814,189.233,0.417,408,129.609,514.133,0.281,0.39
454,4,0,18.907,189.233,0.42,409,129.65,516.45,0.281,0.396
455,13,1,18.953,188.953,0.417,416,129.595,522.77,0.284,0.411
456,3,0,18.86,188.953,0.418,417,129.648,520.901,0.283,0.4
457,2,0,18.953,188.953,0.417,416,129.668,521.103,0.282,0.404
458,4,0,18.86,188.953,0.416,417,129.664,518.71,0.283,0.4
459,4,0,18.86,188.953,0.419,416,129.488,522.503,0.285,0.407
460,6,0,18.953,188.953,0.415,416,129.488,519.432,0.284,0.409
461,5,0,18.907,188.953,0.406,412,129.455,514.767,0.281,0.393
462,8,0,18.907,188.953,0.406,415,129.587,514.065,0.281,0.395
463,8,0,19.442,190.326,0.422,418,129.346,545.002,0.288,0.46
464,3,0,19.605,190.047,0.423,415,129.309,550.185,0.288,0.473
465,7,1,19.442,190.326,0.423,418,129.258,549.284,0.291,0.472
466,7,1,19.581,190.326,0.428,418,128.975,563.316,0.295,0.494
467,5,0,19.535,190.326,0.428,419,128.927,557.685,0.295,0.491
468,6,1,19.488,190.326,0.429,418,128.936,555.822,0.296,0.488
469,3,0,19.488,190.326,0.426,418,128.945,554.682,0.294,0.481
470,0,0,19.674,190.326,0.427,416,128.944,557.119,0.292,0.489
471,7,0,20.163,190.093,0.43,414,128.777,572.282,0.296,0.539
472,7,0,19.93,190.465,0.426,419,128.776,565.963,0.297,0.525
473,8,0,19.837,190.465,0.425,425,128.754,572.586,0.3,0.528
474,4,0,19.814,190.465,0.424,427,128.662,574.192,0.304,0.541
475,1,0,20.0,190.465,0.424,424,128.698,577.692,0.303,0.555
476,4,0,20.186,191.767,0.432,420,128.62,583.074,0.302,0.564
477,4,0,20.302,191.767,0.429,419,128.663,586.491,0.301,0.569
478,5,2,20.209,191.767,0.43,416,128.714,582.916,0.299,0.555
479,2,0,20.395,192.0,0.432,415,128.678,589.592,0.299,0.568
480,5,0,20.163,192.0,0.433,418,128.754,581.458,0.3,0.554
481,3,0,20.209,192.0,0.434,416,128.852,580.098,0.298,0.553
482,6,0,20.256,192.0,0.433,421,128.728,590.663,0.304,0.576
483,4,0,20.651,192.0,0.436,416,128.702,600.632,0.303,0.604
484,6,0,20.581,193.326,0.434,415,128.68,598.279,0.304,0.6
485,8,2,20.884,193.419,0.437,411,128.707,602.235,0.299,0.606
486,7,0,20.837,193.419,0.435,417,128.627,610.066,0.303,0.615
487,4,1,20.698,193.419,0.433,418,128.701,603.944,0.302,0.604
488,9,0,20.465,193.419,0.431,424,128.535,607.808,0.307,0.6
489,5,1,20.326,193.419,0.429,423,128.55,598.406,0.305,0.586
490,4,0,20.186,193.419,0.429,424,128.545,595.417,0.305,0.575
491,4,0,20.395,193.419,0.43,421,128.529,596.242,0.303,0.583
492,3,0,20.302,193.419,0.429,422,128.551,592.73,0.303,0.576
493,2,0,20.116,193.558,0.427,418,128.598,583.57,0.301,0.555
494,8,0,20.488,193.558,0.43,422,128.415,601.462,0.307,0.604
495,3,0,20.302,193.558,0.429,423,128.424,598.686,0.309,0.595
496,1,0,20.721,193.558,0.431,418,128.511,600.207,0.302,0.604
497,6,0,20.86,193.581,0.434,419,128.499,605.701,0.303,0.615
498,3,0,21.14,193.581,0.436,416,128.485,611.181,0.301,0.63
499,4,0,21.093,193.535,0.433,410,128.585,603.788,0.298,0.615
500,6,0,20.721,193.535,0.431,412,128.573,599.181,0.3,0.596
501,4,0,14.395,194.512,0.372,411,130.059,408.999,0.297,0.171
502,4,0,14.721,194.419,0.373,411,129.932,418.28,0.298,0.187
503,3,0,14.977,194.465,0.379,406,129.952,424.17,0.294,0.192
504,1,0,15.023,194.465,0.379,404,129.968,423.705,0.293,0.191
505,4,0,15.349,194.465,0.384,403,129.926,430.424,0.292,0.204
506,2,0,15.349,195.0,0.384,401,129.951,432.805,0.292,0.203
507,4,0,15.86,194.953,0.389,393,129.94,443.89,0.287,0.219
508,5,0,15.814,194.953,0.391,395,129.958,442.739,0.288,0.218
509,7,0,15.767,194.953,0.391,398,129.985,440.75,0.288,0.216
510,7,0,16.14,194.953,0.393,400,129.731,453.156,0.29,0.24
511,4,0,16.186,194.953,0.392,401,129.677,456.382,0.291,0.247
512,5,0,16.233,194.953,0.394,401,129.713,454.627,0.29,0.245
513,7,0,16.488,194.953,0.399,402,129.664,461.719,0.29,0.259
514,8,0,16.86,194.953,0.406,402,129.645,470.978,0.289,0.281
515,4,0,16.791,194.07,0.407,399,129.657,463.811,0.287,0.271
516,4,0,16.884,194.907,0.406,400,129.673,467.319,0.289,0.282
517,3,0,16.977,194.907,0.406,399,129.626,469.746,0.289,0.286
518,6,0,17.256,194.907,0.415,400,129.538,475.086,0.291,0.312
519,5,0,17.721,194.907,0.423,396,129.636,480.581,0.288,0.336
520,4,0,17.86,194.907,0.423,397,129.713,483.682,0.289,0.346
521,5,0,18.186,194.907,0.426,394,129.682,487.176,0.287,0.366
522,6,1,18.372,194.116,0.426,393,129.622,489.754,0.286,0.373
523,3,0,18.651,194.116,0.428,391,129.517,494.96,0.284,0.388
524,9,0,18.837,194.116,0.431,396,129.5,503.853,0.287,0.409
525,5,0,18.953,194.14,0.432,399,129.45,513.661,0.288,0.424
526,4,0,18.953,194.14,0.431,399,129.59,507.865,0.287,0.422
527,4,0,19.0,194.372,0.432,398,129.628,508.077,0.286,0.42
528,5,0,19.326,194.372,0.433,399,129.47,518.648,0.287,0.45
529,9,0,19.233,194.372,0.43,402,129.48,515.222,0.288,0.443
530,6,0,19.186,194.372,0.431,403,129.614,510.809,0.286,0.433
531,5,0,19.233,194.372,0.433,402,129.709,512.816,0.284,0.434
532,4,0,19.279,194.372,0.431,403,129.634,517.609,0.287,0.448
533,6,0,18.953,194.512,0.43,401,129.72,511.859,0.288,0.427
534,5,0,19.302,193.86,0.428,400,129.659,524.706,0.289,0.454
535,3,0,19.372,192.791,0.428,398,129.706,527.528,0.289,0.459
536,7,1,19.279,192.791,0.431,398,129.721,521.35,0.286,0.442
537,5,0,19.279,192.86,0.43,400,129.721,522.312,0.287,0.447
538,3,0,19.279,192.86,0.43,399,129.757,519.059,0.284,0.436
539,6,0,19.372,192.465,0.431,401,129.796,518.002,0.286,0.452
540,2,0,19.372,192.465,0.432,397,129.714,516.134,0.283,0.439
541,7,0,19.233,192.465,0.432,400,129.692,517.874,0.286,0.44
542,5,0,19.14,192.512,0.432,400,129.708,515.49,0.285,0.429
543,5,0,18.791,192.512,0.434,402,129.722,510.472,0.287,0.409
544,13,1,18.651,192.581,0.429,410,129.476,528.376,0.298,0.436
545,12,0,18.837,192.93,0.43,417,129.214,551.786,0.305,0.475
546,7,0,18.651,192.93,0.43,416,129.195,546.647,0.307,0.467
547,6,0,18.744,192.93,0.432,416,129.211,549.286,0.304,0.465
548,5,1,18.791,192.93,0.432,413,129.245,547.288,0.303,0.462
549,3,0,19.07,192.372,0.433,411,129.197,552.341,0.303,0.485
550,3,0,19.14,192.372,0.433,410,129.236,555.089,0.302,0.486
551,1,0,19.07,191.93,0.434,404,129.334,545.753,0.298,0.466
552,2,0,19.07,191.93,0.434,406,129.323,546.304,0.298,0.468
553,3,0,19.209,191.93,0.436,402,129.341,549.331,0.297,0.476
554,6,2,19.349,191.907,0.43,401,129.418,556.935,0.297,0.485
555,5,0,19.744,192.814,0.433,397,129.387,568.715,0.297,0.516
556,13,0,19.837,192.814,0.436,404,129.324,575.595,0.299,0.531
557,7,0,19.977,192.814,0.436,409,129.195,584.725,0.301,0.548
558,3,0,19.977,192.814,0.438,407,129.316,574.767,0.299,0.542
559,2,0,19.977,192.93,0.437,404,129.349,571.811,0.297,0.534
560,6,0,19.744,192.837,0.433,406,129.307,567.694,0.297,0.518
561,7,0,20.116,192.791,0.437,408,129.027,581.209,0.301,0.556
562,4,0,20.302,192.791,0.439,405,129.057,580.079,0.298,0.562
563,3,0,20.395,192.791,0.44,405,129.044,583.281,0.299,0.571
564,6,0,20.837,193.023,0.44,404,128.855,601.473,0.3,0.606
565,3,0,20.744,193.023,0.435,402,128.867,601.11,0.297,0.589
566,4,0,20.628,193.023,0.433,399,128.925,595.542,0.294,0.57
567,2,0,20.395,192.744,0.434,395,129.131,581.113,0.29,0.538
568,4,0,20.395,192.744,0.434,399,129.034,591.33,0.295,0.556
569,4,0,20.674,192.744,0.439,398,129.006,596.681,0.295,0.578
570,3,0,20.907,192.744,0.439,399,128.974,601.699,0.294,0.592
571,4,0,20.86,192.744,0.44,399,129.01,599.674,0.293,0.584
572,8,0,20.674,193.023,0.437,404,128.898,602.097,0.299,0.593
573,8,0,20.767,193.023,0.436,408,128.843,611.796,0.302,0.609
574,2,0,21.047,193.023,0.438,403,128.861,612.695,0.298,0.615
575,11,0,21.163,193.023,0.439,411,128.799,621.851,0.302,0.636
576,3,0,21.209,193.023,0.439,412,128.794,623.854,0.302,0.639
577,7,0,20.977,193.023,0.437,410,128.826,612.1,0.301,0.619
578,4,0,20.698,193.023,0.437,410,128.884,598.892,0.301,0.599
579,6,0,20.651,193.023,0.438,411,128.916,602.093,0.301,0.597
580,10,0,20.628,193.256,0.437,416,128.862,607.271,0.302,0.6
581,5,0,20.581,193.256,0.436,416,128.786,610.648,0.305,0.606
582,4,0,21.233,193.256,0.441,411,128.696,619.977,0.299,0.633
583,5,1,21.233,193.256,0.438,404,128.818,612.116,0.293,0.611
584,4,0,21.047,193.256,0.439,404,128.839,604.799,0.292,0.595
585,13,1,20.907,193.279,0.438,415,128.735,615.446,0.3,0.611
586,1,0,20.628,193.279,0.441,408,128.916,583.83,0.292,0.562
587,7,0,20.721,193.279,0.444,409,128.855,593.128,0.293,0.573
588,5,0,20.721,193.279,0.445,411,128.858,594.464,0.294,0.576
589,6,0,20.791,193.279,0.443,412,128.833,593.464,0.294,0.582
590,1,0,20.837,193.279,0.443,409,128.878,587.982,0.292,0.578
591,5,0,20.977,193.279,0.445,409,128.872,592.334,0.291,0.587
592,3,0,21.07,193.279,0.447,407,128.955,590.323,0.288,0.584
593,2,0,21.209,193.279,0.448,405,128.955,594.96,0.288,0.592
594,4,1,21.349,193.279,0.451,402,128.836,594.552,0.285,0.591
595,8,1,21.465,194.0,0.449,404,128.725,605.425,0.287,0.606
596,6,0,21.326,194.0,0.449,408,128.673,606.487,0.29,0.605
597,7,0,21.093,194.0,0.449,411,128.649,607.703,0.291,0.594
598,5,0,20.93,193.349,0.449,408,128.688,594.265,0.289,0.573
599,5,0,21.07,193.349,0.449,410,128.61,602.438,0.291,0.592
600,3,0,20.884,193.605,0.452,407,128.671,585.5,0.29,0.574
601,4,0,14.791,193.07,0.386,408,130.246,414.108,0.287,0.168
602,7,0,15.163,193.07,0.392,409,130.046,420.102,0.286,0.183
603,1,0,15.209,193.07,0.392,407,130.026,420.119,0.285,0.181
604,5,0,15.442,193.07,0.389,406,130.083,419.589,0.283,0.188
605,5,0,15.395,193.07,0.384,403,130.22,417.425,0.281,0.182
606,0,0,15.535,193.07,0.385,397,130.334,416.301,0.276,0.179
607,4,0,15.535,193.0,0.383,395,130.526,411.147,0.275,0.177
608,7,0,15.907,193.0,0.39,395,130.511,421.316,0.274,0.193
609,3,0,16.256,193.0,0.394,391,130.484,428.357,0.274,0.209
610,4,0,16.395,193.0,0.394,389,130.45,432.646,0.275,0.219
611,6,0,16.349,193.0,0.394,393,130.335,431.883,0.277,0.223
612,3,0,16.814,193.721,0.398,387,130.39,432.587,0.271,0.232
613,6,0,16.907,193.721,0.398,389,130.308,438.086,0.273,0.243
614,2,0,16.791,193.721,0.399,388,130.46,430.123,0.271,0.23
615,9,0,16.814,193.721,0.4,389,130.395,428.231,0.27,0.23
616,5,0,16.86,193.721,0.399,388,130.585,423.047,0.269,0.23
617,2,0,16.814,193.721,0.397,386,130.72,420.5,0.267,0.222
618,5,0,16.86,193.721,0.398,387,130.689,428.048,0.269,0.232
619,8,0,17.0,193.721,0.4,389,130.674,434.52,0.27,0.242
620,8,0,17.744,193.721,0.414,388,130.591,452.814,0.27,0.286
621,5,0,17.907,193.721,0.414,386,130.558,450.759,0.266,0.283
622,10,0,18.047,193.721,0.411,391,130.515,457.933,0.268,0.299
623,8,0,18.093,193.837,0.409,397,130.329,467.844,0.273,0.317
624,3,0,18.14,193.837,0.41,397,130.339,471.097,0.273,0.321
625,6,0,17.86,193.349,0.409,400,130.233,468.215,0.274,0.304
626,0,0,18.093,193.349,0.41,394,130.356,467.907,0.27,0.308
627,2,0,18.233,193.349,0.412,387,130.46,461.736,0.266,0.305
628,4,0,18.186,193.186,0.413,389,130.456,460.406,0.266,0.302
629,3,0,18.14,193.186,0.412,392,130.444,463.727,0.268,0.303
630,4,0,18.14,193.186,0.415,392,130.424,464.81,0.268,0.305
631,8,0,18.07,193.186,0.414,394,130.414,462.121,0.269,0.303
632,2,0,18.233,193.07,0.411,392,130.419,457.019,0.267,0.306
633,8,0,18.047,192.419,0.413,390,130.776,451.023,0.264,0.287
634,5,0,18.093,192.419,0.411,393,130.707,452.234,0.266,0.295
635,5,0,18.233,192.791,0.407,395,130.773,457.035,0.265,0.303
636,5,0,18.093,192.791,0.408,399,130.574,458.391,0.268,0.302
637,6,0,18.233,192.791,0.411,400,130.587,460.146,0.269,0.314
638,7,0,18.326,192.791,0.42,403,130.489,463.31,0.273,0.332
639,3,0,18.605,192.953,0.42,401,130.51,464.518,0.271,0.345
640,8,0,18.884,192.953,0.417,404,130.452,476.241,0.273,0.371
641,3,0,18.977,191.744,0.419,404,130.581,478.188,0.27,0.37
642,3,0,19.116,191.744,0.42,406,130.439,481.542,0.272,0.386
643,5,0,19.163,191.628,0.42,408,130.416,482.446,0.272,0.389
644,8,0,19.442,191.721,0.421,411,130.302,488.637,0.271,0.408
645,6,0,19.581,193.349,0.413,413,130.436,496.046,0.273,0.426
646,5,1,19.442,193.349,0.415,412,130.559,485.238,0.27,0.403
647,4,0,19.047,193.628,0.415,413,130.664,475.868,0.27,0.376
648,5,0,19.093,193.395,0.416,413,130.608,477.975,0.271,0.382
649,4,0,19.023,193.395,0.411,415,130.639,476.853,0.271,0.377
650,3,0,19.535,193.395,0.415,412,130.646,486.506,0.268,0.404
651,0,0,19.628,193.395,0.417,406,130.724,479.284,0.262,0.393
652,4,0,19.721,193.395,0.419,406,130.574,480.792,0.262,0.398
653,2,0,19.674,193.395,0.419,405,130.593,479.387,0.262,0.393
654,8,0,20.186,193.953,0.421,408,128.753,489.718,0.263,0.42
655,4,0,20.093,193.953,0.42,409,128.811,492.966,0.264,0.419
656,5,0,20.047,193.395,0.419,406,130.87,481.042,0.257,0.406
657,7,0,19.977,193.395,0.416,411,130.85,481.23,0.259,0.406
658,6,0,19.907,193.395,0.415,411,130.595,479.092,0.26,0.405
659,2,0,19.814,193.395,0.414,411,130.632,477.0,0.26,0.397
660,4,0,19.814,193.395,0.414,409,130.64,483.091,0.261,0.403
661,3,0,19.674,193.116,0.41,409,130.802,474.834,0.259,0.385
662,5,0,19.488,193.116,0.416,404,130.79,470.884,0.258,0.366
663,6,0,19.395,193.116,0.416,405,130.811,464.036,0.257,0.356
664,5,0,19.488,193.372,0.415,404,130.755,463.174,0.255,0.357
665,3,0,19.581,192.07,0.416,400,130.742,458.751,0.253,0.356
666,4,0,19.651,191.837,0.416,400,130.758,459.91,0.253,0.361
667,9,0,19.791,191.977,0.414,406,130.701,474.048,0.257,0.386
668,3,0,19.744,192.581,0.414,406,130.727,473.471,0.258,0.384
669,5,0,19.86,192.605,0.413,403,130.908,466.115,0.253,0.379
670,3,0,19.628,192.605,0.413,400,131.187,457.553,0.251,0.356
671,7,0,19.395,191.442,0.413,402,131.349,454.156,0.25,0.339
672,5,0,19.442,191.442,0.414,403,131.315,459.032,0.251,0.344
673,1,0,19.395,191.442,0.413,400,131.519,446.197,0.248,0.333
674,5,1,19.442,192.744,0.411,397,131.368,444.484,0.248,0.334
675,6,0,19.86,193.465,0.415,391,131.307,455.931,0.246,0.356
676,7,0,20.093,193.465,0.419,394,131.072,469.727,0.25,0.386
677,4,0,19.767,193.465,0.419,394,131.299,455.399,0.249,0.361
678,2,0,19.674,192.953,0.42,390,131.41,451.163,0.246,0.346
679,7,0,19.465,193.023,0.421,392,131.553,455.76,0.25,0.344
680,2,0,19.558,193.023,0.422,391,131.512,452.725,0.249,0.349
681,4,0,19.605,192.837,0.42,390,131.509,450.265,0.247,0.345
682,5,0,19.372,192.465,0.418,388,131.74,441.528,0.246,0.327
683,4,0,19.279,192.465,0.418,390,131.786,440.862,0.247,0.325
684,7,0,19.326,192.465,0.418,390,131.816,440.365,0.247,0.327
685,4,0,19.326,192.465,0.419,390,131.638,438.981,0.246,0.322
686,6,0,19.326,192.465,0.42,391,131.553,438.876,0.246,0.322
687,2,0,19.279,192.209,0.417,388,131.614,431.442,0.242,0.306
688,4,0,19.256,192.209,0.417,387,131.44,432.969,0.243,0.307
689,0,0,19.372,192.209,0.418,383,131.447,432.929,0.242,0.311
690,7,0,19.395,192.209,0.418,387,131.67,432.486,0.242,0.315
691,4,0,19.395,192.209,0.419,385,131.75,424.959,0.239,0.305
692,1,0,19.256,192.209,0.418,381,131.945,419.302,0.235,0.285
693,4,0,19.093,192.209,0.419,377,131.915,408.335,0.232,0.268
694,5,0,19.14,192.209,0.418,378,131.592,417.863,0.235,0.276
695,8,0,19.047,192.209,0.418,380,131.55,420.18,0.239,0.283
696,5,0,19.047,192.209,0.414,380,131.677,417.775,0.239,0.281
697,4,0,19.326,192.209,0.414,378,131.576,421.102,0.238,0.296
698,3,0,19.86,192.209,0.416,374,131.465,420.889,0.235,0.321
699,7,0,19.907,192.209,0.418,373,131.594,419.075,0.232,0.315
700,4,0,19.814,190.907,0.414,372,131.691,416.849,0.229,0.302
701,3,0,15.256,186.907,0.353,372,133.056,307.875,0.225,0.093
702,1,0,15.349,186.907,0.353,371,133.054,309.135,0.224,0.095
703,3,0,15.349,186.907,0.354,368,133.029,309.826,0.225,0.096
704,5,0,15.651,187.047,0.371,369,132.694,323.912,0.228,0.108
705,4,0,15.605,187.047,0.37,370,132.6,324.843,0.23,0.108
706,3,0,15.791,186.977,0.373,365,132.69,325.907,0.227,0.109
707,3,0,15.767,186.977,0.374,362,132.747,320.371,0.225,0.106
708,6,0,15.953,187.349,0.375,361,132.581,323.069,0.224,0.11
709,4,0,16.047,188.023,0.37,359,132.631,324.525,0.223,0.111
710,7,0,16.0,190.581,0.374,361,132.595,325.747,0.224,0.112
711,10,0,15.953,190.581,0.375,368,132.424,331.946,0.229,0.117
712,8,0,15.953,190.581,0.372,372,132.335,336.013,0.232,0.122
713,4,0,16.047,190.674,0.373,371,132.347,338.077,0.231,0.123
714,4,0,16.093,190.674,0.373,373,132.194,341.898,0.233,0.128
715,4,0,16.326,190.674,0.373,374,132.255,351.197,0.233,0.136
716,7,0,16.907,191.442,0.375,372,132.045,366.916,0.234,0.16
717,4,0,16.907,191.512,0.375,373,131.897,369.574,0.236,0.163
718,8,0,16.86,191.791,0.37,376,131.507,373.477,0.241,0.169
719,2,0,17.093,191.791,0.371,374,131.47,376.908,0.239,0.176
720,7,0,17.14,191.791,0.374,376,131.216,384.778,0.244,0.188
721,3,0,16.953,191.791,0.375,373,131.284,381.469,0.241,0.173
722,6,0,16.907,191.791,0.374,376,131.18,380.707,0.244,0.176
723,6,0,16.884,191.791,0.371,377,131.09,386.07,0.245,0.177
724,4,0,17.163,191.674,0.381,377,130.866,398.1,0.249,0.198
725,4,0,17.442,191.674,0.393,378,130.645,409.977,0.253,0.22
726,5,0,17.302,190.884,0.395,379,130.709,407.555,0.252,0.212
727,8,0,17.767,190.837,0.398,380,130.573,420.606,0.255,0.245
728,7,0,18.0,190.837,0.401,382,130.612,425.517,0.256,0.261
729,6,0,18.14,189.419,0.401,377,130.498,426.406,0.254,0.263
730,8,0,18.023,188.791,0.4,379,130.458,425.514,0.255,0.259
731,5,0,17.977,188.465,0.403,374,130.565,412.954,0.251,0.244
732,8,0,17.884,189.395,0.406,382,130.384,423.62,0.258,0.257
733,7,0,17.512,189.395,0.405,384,130.473,421.542,0.26,0.243
734,10,0,17.488,188.977,0.403,389,130.441,424.448,0.262,0.246
735,9,0,17.628,188.977,0.4,392,130.354,428.939,0.262,0.254
736,5,0,17.651,188.86,0.398,392,130.321,429.091,0.262,0.254
737,5,1,17.651,188.907,0.4,392,130.281,432.768,0.264,0.26
738,5,0,17.512,188.907,0.401,396,130.233,436.019,0.267,0.259
739,6,0,17.744,188.233,0.4,394,130.27,434.509,0.263,0.262
740,7,0,17.93,188.233,0.4,395,130.112,443.37,0.265,0.279
741,6,0,18.116,188.233,0.399,398,130.031,456.261,0.267,0.296
742,8,0,18.023,187.884,0.394,401,130.211,453.833,0.267,0.292
743,11,0,18.442,187.884,0.397,406,130.153,464.699,0.268,0.321
744,1,0,18.581,187.884,0.398,403,130.166,467.404,0.266,0.327
745,6,0,18.512,188.0,0.397,405,130.132,467.406,0.269,0.33
746,8,0,19.023,188.0,0.399,405,129.911,482.804,0.27,0.368
747,2,0,19.302,188.605,0.4,399,129.901,488.523,0.268,0.383
748,5,0,19.186,188.488,0.399,399,130.007,483.323,0.266,0.366
749,8,0,19.465,188.349,0.4,400,129.897,493.202,0.266,0.388
750,4,0,19.698,187.767,0.402,398,129.978,487.483,0.264,0.398
751,8,0,19.512,187.767,0.403,403,130.033,490.42,0.267,0.395
752,5,0,19.372,187.767,0.401,406,130.121,489.284,0.268,0.39
753,2,0,19.186,187.558,0.403,402,130.239,476.094,0.265,0.365
754,7,0,19.279,188.605,0.406,406,130.046,486.422,0.27,0.388
755,7,0,19.488,188.814,0.406,403,130.061,488.401,0.269,0.4
756,6,0,19.395,188.814,0.404,403,130.081,482.999,0.267,0.386
757,8,0,19.558,189.163,0.403,405,129.906,492.07,0.27,0.41
758,4,0,19.651,189.093,0.407,404,129.802,496.91,0.272,0.422
759,3,0,19.605,189.093,0.405,404,129.806,495.911,0.271,0.415
760,5,0,19.605,189.093,0.405,408,129.653,507.027,0.275,0.429
761,6,0,19.395,189.302,0.403,408,129.6,505.463,0.278,0.421
762,3,0,19.488,193.698,0.398,405,129.63,502.52,0.276,0.422
763,7,0,19.767,193.419,0.404,404,129.599,505.915,0.274,0.436
764,5,0,19.674,193.93,0.403,405,129.638,503.46,0.272,0.423
765,6,0,19.86,193.93,0.404,405,129.652,504.655,0.272,0.437
766,8,0,19.628,193.93,0.403,408,129.532,508.02,0.275,0.429
767,3,0,19.767,193.93,0.402,408,129.494,513.736,0.276,0.442
768,4,0,20.023,193.93,0.401,407,129.491,515.847,0.276,0.462
769,4,0,20.163,193.93,0.405,406,129.496,519.393,0.277,0.476
770,2,0,20.023,193.93,0.406,404,129.491,515.415,0.277,0.466
771,5,0,20.116,193.93,0.407,402,129.555,508.526,0.274,0.461
772,6,0,20.0,193.93,0.412,404,129.562,509.424,0.275,0.458
773,5,0,20.14,193.93,0.414,404,129.468,511.508,0.276,0.469
774,6,0,19.953,193.93,0.414,404,129.589,506.418,0.274,0.452
775,4,0,20.047,193.93,0.413,400,129.614,503.365,0.272,0.45
776,5,0,20.279,193.93,0.414,402,129.5,513.276,0.273,0.472
777,4,0,20.372,194.116,0.414,401,129.453,522.772,0.276,0.487
778,4,0,20.302,194.116,0.414,401,129.499,524.943,0.275,0.481
779,7,0,20.372,193.442,0.414,401,129.634,514.097,0.273,0.479
780,4,0,20.233,193.442,0.414,400,129.722,506.94,0.272,0.466
781,6,0,20.256,193.535,0.415,401,129.719,507.977,0.273,0.47
782,2,0,20.209,193.535,0.414,403,129.663,512.282,0.274,0.472
783,5,0,20.209,193.93,0.413,407,129.58,517.098,0.276,0.478
784,4,0,20.256,193.93,0.414,405,129.663,511.388,0.274,0.473
785,3,0,20.442,193.837,0.416,403,129.614,515.805,0.273,0.486
786,7,0,20.791,194.093,0.415,405,129.545,528.053,0.276,0.523
787,6,1,20.791,194.093,0.416,405,129.554,525.232,0.275,0.518
788,4,0,20.93,194.093,0.414,405,129.547,526.38,0.274,0.524
789,6,0,20.884,194.093,0.414,408,129.492,531.45,0.276,0.53
790,5,0,20.884,193.86,0.416,406,129.687,531.028,0.276,0.529
791,4,0,21.116,193.86,0.417,404,129.688,532.076,0.274,0.541
792,6,0,21.0,193.86,0.418,401,129.675,526.853,0.273,0.528
793,2,0,20.907,194.186,0.416,398,129.644,524.928,0.273,0.521
794,7,0,20.953,194.186,0.414,398,129.633,525.845,0.274,0.528
795,7,0,20.953,194.186,0.418,403,129.539,531.832,0.28,0.548
796,4,0,21.0,194.186,0.419,405,129.497,542.058,0.282,0.56
797,1,0,20.884,194.186,0.42,399,129.601,526.497,0.277,0.533
798,9,1,21.116,194.186,0.426,401,129.479,534.172,0.278,0.553
799,3,0,20.977,194.209,0.424,398,129.439,524.278,0.276,0.537
800,6,0,21.186,194.209,0.432,402,129.329,533.678,0.279,0.561
801,6,0,15.651,195.698,0.368,400,130.557,394.726,0.279,0.192
802,1,0,15.744,195.698,0.363,399,130.595,394.448,0.278,0.193
803,8,0,15.977,195.698,0.362,401,130.459,402.414,0.28,0.21
804,4,0,16.256,195.698,0.362,399,130.313,408.271,0.28,0.225
805,3,0,16.442,195.698,0.364,397,130.255,421.004,0.283,0.241
806,6,0,16.163,195.721,0.363,398,130.337,417.234,0.284,0.229
807,4,0,16.628,195.721,0.366,392,130.231,423.989,0.283,0.253
808,6,0,16.721,195.721,0.368,392,130.196,425.215,0.283,0.259
809,2,0,17.047,195.721,0.372,388,130.218,428.216,0.28,0.27
810,5,0,17.233,195.721,0.372,390,129.987,437.051,0.284,0.292
811,4,0,17.465,195.721,0.372,390,129.867,443.423,0.284,0.305
812,8,0,17.419,195.721,0.372,393,129.804,446.216,0.287,0.312
813,1,0,17.605,195.721,0.38,388,129.844,446.149,0.284,0.316
814,6,0,17.93,195.721,0.382,391,129.709,458.937,0.287,0.348
815,9,0,18.023,195.721,0.379,397,129.569,465.758,0.29,0.363
816,0,0,18.163,195.721,0.378,390,129.672,460.873,0.285,0.356
817,5,0,18.023,195.721,0.38,391,129.758,456.353,0.283,0.338
818,4,0,17.93,195.721,0.382,390,129.853,447.104,0.278,0.317
819,5,0,18.047,195.721,0.382,390,129.834,450.38,0.278,0.324
820,7,0,17.814,195.721,0.377,393,129.897,449.123,0.278,0.311
821,7,0,17.86,195.721,0.378,399,129.844,454.534,0.281,0.323
822,4,0,17.767,195.721,0.376,392,129.916,443.369,0.276,0.3
823,6,0,17.837,195.721,0.376,394,129.875,445.189,0.276,0.305
824,6,0,17.814,195.721,0.375,392,129.937,437.137,0.273,0.296
825,6,0,18.326,196.372,0.381,390,127.801,453.639,0.275,0.32
826,2,0,18.209,195.163,0.381,383,128.018,444.181,0.27,0.298
827,6,0,18.326,191.047,0.382,386,127.844,450.388,0.273,0.314
828,4,0,18.605,191.047,0.385,388,127.798,456.801,0.273,0.333
829,5,0,18.628,191.047,0.385,390,127.744,462.464,0.275,0.339
830,3,0,18.535,191.047,0.389,385,127.872,450.226,0.271,0.321
831,8,0,18.512,191.047,0.391,385,127.83,451.711,0.273,0.326
832,4,0,18.791,192.14,0.393,385,127.863,453.635,0.271,0.341
833,4,0,18.674,192.14,0.391,384,127.943,448.064,0.269,0.327
834,5,0,18.767,192.14,0.392,386,127.94,451.997,0.271,0.339
835,7,0,18.814,192.14,0.395,389,127.797,460.606,0.274,0.35
836,3,0,18.767,192.14,0.397,390,127.788,460.4,0.275,0.351
837,2,0,18.581,192.14,0.398,387,127.809,455.741,0.274,0.336
838,2,0,18.628,191.628,0.399,384,127.84,453.219,0.273,0.334
839,10,1,18.628,191.628,0.403,391,127.688,464.355,0.279,0.355
840,6,0,18.814,191.698,0.403,391,127.72,464.35,0.275,0.353
841,5,0,18.86,191.837,0.403,394,127.632,466.47,0.277,0.362
842,7,0,19.0,192.628,0.403,397,127.559,472.29,0.278,0.376
843,5,1,19.186,192.628,0.404,397,127.528,480.034,0.279,0.393
844,1,0,19.395,192.628,0.403,393,127.525,480.133,0.277,0.402
845,4,0,19.302,192.628,0.401,396,127.488,483.054,0.279,0.403
846,3,0,19.395,192.721,0.401,394,127.493,482.03,0.279,0.407
847,5,0,19.302,192.279,0.401,396,127.663,482.098,0.279,0.402
848,5,0,19.488,192.279,0.402,397,127.511,489.742,0.281,0.421
849,6,0,19.349,192.279,0.401,399,127.511,488.203,0.281,0.411
850,5,0,19.07,192.279,0.401,400,127.568,480.683,0.28,0.387
851,5,0,19.0,192.279,0.4,405,127.549,481.916,0.282,0.389
852,6,0,19.0,192.279,0.401,406,127.552,484.424,0.283,0.392
853,4,0,19.163,192.279,0.4,407,127.49,490.883,0.284,0.409
854,7,0,19.07,192.279,0.399,406,127.49,485.529,0.282,0.395
855,4,0,19.163,192.279,0.4,406,127.418,489.364,0.284,0.408
856,6,0,19.349,191.488,0.4,405,127.326,496.971,0.283,0.419
857,6,1,19.209,191.488,0.401,407,127.334,498.996,0.285,0.416
858,6,0,19.163,191.488,0.401,410,127.314,502.47,0.286,0.416
859,6,0,19.07,191.628,0.403,411,127.294,500.554,0.287,0.411
860,3,1,19.256,191.628,0.401,402,127.482,487.448,0.278,0.394
861,5,0,19.349,191.628,0.401,404,127.415,493.255,0.28,0.409
862,3,0,19.628,191.628,0.402,400,127.412,487.844,0.277,0.418
863,9,0,19.581,193.233,0.407,406,127.319,492.717,0.281,0.427
864,7,1,19.535,193.233,0.407,407,127.315,492.083,0.281,0.424
865,4,0,19.488,193.651,0.409,403,127.311,489.257,0.28,0.418
866,8,0,19.488,193.651,0.411,404,127.333,488.525,0.28,0.419
867,8,0,19.256,193.674,0.413,398,127.407,470.449,0.275,0.382
868,2,0,19.233,193.395,0.414,395,127.421,468.036,0.273,0.375
869,4,0,19.0,193.395,0.413,394,127.465,456.979,0.272,0.354
870,4,0,18.837,193.395,0.413,394,127.497,452.03,0.271,0.341
871,5,0,19.209,193.372,0.423,393,127.412,464.589,0.272,0.369
872,5,0,19.256,193.372,0.424,392,127.412,467.758,0.273,0.375
873,4,0,19.302,193.372,0.422,390,127.462,464.187,0.27,0.37
874,2,0,19.488,193.372,0.422,388,127.454,468.323,0.27,0.382
875,3,0,19.372,193.372,0.42,386,127.524,464.784,0.266,0.361
876,2,0,19.395,193.372,0.423,386,127.512,465.199,0.267,0.365
877,3,0,19.581,193.326,0.421,382,127.568,463.658,0.264,0.369
878,4,0,19.581,193.326,0.421,377,127.615,460.407,0.261,0.36
879,7,0,19.512,193.326,0.423,377,127.709,454.478,0.258,0.345
880,6,0,19.302,193.814,0.427,379,127.725,446.855,0.257,0.329
881,9,0,19.163,193.814,0.426,386,127.684,448.575,0.261,0.33
882,6,0,19.023,193.814,0.427,388,127.596,450.205,0.263,0.328
883,13,0,18.744,194.023,0.43,394,127.575,453.502,0.266,0.319
884,1,0,18.605,194.023,0.43,387,127.65,443.349,0.263,0.301
885,5,0,18.512,193.884,0.43,385,127.685,444.95,0.264,0.297
886,2,0,18.558,193.884,0.429,385,127.715,443.469,0.263,0.296
887,7,0,18.372,193.651,0.429,385,127.626,451.533,0.268,0.299
888,4,0,18.419,193.651,0.429,379,127.757,443.839,0.264,0.292
889,1,0,19.163,193.651,0.433,371,127.874,444.651,0.255,0.315
890,4,0,19.14,193.651,0.433,370,127.927,443.372,0.254,0.309
891,2,0,19.0,194.442,0.432,369,127.922,443.32,0.255,0.304
892,1,0,18.884,194.442,0.432,368,127.931,440.713,0.255,0.297
893,4,0,19.07,193.651,0.434,366,128.0,440.365,0.251,0.295
894,6,0,18.465,193.651,0.432,365,128.153,421.304,0.25,0.256
895,3,0,18.651,193.767,0.431,365,128.108,426.862,0.251,0.27
896,9,0,18.558,193.884,0.43,370,128.083,429.626,0.253,0.271
897,2,0,18.558,193.605,0.431,368,128.189,423.489,0.251,0.265
898,7,0,18.605,193.605,0.431,374,128.073,435.603,0.256,0.281
899,9,0,18.558,193.605,0.427,373,128.085,431.96,0.258,0.284
900,5,0,18.419,193.605,0.427,375,128.066,430.154,0.259,0.278
901,8,0,13.326,195.977,0.359,380,130.375,314.038,0.261,0.08
902,5,0,13.372,195.86,0.36,381,130.256,318.145,0.262,0.082
903,7,0,13.744,196.0,0.365,381,130.165,325.802,0.262,0.091
904,2,0,13.744,196.0,0.357,381,130.359,322.688,0.261,0.091
905,3,0,14.256,196.0,0.368,377,129.884,334.032,0.26,0.102
906,7,0,14.535,196.0,0.371,376,130.035,338.109,0.257,0.106
907,12,0,14.628,196.0,0.371,385,129.919,343.672,0.261,0.115
908,5,0,14.907,196.0,0.379,385,129.62,352.767,0.262,0.124
909,5,0,15.186,196.0,0.38,386,129.541,358.833,0.261,0.132
910,6,0,15.279,196.023,0.376,389,129.278,369.05,0.266,0.144
911,4,0,15.605,196.023,0.377,389,129.182,376.044,0.265,0.154
912,5,0,15.558,196.023,0.379,388,129.156,378.951,0.267,0.156
913,4,0,15.651,196.023,0.379,388,129.03,379.425,0.267,0.158
914,4,0,15.744,196.023,0.38,388,129.012,381.731,0.266,0.161
915,6,0,15.814,196.023,0.384,388,129.005,383.898,0.267,0.166
916,5,0,15.953,196.023,0.386,387,128.963,392.664,0.268,0.173
917,2,0,16.0,195.791,0.387,385,128.976,390.108,0.266,0.172
918,8,0,16.186,195.791,0.392,387,128.898,391.993,0.266,0.179
919,4,0,16.372,195.791,0.393,385,128.97,393.108,0.263,0.182
920,7,0,16.512,195.791,0.391,387,128.899,396.026,0.262,0.186
921,2,0,16.372,195.791,0.389,386,128.996,392.01,0.261,0.178
922,4,0,16.581,195.791,0.391,384,129.017,392.375,0.258,0.18
923,3,0,16.581,195.791,0.39,383,129.021,392.786,0.258,0.181
924,2,0,16.674,195.791,0.39,381,128.98,393.082,0.258,0.184
925,6,0,16.814,195.465,0.389,381,128.834,400.944,0.259,0.193
926,10,0,17.093,195.465,0.39,385,128.526,412.344,0.262,0.213
927,5,0,17.093,195.512,0.39,385,128.463,414.971,0.263,0.215
928,5,0,17.186,195.488,0.39,386,128.494,414.025,0.262,0.218
929,3,0,17.047,195.488,0.387,381,128.613,403.666,0.261,0.208
930,3,0,17.419,195.488,0.391,378,128.554,410.86,0.259,0.223
931,3,0,17.512,195.488,0.39,376,128.602,415.486,0.258,0.226
932,6,0,17.767,195.488,0.393,374,128.448,422.011,0.259,0.241
933,7,0,18.0,195.488,0.392,375,128.332,429.168,0.26,0.258
934,5,0,17.977,194.744,0.391,374,128.403,430.655,0.261,0.259
935,6,0,17.93,194.744,0.391,375,128.384,433.317,0.262,0.26
936,3,0,18.07,194.744,0.393,374,128.49,428.977,0.259,0.26
937,5,0,18.256,194.744,0.398,377,128.181,443.026,0.264,0.283
938,5,0,18.256,194.674,0.398,378,128.206,442.347,0.264,0.285
939,7,0,18.116,194.814,0.397,379,128.251,437.28,0.265,0.28
940,10,0,18.14,195.047,0.398,384,128.005,453.073,0.27,0.295
941,3,0,18.209,195.047,0.393,380,128.128,443.568,0.267,0.29
942,6,0,18.209,195.047,0.392,383,128.035,452.575,0.269,0.296
943,5,0,18.023,194.837,0.391,386,128.013,449.72,0.271,0.29
944,4,0,18.07,194.837,0.395,383,128.038,445.14,0.268,0.283
945,3,0,18.395,194.837,0.394,382,128.034,450.222,0.266,0.298
946,3,0,18.512,194.558,0.394,376,128.093,441.879,0.26,0.287
947,5,0,18.512,194.558,0.398,378,127.972,449.234,0.264,0.299
948,5,0,18.651,194.535,0.398,378,127.922,452.688,0.265,0.311
949,1,0,18.791,194.535,0.4,374,127.93,454.122,0.263,0.315
950,4,0,18.744,194.535,0.398,374,128.019,452.232,0.263,0.312
951,6,0,18.605,194.395,0.396,377,128.044,451.913,0.266,0.311
952,5,0,18.605,194.395,0.396,374,128.052,455.374,0.267,0.316
953,3,0,18.698,194.0,0.397,373,128.01,457.509,0.268,0.325
954,9,0,18.698,195.256,0.397,376,127.87,458.404,0.271,0.334
955,1,0,18.791,195.093,0.396,370,128.008,449.318,0.267,0.328
956,6,0,18.744,195.093,0.396,375,127.994,452.422,0.268,0.327
957,2,0,18.837,195.093,0.398,371,128.027,449.722,0.266,0.327
958,6,0,19.302,194.326,0.399,371,128.003,456.137,0.265,0.356
959,5,0,19.233,194.326,0.399,371,128.042,456.236,0.265,0.352
960,5,0,19.256,194.326,0.397,373,127.969,459.006,0.266,0.357
961,2,0,19.302,193.372,0.394,371,127.959,459.035,0.265,0.356
962,5,0,19.256,192.698,0.395,370,128.031,453.152,0.263,0.348
963,4,0,19.116,192.698,0.394,367,128.145,442.683,0.261,0.33
964,7,1,19.163,192.698,0.394,369,128.117,448.055,0.261,0.335
965,9,0,19.256,192.698,0.391,374,128.025,454.593,0.265,0.354
966,3,0,19.209,192.698,0.39,375,127.95,459.437,0.267,0.357
967,5,0,19.395,192.698,0.395,375,127.802,467.898,0.269,0.375
968,4,0,19.279,192.93,0.394,375,127.818,464.944,0.268,0.362
969,1,0,19.326,192.93,0.396,371,127.925,460.324,0.266,0.36
970,12,0,19.093,192.581,0.396,377,127.811,461.605,0.268,0.35
971,1,0,19.233,192.581,0.398,371,127.933,456.998,0.264,0.349
972,5,0,19.279,192.767,0.397,371,128.052,457.313,0.265,0.355
973,10,0,19.233,192.814,0.398,376,128.117,451.729,0.265,0.351
974,6,0,19.419,192.814,0.399,378,128.036,461.224,0.266,0.368
975,7,0,19.512,192.814,0.398,381,127.908,473.516,0.27,0.39
976,5,0,19.535,192.814,0.397,383,127.727,480.08,0.274,0.403
977,5,1,19.302,192.767,0.397,380,128.048,471.872,0.272,0.381
978,4,0,19.209,192.767,0.398,377,128.149,464.116,0.269,0.366
979,8,0,19.209,192.767,0.396,377,128.27,457.48,0.268,0.363
980,3,0,19.349,192.767,0.399,371,128.483,452.449,0.262,0.354
981,2,0,19.302,192.791,0.401,370,128.518,448.268,0.26,0.345
982,7,0,19.14,190.907,0.409,368,128.628,439.732,0.257,0.325
983,5,0,19.093,191.07,0.413,371,128.446,439.933,0.26,0.329
984,4,0,19.0,191.07,0.414,368,128.529,433.302,0.258,0.316
985,6,0,18.721,190.651,0.415,371,128.472,429.384,0.259,0.302
986,1,0,18.674,190.651,0.413,365,128.548,420.103,0.253,0.281
987,3,0,18.721,190.558,0.409,363,128.57,421.81,0.253,0.284
988,7,0,18.535,190.558,0.412,364,128.576,420.016,0.255,0.278
989,4,0,18.465,190.558,0.41,365,128.604,414.362,0.254,0.27
990,6,0,18.279,189.488,0.41,363,128.666,409.698,0.254,0.261
991,5,0,18.279,189.488,0.41,364,128.666,413.969,0.256,0.264
992,2,0,18.419,189.488,0.41,362,128.706,410.348,0.253,0.265
993,1,0,18.419,189.488,0.41,359,128.744,408.166,0.252,0.261
994,4,0,18.186,189.605,0.408,360,129.03,404.064,0.251,0.247
995,8,0,18.279,189.721,0.412,362,128.853,408.676,0.253,0.258
996,2,0,18.395,189.721,0.407,357,129.013,402.532,0.247,0.249
997,3,0,18.488,189.721,0.405,358,128.972,409.299,0.249,0.26
998,9,0,18.535,189.721,0.412,364,128.689,425.826,0.257,0.283
999,5,0,18.372,189.721,0.412,364,128.698,426.828,0.258,0.276
1000,0,0,18.372,189.721,0.413,358,128.843,417.061,0.253,0.262
