1,10,0,0.571,2.381,0.0,10,111.688,0.046,0.008,0.0
2,3,0,0.762,3.619,0.005,13,109.414,0.055,0.011,0.0
3,3,0,1.048,5.476,0.007,16,99.342,0.134,0.015,0.0
4,3,0,1.238,8.476,0.016,19,92.174,0.243,0.021,0.0
5,4,0,1.667,10.429,0.018,23,79.743,0.675,0.026,0.0
6,7,0,2.238,15.952,0.031,29,66.966,1.131,0.039,0.0
7,5,0,2.524,19.952,0.045,34,59.608,1.838,0.046,0.0
8,5,0,2.952,24.0,0.073,38,53.855,2.298,0.05,0.0
9,5,0,3.524,31.857,0.122,42,43.491,3.199,0.06,0.0
10,3,0,3.81,35.381,0.143,45,41.708,3.614,0.064,0.0
11,6,0,3.571,36.524,0.137,51,44.671,3.473,0.07,0.0
12,9,0,3.857,41.905,0.152,59,34.464,4.352,0.082,0.0
13,4,0,4.0,43.905,0.152,63,32.11,4.911,0.089,0.0
14,4,0,4.095,45.238,0.154,67,31.219,5.048,0.092,0.0
15,3,0,4.19,45.714,0.147,70,27.977,5.347,0.096,0.0
16,8,0,4.905,52.905,0.205,77,22.776,7.075,0.103,0.0
17,4,0,5.286,61.0,0.26,81,19.617,8.528,0.112,0.0
18,4,0,5.571,63.238,0.264,85,18.145,9.635,0.119,0.0
19,7,0,6.095,68.81,0.289,91,13.362,12.606,0.13,0.0
20,8,0,6.667,73.381,0.324,98,11.671,14.586,0.138,0.0
21,3,0,6.952,75.857,0.35,98,12.147,15.025,0.138,0.0
22,3,0,7.238,77.952,0.378,98,11.597,15.885,0.138,0.0
23,3,0,7.429,80.286,0.398,101,11.126,17.145,0.142,0.0
24,3,0,7.429,80.571,0.396,104,10.643,17.108,0.145,0.0
25,5,0,7.714,87.857,0.458,108,9.15,18.253,0.156,0.0
26,6,0,7.524,89.19,0.473,113,8.589,18.098,0.161,0.0
27,8,0,8.476,97.619,0.522,119,6.784,22.423,0.176,0.0
28,6,0,8.762,100.524,0.545,125,5.822,25.549,0.185,0.0
29,3,0,8.762,101.714,0.528,127,5.418,26.852,0.188,0.0
30,3,0,8.857,102.0,0.542,130,5.357,27.179,0.19,0.0
31,5,1,9.238,104.095,0.571,129,4.651,28.468,0.188,0.0
32,8,1,9.429,106.0,0.547,135,4.124,28.213,0.195,0.0
33,3,1,9.81,107.857,0.536,136,3.991,30.297,0.196,0.0
34,4,1,10.286,109.095,0.535,139,3.867,31.557,0.198,0.0
35,6,3,10.667,109.429,0.537,141,3.544,34.436,0.202,0.0
36,3,0,10.952,109.429,0.539,144,3.35,35.64,0.207,0.0
37,9,1,11.524,111.667,0.569,149,3.44,39.27,0.214,0.0
38,0,0,11.619,111.667,0.567,146,3.631,38.542,0.21,0.0
39,6,0,11.81,111.762,0.592,150,3.458,39.552,0.214,0.0
40,2,0,11.905,114.429,0.595,152,3.342,39.982,0.217,0.0
41,2,0,11.81,114.429,0.599,154,3.358,39.592,0.217,0.0
42,3,0,12.19,114.429,0.598,155,3.276,40.438,0.216,0.0
43,7,2,12.381,114.429,0.62,160,2.702,41.285,0.221,0.001
44,7,2,12.286,114.762,0.603,163,2.639,41.455,0.223,0.001
45,4,1,12.667,114.762,0.619,164,2.652,42.163,0.22,0.001
46,8,1,12.714,114.905,0.595,168,2.571,43.404,0.226,0.001
47,3,2,13.19,114.905,0.601,165,2.569,44.345,0.224,0.001
48,10,4,13.381,114.905,0.598,169,2.182,44.774,0.23,0.001
49,8,4,13.19,114.905,0.598,171,2.12,43.755,0.23,0.001
50,2,1,13.667,114.905,0.598,169,2.18,44.732,0.226,0.001
51,7,2,13.476,116.286,0.594,173,2.108,44.221,0.229,0.001
52,4,1,13.381,116.286,0.592,175,2.119,43.717,0.229,0.001
53,6,1,13.19,114.619,0.611,178,2.068,43.24,0.23,0.001
54,2,1,13.095,114.619,0.608,179,2.009,43.071,0.232,0.001
55,5,2,13.476,114.619,0.597,178,2.006,42.305,0.226,0.001
56,6,0,13.476,114.619,0.592,183,1.717,43.674,0.231,0.001
57,5,2,13.905,114.619,0.621,184,1.697,44.751,0.232,0.001
58,5,3,14.476,114.619,0.622,185,1.619,47.575,0.234,0.001
59,7,3,14.857,115.667,0.633,186,1.524,46.977,0.235,0.001
60,8,4,14.714,115.667,0.63,188,1.589,46.329,0.232,0.001
61,1,1,14.905,115.667,0.641,184,1.684,46.353,0.225,0.001
62,6,0,15.095,115.667,0.678,189,1.391,48.731,0.232,0.001
63,6,2,14.81,115.667,0.652,191,1.377,48.524,0.233,0.001
64,5,2,15.095,115.667,0.66,192,1.324,49.028,0.234,0.001
65,3,1,15.095,115.667,0.666,190,1.318,49.181,0.233,0.001
66,7,0,15.333,115.667,0.658,195,1.301,50.34,0.235,0.002
67,3,1,15.143,115.667,0.669,194,1.249,50.88,0.235,0.001
68,6,3,15.81,115.667,0.677,194,1.352,50.955,0.231,0.002
69,6,5,15.905,115.667,0.669,194,1.369,51.531,0.231,0.002
70,5,3,16.095,115.667,0.658,193,1.418,51.429,0.229,0.002
71,8,2,15.905,115.667,0.664,199,1.317,52.113,0.236,0.002
72,8,3,15.714,115.667,0.67,202,1.315,51.353,0.235,0.002
73,5,1,15.905,115.667,0.677,202,1.304,51.701,0.234,0.002
74,6,1,16.0,115.667,0.677,204,1.29,52.406,0.235,0.002
75,7,1,16.048,115.857,0.683,208,1.158,52.947,0.24,0.002
76,5,1,16.19,115.857,0.68,210,1.099,53.575,0.242,0.002
77,5,1,16.19,115.857,0.692,212,1.073,53.464,0.245,0.002
78,5,1,16.19,116.19,0.678,214,1.025,53.897,0.243,0.002
79,3,2,16.286,116.19,0.691,213,1.06,53.745,0.244,0.002
80,3,2,16.286,116.19,0.691,214,1.059,53.745,0.244,0.002
81,2,0,16.048,116.19,0.681,214,1.076,52.482,0.243,0.002
82,3,1,16.524,116.19,0.711,214,1.088,53.516,0.241,0.002
83,8,2,16.429,115.333,0.72,218,1.064,52.958,0.241,0.002
84,2,1,16.619,115.333,0.729,218,1.049,53.748,0.241,0.003
85,6,3,16.429,115.333,0.72,219,1.017,53.399,0.244,0.002
86,5,2,16.238,115.905,0.711,221,1.0,53.324,0.246,0.002
87,5,4,16.238,116.048,0.695,217,1.053,51.614,0.24,0.002
88,4,4,16.238,116.048,0.694,216,1.059,51.614,0.24,0.002
89,9,4,16.476,116.048,0.697,219,1.052,52.683,0.242,0.002
90,5,2,16.952,116.048,0.693,220,1.002,54.218,0.244,0.003
91,3,1,16.81,116.048,0.693,218,1.046,52.565,0.24,0.003
92,5,3,16.905,116.048,0.689,215,1.075,52.472,0.238,0.003
93,5,2,17.333,116.429,0.689,213,1.147,53.112,0.236,0.003
94,5,2,17.143,116.048,0.694,214,1.062,54.053,0.238,0.003
95,5,3,16.667,115.238,0.689,214,1.137,53.323,0.236,0.002
96,1,0,16.905,115.238,0.694,212,1.162,53.698,0.234,0.003
97,5,2,17.095,115.238,0.687,212,1.285,54.184,0.232,0.003
98,3,2,17.286,115.238,0.691,209,1.29,54.52,0.231,0.003
99,5,0,17.429,115.524,0.697,211,1.249,56.319,0.232,0.003
100,5,2,17.238,116.0,0.701,212,1.21,55.944,0.234,0.003
101,4,2,17.048,115.429,0.71,213,1.16,55.418,0.236,0.003
102,7,2,16.571,115.714,0.712,216,1.109,54.882,0.24,0.002
103,4,1,16.905,115.952,0.714,213,1.219,53.972,0.234,0.003
104,4,2,17.286,115.952,0.71,211,1.239,55.4,0.232,0.003
105,5,3,17.286,116.714,0.711,211,1.222,55.828,0.232,0.003
106,4,1,17.381,116.714,0.715,210,1.113,57.82,0.233,0.003
107,2,0,17.476,116.714,0.729,210,1.141,57.895,0.233,0.003
108,8,2,17.571,116.714,0.736,213,1.049,58.612,0.237,0.003
109,2,1,17.905,117.238,0.729,211,1.05,59.173,0.236,0.004
110,3,1,18.0,117.238,0.734,210,1.071,59.065,0.235,0.004
111,5,3,18.19,117.238,0.74,210,1.153,58.616,0.231,0.004
112,6,2,18.0,117.238,0.736,213,1.077,58.458,0.232,0.003
113,7,2,17.524,117.238,0.728,215,1.268,55.011,0.23,0.003
114,2,0,17.476,117.238,0.741,212,1.332,53.673,0.229,0.003
115,5,1,17.524,117.238,0.718,213,1.379,53.097,0.228,0.003
116,6,2,17.238,117.238,0.714,215,1.356,52.784,0.229,0.003
117,4,0,16.952,117.238,0.714,219,1.334,52.903,0.232,0.002
118,2,1,17.238,117.238,0.712,216,1.41,51.952,0.228,0.003
119,8,3,17.524,117.238,0.724,220,1.256,54.721,0.234,0.003
120,4,0,17.238,117.238,0.721,221,1.305,53.407,0.233,0.003
121,4,2,17.905,118.095,0.723,221,1.256,55.688,0.233,0.003
122,9,7,17.714,118.095,0.732,220,1.283,55.339,0.23,0.003
123,5,2,17.714,117.19,0.738,218,1.437,53.366,0.228,0.003
124,6,1,17.333,117.19,0.729,220,1.35,52.923,0.23,0.003
125,4,1,17.333,117.19,0.734,222,1.37,53.209,0.229,0.003
126,5,1,17.429,117.19,0.747,225,1.36,53.477,0.229,0.003
127,4,0,17.429,117.19,0.747,229,1.293,54.28,0.233,0.003
128,9,4,17.429,117.19,0.741,230,1.218,54.573,0.234,0.003
129,8,3,17.619,117.19,0.734,233,1.135,56.041,0.237,0.003
130,5,2,17.143,117.19,0.736,234,1.151,53.278,0.238,0.003
131,6,3,17.429,117.19,0.746,236,1.164,53.498,0.239,0.003
132,7,4,17.714,117.19,0.736,237,1.084,55.757,0.24,0.004
133,6,2,18.095,118.0,0.729,239,0.999,58.109,0.241,0.004
134,5,0,17.524,118.0,0.716,239,1.001,57.482,0.242,0.003
135,6,1,17.143,118.0,0.698,243,0.914,57.408,0.247,0.003
136,5,1,17.286,117.857,0.701,242,1.043,56.194,0.243,0.003
137,4,2,17.286,117.238,0.702,241,1.041,56.848,0.242,0.003
138,5,0,17.048,117.238,0.703,245,1.022,55.831,0.244,0.003
139,8,3,16.905,117.238,0.7,249,1.01,56.505,0.246,0.003
140,7,2,16.952,117.524,0.707,250,1.066,55.043,0.244,0.003
141,8,3,16.857,117.667,0.7,253,1.026,56.067,0.247,0.003
142,5,2,17.333,117.667,0.708,253,0.981,57.509,0.247,0.003
143,11,5,17.714,117.524,0.714,252,1.065,59.631,0.241,0.004
144,7,5,17.619,117.524,0.715,252,1.047,59.912,0.242,0.004
145,5,4,17.524,117.524,0.711,248,1.158,56.407,0.239,0.003
146,7,3,17.619,117.524,0.708,248,1.255,55.457,0.236,0.003
147,6,3,17.905,118.286,0.712,249,1.252,55.925,0.236,0.004
148,5,2,18.762,118.762,0.705,249,1.247,56.923,0.236,0.005
149,5,2,18.762,118.762,0.707,250,1.256,56.94,0.235,0.005
150,8,2,19.048,118.762,0.701,253,1.199,58.073,0.237,0.005
151,2,2,19.429,118.762,0.712,247,1.285,57.914,0.231,0.005
152,11,5,19.81,118.762,0.73,250,1.145,60.165,0.234,0.006
153,2,0,19.714,118.762,0.721,249,1.197,59.773,0.233,0.006
154,2,0,19.81,118.762,0.721,248,1.226,59.79,0.232,0.006
155,4,1,19.619,118.762,0.699,250,1.181,60.772,0.235,0.006
156,4,3,19.619,118.762,0.7,250,1.209,59.909,0.233,0.006
157,8,7,20.286,118.762,0.714,244,1.339,59.782,0.228,0.007
158,4,3,20.143,118.762,0.716,243,1.339,59.633,0.228,0.006
159,5,1,20.143,118.762,0.708,244,1.363,59.653,0.227,0.006
160,4,2,20.048,118.762,0.713,241,1.443,57.757,0.224,0.006
161,5,2,20.238,118.762,0.737,239,1.402,58.625,0.223,0.006
162,1,0,20.238,118.762,0.736,236,1.433,58.232,0.221,0.006
163,3,0,20.238,118.762,0.74,237,1.461,58.349,0.222,0.006
164,4,1,20.429,118.762,0.737,235,1.424,59.805,0.223,0.006
165,4,1,20.238,118.762,0.735,236,1.424,59.298,0.224,0.006
166,4,1,20.048,118.762,0.722,236,1.449,59.035,0.223,0.006
167,2,0,20.143,118.762,0.721,236,1.441,59.385,0.223,0.006
168,4,2,19.952,118.762,0.721,235,1.463,57.783,0.222,0.005
169,5,0,19.571,118.762,0.716,239,1.402,58.365,0.226,0.005
170,5,1,19.667,118.762,0.728,243,1.286,59.439,0.232,0.006
171,2,0,19.619,118.762,0.735,242,1.293,58.954,0.231,0.006
172,3,2,19.905,118.762,0.748,238,1.482,57.608,0.227,0.006
173,8,4,20.0,118.762,0.728,236,1.716,55.263,0.222,0.006
174,3,1,19.905,118.762,0.733,236,1.669,55.143,0.222,0.005
175,5,1,19.714,118.905,0.733,239,1.647,55.739,0.224,0.005
176,2,0,19.81,118.905,0.735,239,1.587,56.146,0.225,0.005
177,5,2,19.524,118.905,0.716,236,1.619,55.728,0.221,0.005
178,6,2,19.667,118.619,0.722,235,1.624,55.642,0.219,0.005
179,6,1,19.571,118.619,0.719,237,1.552,55.78,0.22,0.005
180,2,0,19.857,118.619,0.718,233,1.688,55.245,0.216,0.005
181,5,0,19.667,118.619,0.721,233,1.63,55.048,0.218,0.005
182,7,1,19.667,118.619,0.73,236,1.493,56.567,0.223,0.005
183,2,0,19.571,118.619,0.728,236,1.496,55.744,0.223,0.005
184,10,2,19.571,118.619,0.737,243,1.292,58.099,0.229,0.005
185,8,2,19.286,118.619,0.731,248,1.163,59.271,0.233,0.005
186,2,0,19.571,118.619,0.738,247,1.166,59.721,0.23,0.005
187,7,5,19.476,118.619,0.736,247,1.1,60.577,0.231,0.005
188,5,1,19.381,118.619,0.728,248,1.146,59.849,0.232,0.005
189,3,1,19.571,118.619,0.713,245,1.154,60.271,0.229,0.005
190,8,4,19.762,118.619,0.73,246,1.09,61.039,0.23,0.006
191,1,0,19.857,118.619,0.726,247,1.053,62.314,0.231,0.006
192,6,2,19.286,118.048,0.715,247,1.05,61.811,0.231,0.005
193,6,3,19.381,118.048,0.71,249,0.975,63.507,0.234,0.005
194,7,4,19.571,118.048,0.703,250,0.989,63.691,0.233,0.006
195,8,6,20.619,118.048,0.712,245,1.004,65.602,0.228,0.007
196,5,3,20.571,118.238,0.721,243,1.069,64.811,0.225,0.007
197,2,2,20.762,118.238,0.724,241,1.079,64.842,0.223,0.007
198,7,1,21.095,118.238,0.723,244,1.027,66.083,0.225,0.008
199,4,0,21.095,118.238,0.728,246,0.984,66.8,0.227,0.008
200,2,2,21.095,118.238,0.728,246,0.984,66.8,0.227,0.008
201,2,2,21.286,118.238,0.733,243,1.034,66.181,0.224,0.008
202,5,0,21.333,118.238,0.737,246,1.019,66.623,0.226,0.009
203,4,1,20.952,118.238,0.735,248,1.035,65.092,0.228,0.008
204,5,3,21.333,118.238,0.739,248,0.995,66.791,0.229,0.009
205,6,3,21.238,118.238,0.737,250,1.003,66.516,0.229,0.009
206,5,1,21.429,118.238,0.749,249,1.025,66.386,0.226,0.009
207,4,2,21.429,117.857,0.752,248,1.075,65.824,0.224,0.009
208,4,2,21.143,117.857,0.752,249,1.1,64.593,0.224,0.008
209,3,1,21.143,117.857,0.746,250,1.091,64.844,0.224,0.008
210,12,2,21.19,117.857,0.735,257,0.921,66.477,0.23,0.009
211,6,1,21.619,117.857,0.733,258,0.948,67.052,0.228,0.01
212,3,0,22.095,117.857,0.745,259,0.913,68.92,0.231,0.012
213,5,0,22.19,117.857,0.734,263,0.872,69.893,0.233,0.013
214,1,1,22.095,117.857,0.729,256,1.068,65.781,0.223,0.011
215,1,0,22.286,117.857,0.734,252,1.102,65.96,0.221,0.011
216,2,1,22.286,117.762,0.736,252,1.104,66.071,0.221,0.011
217,5,1,22.095,117.857,0.729,252,1.084,65.407,0.222,0.01
218,4,0,22.381,117.857,0.73,252,1.036,67.118,0.223,0.012
219,7,5,22.381,117.857,0.732,251,1.015,67.566,0.223,0.012
220,4,0,22.476,117.857,0.75,254,0.949,68.794,0.226,0.012
221,6,3,22.476,118.429,0.744,255,0.889,69.628,0.228,0.013
222,5,2,22.381,118.429,0.738,256,0.891,69.138,0.229,0.013
223,3,1,22.048,118.286,0.735,252,0.905,68.411,0.228,0.011
224,5,2,22.143,118.286,0.754,247,1.02,66.505,0.224,0.011
225,7,1,22.286,118.286,0.757,249,0.969,67.547,0.226,0.012
226,10,4,22.667,118.286,0.78,253,0.922,69.172,0.228,0.014
227,5,1,22.571,118.286,0.776,256,0.906,69.506,0.23,0.014
228,5,3,22.714,118.286,0.783,253,0.882,71.616,0.229,0.014
229,4,4,22.667,118.286,0.781,252,0.885,71.434,0.229,0.014
230,4,2,22.571,118.286,0.767,249,0.955,70.339,0.226,0.013
231,2,1,22.286,117.714,0.771,245,1.042,69.083,0.222,0.011
232,3,1,22.429,117.714,0.773,244,1.082,68.898,0.221,0.012
233,6,0,22.333,117.714,0.768,246,1.091,67.825,0.223,0.011
234,2,1,21.857,117.048,0.763,245,1.188,65.21,0.221,0.01
235,1,0,21.857,117.048,0.768,244,1.199,65.38,0.221,0.01
236,1,1,22.048,117.048,0.769,241,1.245,64.963,0.219,0.01
237,5,2,22.524,117.048,0.779,239,1.202,66.607,0.219,0.011
238,3,2,22.429,117.048,0.778,236,1.237,66.346,0.216,0.011
239,3,1,22.429,117.714,0.773,234,1.177,66.602,0.216,0.011
240,4,0,22.048,117.714,0.77,237,1.192,64.986,0.217,0.01
241,6,0,21.81,117.714,0.766,241,1.125,66.559,0.22,0.009
242,8,5,21.714,117.714,0.767,241,1.135,66.284,0.22,0.009
243,4,2,21.619,117.714,0.765,242,1.137,65.989,0.22,0.009
244,8,4,21.524,117.714,0.76,242,1.112,65.782,0.22,0.009
245,3,0,21.19,117.714,0.747,241,1.19,63.636,0.219,0.008
246,6,1,21.095,118.143,0.742,241,1.204,63.562,0.221,0.008
247,10,1,20.81,118.143,0.753,250,1.057,64.909,0.228,0.008
248,7,0,20.714,118.143,0.743,255,0.985,65.179,0.231,0.008
249,7,2,20.619,118.143,0.74,258,0.958,65.073,0.234,0.008
250,6,2,21.0,118.143,0.73,258,0.992,65.962,0.232,0.009
251,5,2,20.905,118.143,0.738,257,1.019,64.673,0.231,0.008
252,5,3,21.095,118.143,0.74,257,1.012,64.906,0.231,0.009
253,4,2,20.905,117.524,0.729,255,1.038,64.513,0.228,0.008
254,3,2,20.81,117.524,0.729,254,1.055,64.228,0.228,0.008
255,7,5,20.952,117.524,0.731,255,1.061,64.287,0.228,0.008
256,6,0,21.333,117.524,0.743,255,1.113,64.912,0.224,0.009
257,3,1,21.429,117.524,0.744,254,1.086,64.918,0.224,0.009
258,3,1,21.429,117.524,0.741,254,1.044,65.6,0.225,0.009
259,2,1,21.143,117.524,0.744,252,1.088,64.388,0.224,0.008
260,3,0,21.238,117.524,0.749,251,1.111,64.059,0.222,0.008
261,7,3,20.952,117.524,0.737,252,1.078,63.798,0.224,0.008
262,3,0,20.952,117.714,0.739,255,1.032,64.992,0.227,0.008
263,8,6,20.762,117.714,0.735,252,1.126,63.008,0.224,0.007
264,3,1,20.857,117.952,0.735,254,1.095,63.448,0.226,0.008
265,2,2,21.333,117.952,0.745,249,1.166,63.552,0.221,0.008
266,5,4,21.238,117.952,0.746,245,1.19,62.617,0.22,0.008
267,5,2,21.524,117.952,0.747,244,1.185,62.961,0.219,0.008
268,7,2,21.762,117.762,0.759,243,1.149,64.136,0.219,0.009
269,4,2,22.0,117.571,0.757,239,1.2,63.708,0.216,0.009
270,3,2,21.571,117.571,0.756,235,1.361,60.669,0.211,0.008
271,5,2,21.857,117.714,0.755,233,1.357,62.215,0.21,0.008
272,3,0,21.095,117.714,0.732,232,1.365,60.538,0.21,0.007
273,9,1,21.857,117.714,0.746,234,1.283,62.312,0.213,0.009
274,5,2,22.048,117.714,0.744,234,1.236,64.237,0.214,0.009
275,4,2,22.333,117.714,0.75,233,1.234,65.089,0.215,0.01
276,3,1,22.333,117.714,0.753,234,1.195,65.427,0.216,0.01
277,7,2,22.238,117.714,0.753,238,1.149,66.437,0.22,0.011
278,6,1,22.476,117.714,0.755,240,1.171,65.92,0.22,0.012
279,6,4,22.381,117.714,0.755,241,1.18,65.77,0.221,0.011
280,5,1,22.286,117.571,0.752,242,1.155,66.098,0.221,0.011
281,5,3,22.952,117.571,0.766,237,1.17,66.405,0.217,0.013
282,6,3,23.143,117.571,0.767,238,1.129,67.668,0.218,0.014
283,0,0,23.238,117.571,0.763,232,1.215,66.515,0.214,0.013
284,2,0,23.714,117.667,0.771,229,1.278,65.264,0.21,0.015
285,5,0,23.714,117.762,0.768,228,1.365,64.023,0.206,0.014
286,7,4,23.905,117.762,0.771,230,1.293,64.547,0.21,0.016
287,7,2,23.81,117.762,0.773,232,1.119,68.806,0.215,0.016
288,4,1,23.429,117.762,0.773,233,1.117,69.532,0.214,0.014
289,6,4,23.429,117.762,0.774,231,1.137,70.467,0.212,0.014
290,8,2,22.762,117.619,0.778,232,1.121,69.036,0.214,0.012
291,3,0,23.095,117.619,0.783,230,1.07,71.435,0.216,0.013
292,6,1,23.238,117.619,0.775,231,1.084,72.425,0.214,0.013
293,3,1,22.952,117.619,0.769,232,1.131,71.761,0.216,0.012
294,0,0,22.857,116.762,0.769,228,1.254,69.906,0.211,0.011
295,5,3,22.476,117.048,0.761,227,1.392,65.512,0.208,0.01
296,4,1,22.286,117.048,0.757,229,1.379,65.495,0.209,0.009
297,8,3,22.286,117.19,0.758,232,1.262,67.071,0.212,0.01
298,4,0,22.429,117.19,0.753,234,1.247,67.356,0.212,0.01
299,4,2,22.429,117.19,0.753,228,1.268,67.074,0.209,0.01
300,8,1,22.619,117.19,0.755,231,1.185,68.845,0.21,0.01
301,5,2,22.571,117.19,0.752,230,1.248,67.47,0.206,0.01
302,6,2,22.381,116.762,0.748,232,1.21,67.535,0.208,0.009
303,3,0,22.286,116.762,0.746,233,1.223,66.908,0.209,0.009
304,4,1,22.095,116.762,0.749,235,1.24,66.504,0.21,0.009
305,6,2,22.0,116.762,0.751,238,1.203,67.282,0.212,0.009
306,3,1,22.095,116.762,0.752,240,1.182,68.114,0.213,0.009
307,4,2,22.0,116.762,0.755,241,1.181,67.853,0.214,0.009
308,2,0,22.381,116.762,0.759,237,1.222,67.437,0.21,0.01
309,5,1,22.571,116.762,0.763,239,1.222,67.677,0.21,0.01
310,2,0,22.476,116.762,0.764,239,1.298,66.593,0.208,0.01
311,6,1,22.476,116.762,0.765,243,1.207,68.333,0.211,0.01
312,3,2,22.667,117.048,0.754,242,1.217,69.071,0.211,0.011
313,7,4,22.667,117.048,0.749,243,1.195,68.846,0.211,0.011
314,6,1,22.571,117.048,0.74,248,1.129,70.812,0.215,0.011
315,7,3,23.286,117.048,0.741,247,1.159,71.206,0.215,0.014
316,6,1,23.476,117.048,0.742,249,1.117,72.747,0.217,0.015
317,4,0,23.714,117.048,0.741,250,1.081,73.446,0.218,0.016
318,6,2,23.714,117.048,0.729,251,1.095,72.911,0.218,0.016
319,3,0,23.81,117.048,0.734,254,1.041,74.4,0.22,0.017
320,2,0,23.619,116.381,0.754,253,1.116,70.934,0.219,0.016
321,2,1,23.714,116.381,0.767,250,1.161,70.9,0.216,0.016
322,8,2,23.619,116.381,0.769,254,1.14,70.648,0.217,0.016
323,6,2,23.476,116.381,0.76,254,1.15,69.466,0.218,0.015
324,3,0,23.762,116.238,0.753,252,1.183,70.452,0.215,0.016
325,4,1,24.048,116.19,0.755,252,1.083,73.239,0.216,0.018
326,9,2,23.857,116.19,0.76,259,1.004,74.628,0.221,0.018
327,5,1,23.952,118.0,0.759,261,0.977,75.209,0.224,0.019
328,4,3,23.952,118.0,0.76,259,1.002,74.715,0.222,0.019
329,5,4,23.619,118.0,0.761,258,0.999,74.423,0.222,0.017
330,6,4,23.571,118.0,0.76,258,0.998,73.445,0.223,0.017
331,4,1,23.571,118.0,0.759,259,0.977,73.417,0.224,0.017
332,4,1,23.095,118.0,0.75,258,1.03,71.572,0.222,0.014
333,3,1,23.0,118.286,0.742,255,1.056,70.004,0.221,0.014
334,6,2,23.095,118.476,0.751,257,1.029,70.838,0.225,0.015
335,12,2,23.476,118.476,0.766,262,0.917,73.345,0.231,0.018
336,5,1,23.095,118.476,0.764,264,0.956,72.127,0.231,0.016
337,6,3,22.952,118.476,0.762,266,0.959,71.658,0.232,0.016
338,11,3,22.857,118.286,0.766,268,0.969,70.029,0.232,0.015
339,4,4,22.762,117.286,0.769,266,1.078,68.1,0.229,0.014
340,4,1,22.476,117.429,0.756,265,1.054,67.345,0.228,0.013
341,6,3,22.19,117.429,0.743,263,1.144,65.367,0.223,0.011
342,7,1,22.286,117.714,0.74,265,1.045,66.342,0.225,0.012
343,2,2,22.19,117.714,0.74,263,1.076,66.335,0.224,0.011
344,6,1,22.19,117.714,0.737,264,1.003,67.118,0.228,0.012
345,7,4,22.286,118.333,0.738,266,0.851,70.103,0.233,0.013
346,6,3,22.429,118.333,0.746,267,0.817,70.656,0.233,0.014
347,5,1,22.333,118.333,0.756,269,0.791,71.233,0.235,0.014
348,7,4,22.524,118.333,0.771,269,0.785,71.267,0.235,0.014
349,7,3,22.238,118.333,0.774,269,0.813,70.62,0.236,0.013
350,5,1,21.857,118.333,0.769,271,0.788,70.516,0.238,0.012
351,3,0,22.238,118.333,0.778,270,0.752,71.647,0.238,0.014
352,4,1,22.143,118.333,0.778,271,0.755,71.419,0.238,0.013
353,2,1,21.81,118.333,0.778,269,0.795,69.934,0.237,0.012
354,3,0,21.619,118.333,0.779,267,0.78,69.737,0.237,0.011
355,6,0,21.333,118.333,0.778,272,0.732,70.062,0.241,0.011
356,6,2,21.143,118.048,0.751,270,0.881,65.65,0.236,0.01
357,7,6,21.429,118.048,0.757,267,0.847,67.128,0.234,0.01
358,6,0,21.381,118.048,0.745,267,0.836,66.553,0.235,0.01
359,10,5,21.905,118.048,0.733,264,0.847,66.899,0.23,0.011
360,4,1,22.286,118.048,0.742,262,0.83,68.289,0.229,0.012
361,2,1,22.476,118.048,0.743,261,0.827,68.923,0.229,0.013
362,9,1,22.381,118.048,0.752,268,0.737,71.276,0.235,0.014
363,5,2,22.143,118.048,0.746,270,0.743,70.265,0.235,0.013
364,2,2,22.238,118.048,0.741,267,0.786,68.623,0.234,0.013
365,6,6,22.429,118.048,0.744,266,0.807,69.135,0.233,0.013
366,6,3,21.857,117.857,0.743,265,0.795,67.111,0.233,0.011
367,9,3,21.429,117.857,0.739,266,0.792,66.361,0.235,0.01
368,11,3,21.381,117.857,0.725,268,0.781,67.373,0.235,0.01
369,5,4,21.381,117.857,0.722,267,0.802,66.423,0.234,0.01
370,4,1,21.19,117.857,0.722,267,0.81,66.221,0.233,0.009
371,4,2,21.476,117.857,0.718,267,0.815,66.646,0.233,0.01
372,4,4,21.571,117.857,0.719,266,0.816,66.791,0.232,0.01
373,8,4,21.762,117.857,0.713,268,0.822,66.941,0.232,0.011
374,8,3,21.667,117.857,0.71,272,0.797,67.517,0.233,0.011
375,4,3,21.381,115.905,0.707,265,1.096,62.399,0.221,0.008
376,6,1,21.286,116.19,0.703,267,1.02,64.045,0.224,0.008
377,6,1,21.381,116.19,0.699,270,1.002,64.318,0.225,0.009
378,6,1,20.714,116.0,0.696,273,0.971,63.446,0.227,0.007
379,3,1,20.714,116.0,0.694,274,0.932,64.067,0.228,0.007
380,5,1,20.714,116.571,0.699,275,0.875,65.15,0.231,0.008
381,6,3,21.0,116.571,0.702,275,0.833,67.239,0.231,0.008
382,9,2,21.476,116.571,0.712,276,0.79,69.272,0.232,0.01
383,5,1,21.571,116.571,0.717,276,0.748,70.773,0.235,0.011
384,7,1,21.476,116.381,0.723,277,0.738,71.269,0.234,0.01
385,5,3,21.429,116.095,0.726,274,0.765,70.455,0.233,0.01
386,3,1,21.429,116.095,0.719,273,0.766,70.463,0.231,0.01
387,3,1,21.429,116.524,0.724,272,0.768,71.138,0.23,0.01
388,3,1,21.524,116.524,0.722,271,0.809,70.964,0.227,0.009
389,8,5,21.333,116.524,0.725,274,0.735,72.07,0.231,0.009
390,6,2,21.333,116.095,0.729,274,0.727,73.236,0.231,0.009
391,8,4,21.238,116.524,0.732,276,0.647,74.951,0.236,0.01
392,3,1,20.762,115.81,0.734,274,0.691,71.477,0.234,0.008
393,6,2,20.667,115.81,0.727,276,0.67,70.92,0.236,0.008
394,2,1,21.238,115.429,0.738,272,0.675,71.816,0.234,0.009
395,3,0,21.19,116.19,0.707,271,0.681,72.84,0.234,0.009
396,3,0,21.667,116.19,0.721,271,0.697,73.899,0.233,0.011
397,11,5,21.762,115.762,0.722,274,0.675,75.355,0.235,0.011
398,2,1,21.762,115.762,0.709,269,0.746,74.389,0.23,0.011
399,5,3,22.048,115.762,0.718,265,0.804,74.234,0.226,0.011
400,5,1,21.571,115.762,0.724,264,0.875,71.085,0.223,0.009
401,4,0,21.19,115.762,0.711,266,0.807,71.451,0.228,0.009
402,9,3,21.476,115.762,0.741,270,0.691,72.901,0.233,0.01
403,3,1,21.857,115.762,0.743,268,0.675,74.43,0.232,0.011
404,3,2,21.81,115.762,0.744,264,0.71,73.695,0.23,0.011
405,2,0,21.619,115.762,0.742,264,0.735,72.624,0.228,0.01
406,6,1,21.238,115.762,0.732,265,0.735,73.444,0.229,0.009
407,2,1,21.286,115.762,0.742,265,0.715,73.104,0.231,0.009
408,9,4,21.0,115.81,0.741,268,0.72,72.25,0.231,0.008
409,5,2,21.143,115.81,0.75,267,0.754,72.005,0.228,0.008
410,6,2,21.286,115.81,0.745,266,0.724,73.27,0.23,0.009
411,5,1,21.476,115.81,0.745,265,0.72,74.181,0.23,0.01
412,6,2,21.476,115.81,0.742,266,0.734,73.165,0.23,0.01
413,6,1,21.476,116.619,0.746,270,0.633,74.416,0.235,0.01
414,4,2,21.476,116.619,0.744,268,0.676,74.667,0.234,0.01
415,3,1,21.286,116.619,0.739,267,0.778,73.018,0.229,0.009
416,7,4,21.286,116.619,0.738,269,0.746,72.912,0.231,0.009
417,3,2,21.381,116.476,0.736,266,0.759,73.21,0.23,0.009
418,4,3,22.048,116.476,0.735,260,0.808,73.878,0.226,0.011
419,0,0,22.524,116.476,0.739,255,0.816,75.569,0.224,0.012
420,6,2,22.048,116.476,0.729,259,0.794,75.316,0.228,0.011
421,5,1,21.476,116.476,0.715,260,0.826,72.783,0.228,0.009
422,6,2,21.571,117.667,0.715,263,0.766,74.174,0.231,0.01
423,5,1,21.619,117.667,0.726,262,0.797,73.879,0.231,0.01
424,2,1,22.0,117.667,0.73,259,0.842,73.746,0.227,0.011
425,4,0,21.81,117.667,0.73,259,0.806,74.239,0.229,0.011
426,7,5,21.81,117.667,0.728,260,0.787,74.016,0.23,0.011
427,8,2,21.524,117.667,0.731,261,0.781,72.426,0.232,0.01
428,3,1,21.524,117.095,0.728,259,0.783,72.43,0.231,0.01
429,3,2,21.619,117.095,0.721,257,0.8,72.07,0.229,0.01
430,3,3,21.524,117.095,0.721,256,0.821,71.187,0.228,0.009
431,3,2,21.905,117.095,0.732,254,0.879,71.124,0.225,0.01
432,3,2,22.0,117.095,0.729,253,0.871,71.579,0.225,0.011
433,0,0,22.095,117.095,0.728,252,0.871,72.233,0.225,0.011
434,9,4,22.048,117.095,0.733,256,0.794,72.686,0.23,0.011
435,6,3,21.381,117.095,0.731,257,0.865,71.022,0.228,0.009
436,5,2,21.667,117.095,0.729,258,0.769,72.095,0.232,0.011
437,7,5,22.238,117.095,0.738,255,0.775,73.227,0.23,0.012
438,10,6,22.143,117.571,0.731,258,0.75,73.407,0.233,0.012
439,3,1,21.952,117.571,0.735,257,0.773,72.219,0.231,0.011
440,3,1,21.857,117.0,0.728,254,0.812,70.439,0.229,0.011
441,6,3,21.667,115.952,0.734,254,0.834,70.716,0.227,0.01
442,2,2,21.667,115.619,0.733,250,0.861,69.995,0.224,0.009
443,4,1,21.905,116.762,0.727,250,0.891,71.822,0.225,0.01
444,5,1,21.905,116.762,0.73,252,0.868,74.862,0.226,0.01
445,2,2,22.0,116.762,0.727,248,0.921,74.213,0.223,0.01
446,2,0,21.905,116.524,0.726,247,0.885,74.084,0.224,0.01
447,5,4,21.714,116.143,0.726,244,0.945,71.259,0.221,0.009
448,4,1,21.619,116.143,0.721,246,0.924,72.044,0.223,0.009
449,6,4,21.81,116.143,0.728,246,0.88,73.407,0.224,0.01
450,6,2,21.619,116.143,0.73,249,0.83,72.744,0.228,0.01
451,7,6,21.905,118.19,0.731,250,0.794,74.09,0.231,0.011
452,4,2,22.19,118.19,0.729,250,0.776,74.583,0.231,0.012
453,7,4,22.857,118.429,0.733,249,0.805,74.921,0.229,0.015
454,4,2,22.857,118.429,0.744,250,0.801,74.386,0.23,0.015
455,13,6,22.952,118.429,0.765,254,0.74,76.588,0.233,0.016
456,3,0,22.667,118.429,0.749,256,0.776,76.08,0.232,0.014
457,2,0,22.571,118.429,0.756,255,0.81,75.281,0.23,0.014
458,4,1,22.19,118.429,0.747,256,0.815,74.466,0.232,0.012
459,4,2,22.0,118.429,0.738,253,0.876,72.411,0.229,0.011
460,6,2,22.571,118.429,0.753,253,0.86,73.564,0.229,0.013
461,5,1,22.667,117.238,0.755,251,0.895,73.541,0.225,0.013
462,8,1,22.286,117.238,0.748,256,0.867,73.107,0.228,0.012
463,8,5,22.0,117.667,0.741,254,0.909,71.687,0.226,0.011
464,3,1,21.905,117.667,0.737,251,0.949,70.605,0.225,0.01
465,7,5,22.19,117.667,0.743,251,0.945,70.72,0.223,0.011
466,7,5,22.0,117.667,0.744,250,0.94,70.086,0.225,0.011
467,5,3,22.238,117.381,0.747,249,0.974,70.342,0.222,0.011
468,6,3,21.762,117.381,0.743,249,0.983,69.301,0.223,0.01
469,3,2,21.571,117.381,0.732,249,1.013,68.086,0.222,0.009
470,0,0,21.667,117.381,0.728,247,1.089,66.432,0.219,0.009
471,7,6,21.857,117.381,0.738,241,1.17,66.252,0.214,0.009
472,7,2,21.714,117.381,0.725,245,1.134,66.623,0.216,0.009
473,8,2,21.81,118.143,0.723,249,1.076,66.97,0.22,0.009
474,4,1,22.286,118.143,0.73,251,1.023,68.013,0.222,0.011
475,1,1,22.095,118.143,0.735,247,1.081,66.514,0.22,0.01
476,4,2,22.0,118.143,0.719,244,1.119,66.601,0.217,0.009
477,4,1,22.238,118.143,0.737,245,1.103,67.092,0.218,0.01
478,5,3,22.429,118.143,0.755,242,1.14,65.736,0.216,0.011
479,2,0,22.429,118.143,0.749,242,1.136,66.267,0.216,0.011
480,5,2,22.524,118.143,0.75,244,1.101,66.756,0.217,0.011
481,3,0,21.762,117.381,0.747,243,1.235,63.174,0.215,0.009
482,6,3,21.762,117.381,0.735,245,1.198,63.831,0.218,0.009
483,4,3,22.333,117.381,0.745,240,1.207,64.524,0.215,0.01
484,6,3,21.571,115.619,0.735,238,1.207,61.935,0.214,0.008
485,8,1,21.286,115.619,0.735,240,1.137,62.441,0.218,0.008
486,7,2,21.238,115.619,0.734,245,1.074,63.413,0.222,0.008
487,4,2,21.333,116.952,0.731,247,1.059,65.266,0.223,0.008
488,9,3,21.524,116.952,0.733,251,0.997,66.337,0.226,0.009
489,5,3,21.524,116.952,0.72,247,1.091,65.167,0.22,0.009
490,4,0,21.524,116.952,0.712,251,0.977,67.35,0.224,0.009
491,4,3,21.714,116.952,0.722,248,1.041,67.2,0.221,0.009
492,3,0,21.714,116.952,0.723,250,1.004,67.593,0.222,0.009
493,2,0,21.714,116.952,0.728,250,0.989,67.898,0.224,0.01
494,8,5,21.619,116.952,0.734,249,1.02,66.614,0.224,0.009
495,3,1,22.0,116.952,0.74,249,0.956,68.943,0.225,0.011
496,1,1,22.0,116.952,0.747,247,1.042,66.639,0.221,0.01
497,6,1,21.714,116.952,0.737,248,1.023,67.51,0.222,0.009
498,3,1,21.762,116.952,0.727,245,1.06,67.851,0.218,0.009
499,4,1,21.476,116.952,0.731,242,1.146,65.818,0.216,0.008
500,6,2,21.095,117.714,0.729,244,1.152,64.294,0.219,0.007
501,4,1,21.095,117.714,0.736,243,1.158,64.4,0.22,0.007
502,4,2,21.429,117.714,0.738,242,1.121,65.897,0.22,0.008
503,3,1,21.286,117.286,0.74,239,1.207,64.538,0.215,0.007
504,1,1,21.381,117.286,0.742,238,1.209,64.751,0.215,0.008
505,4,2,21.857,117.286,0.753,237,1.194,64.781,0.215,0.009
506,2,0,21.762,117.286,0.753,237,1.176,64.879,0.215,0.009
507,4,0,22.19,117.286,0.752,233,1.206,66.181,0.213,0.009
508,5,1,22.048,117.286,0.75,236,1.165,66.369,0.216,0.009
509,7,0,22.095,117.762,0.757,241,1.041,69.904,0.221,0.01
510,7,2,22.143,117.762,0.752,242,1.064,70.62,0.221,0.01
511,4,1,22.619,117.762,0.749,244,0.96,72.228,0.224,0.013
512,5,1,22.333,117.762,0.74,247,0.942,70.907,0.228,0.012
513,7,4,22.524,118.0,0.739,247,0.939,70.726,0.228,0.013
514,8,2,22.524,118.0,0.74,248,0.971,70.684,0.227,0.013
515,4,1,22.81,118.0,0.747,248,0.977,71.347,0.226,0.014
516,4,2,22.524,118.0,0.748,247,0.998,71.731,0.225,0.012
517,3,2,22.714,118.0,0.752,245,1.05,71.399,0.223,0.013
518,6,3,22.905,118.0,0.752,246,1.021,72.279,0.224,0.014
519,5,2,23.0,118.0,0.75,245,1.022,73.017,0.223,0.014
520,4,1,23.0,118.0,0.756,244,1.057,72.503,0.221,0.014
521,5,2,23.238,118.286,0.758,241,1.061,72.289,0.219,0.014
522,6,1,22.952,117.333,0.77,243,1.009,70.697,0.222,0.014
523,3,1,22.952,117.333,0.769,244,0.966,71.187,0.224,0.014
524,9,2,22.667,117.333,0.754,249,0.914,71.417,0.229,0.014
525,5,3,22.381,117.714,0.76,249,0.939,71.828,0.227,0.012
526,4,2,22.381,117.714,0.757,249,0.948,71.679,0.228,0.012
527,4,1,22.381,117.714,0.758,250,0.964,71.62,0.228,0.012
528,5,4,22.381,117.714,0.751,249,0.991,71.9,0.227,0.012
529,9,4,22.333,117.714,0.761,251,0.955,72.561,0.229,0.012
530,6,1,22.524,117.714,0.755,254,0.888,73.623,0.231,0.014
531,5,4,22.619,117.714,0.751,251,0.967,72.014,0.226,0.013
532,4,2,22.81,117.714,0.757,251,0.954,72.698,0.226,0.014
533,6,2,23.333,117.714,0.757,248,0.985,73.234,0.224,0.016
534,5,3,23.238,117.714,0.746,246,0.999,73.101,0.222,0.015
535,3,2,23.333,117.714,0.759,244,1.028,73.518,0.221,0.015
536,7,1,23.143,117.762,0.763,247,1.032,72.939,0.222,0.014
537,5,2,22.667,117.762,0.751,247,1.105,70.723,0.221,0.012
538,3,0,22.667,118.0,0.754,249,1.101,71.011,0.223,0.013
539,6,3,22.762,118.0,0.758,250,1.092,71.22,0.224,0.013
540,2,1,22.762,118.095,0.754,247,1.109,71.428,0.222,0.013
541,7,4,23.238,118.095,0.763,247,0.991,72.724,0.225,0.015
542,5,1,23.286,118.095,0.758,248,0.973,72.209,0.225,0.016
543,5,2,23.19,118.095,0.768,251,0.927,72.023,0.229,0.016
544,13,6,23.381,118.095,0.777,255,0.869,73.364,0.232,0.018
545,12,6,23.19,118.238,0.764,256,0.891,72.838,0.232,0.017
546,7,4,23.619,118.238,0.77,252,0.899,73.888,0.229,0.018
547,6,2,23.286,118.238,0.758,254,0.892,72.836,0.23,0.017
548,5,2,23.381,118.238,0.763,252,0.899,74.684,0.228,0.017
549,3,1,23.333,118.238,0.768,250,0.876,74.484,0.227,0.016
550,3,1,23.238,118.238,0.771,250,0.872,75.909,0.227,0.016
551,1,0,23.19,118.238,0.772,247,0.902,75.184,0.226,0.016
552,2,0,23.095,118.238,0.772,249,0.894,75.066,0.227,0.015
553,3,2,23.619,118.238,0.764,245,0.895,75.699,0.224,0.017
554,6,3,22.952,118.238,0.755,245,0.954,72.085,0.224,0.014
555,5,3,22.905,118.238,0.744,241,0.975,72.503,0.223,0.014
556,13,4,23.381,118.238,0.744,245,0.928,73.778,0.226,0.016
557,7,2,23.095,118.238,0.743,248,0.848,74.295,0.229,0.016
558,3,1,23.095,118.238,0.738,247,0.872,74.254,0.227,0.015
559,2,1,22.81,116.095,0.737,245,0.951,71.488,0.224,0.013
560,6,2,23.333,117.81,0.752,246,0.854,74.515,0.226,0.016
561,7,3,23.476,117.81,0.758,245,0.909,73.81,0.223,0.016
562,4,1,23.571,117.81,0.756,243,0.951,72.832,0.219,0.016
563,3,1,23.762,117.81,0.765,243,0.934,73.951,0.219,0.017
564,6,2,23.667,117.81,0.773,243,0.957,73.451,0.22,0.016
565,3,2,23.571,117.571,0.769,242,1.024,72.394,0.218,0.016
566,4,2,23.095,117.571,0.754,239,1.192,70.129,0.213,0.013
567,2,1,23.381,117.571,0.754,237,1.208,70.906,0.211,0.013
568,4,2,23.19,117.571,0.748,239,1.183,70.832,0.214,0.013
569,4,1,23.048,117.571,0.745,238,1.267,69.68,0.211,0.012
570,3,0,23.238,117.571,0.755,241,1.2,70.462,0.215,0.014
571,4,1,23.048,117.571,0.755,241,1.252,69.637,0.214,0.013
572,8,5,22.952,117.571,0.752,241,1.259,69.545,0.215,0.012
573,8,0,23.048,117.619,0.762,246,1.111,71.323,0.221,0.014
574,2,1,23.048,117.571,0.762,244,1.128,70.757,0.22,0.014
575,11,4,22.762,117.571,0.768,249,1.107,70.975,0.223,0.013
576,3,1,22.571,116.333,0.77,250,1.086,70.737,0.223,0.012
577,7,4,22.524,116.333,0.77,248,1.111,69.699,0.222,0.012
578,4,1,22.81,116.333,0.776,248,1.148,70.459,0.22,0.013
579,6,3,22.333,116.333,0.773,249,1.074,71.405,0.223,0.011
580,10,2,22.048,115.571,0.768,253,1.05,70.173,0.226,0.011
581,5,4,22.048,115.571,0.769,251,1.086,70.002,0.223,0.011
582,4,2,22.238,115.571,0.764,249,1.1,69.975,0.221,0.011
583,5,3,22.238,115.905,0.772,246,1.113,70.062,0.219,0.011
584,4,0,22.333,115.905,0.772,247,1.087,69.761,0.221,0.011
585,13,6,22.429,116.19,0.778,253,0.939,73.073,0.225,0.012
586,1,1,22.524,116.19,0.776,249,1.005,72.077,0.221,0.012
587,7,3,22.714,116.19,0.773,250,0.926,74.397,0.224,0.013
588,5,3,22.857,116.19,0.771,252,0.862,74.976,0.226,0.014
589,6,2,23.095,116.952,0.776,252,0.89,74.108,0.227,0.015
590,1,0,23.0,116.952,0.779,251,0.924,74.277,0.226,0.015
591,5,3,23.0,116.952,0.779,252,0.887,74.449,0.228,0.015
592,3,1,23.0,116.667,0.77,253,0.851,74.214,0.229,0.015
593,2,1,23.0,116.286,0.764,250,0.878,74.646,0.226,0.015
594,4,1,23.0,116.286,0.771,250,0.841,76.015,0.228,0.015
595,8,6,22.524,115.667,0.761,250,0.832,74.985,0.228,0.013
596,6,2,22.429,115.857,0.755,251,0.799,76.1,0.229,0.013
597,7,2,22.286,115.857,0.747,253,0.801,75.497,0.23,0.012
598,5,2,22.857,115.857,0.77,252,0.79,77.376,0.23,0.015
599,5,3,23.143,115.952,0.774,251,0.799,77.725,0.228,0.016
600,3,2,22.952,115.952,0.776,249,0.826,75.896,0.227,0.015
601,4,1,23.143,115.952,0.772,251,0.803,76.693,0.227,0.015
602,7,4,23.095,116.048,0.774,249,0.889,76.652,0.225,0.015
603,1,1,23.476,116.048,0.776,247,0.899,77.772,0.224,0.016
604,5,4,23.571,116.667,0.773,247,0.928,78.125,0.223,0.017
605,5,1,23.476,116.667,0.767,247,0.878,79.945,0.226,0.017
606,0,0,23.571,116.048,0.77,243,0.91,79.166,0.222,0.017
607,4,1,23.571,116.048,0.765,242,1.013,75.498,0.22,0.016
608,7,4,23.667,115.952,0.764,241,1.025,75.476,0.219,0.016
609,3,1,24.048,115.952,0.769,241,0.965,77.445,0.221,0.019
610,4,3,24.048,115.952,0.775,240,0.987,77.198,0.22,0.019
611,6,3,24.048,115.952,0.775,242,0.97,77.524,0.221,0.019
612,3,1,24.048,115.952,0.773,239,1.033,77.257,0.217,0.018
613,6,2,24.286,115.857,0.771,241,0.91,78.897,0.22,0.02
614,2,1,24.286,115.857,0.77,240,0.913,79.194,0.218,0.019
615,9,3,24.095,115.857,0.772,240,1.001,75.837,0.216,0.018
616,5,0,24.286,115.857,0.762,240,1.003,76.172,0.217,0.019
617,2,1,24.19,115.857,0.765,239,1.026,76.036,0.216,0.018
618,5,2,24.238,115.857,0.763,238,0.995,76.894,0.217,0.019
619,8,3,24.333,115.857,0.759,240,0.968,77.527,0.219,0.02
620,8,6,24.238,115.857,0.758,236,1.043,76.069,0.215,0.018
621,5,0,24.048,116.238,0.756,238,1.021,75.72,0.217,0.018
622,10,3,24.333,116.952,0.763,244,0.922,77.526,0.222,0.021
623,8,2,24.048,117.19,0.764,249,0.845,79.248,0.227,0.02
624,3,0,23.857,117.19,0.76,251,0.804,80.228,0.23,0.02
625,6,1,23.381,116.762,0.754,254,0.747,79.506,0.233,0.018
626,0,0,23.381,116.762,0.742,249,0.838,76.454,0.228,0.017
627,2,1,23.381,116.571,0.739,245,0.913,75.305,0.222,0.016
628,4,1,23.286,116.571,0.742,247,0.904,75.231,0.223,0.015
629,3,1,23.476,116.571,0.745,249,0.855,77.116,0.226,0.017
630,4,1,23.714,116.571,0.759,250,0.812,77.844,0.227,0.018
631,8,1,23.81,116.571,0.754,252,0.856,77.021,0.226,0.019
632,2,1,23.619,116.571,0.763,250,0.882,76.328,0.225,0.017
633,8,1,23.143,116.905,0.771,251,0.908,73.547,0.227,0.015
634,5,3,23.143,116.905,0.773,252,0.904,73.421,0.227,0.015
635,5,3,23.238,116.905,0.768,253,0.919,73.635,0.226,0.016
636,5,1,23.238,116.905,0.766,256,0.824,75.929,0.23,0.017
637,6,3,23.429,116.905,0.771,258,0.803,77.194,0.231,0.018
638,7,4,23.524,116.905,0.766,258,0.815,77.449,0.23,0.018
639,3,2,23.714,116.905,0.767,256,0.855,77.082,0.226,0.018
640,8,4,23.952,116.905,0.765,256,0.822,76.679,0.226,0.02
641,3,1,24.143,116.905,0.759,256,0.859,76.276,0.225,0.02
642,3,2,24.143,116.905,0.765,257,0.851,76.276,0.226,0.021
643,5,2,23.952,117.095,0.762,259,0.871,75.198,0.225,0.019
644,8,3,24.143,117.81,0.769,263,0.785,78.752,0.229,0.022
645,6,3,24.048,117.81,0.776,263,0.845,77.916,0.226,0.02
646,5,2,23.571,117.81,0.766,265,0.809,78.313,0.229,0.018
647,4,3,23.571,117.81,0.764,266,0.786,78.948,0.23,0.018
648,5,2,23.857,117.333,0.765,266,0.78,79.257,0.228,0.02
649,4,1,23.571,117.333,0.767,268,0.75,79.87,0.23,0.018
650,3,3,23.476,117.333,0.769,266,0.788,78.396,0.228,0.017
651,0,0,23.667,117.333,0.767,264,0.803,77.959,0.226,0.018
652,4,1,23.762,117.333,0.762,266,0.764,78.791,0.228,0.019
653,2,0,23.762,117.333,0.765,266,0.771,78.913,0.228,0.019
654,8,5,23.952,118.0,0.765,268,0.747,80.047,0.231,0.021
655,4,1,23.667,118.0,0.761,269,0.736,80.137,0.233,0.02
656,5,2,23.667,118.0,0.759,269,0.805,77.064,0.23,0.019
657,7,2,23.667,118.0,0.754,272,0.787,77.053,0.232,0.019
658,6,3,23.571,118.0,0.754,270,0.862,76.893,0.228,0.018
659,2,0,23.476,118.0,0.748,270,0.856,76.927,0.228,0.017
660,4,1,23.19,118.0,0.749,268,0.911,74.261,0.227,0.016
661,3,0,23.381,118.0,0.755,270,0.865,75.642,0.227,0.017
662,5,1,23.381,118.0,0.759,266,0.869,75.834,0.226,0.016
663,6,0,23.19,118.0,0.756,269,0.849,76.108,0.228,0.016
664,5,3,22.81,116.762,0.758,268,0.843,74.359,0.227,0.014
665,3,0,22.905,116.857,0.752,267,0.852,74.723,0.228,0.014
666,4,1,22.619,117.143,0.75,267,0.874,72.118,0.23,0.014
667,9,4,22.381,117.143,0.748,271,0.845,72.516,0.232,0.013
668,3,0,22.143,117.143,0.748,271,0.878,71.203,0.233,0.012
669,5,1,22.238,116.714,0.73,270,0.931,70.517,0.23,0.012
670,3,0,22.429,116.714,0.738,269,0.946,70.186,0.229,0.013
671,7,0,22.429,116.714,0.736,273,0.895,70.606,0.231,0.013
672,5,3,22.571,117.143,0.74,272,0.908,70.862,0.231,0.014
673,1,1,22.952,117.143,0.746,270,0.933,71.73,0.228,0.015
674,5,4,22.857,116.714,0.75,267,0.939,70.98,0.227,0.014
675,6,2,23.048,116.619,0.765,263,1.027,71.162,0.223,0.014
676,7,4,23.429,116.762,0.766,263,1.021,71.82,0.223,0.016
677,4,1,23.429,116.762,0.775,263,0.984,72.051,0.224,0.016
678,2,1,23.333,115.476,0.768,260,0.993,71.608,0.223,0.016
679,7,2,23.333,115.476,0.768,261,0.983,71.351,0.223,0.016
680,2,1,23.429,115.476,0.772,259,1.014,71.061,0.221,0.016
681,4,0,23.238,115.476,0.771,260,1.044,69.806,0.219,0.014
682,5,2,23.524,115.857,0.772,258,1.108,68.877,0.217,0.015
683,4,2,23.333,115.857,0.769,258,1.126,69.528,0.217,0.014
684,7,1,23.429,116.048,0.781,258,1.121,69.21,0.218,0.015
685,4,1,23.143,115.429,0.785,258,1.16,68.993,0.216,0.013
686,6,1,22.952,115.429,0.783,258,1.144,68.759,0.216,0.013
687,2,0,23.333,115.429,0.783,257,1.139,69.091,0.214,0.014
688,4,1,23.619,115.429,0.79,257,1.099,69.233,0.216,0.015
689,0,0,23.81,115.429,0.79,254,1.109,68.968,0.215,0.016
690,7,1,23.762,115.524,0.785,259,1.072,70.968,0.217,0.016
691,4,1,24.048,116.714,0.774,258,1.099,71.563,0.217,0.018
692,1,1,24.048,116.714,0.774,258,1.099,71.563,0.217,0.018
693,4,1,23.952,116.714,0.774,256,1.03,73.26,0.218,0.017
694,5,1,24.143,116.714,0.787,258,0.919,74.553,0.222,0.02
695,8,3,24.571,116.714,0.797,258,0.863,77.448,0.224,0.023
696,5,1,24.19,116.714,0.794,259,0.904,76.904,0.223,0.02
697,4,3,24.19,116.714,0.782,257,0.95,76.735,0.22,0.019
698,3,0,23.714,116.714,0.767,255,1.012,75.385,0.219,0.017
699,7,3,23.619,117.0,0.761,256,1.028,74.885,0.22,0.016
700,4,1,24.048,117.905,0.755,257,0.95,77.52,0.222,0.019
701,3,0,23.952,117.905,0.76,259,0.898,78.689,0.224,0.019
702,1,0,23.571,117.905,0.751,258,0.926,77.788,0.223,0.017
703,3,2,23.476,117.905,0.752,254,0.951,76.771,0.222,0.016
704,5,2,23.286,117.905,0.761,255,0.849,78.982,0.227,0.016
705,4,2,23.286,117.905,0.762,254,0.897,78.467,0.225,0.016
706,3,0,23.381,117.905,0.766,252,0.923,77.935,0.224,0.016
707,3,2,23.619,117.905,0.768,251,0.936,78.125,0.224,0.017
708,6,0,23.619,117.714,0.775,252,0.947,77.737,0.224,0.017
709,4,1,23.143,117.333,0.767,251,0.963,76.416,0.223,0.015
710,7,3,23.333,117.333,0.77,252,0.889,78.711,0.225,0.016
711,10,5,23.238,118.095,0.76,255,0.871,79.935,0.227,0.016
712,8,4,23.143,118.095,0.751,255,0.828,80.274,0.228,0.016
713,4,1,22.381,118.381,0.748,254,0.952,75.998,0.226,0.012
714,4,3,22.381,118.381,0.748,254,0.989,74.502,0.226,0.012
715,4,3,22.476,118.381,0.746,252,1.074,71.807,0.223,0.012
716,7,3,22.381,118.381,0.753,247,1.251,67.307,0.216,0.01
717,4,2,23.048,118.381,0.755,246,1.146,70.155,0.216,0.013
718,8,4,22.667,118.381,0.757,245,1.214,67.635,0.218,0.012
719,2,0,22.762,118.381,0.76,245,1.207,67.594,0.217,0.012
720,7,3,22.762,117.429,0.761,245,1.19,68.195,0.217,0.012
721,3,1,22.81,117.429,0.755,243,1.276,67.365,0.216,0.012
722,6,2,22.714,117.429,0.756,244,1.272,67.115,0.216,0.012
723,6,0,22.524,117.286,0.768,247,1.248,66.836,0.218,0.011
724,4,3,22.81,118.0,0.771,244,1.262,66.682,0.217,0.012
725,4,4,22.714,118.0,0.768,243,1.276,66.212,0.216,0.012
726,5,1,22.381,118.0,0.753,245,1.353,64.299,0.216,0.011
727,8,5,22.238,118.0,0.736,241,1.391,63.917,0.214,0.01
728,7,2,22.238,118.095,0.733,242,1.324,64.729,0.216,0.01
729,6,2,21.286,116.286,0.731,237,1.475,59.052,0.212,0.007
730,8,2,21.762,117.19,0.734,238,1.335,61.96,0.213,0.008
731,5,2,22.0,117.81,0.737,235,1.456,61.874,0.208,0.008
732,8,3,21.905,117.81,0.731,240,1.378,62.209,0.212,0.009
733,7,3,22.0,118.19,0.728,242,1.383,63.06,0.215,0.009
734,10,3,21.81,117.476,0.742,246,1.356,64.129,0.216,0.009
735,9,3,21.667,118.238,0.742,251,1.265,64.421,0.222,0.009
736,5,1,21.952,118.238,0.739,251,1.275,64.521,0.22,0.01
737,5,4,22.429,118.238,0.732,249,1.357,63.691,0.217,0.011
738,5,1,23.095,118.286,0.736,252,1.23,66.002,0.221,0.014
739,6,2,22.429,118.286,0.723,250,1.286,63.888,0.219,0.011
740,7,4,22.333,118.238,0.718,248,1.355,63.244,0.218,0.011
741,6,0,22.429,118.238,0.731,251,1.282,65.048,0.223,0.012
742,8,3,22.095,118.238,0.734,253,1.279,64.856,0.225,0.011
743,11,2,21.81,118.238,0.737,261,1.18,66.451,0.233,0.011
744,1,1,21.857,118.238,0.739,258,1.206,66.161,0.232,0.011
745,6,3,21.714,118.238,0.738,257,1.313,64.372,0.228,0.01
746,8,4,22.238,118.048,0.748,256,1.345,65.433,0.225,0.012
747,2,1,22.81,118.048,0.756,252,1.466,65.552,0.225,0.014
748,5,1,22.619,118.429,0.755,255,1.444,65.374,0.227,0.013
749,8,3,22.524,117.762,0.76,255,1.255,66.807,0.226,0.013
750,4,1,22.714,117.762,0.761,253,1.371,65.28,0.223,0.013
751,8,5,22.81,117.762,0.761,254,1.338,65.703,0.226,0.014
752,5,2,22.619,117.762,0.757,255,1.35,64.909,0.226,0.013
753,2,0,23.095,117.762,0.762,254,1.365,66.004,0.224,0.015
754,7,3,23.286,117.762,0.77,255,1.335,67.25,0.225,0.016
755,7,3,23.286,117.952,0.774,253,1.314,66.545,0.224,0.016
756,6,2,23.381,117.952,0.778,256,1.299,67.054,0.225,0.016
757,8,3,23.571,117.952,0.763,256,1.124,68.87,0.227,0.018
758,4,2,23.381,117.952,0.772,256,1.139,68.475,0.228,0.017
759,3,1,23.286,117.952,0.771,257,1.134,68.358,0.229,0.017
760,5,3,23.286,117.952,0.772,259,1.108,68.583,0.23,0.017
761,6,4,23.19,117.952,0.766,258,1.211,67.15,0.229,0.016
762,3,0,22.762,117.619,0.767,257,1.257,65.056,0.23,0.015
763,7,2,22.238,117.619,0.737,255,1.491,62.721,0.228,0.012
764,5,0,22.143,117.619,0.748,259,1.215,64.913,0.232,0.012
765,6,2,22.048,117.619,0.751,259,1.147,65.686,0.231,0.012
766,8,4,22.048,117.619,0.746,259,1.083,66.273,0.232,0.012
767,3,1,22.333,117.619,0.751,259,0.987,68.522,0.232,0.013
768,4,2,22.619,117.619,0.76,257,0.988,69.645,0.231,0.014
769,4,3,23.0,117.762,0.77,253,1.046,70.184,0.227,0.015
770,2,1,22.714,117.714,0.754,250,1.158,67.24,0.224,0.013
771,5,1,22.714,117.714,0.746,249,1.15,68.253,0.223,0.013
772,6,1,22.429,117.714,0.745,252,1.131,67.095,0.224,0.012
773,5,2,22.429,117.714,0.744,253,1.092,68.412,0.224,0.012
774,6,2,22.381,117.714,0.743,255,1.057,68.37,0.226,0.012
775,4,0,22.667,117.714,0.739,255,1.027,69.798,0.225,0.013
776,5,3,23.048,117.714,0.732,254,0.998,71.02,0.224,0.014
777,4,0,23.143,117.714,0.729,254,0.846,74.454,0.228,0.016
778,4,2,22.857,117.714,0.732,252,0.882,74.114,0.226,0.014
779,7,2,23.048,117.714,0.721,252,0.897,74.348,0.225,0.015
780,4,1,23.048,117.714,0.719,251,0.935,72.964,0.224,0.014
781,6,2,23.667,117.714,0.731,251,0.907,76.648,0.223,0.017
782,2,1,23.762,117.714,0.735,252,0.856,79.1,0.225,0.018
783,5,2,23.619,117.714,0.734,254,0.828,79.334,0.226,0.018
784,4,1,23.524,117.524,0.728,252,0.91,77.964,0.222,0.016
785,3,2,23.333,117.524,0.724,252,0.926,77.551,0.222,0.015
786,7,4,23.381,117.429,0.739,252,0.944,75.246,0.22,0.015
787,6,2,23.81,117.571,0.752,252,0.916,76.154,0.221,0.017
788,4,2,23.714,117.571,0.746,253,0.893,77.321,0.222,0.017
789,6,2,23.714,117.905,0.755,256,0.825,78.784,0.228,0.019
790,5,3,23.238,117.905,0.74,253,0.911,75.337,0.225,0.015
791,4,3,23.238,117.905,0.744,250,0.974,72.976,0.223,0.015
792,6,2,23.238,118.0,0.745,247,0.993,73.167,0.22,0.014
793,2,1,23.476,118.0,0.759,244,1.008,72.595,0.218,0.015
794,7,3,23.571,118.0,0.755,243,1.022,72.577,0.218,0.016
795,7,3,23.238,118.0,0.75,246,1.015,72.152,0.22,0.014
796,4,3,23.714,118.0,0.75,245,0.993,73.067,0.22,0.017
797,1,0,23.905,118.0,0.752,244,1.007,73.412,0.219,0.017
798,9,5,23.667,118.0,0.758,245,1.061,72.261,0.217,0.016
799,3,2,23.381,117.81,0.756,242,1.13,69.116,0.215,0.014
800,6,1,23.286,117.81,0.761,246,1.094,70.074,0.218,0.014
801,6,2,23.762,117.81,0.762,245,1.107,70.813,0.216,0.016
802,1,1,23.762,117.81,0.762,245,1.107,70.813,0.216,0.016
803,8,4,23.0,117.81,0.757,243,1.129,69.435,0.217,0.013
804,4,3,22.762,117.81,0.73,239,1.22,68.045,0.215,0.012
805,3,2,22.857,117.333,0.729,237,1.221,68.713,0.214,0.012
806,6,3,22.667,117.333,0.737,237,1.271,67.766,0.213,0.011
807,4,1,22.952,117.333,0.748,232,1.269,69.816,0.211,0.012
808,6,1,22.857,117.333,0.751,233,1.249,67.77,0.213,0.012
809,2,0,22.476,117.333,0.746,232,1.269,66.198,0.212,0.01
810,5,2,22.571,117.333,0.743,232,1.219,66.42,0.214,0.011
811,4,2,22.476,117.333,0.747,232,1.221,66.525,0.214,0.011
812,8,2,22.429,117.333,0.748,234,1.245,65.707,0.214,0.01
813,1,0,22.619,117.333,0.769,232,1.259,65.301,0.214,0.011
814,6,3,22.524,117.333,0.77,233,1.227,65.297,0.215,0.011
815,9,3,21.762,117.333,0.766,238,1.123,65.114,0.224,0.01
816,0,0,21.952,116.952,0.751,233,1.245,63.853,0.217,0.009
817,5,1,22.143,116.952,0.754,235,1.275,64.129,0.216,0.01
818,4,0,21.857,117.238,0.748,238,1.235,64.244,0.219,0.009
819,5,1,22.143,117.238,0.748,239,1.169,65.6,0.221,0.011
820,7,0,22.333,117.238,0.758,243,1.055,69.605,0.226,0.012
821,7,3,22.048,117.238,0.751,247,1.041,69.069,0.228,0.011
822,4,2,22.048,117.238,0.749,243,1.108,69.211,0.223,0.01
823,6,2,21.714,117.619,0.747,245,1.087,68.801,0.225,0.01
824,6,1,21.619,117.619,0.736,246,1.088,68.35,0.224,0.009
825,6,3,21.286,117.619,0.733,244,1.14,67.074,0.223,0.008
826,2,0,20.81,117.619,0.712,239,1.274,64.586,0.219,0.007
827,6,2,21.095,117.619,0.718,240,1.224,65.912,0.22,0.008
828,4,1,20.429,117.619,0.711,242,1.157,65.81,0.224,0.006
829,5,2,20.476,117.619,0.719,243,1.143,65.856,0.226,0.007
830,3,1,20.714,117.619,0.712,240,1.229,64.435,0.222,0.007
831,8,6,20.762,117.619,0.709,236,1.282,63.62,0.22,0.007
832,4,1,20.714,117.619,0.71,238,1.284,63.198,0.22,0.007
833,4,1,20.81,117.619,0.708,239,1.274,63.623,0.219,0.007
834,5,4,21.0,117.619,0.712,238,1.294,63.137,0.218,0.007
835,7,1,21.429,117.952,0.705,240,1.257,65.003,0.22,0.008
836,3,1,21.048,117.952,0.703,240,1.28,63.97,0.22,0.007
837,2,2,21.0,117.857,0.707,237,1.32,62.719,0.219,0.007
838,2,1,20.81,117.857,0.712,234,1.474,60.183,0.216,0.007
839,10,5,20.714,117.429,0.72,238,1.503,60.367,0.217,0.006
840,6,1,20.857,117.429,0.728,240,1.48,62.173,0.218,0.007
841,5,2,20.952,117.429,0.734,241,1.381,62.129,0.221,0.007
842,7,2,21.333,117.429,0.748,244,1.265,64.079,0.223,0.008
843,5,2,20.905,117.429,0.736,245,1.289,63.574,0.225,0.008
844,1,0,21.286,117.429,0.736,241,1.346,63.295,0.221,0.008
845,4,2,21.381,117.667,0.735,243,1.279,65.091,0.224,0.009
846,3,1,21.286,117.667,0.729,242,1.346,64.2,0.223,0.008
847,5,1,21.19,117.667,0.746,245,1.308,64.834,0.226,0.008
848,5,2,21.095,117.667,0.746,244,1.285,63.798,0.225,0.008
849,6,2,21.19,117.667,0.734,246,1.183,65.121,0.227,0.009
850,5,2,21.762,117.667,0.73,246,1.159,66.595,0.226,0.01
851,5,1,21.667,117.667,0.729,250,1.098,67.043,0.229,0.01
852,6,1,21.857,117.667,0.731,251,1.065,68.677,0.23,0.011
853,4,1,21.952,117.667,0.742,251,0.996,70.327,0.231,0.011
854,7,3,21.952,117.905,0.739,251,0.985,70.553,0.231,0.011
855,4,3,22.143,117.905,0.742,249,1.072,70.452,0.228,0.012
856,6,3,22.333,117.905,0.751,248,1.087,70.41,0.228,0.012
857,6,3,22.286,117.905,0.748,249,1.062,71.101,0.229,0.012
858,6,4,22.095,117.905,0.735,249,1.097,69.486,0.227,0.011
859,6,4,22.857,117.905,0.746,248,1.015,72.005,0.228,0.015
860,3,3,23.333,117.905,0.739,240,1.144,69.834,0.218,0.015
861,5,1,23.238,117.905,0.738,241,1.135,70.404,0.22,0.015
862,3,2,22.952,117.905,0.728,239,1.175,69.39,0.22,0.013
863,9,4,22.952,117.905,0.731,241,1.131,70.252,0.222,0.014
864,7,3,23.429,117.905,0.734,241,1.098,70.781,0.221,0.015
865,4,2,23.429,117.524,0.743,237,1.158,70.505,0.216,0.015
866,8,4,24.0,117.524,0.749,238,1.114,71.408,0.218,0.018
867,8,6,24.524,117.524,0.749,230,1.228,70.012,0.21,0.019
868,2,0,24.619,117.524,0.752,229,1.286,69.338,0.208,0.019
869,4,0,24.714,117.524,0.747,231,1.239,70.301,0.21,0.02
870,4,1,24.81,117.524,0.755,231,1.231,70.333,0.21,0.02
871,5,2,24.81,117.524,0.758,231,1.245,70.522,0.21,0.02
872,5,0,24.905,117.238,0.765,232,1.153,72.285,0.213,0.022
873,4,2,25.0,117.238,0.765,233,1.147,72.412,0.214,0.023
874,2,0,25.286,117.238,0.771,232,1.089,74.889,0.216,0.026
875,3,0,24.524,115.714,0.772,233,1.088,73.272,0.217,0.021
876,2,1,24.429,115.714,0.77,233,1.081,73.236,0.218,0.02
877,3,1,23.952,115.714,0.759,230,1.089,73.714,0.216,0.017
878,4,1,24.429,117.095,0.762,229,1.106,74.684,0.215,0.02
879,7,2,24.0,117.762,0.766,230,1.111,73.121,0.216,0.017
880,6,0,24.19,118.048,0.751,233,0.965,76.361,0.22,0.019
881,9,2,24.19,118.429,0.743,239,0.832,78.597,0.226,0.021
882,6,2,24.381,118.429,0.755,242,0.746,81.13,0.231,0.024
883,13,5,23.905,118.429,0.758,248,0.748,80.047,0.232,0.021
884,1,0,24.0,118.048,0.764,244,0.773,79.934,0.231,0.021
885,5,2,23.905,117.19,0.756,243,0.809,79.912,0.229,0.02
886,2,2,23.905,117.19,0.749,241,0.847,79.425,0.227,0.02
887,7,6,23.524,117.19,0.738,240,0.9,77.06,0.227,0.017
888,4,2,23.143,117.19,0.722,235,1.186,67.934,0.219,0.014
889,1,0,22.857,117.19,0.718,230,1.454,63.768,0.209,0.011
890,4,0,23.048,117.19,0.712,230,1.427,64.052,0.211,0.012
891,2,0,23.333,117.19,0.743,230,1.318,65.935,0.214,0.014
892,1,0,23.571,117.19,0.741,230,1.283,66.797,0.215,0.015
893,4,0,23.571,117.19,0.727,229,1.42,65.449,0.207,0.014
894,6,0,24.048,118.81,0.719,231,1.302,67.584,0.213,0.017
895,3,2,23.571,118.81,0.722,229,1.317,66.062,0.213,0.015
896,9,3,23.762,118.81,0.738,232,1.136,69.148,0.217,0.016
897,2,0,23.714,118.81,0.749,232,1.158,68.166,0.218,0.016
898,7,3,23.19,118.81,0.74,236,1.134,67.613,0.221,0.014
899,9,7,23.095,118.81,0.738,231,1.212,66.535,0.218,0.014
900,5,0,22.81,118.81,0.749,234,1.185,66.773,0.22,0.013
901,8,2,22.429,118.81,0.741,240,1.123,67.25,0.224,0.012
902,5,0,22.286,118.81,0.745,241,1.109,68.544,0.226,0.012
903,7,2,22.286,118.81,0.751,243,1.095,68.971,0.23,0.012
904,2,0,22.286,118.81,0.751,244,1.105,68.739,0.23,0.012
905,3,0,22.0,118.81,0.749,241,1.072,68.782,0.228,0.011
906,7,1,22.143,118.81,0.756,242,1.021,69.936,0.23,0.012
907,12,3,21.952,118.81,0.751,251,0.915,70.467,0.237,0.013
908,5,3,21.857,118.524,0.746,248,0.974,69.177,0.234,0.012
909,5,2,21.762,118.524,0.746,248,0.993,68.138,0.233,0.011
910,6,3,22.429,118.524,0.761,248,0.953,70.167,0.234,0.014
911,4,2,22.19,118.524,0.756,248,0.961,68.524,0.235,0.013
912,5,5,22.0,118.524,0.758,243,1.14,65.437,0.229,0.011
913,4,2,22.0,118.524,0.762,243,1.147,65.475,0.229,0.011
914,4,3,22.571,118.524,0.766,240,1.231,64.416,0.222,0.012
915,6,3,22.524,118.524,0.763,240,1.245,64.203,0.224,0.012
916,5,3,22.429,118.0,0.756,237,1.294,63.652,0.221,0.011
917,2,1,22.619,118.0,0.756,234,1.384,62.743,0.217,0.012
918,8,4,22.524,118.0,0.759,238,1.319,63.279,0.222,0.012
919,4,0,22.762,117.905,0.743,237,1.383,62.583,0.221,0.013
920,7,2,22.095,117.905,0.722,238,1.415,59.967,0.218,0.01
921,2,0,21.905,117.905,0.718,239,1.392,60.307,0.22,0.01
922,4,0,21.714,117.905,0.712,239,1.397,60.286,0.217,0.009
923,3,0,21.905,117.905,0.72,240,1.346,60.825,0.22,0.01
924,2,1,22.19,117.905,0.734,238,1.293,62.789,0.22,0.01
925,6,2,22.381,117.905,0.738,237,1.237,64.549,0.221,0.011
926,10,3,22.048,117.905,0.749,240,1.181,65.439,0.224,0.011
927,5,3,22.143,117.905,0.752,238,1.3,63.772,0.221,0.011
928,5,3,21.952,117.905,0.754,240,1.265,64.232,0.224,0.01
929,3,2,22.048,117.905,0.757,235,1.386,62.63,0.22,0.01
930,3,1,22.048,117.905,0.755,234,1.381,62.782,0.22,0.01
931,3,2,22.143,117.905,0.759,232,1.413,63.058,0.217,0.01
932,6,4,22.143,117.905,0.754,229,1.423,63.763,0.215,0.01
933,7,1,22.143,117.905,0.742,230,1.279,65.792,0.219,0.01
934,5,0,22.619,117.905,0.752,230,1.128,68.325,0.223,0.013
935,6,2,22.048,116.143,0.744,229,1.166,64.54,0.221,0.01
936,3,1,21.857,116.143,0.72,228,1.189,63.801,0.216,0.009
937,5,1,21.762,116.143,0.733,230,1.065,67.881,0.222,0.009
938,5,1,22.143,117.238,0.738,230,1.042,69.71,0.224,0.011
939,7,5,22.429,117.238,0.756,228,1.073,70.544,0.223,0.012
940,10,4,22.714,117.429,0.746,231,0.989,73.62,0.226,0.013
941,3,0,22.905,117.429,0.749,228,0.962,74.297,0.225,0.014
942,6,3,22.762,117.429,0.744,230,0.934,74.683,0.228,0.014
943,5,2,22.667,117.429,0.747,232,0.918,75.556,0.229,0.014
944,4,2,22.762,117.429,0.743,231,1.005,74.457,0.226,0.014
945,3,1,22.762,117.429,0.748,232,0.928,76.52,0.228,0.014
946,3,2,22.762,117.429,0.749,231,0.955,76.584,0.228,0.014
947,5,2,22.333,116.857,0.75,231,0.947,73.435,0.227,0.012
948,5,2,22.429,117.476,0.754,230,0.961,73.988,0.226,0.012
949,1,1,22.619,117.476,0.753,226,1.034,74.527,0.222,0.012
950,4,1,22.81,117.762,0.76,227,0.995,77.064,0.225,0.014
951,6,2,22.429,117.762,0.766,230,0.904,76.12,0.231,0.013
952,5,3,22.238,117.762,0.749,227,0.951,73.827,0.227,0.012
953,3,3,22.524,117.762,0.748,224,0.99,74.166,0.223,0.012
954,9,4,22.619,117.762,0.752,227,0.895,74.493,0.228,0.013
955,1,0,22.905,117.762,0.752,223,0.963,74.248,0.224,0.014
956,6,1,22.905,117.762,0.747,228,0.917,74.492,0.227,0.014
957,2,1,22.905,117.762,0.756,225,0.957,74.14,0.225,0.014
958,6,2,23.381,117.762,0.758,225,0.959,74.48,0.225,0.016
959,5,3,23.952,118.048,0.762,224,0.971,74.92,0.224,0.019
960,5,3,24.286,118.048,0.756,224,0.976,75.179,0.223,0.021
961,2,0,24.095,118.048,0.751,223,1.031,74.312,0.221,0.019
962,5,2,23.905,118.429,0.756,223,1.09,72.008,0.22,0.018
963,4,2,23.524,118.429,0.744,220,1.182,69.125,0.216,0.015
964,7,2,23.143,118.429,0.735,222,1.193,68.221,0.217,0.013
965,9,2,23.143,118.429,0.748,227,1.089,71.081,0.223,0.015
966,3,1,23.143,118.429,0.747,227,1.097,71.303,0.223,0.015
967,5,2,23.333,118.429,0.748,227,1.036,74.131,0.224,0.016
968,4,0,22.857,117.952,0.736,228,1.024,72.994,0.224,0.014
969,1,1,22.571,117.952,0.733,224,1.201,67.905,0.217,0.011
970,12,3,22.762,117.952,0.739,230,1.116,68.276,0.221,0.013
971,1,0,22.857,117.952,0.751,226,1.256,65.447,0.216,0.012
972,5,2,23.048,117.952,0.75,225,1.29,64.872,0.215,0.013
973,10,4,23.143,117.952,0.759,229,1.264,64.968,0.216,0.013
974,6,2,23.381,117.952,0.759,230,1.241,65.565,0.216,0.014
975,7,1,22.905,117.667,0.755,232,1.151,66.528,0.221,0.013
976,5,2,23.095,117.667,0.76,232,1.081,68.422,0.223,0.014
977,5,3,22.714,117.667,0.751,230,1.124,66.48,0.223,0.013
978,4,1,22.476,117.667,0.739,229,1.149,65.491,0.223,0.012
979,8,3,23.429,117.667,0.755,230,0.99,70.795,0.224,0.016
980,3,1,23.381,117.667,0.744,226,1.086,68.661,0.219,0.015
981,2,0,23.286,117.667,0.748,227,1.098,68.117,0.219,0.014
982,7,3,22.905,117.476,0.72,226,1.141,67.042,0.216,0.012
983,5,2,22.81,117.476,0.723,229,1.075,67.73,0.22,0.013
984,4,0,22.905,117.476,0.721,229,1.069,68.35,0.22,0.013
985,6,0,23.0,117.476,0.723,233,1.026,69.665,0.223,0.014
986,1,0,22.905,117.476,0.719,228,1.132,68.147,0.216,0.012
987,3,0,22.81,117.476,0.723,227,1.15,67.711,0.217,0.012
988,7,4,22.619,117.667,0.726,225,1.252,66.198,0.214,0.011
989,4,0,22.524,117.667,0.721,229,1.109,69.014,0.219,0.011
990,6,1,22.619,118.048,0.729,227,1.257,68.708,0.214,0.011
991,5,0,22.429,118.143,0.735,228,1.288,68.909,0.215,0.011
992,2,0,22.381,118.143,0.722,226,1.293,67.835,0.213,0.01
993,1,0,22.524,118.143,0.722,224,1.276,68.113,0.213,0.011
994,4,0,22.524,118.381,0.723,228,1.16,70.962,0.219,0.011
995,8,2,22.429,118.381,0.736,231,1.034,71.137,0.224,0.012
996,2,0,22.429,118.619,0.738,231,1.063,70.581,0.224,0.012
997,3,1,22.429,118.619,0.746,232,1.058,70.925,0.225,0.012
998,9,5,22.524,118.619,0.762,235,0.937,74.411,0.231,0.014
999,5,2,22.714,118.619,0.764,235,0.938,74.845,0.231,0.014
1000,0,0,22.714,118.619,0.761,233,0.968,74.119,0.23,0.014
