1,10,0,0.791,4.349,0.003,10,310.491,0.227,0.011,0.016
2,8,0,1.256,7.767,0.007,18,275.241,0.705,0.017,0.007
3,6,0,1.581,11.814,0.013,24,247.514,1.385,0.023,0.003
4,7,0,2.186,15.488,0.017,30,221.815,2.31,0.03,0.002
5,6,0,2.465,20.023,0.023,36,205.28,3.343,0.037,0.001
6,13,0,3.186,24.372,0.029,46,183.246,5.966,0.045,0.001
7,2,0,3.233,25.674,0.031,48,179.201,6.385,0.046,0.001
8,6,0,3.581,27.395,0.031,54,167.252,7.838,0.051,0.001
9,8,0,3.767,30.302,0.033,62,152.635,9.369,0.058,0.0
10,4,0,3.907,32.116,0.037,65,143.313,9.832,0.059,0.0
11,9,0,4.349,34.884,0.038,73,132.837,11.894,0.066,0.0
12,7,0,4.791,38.047,0.042,80,124.52,13.831,0.072,0.0
13,3,0,5.023,40.977,0.05,81,118.655,14.349,0.073,0.0
14,12,0,5.488,46.628,0.06,91,105.686,17.932,0.08,0.0
15,12,0,6.233,58.116,0.081,102,91.982,21.68,0.094,0.0
16,7,0,6.186,58.791,0.08,107,93.462,22.094,0.097,0.0
17,7,0,6.605,62.721,0.087,112,91.374,22.556,0.102,0.0
18,6,0,6.884,66.698,0.093,118,88.33,26.069,0.109,0.0
19,5,0,7.186,67.907,0.097,118,81.385,27.778,0.109,0.0
20,8,0,7.581,73.209,0.108,124,76.696,29.937,0.115,0.0
21,10,0,7.907,77.953,0.114,134,70.623,33.496,0.124,0.0
22,8,0,8.163,79.628,0.115,139,69.179,35.664,0.129,0.0
23,6,0,8.349,80.209,0.113,145,67.724,37.574,0.133,0.0
24,10,0,8.581,85.116,0.119,154,64.205,43.693,0.143,0.0
25,5,0,8.814,88.279,0.124,158,60.435,46.879,0.148,0.0
26,4,0,9.047,91.047,0.129,160,58.319,48.94,0.153,0.0
27,8,0,9.186,93.349,0.132,167,57.001,51.333,0.157,0.0
28,7,0,9.791,105.256,0.164,171,51.358,59.37,0.164,0.001
29,6,0,9.744,105.442,0.16,177,51.401,60.046,0.167,0.001
30,10,0,9.93,108.047,0.161,186,49.967,65.63,0.175,0.001
31,12,0,10.488,120.698,0.187,195,46.193,76.426,0.191,0.001
32,7,0,10.86,126.023,0.198,200,44.261,83.264,0.199,0.001
33,10,0,10.953,128.186,0.204,204,43.538,85.577,0.2,0.001
34,11,0,10.977,129.093,0.201,212,42.416,89.432,0.206,0.001
35,9,0,11.581,133.744,0.211,218,37.595,98.729,0.213,0.001
36,5,0,11.884,137.512,0.221,222,36.46,102.676,0.216,0.001
37,9,0,11.791,139.14,0.224,228,35.954,104.6,0.218,0.001
38,9,0,12.349,143.558,0.231,236,33.906,112.736,0.227,0.002
39,11,0,13.186,154.814,0.263,244,31.898,123.958,0.235,0.002
40,6,0,13.372,156.395,0.271,247,31.734,126.033,0.232,0.002
41,6,0,13.558,156.395,0.271,251,31.351,129.415,0.234,0.002
42,5,0,13.744,157.605,0.271,253,30.778,132.02,0.238,0.003
43,6,0,13.837,158.233,0.269,258,30.302,133.79,0.242,0.003
44,4,0,13.977,156.791,0.269,256,30.134,132.135,0.238,0.003
45,7,0,14.209,158.186,0.272,260,29.6,135.129,0.241,0.003
46,5,0,14.535,166.093,0.296,263,28.702,140.573,0.246,0.004
47,4,0,15.186,169.256,0.305,263,27.543,147.491,0.248,0.004
48,13,0,15.698,169.721,0.303,272,26.998,154.708,0.252,0.005
49,10,0,16.163,172.465,0.308,277,25.589,164.954,0.259,0.006
50,9,0,16.535,179.884,0.327,283,24.537,175.832,0.27,0.008
51,8,0,16.488,179.977,0.324,287,24.151,177.602,0.273,0.008
52,4,0,16.628,185.302,0.344,285,24.021,174.926,0.273,0.009
53,3,0,16.86,186.023,0.347,285,23.878,179.95,0.273,0.009
54,9,0,16.907,187.14,0.345,292,22.935,186.602,0.278,0.01
55,5,0,16.814,187.698,0.348,296,23.629,182.201,0.278,0.01
56,8,0,16.953,190.674,0.356,301,23.308,186.023,0.281,0.01
57,9,0,17.047,194.86,0.371,307,22.418,190.462,0.284,0.011
58,11,0,17.326,197.163,0.378,311,22.654,193.087,0.286,0.012
59,11,0,17.628,202.465,0.391,320,21.947,206.153,0.298,0.016
60,6,0,17.721,214.372,0.422,323,21.547,209.717,0.306,0.018
61,9,0,18.14,219.488,0.439,330,20.57,224.669,0.311,0.022
62,5,0,18.186,219.953,0.439,333,20.529,225.921,0.314,0.023
63,8,0,18.233,220.512,0.439,339,19.899,229.876,0.316,0.023
64,4,0,18.372,222.0,0.446,338,19.68,229.964,0.314,0.023
65,13,0,18.977,227.814,0.457,346,18.706,244.454,0.326,0.032
66,9,0,19.163,230.372,0.472,349,18.548,249.451,0.326,0.034
67,2,0,19.302,230.023,0.475,346,18.701,251.58,0.322,0.034
68,7,0,19.791,230.86,0.479,347,18.577,259.318,0.322,0.039
69,5,0,19.884,230.488,0.481,345,18.739,259.394,0.318,0.038
70,8,0,19.907,230.488,0.479,348,18.611,261.479,0.321,0.039
71,5,0,19.721,234.465,0.49,350,18.55,259.639,0.322,0.038
72,6,0,20.116,234.93,0.498,349,17.975,257.114,0.316,0.039
73,13,0,20.302,236.721,0.498,359,17.145,269.14,0.326,0.046
74,8,0,20.674,242.349,0.516,365,16.538,277.469,0.333,0.055
75,13,0,20.814,245.093,0.522,375,16.265,283.364,0.338,0.062
76,5,0,21.256,245.093,0.524,374,16.16,284.302,0.338,0.069
77,8,0,22.163,248.488,0.54,375,15.346,301.467,0.342,0.093
78,13,0,22.442,250.14,0.541,385,15.204,314.543,0.351,0.113
79,12,0,23.233,252.442,0.544,391,14.691,332.892,0.359,0.152
80,7,0,23.512,260.023,0.563,395,13.929,345.984,0.366,0.175
81,10,0,23.907,260.116,0.558,400,13.511,348.131,0.37,0.2
82,9,0,24.14,260.512,0.558,406,13.14,354.572,0.373,0.219
83,3,0,24.302,260.907,0.56,404,13.003,361.037,0.374,0.23
84,4,0,24.302,263.163,0.571,401,13.196,355.357,0.372,0.226
85,8,0,24.395,260.326,0.559,400,13.195,354.635,0.37,0.224
86,8,0,24.558,261.535,0.563,407,12.86,363.74,0.376,0.248
87,10,0,24.814,261.86,0.561,411,12.461,377.397,0.382,0.279
88,5,0,25.07,261.977,0.567,405,12.663,372.03,0.377,0.279
89,5,0,25.047,261.977,0.569,406,12.741,372.838,0.374,0.271
90,5,0,25.116,264.093,0.574,405,12.677,376.007,0.375,0.278
91,10,0,25.535,265.698,0.573,407,12.43,383.431,0.381,0.32
92,13,0,25.93,269.884,0.58,413,12.054,397.54,0.386,0.364
93,10,0,26.163,277.488,0.609,418,11.879,406.685,0.394,0.408
94,9,0,26.233,278.744,0.617,423,11.234,413.944,0.399,0.424
95,10,0,26.581,279.512,0.62,429,10.744,429.155,0.406,0.472
96,4,0,26.721,280.581,0.621,429,10.739,430.239,0.406,0.483
97,7,0,26.767,280.721,0.618,431,10.601,438.897,0.411,0.507
98,7,0,26.953,280.721,0.616,434,10.974,443.563,0.414,0.534
99,10,0,27.419,285.209,0.641,436,10.983,449.322,0.413,0.567
100,6,0,27.837,286.349,0.645,433,10.95,454.468,0.415,0.603
101,4,0,28.209,288.442,0.648,433,10.889,459.492,0.414,0.627
102,4,0,28.302,288.442,0.65,432,10.926,460.705,0.413,0.632
103,8,0,28.605,290.558,0.65,434,11.776,467.17,0.417,0.672
104,6,0,28.419,290.395,0.65,435,11.909,461.382,0.413,0.648
105,4,0,28.465,289.488,0.65,430,12.072,457.589,0.406,0.627
106,13,0,28.721,303.279,0.655,435,11.864,470.999,0.415,0.677
107,12,0,28.86,307.93,0.663,442,11.918,476.133,0.419,0.696
108,7,0,29.14,308.14,0.66,447,11.865,488.674,0.422,0.725
109,11,0,29.488,312.605,0.68,453,11.538,505.189,0.43,0.764
110,12,0,29.349,312.605,0.681,459,11.343,513.063,0.436,0.773
111,6,0,29.07,312.628,0.682,459,11.43,506.127,0.436,0.756
112,6,0,28.837,312.0,0.68,461,11.561,499.858,0.433,0.736
113,12,0,24.791,306.744,0.669,469,13.375,431.413,0.448,0.513
114,10,0,25.14,311.93,0.666,472,13.225,439.447,0.455,0.562
115,9,0,25.698,312.721,0.668,474,13.152,452.548,0.454,0.6
116,7,0,26.116,313.488,0.675,473,13.061,459.737,0.45,0.618
117,8,0,26.442,313.791,0.676,475,13.008,465.461,0.449,0.638
118,9,0,26.419,313.791,0.673,481,12.897,466.756,0.455,0.653
119,4,0,22.953,323.233,0.662,478,12.362,409.105,0.457,0.393
120,6,0,23.558,326.302,0.666,478,12.151,425.796,0.459,0.444
121,4,0,24.023,326.209,0.67,475,11.917,432.19,0.455,0.466
122,5,0,24.419,328.233,0.673,471,11.694,438.33,0.454,0.491
123,13,0,24.651,328.093,0.674,477,11.488,452.73,0.459,0.525
124,6,0,24.698,327.605,0.672,481,11.436,452.763,0.461,0.536
125,11,0,21.465,325.977,0.677,488,12.529,396.745,0.462,0.306
126,4,0,21.977,325.977,0.684,486,12.478,400.529,0.459,0.331
127,9,0,22.535,325.977,0.689,486,12.549,418.986,0.457,0.366
128,5,0,22.651,321.884,0.69,487,12.544,418.255,0.456,0.369
129,11,0,23.07,323.326,0.7,492,12.533,427.509,0.457,0.403
130,5,0,23.233,323.465,0.698,492,12.423,429.246,0.458,0.42
131,8,0,20.628,316.14,0.677,491,14.386,373.084,0.45,0.233
132,6,0,21.093,316.14,0.678,492,14.134,381.123,0.45,0.258
133,2,0,21.93,315.116,0.676,488,14.075,392.461,0.443,0.29
134,7,0,22.163,316.884,0.681,494,13.968,398.197,0.446,0.313
135,11,0,22.628,317.256,0.683,500,13.444,407.222,0.451,0.357
136,3,0,22.953,319.163,0.686,497,13.359,412.991,0.449,0.375
137,12,0,19.442,333.186,0.674,505,13.607,338.883,0.458,0.187
138,10,0,20.372,333.14,0.683,506,12.655,354.905,0.458,0.23
139,7,0,20.93,333.372,0.684,503,12.439,356.489,0.457,0.259
140,9,0,20.977,333.419,0.69,509,12.284,363.407,0.463,0.276
141,13,0,21.953,333.395,0.705,516,11.905,384.078,0.467,0.351
142,10,0,22.419,333.279,0.712,515,11.528,395.181,0.471,0.397
143,5,0,23.023,333.279,0.711,512,11.499,403.828,0.469,0.436
144,8,0,23.488,333.86,0.717,515,10.939,420.065,0.475,0.489
145,5,0,20.651,338.512,0.682,511,14.077,377.532,0.47,0.289
146,5,0,21.163,338.512,0.688,508,14.067,385.939,0.465,0.308
147,9,0,22.0,338.512,0.692,512,13.669,407.492,0.472,0.386
148,12,0,19.186,322.209,0.653,515,12.483,345.177,0.474,0.205
149,10,0,20.209,324.093,0.67,520,11.829,373.779,0.481,0.28
150,7,1,20.581,324.093,0.673,519,11.759,378.156,0.479,0.296
151,7,0,21.233,324.581,0.671,515,12.306,390.671,0.479,0.344
152,7,0,22.023,324.814,0.676,509,12.206,398.893,0.474,0.383
153,8,0,22.233,324.977,0.681,509,12.108,402.873,0.475,0.402
154,13,0,19.256,325.047,0.671,519,12.756,354.978,0.478,0.22
155,10,1,19.767,323.0,0.679,522,12.516,364.869,0.478,0.248
156,7,2,20.116,326.744,0.682,522,12.46,373.0,0.479,0.272
157,10,0,20.698,326.884,0.694,528,12.137,388.487,0.485,0.325
158,6,0,21.256,327.907,0.694,528,12.039,402.294,0.486,0.368
159,9,0,18.628,339.093,0.585,532,12.846,383.399,0.505,0.259
160,7,0,18.907,339.093,0.591,534,12.361,388.365,0.504,0.271
161,9,0,19.395,339.442,0.597,541,11.927,404.887,0.511,0.319
162,7,0,19.721,339.651,0.61,543,11.687,410.074,0.512,0.345
163,3,0,20.186,339.651,0.621,542,11.568,420.407,0.511,0.374
164,10,0,20.93,339.674,0.64,544,11.393,435.562,0.513,0.435
165,2,0,21.163,339.674,0.647,542,12.978,439.705,0.512,0.463
166,6,0,21.535,339.674,0.66,545,12.356,453.547,0.514,0.494
167,8,0,22.14,337.256,0.667,548,12.032,467.892,0.519,0.554
168,9,2,19.326,347.163,0.673,551,11.59,398.073,0.523,0.353
169,4,1,19.605,347.349,0.67,545,12.214,393.214,0.518,0.36
170,6,0,20.163,347.349,0.68,546,12.05,400.604,0.518,0.399
171,6,1,20.93,347.349,0.683,544,11.829,415.639,0.516,0.449
172,9,0,21.721,347.558,0.689,545,10.5,438.819,0.52,0.513
173,13,2,19.163,343.0,0.675,550,12.751,380.084,0.523,0.348
174,9,2,19.628,343.0,0.68,556,12.285,393.225,0.529,0.399
175,7,2,20.512,345.023,0.694,555,10.791,415.526,0.527,0.447
176,6,1,20.651,345.023,0.693,556,10.624,416.365,0.529,0.466
177,5,0,21.186,345.023,0.695,554,10.655,424.127,0.523,0.485
178,11,1,22.07,345.023,0.716,555,10.323,437.219,0.523,0.551
179,5,0,19.442,338.698,0.66,548,10.773,370.211,0.502,0.288
180,5,0,19.814,339.0,0.668,550,10.565,377.041,0.505,0.32
181,6,0,21.023,339.0,0.693,548,10.019,396.903,0.5,0.385
182,13,0,21.767,339.395,0.701,555,9.295,420.751,0.511,0.475
183,7,0,21.907,339.419,0.696,556,9.337,425.925,0.512,0.489
184,13,2,19.326,338.488,0.672,565,13.466,380.23,0.525,0.374
185,11,2,19.674,338.07,0.676,570,13.309,388.249,0.531,0.417
186,13,3,19.977,338.07,0.676,575,12.631,396.903,0.53,0.434
187,12,0,20.953,338.047,0.694,579,12.055,422.73,0.532,0.512
188,8,4,21.837,338.047,0.698,577,11.49,442.021,0.528,0.561
189,5,0,19.302,325.744,0.679,576,10.962,383.94,0.529,0.365
190,10,0,20.372,328.651,0.703,573,11.164,409.736,0.528,0.445
191,7,0,20.837,328.744,0.704,573,10.904,417.789,0.531,0.489
192,5,0,21.442,329.837,0.707,571,10.889,427.224,0.528,0.524
193,12,0,22.093,332.558,0.708,575,10.531,445.292,0.533,0.589
194,11,0,22.93,335.14,0.722,579,9.889,469.021,0.535,0.654
195,6,1,19.884,338.488,0.676,577,14.034,370.811,0.524,0.415
196,8,1,20.581,338.488,0.682,576,13.948,381.458,0.519,0.451
197,10,1,21.093,338.395,0.69,577,15.114,391.894,0.526,0.524
198,5,0,21.512,333.256,0.684,575,19.873,401.17,0.521,0.579
199,5,0,22.023,333.256,0.683,573,19.62,420.673,0.523,0.621
200,5,0,22.395,333.256,0.683,571,19.498,423.842,0.519,0.634
201,13,0,22.535,338.07,0.69,579,13.161,439.405,0.525,0.617
202,6,1,20.279,334.93,0.691,575,10.831,400.941,0.518,0.4
203,10,2,20.605,335.07,0.69,578,11.056,408.003,0.523,0.442
204,8,0,21.581,335.07,0.691,576,10.941,426.212,0.52,0.506
205,11,1,22.605,332.0,0.699,579,10.57,458.499,0.522,0.588
206,6,1,19.442,346.233,0.666,581,11.734,372.467,0.525,0.367
207,9,0,19.953,346.233,0.671,585,11.641,379.429,0.524,0.403
208,3,0,20.14,346.233,0.674,580,11.318,378.907,0.52,0.399
209,8,2,20.279,346.023,0.678,579,11.349,382.561,0.52,0.409
210,13,0,21.163,347.977,0.695,585,10.8,400.738,0.526,0.495
211,13,1,21.86,346.86,0.696,589,10.607,414.903,0.527,0.552
212,9,0,22.465,346.047,0.697,588,10.578,430.716,0.525,0.592
213,9,3,19.814,339.14,0.647,585,12.13,374.708,0.525,0.4
214,6,0,20.651,339.14,0.656,585,12.051,390.598,0.52,0.444
215,13,3,21.256,339.163,0.664,588,11.707,405.711,0.525,0.505
216,7,3,21.488,340.186,0.664,588,11.601,410.558,0.526,0.527
217,4,0,22.186,340.186,0.671,586,11.623,414.627,0.525,0.576
218,6,1,19.186,338.814,0.646,585,12.219,336.498,0.519,0.333
219,4,0,19.744,338.814,0.646,585,12.252,345.355,0.518,0.37
220,8,0,20.302,338.977,0.667,586,12.03,361.115,0.517,0.408
221,7,1,21.233,339.0,0.68,582,11.824,372.901,0.512,0.458
222,5,0,21.605,339.0,0.684,580,11.588,382.997,0.511,0.481
223,7,0,22.116,339.419,0.686,579,11.258,389.367,0.512,0.522
224,6,0,20.023,343.884,0.627,573,11.303,386.187,0.513,0.366
225,7,0,20.721,343.14,0.636,574,11.102,403.4,0.515,0.423
226,4,0,21.279,343.14,0.642,573,10.967,410.457,0.512,0.455
227,7,0,21.791,343.186,0.65,578,10.734,420.907,0.516,0.508
228,7,0,22.535,343.186,0.662,573,10.614,431.764,0.514,0.557
229,4,0,23.419,343.186,0.666,565,10.42,444.737,0.512,0.614
230,6,0,23.605,343.372,0.671,568,10.369,448.983,0.515,0.636
231,12,1,20.093,327.349,0.683,571,10.08,382.06,0.518,0.38
232,7,0,21.209,332.628,0.698,570,9.619,407.859,0.517,0.456
233,3,1,21.209,329.488,0.693,566,10.094,403.889,0.51,0.436
234,4,0,21.512,329.488,0.698,567,10.076,409.464,0.511,0.462
235,8,3,22.209,331.791,0.707,567,9.575,428.712,0.512,0.516
236,10,0,19.628,337.744,0.635,570,12.784,352.204,0.506,0.326
237,5,0,19.907,337.744,0.642,570,12.769,356.886,0.504,0.34
238,12,0,21.07,337.279,0.654,570,12.734,376.669,0.506,0.43
239,10,0,21.953,337.279,0.674,573,12.08,397.442,0.511,0.511
240,11,0,23.163,337.279,0.681,570,11.888,426.948,0.507,0.59
241,13,0,20.442,338.605,0.652,574,12.098,395.957,0.511,0.395
242,3,1,21.349,340.581,0.661,565,11.627,406.946,0.504,0.435
243,5,0,22.093,340.581,0.668,559,11.158,420.744,0.501,0.479
244,9,0,22.651,341.07,0.665,561,9.962,436.934,0.505,0.526
245,11,3,20.023,341.558,0.683,564,11.188,375.258,0.51,0.355
246,12,1,21.093,341.558,0.694,570,10.704,399.004,0.521,0.469
247,8,3,21.279,341.558,0.692,572,10.662,401.283,0.52,0.48
248,7,1,21.651,341.558,0.697,570,10.616,405.309,0.517,0.5
249,7,0,22.442,341.558,0.699,571,10.556,414.854,0.515,0.552
250,6,0,22.767,341.558,0.701,571,10.436,422.6,0.513,0.57
251,7,0,23.558,341.558,0.703,572,10.245,438.357,0.515,0.634
252,8,1,20.256,346.163,0.685,575,10.546,387.35,0.521,0.404
253,7,2,21.465,346.163,0.691,572,10.468,405.199,0.516,0.481
254,12,0,22.07,345.349,0.693,574,10.158,417.217,0.517,0.527
255,10,0,22.721,343.698,0.708,581,9.87,433.064,0.524,0.599
256,7,0,19.698,330.419,0.704,585,9.236,378.894,0.529,0.382
257,2,1,20.0,330.698,0.711,581,9.368,382.668,0.523,0.385
258,4,0,20.837,334.884,0.721,578,9.377,395.203,0.52,0.437
259,10,1,21.605,337.721,0.723,574,9.315,411.338,0.518,0.49
260,11,2,22.372,339.628,0.727,577,9.088,430.823,0.524,0.567
261,7,1,20.14,347.349,0.668,573,9.64,412.255,0.519,0.381
262,8,0,20.186,347.721,0.666,576,9.782,410.64,0.523,0.399
263,5,1,20.791,347.721,0.672,572,9.791,416.938,0.517,0.425
264,5,0,21.233,347.721,0.671,568,9.636,421.987,0.515,0.451
265,7,0,21.977,347.86,0.676,566,9.499,438.421,0.514,0.504
266,9,0,22.279,345.442,0.683,571,9.068,447.143,0.516,0.531
267,12,0,19.535,331.395,0.637,577,12.529,405.438,0.527,0.387
268,10,1,20.279,336.907,0.653,579,10.635,428.226,0.527,0.427
269,4,0,20.93,336.907,0.664,579,10.414,448.04,0.529,0.483
270,12,1,21.628,336.907,0.662,584,9.93,460.929,0.531,0.544
271,12,0,22.256,337.279,0.689,591,9.604,478.556,0.541,0.623
272,4,0,22.953,337.279,0.697,588,9.514,492.959,0.538,0.662
273,6,0,23.558,337.442,0.7,589,9.343,503.082,0.538,0.702
274,11,0,20.86,343.209,0.697,592,9.855,423.156,0.538,0.508
275,13,2,21.651,343.791,0.7,595,9.526,440.236,0.541,0.576
276,11,0,22.023,343.558,0.701,601,9.292,449.189,0.546,0.621
277,9,2,22.721,343.488,0.706,601,9.179,459.979,0.541,0.655
278,3,1,23.163,343.488,0.712,596,9.301,465.582,0.537,0.673
279,12,2,21.256,336.744,0.699,597,9.352,416.123,0.535,0.522
280,12,1,21.605,337.372,0.708,603,9.01,431.088,0.543,0.575
281,7,3,22.349,337.372,0.72,603,8.971,441.261,0.538,0.615
282,7,1,23.372,337.372,0.727,598,8.573,464.069,0.534,0.673
283,8,0,20.14,326.744,0.668,602,10.622,392.542,0.532,0.435
284,8,1,20.837,328.326,0.676,601,10.494,411.813,0.532,0.489
285,12,1,21.209,327.07,0.675,606,10.32,424.789,0.537,0.534
286,9,0,21.953,327.14,0.689,606,10.356,433.36,0.533,0.579
287,12,0,22.721,327.953,0.703,611,10.17,451.808,0.535,0.64
288,6,0,23.558,327.953,0.712,610,9.985,468.79,0.534,0.693
289,6,0,23.698,328.628,0.71,613,9.859,476.7,0.539,0.716
290,5,2,24.023,328.581,0.714,610,9.897,483.475,0.536,0.728
291,11,0,24.605,328.581,0.719,615,9.698,497.956,0.537,0.766
292,6,2,21.953,339.744,0.694,609,9.792,427.465,0.528,0.556
293,11,0,22.326,341.233,0.698,614,9.622,436.407,0.533,0.599
294,10,1,22.977,341.233,0.699,617,9.378,448.068,0.536,0.657
295,4,1,23.581,341.279,0.703,615,9.266,461.135,0.532,0.684
296,12,0,24.605,341.279,0.705,616,8.413,479.623,0.535,0.751
297,10,0,25.488,341.279,0.719,612,8.501,484.278,0.527,0.78
298,6,0,26.047,341.279,0.725,612,8.377,489.174,0.523,0.798
299,6,0,26.558,341.395,0.727,612,8.331,499.446,0.52,0.817
300,7,0,26.93,341.395,0.734,611,8.175,510.164,0.521,0.834
301,11,2,23.651,343.186,0.713,613,7.972,460.551,0.524,0.652
302,13,0,20.814,341.512,0.641,617,8.551,410.312,0.526,0.451
303,2,0,21.791,341.512,0.653,609,8.5,421.951,0.518,0.495
304,8,1,22.535,341.512,0.66,602,8.011,440.006,0.513,0.532
305,4,0,23.023,341.512,0.664,603,7.922,454.319,0.512,0.566
306,6,0,23.674,341.512,0.676,602,8.002,480.488,0.514,0.621
307,10,0,20.512,325.302,0.672,606,10.659,426.412,0.515,0.403
308,9,0,21.814,326.535,0.677,604,10.262,452.333,0.513,0.494
309,8,0,22.512,327.372,0.677,609,9.911,467.29,0.517,0.56
310,5,0,19.907,296.395,0.587,603,10.022,382.46,0.516,0.359
311,7,0,20.512,296.14,0.595,603,9.781,394.156,0.514,0.394
312,5,0,21.442,297.279,0.607,597,9.62,410.133,0.511,0.451
313,9,0,21.814,299.442,0.619,601,9.486,425.684,0.514,0.491
314,7,0,22.512,300.163,0.629,600,8.695,438.451,0.513,0.534
315,7,0,23.209,304.442,0.646,603,8.408,461.077,0.519,0.606
316,6,0,23.93,309.047,0.665,601,8.269,474.197,0.518,0.654
317,4,0,24.488,315.163,0.678,595,7.93,488.305,0.515,0.681
318,7,0,24.767,316.721,0.689,597,7.924,489.746,0.513,0.694
319,13,0,24.953,317.07,0.692,607,7.781,495.312,0.518,0.719
320,3,0,25.465,317.07,0.694,600,7.749,508.999,0.514,0.739
321,11,0,26.488,319.698,0.706,605,7.677,529.398,0.518,0.804
322,6,0,26.884,322.791,0.713,607,8.022,538.455,0.518,0.826
323,12,1,23.163,341.651,0.714,610,9.92,466.902,0.524,0.634
324,7,1,23.349,341.837,0.718,612,9.773,468.335,0.528,0.66
325,7,0,20.349,347.186,0.656,613,10.321,413.226,0.535,0.462
326,6,1,21.837,347.186,0.678,606,10.292,437.285,0.526,0.545
327,13,2,22.419,348.93,0.686,610,10.211,445.488,0.524,0.581
328,4,0,22.977,348.558,0.686,607,10.137,456.25,0.523,0.617
329,4,0,23.674,348.419,0.691,600,10.208,464.605,0.517,0.647
330,13,0,20.674,339.256,0.651,608,10.027,399.034,0.521,0.433
331,4,0,21.372,339.256,0.659,602,10.019,408.393,0.517,0.473
332,5,1,21.86,339.209,0.663,600,9.841,417.518,0.518,0.513
333,4,0,22.256,339.256,0.667,600,9.719,430.414,0.519,0.547
334,10,1,19.395,336.884,0.634,604,17.629,374.679,0.526,0.415
335,7,0,19.767,336.767,0.635,605,17.502,385.726,0.527,0.446
336,5,1,20.512,335.884,0.642,601,17.275,408.77,0.526,0.498
337,8,1,21.023,335.884,0.643,599,17.245,423.995,0.526,0.536
338,6,0,21.488,335.791,0.648,598,17.371,432.397,0.526,0.574
339,5,0,22.372,335.791,0.656,592,17.141,445.428,0.522,0.623
340,8,0,19.814,341.86,0.666,593,13.019,396.492,0.528,0.415
341,8,1,20.651,341.86,0.677,594,12.838,418.288,0.527,0.477
342,8,0,21.395,341.953,0.684,594,12.65,427.355,0.529,0.539
343,13,3,22.581,341.953,0.69,594,12.432,450.362,0.53,0.632
344,11,0,23.256,340.163,0.697,594,12.353,466.404,0.524,0.66
345,8,0,20.186,349.279,0.611,597,10.676,412.314,0.53,0.431
346,5,0,20.698,349.279,0.618,593,10.83,416.56,0.524,0.453
347,12,1,21.256,348.698,0.637,599,10.222,434.939,0.531,0.515
348,11,2,22.093,348.698,0.655,601,10.01,457.93,0.533,0.585
349,10,0,23.07,348.698,0.658,603,9.631,476.169,0.533,0.656
350,3,0,24.0,348.698,0.671,598,9.429,491.77,0.531,0.71
351,5,0,20.86,349.465,0.664,597,17.385,414.428,0.531,0.545
352,7,1,21.721,349.605,0.674,595,17.181,428.479,0.526,0.592
353,6,2,22.0,349.605,0.673,596,17.014,432.855,0.528,0.617
354,6,0,22.465,349.605,0.682,598,16.859,445.512,0.531,0.659
355,10,1,19.93,330.791,0.649,598,12.89,409.729,0.524,0.408
356,10,0,20.791,333.488,0.667,598,10.908,427.079,0.523,0.457
357,6,0,21.186,333.488,0.667,597,10.878,429.899,0.52,0.475
358,1,0,22.023,333.837,0.672,591,10.574,441.438,0.514,0.516
359,13,0,22.907,334.07,0.685,593,9.543,458.026,0.514,0.577
360,8,0,23.116,334.07,0.684,599,9.426,462.111,0.517,0.602
361,8,0,20.256,338.628,0.664,598,13.333,379.939,0.508,0.38
362,13,3,21.163,339.628,0.669,599,12.702,396.478,0.51,0.451
363,6,0,21.698,339.628,0.68,598,12.476,407.955,0.511,0.496
364,7,1,22.163,339.628,0.681,599,12.382,416.614,0.511,0.529
365,7,0,23.256,339.674,0.689,596,12.248,431.709,0.505,0.592
366,5,0,23.628,339.674,0.687,596,12.129,435.401,0.504,0.614
367,8,0,23.953,339.674,0.695,595,12.233,438.793,0.503,0.634
368,6,0,24.605,339.674,0.706,592,12.224,451.404,0.5,0.671
369,9,0,26.279,340.0,0.726,587,11.961,480.121,0.5,0.775
370,2,0,26.791,340.0,0.728,581,12.107,482.991,0.493,0.784
371,11,0,27.442,340.0,0.733,585,12.003,494.608,0.492,0.813
372,8,0,23.791,342.93,0.718,587,11.013,447.876,0.497,0.593
373,7,0,24.349,342.93,0.722,588,10.898,453.534,0.494,0.623
374,6,0,24.86,342.93,0.722,584,10.763,462.564,0.491,0.648
375,9,0,21.907,333.558,0.683,587,10.856,408.454,0.494,0.437
376,6,0,22.535,335.302,0.684,585,10.698,421.104,0.495,0.487
377,13,0,23.465,335.302,0.691,592,10.23,444.001,0.501,0.577
378,7,0,24.442,335.302,0.7,592,10.065,469.895,0.501,0.649
379,5,0,24.442,335.209,0.703,589,10.341,463.51,0.498,0.639
380,8,1,21.628,334.349,0.686,588,11.442,412.227,0.499,0.438
381,6,0,22.465,334.744,0.691,584,11.407,423.6,0.493,0.479
382,8,0,19.186,344.907,0.555,587,15.382,365.385,0.495,0.281
383,11,1,20.326,344.907,0.581,583,14.475,388.794,0.5,0.367
384,6,0,20.837,344.907,0.593,583,14.412,397.729,0.499,0.401
385,5,2,21.233,344.907,0.598,580,14.119,402.015,0.496,0.417
386,6,0,22.023,344.907,0.609,577,13.71,413.833,0.494,0.468
387,10,1,19.93,341.837,0.648,575,20.581,370.677,0.486,0.337
388,4,1,19.93,341.837,0.647,577,20.485,373.722,0.488,0.343
389,11,2,20.721,342.116,0.649,578,20.241,385.345,0.486,0.393
390,10,0,21.512,342.116,0.657,581,19.684,412.539,0.489,0.459
391,7,1,22.023,342.256,0.658,579,19.474,427.331,0.489,0.498
392,7,0,22.488,342.256,0.668,581,18.996,440.997,0.492,0.539
393,5,0,22.767,342.535,0.669,579,19.02,445.792,0.49,0.556
394,6,0,23.209,344.116,0.67,579,18.571,455.885,0.489,0.583
395,10,0,20.558,334.302,0.623,579,13.204,386.118,0.492,0.349
396,9,0,20.698,335.674,0.636,585,12.617,394.161,0.502,0.387
397,5,1,21.419,335.512,0.639,579,12.577,403.914,0.497,0.423
398,6,0,21.977,335.512,0.639,581,12.365,410.887,0.499,0.471
399,5,0,19.326,332.209,0.671,577,12.408,375.746,0.496,0.272
400,8,0,20.302,333.047,0.687,576,12.016,398.634,0.495,0.329
401,2,0,20.907,333.256,0.685,571,12.175,402.183,0.489,0.352
402,2,0,21.372,333.256,0.692,569,11.782,407.43,0.485,0.372
403,9,0,21.744,332.744,0.69,571,11.387,419.328,0.488,0.405
404,7,0,22.744,334.023,0.696,568,10.917,446.495,0.489,0.483
405,12,0,23.209,334.163,0.699,574,10.625,455.273,0.495,0.537
406,8,0,20.186,339.884,0.611,571,11.302,385.612,0.487,0.292
407,6,0,20.605,339.884,0.62,576,10.926,401.067,0.495,0.342
408,6,0,21.395,339.605,0.647,569,10.816,409.607,0.492,0.39
409,11,1,22.279,339.605,0.654,571,10.522,431.11,0.493,0.457
410,4,0,22.651,339.465,0.657,573,11.91,440.927,0.496,0.51
411,13,1,20.233,347.628,0.653,575,11.624,390.628,0.502,0.347
412,3,0,20.907,347.628,0.654,565,11.57,395.192,0.496,0.375
413,6,0,21.698,347.628,0.667,565,11.111,415.878,0.501,0.447
414,5,0,21.837,347.628,0.668,569,11.041,419.44,0.503,0.465
415,9,0,23.14,347.605,0.674,569,10.721,439.591,0.505,0.572
416,12,0,23.512,347.605,0.672,580,10.543,451.587,0.512,0.622
417,13,0,23.674,347.605,0.677,586,9.414,460.272,0.52,0.651
418,5,0,24.209,347.605,0.692,580,9.608,461.704,0.508,0.652
419,6,0,25.0,347.605,0.702,578,9.421,473.003,0.505,0.694
420,2,0,25.419,347.605,0.707,570,9.537,471.348,0.497,0.697
421,4,0,25.977,347.605,0.71,568,9.505,478.861,0.496,0.729
422,6,0,26.86,346.86,0.711,562,9.38,493.305,0.491,0.768
423,7,0,22.907,333.628,0.695,558,12.412,436.634,0.492,0.52
424,5,0,24.047,333.186,0.702,545,12.526,453.361,0.481,0.566
425,6,0,24.326,334.674,0.705,547,12.236,460.137,0.486,0.605
426,11,0,25.023,335.302,0.714,550,12.076,476.694,0.486,0.654
427,13,0,25.233,339.977,0.716,557,11.918,483.159,0.491,0.683
428,9,0,25.791,340.674,0.72,561,11.661,489.962,0.496,0.732
429,9,0,25.837,340.674,0.717,566,11.508,491.905,0.498,0.74
430,4,0,26.744,337.605,0.724,560,11.621,496.674,0.486,0.761
431,13,0,27.442,338.186,0.729,568,11.277,517.929,0.49,0.805
432,7,0,27.395,339.372,0.737,566,11.322,513.596,0.485,0.793
433,12,0,27.814,339.372,0.739,573,11.008,533.481,0.491,0.825
434,10,0,28.279,339.419,0.743,575,10.833,549.918,0.493,0.847
435,10,0,27.674,341.488,0.739,582,10.824,545.47,0.501,0.838
436,9,0,24.163,349.86,0.696,581,10.251,467.733,0.494,0.606
437,11,0,24.953,349.86,0.708,582,9.874,489.811,0.498,0.673
438,10,0,25.814,349.86,0.717,585,9.647,500.699,0.497,0.725
439,6,1,22.233,340.047,0.703,586,10.788,429.122,0.5,0.484
440,13,0,19.628,330.233,0.64,592,9.872,390.198,0.499,0.284
441,5,0,20.023,330.093,0.643,590,9.651,396.012,0.497,0.302
442,3,0,21.047,330.047,0.648,583,9.229,419.739,0.496,0.367
443,4,1,21.651,330.047,0.651,579,8.953,430.558,0.491,0.39
444,7,0,18.605,347.744,0.584,579,19.987,346.401,0.49,0.261
445,5,0,19.628,347.744,0.599,574,19.875,359.138,0.482,0.298
446,6,0,20.442,346.628,0.603,570,19.574,378.921,0.482,0.353
447,4,0,21.14,347.023,0.608,566,19.498,391.959,0.48,0.396
448,7,0,21.186,347.209,0.609,569,19.364,398.092,0.483,0.41
449,11,0,21.767,347.023,0.626,573,17.537,421.075,0.491,0.467
450,4,0,22.116,339.535,0.629,570,17.542,427.531,0.488,0.485
451,7,0,23.047,338.698,0.65,571,12.828,447.383,0.489,0.522
452,5,0,23.651,338.698,0.649,567,12.76,453.747,0.484,0.549
453,5,0,24.512,338.419,0.653,559,12.671,465.599,0.477,0.591
454,8,0,24.535,338.698,0.665,566,12.515,472.49,0.484,0.615
455,11,0,25.093,338.698,0.674,573,12.165,487.875,0.495,0.687
456,8,0,25.628,338.698,0.684,568,12.165,496.657,0.492,0.715
457,9,0,26.0,338.698,0.686,569,12.235,497.642,0.49,0.731
458,10,0,26.558,337.674,0.691,569,11.974,511.345,0.492,0.768
459,11,0,26.93,337.674,0.693,574,11.654,535.57,0.499,0.804
460,5,0,27.14,336.605,0.704,573,11.593,539.16,0.5,0.815
461,5,0,23.186,337.93,0.692,571,12.823,452.635,0.499,0.568
462,8,0,23.605,338.349,0.692,575,12.965,461.74,0.505,0.622
463,11,0,20.86,345.442,0.605,582,8.921,417.979,0.516,0.42
464,13,0,21.651,345.651,0.621,589,8.53,444.498,0.521,0.497
465,12,0,22.442,345.302,0.641,591,8.344,468.192,0.523,0.565
466,7,0,22.767,345.302,0.645,595,8.183,473.413,0.526,0.597
467,11,1,19.977,338.674,0.654,595,15.954,404.307,0.523,0.433
468,13,0,21.047,338.674,0.664,601,15.636,428.929,0.521,0.509
469,9,0,21.791,338.674,0.661,602,15.283,446.482,0.527,0.584
470,7,0,19.023,335.116,0.596,604,8.898,407.251,0.534,0.347
471,12,0,20.581,336.791,0.616,605,8.065,458.492,0.537,0.468
472,9,1,21.047,336.791,0.634,609,7.888,471.077,0.541,0.518
473,13,1,21.698,337.581,0.651,614,7.779,484.645,0.541,0.566
474,5,0,21.721,337.535,0.65,613,7.885,483.405,0.542,0.572
475,9,1,22.256,337.372,0.66,614,7.768,494.213,0.541,0.608
476,13,0,22.721,336.907,0.66,619,7.506,502.344,0.545,0.654
477,8,0,19.953,343.442,0.641,621,9.794,436.996,0.541,0.448
478,11,2,20.419,343.442,0.649,621,9.35,448.911,0.54,0.477
479,10,0,20.512,344.419,0.645,629,9.069,454.133,0.548,0.511
480,11,0,21.395,343.744,0.667,627,8.634,481.319,0.547,0.572
481,13,4,22.186,343.744,0.685,627,8.399,502.156,0.546,0.627
482,5,1,22.488,343.837,0.689,623,8.333,511.865,0.544,0.64
483,9,0,19.884,338.395,0.592,626,7.349,453.081,0.559,0.49
484,9,0,20.488,338.395,0.619,631,7.055,471.726,0.563,0.547
485,4,0,20.953,338.07,0.627,628,7.059,480.028,0.559,0.569
486,4,0,21.14,338.209,0.626,624,7.13,481.098,0.557,0.577
487,12,0,21.512,338.209,0.649,631,6.978,489.432,0.563,0.625
488,13,1,22.349,338.209,0.675,639,6.534,522.272,0.573,0.711
489,12,3,22.628,338.209,0.678,641,6.427,535.423,0.576,0.737
490,9,1,23.372,338.256,0.689,639,6.349,547.269,0.572,0.768
491,5,1,23.791,338.256,0.69,631,6.414,553.609,0.563,0.77
492,10,0,20.814,336.791,0.698,634,8.878,460.573,0.552,0.55
493,5,0,21.14,336.372,0.69,631,8.888,464.951,0.549,0.562
494,7,1,21.674,336.744,0.691,631,8.843,478.728,0.545,0.59
495,7,0,22.07,336.791,0.697,633,8.79,482.081,0.544,0.613
496,10,1,22.512,336.977,0.702,633,8.644,486.205,0.542,0.637
497,11,0,23.535,337.163,0.704,635,8.507,504.11,0.539,0.697
498,3,0,23.767,337.791,0.704,630,8.567,504.688,0.538,0.711
499,9,0,24.047,337.442,0.7,633,8.365,510.868,0.54,0.733
500,12,2,20.93,337.302,0.702,638,7.906,468.221,0.55,0.544
501,4,2,21.442,335.442,0.707,630,7.672,479.163,0.546,0.565
502,6,3,21.581,336.07,0.709,630,7.439,483.414,0.548,0.579
503,6,1,22.512,336.07,0.712,626,7.266,494.856,0.543,0.632
504,6,1,23.209,336.372,0.718,623,7.137,506.585,0.54,0.671
505,8,0,23.86,336.953,0.718,625,6.89,527.95,0.545,0.726
506,9,1,21.047,344.767,0.665,624,8.298,465.288,0.545,0.535
507,9,1,21.605,344.767,0.68,629,7.971,475.497,0.55,0.595
508,12,1,23.209,344.767,0.693,631,7.515,511.631,0.553,0.714
509,6,0,24.093,344.93,0.697,629,7.366,532.994,0.551,0.76
510,3,0,24.791,344.93,0.699,619,7.422,536.266,0.541,0.772
511,3,1,21.186,339.07,0.687,615,17.305,442.148,0.53,0.565
512,13,1,21.93,338.837,0.7,616,17.123,455.517,0.529,0.617
513,8,1,22.558,338.372,0.709,613,17.105,462.708,0.524,0.646
514,9,1,22.977,338.233,0.71,613,17.032,468.264,0.525,0.677
515,13,1,20.628,334.605,0.645,614,12.221,422.635,0.527,0.469
516,10,1,21.977,334.605,0.656,613,11.844,451.522,0.528,0.575
517,12,0,22.535,334.837,0.658,619,11.462,466.907,0.534,0.634
518,9,0,22.488,334.837,0.656,623,11.549,463.076,0.533,0.628
519,4,0,23.116,334.837,0.662,621,11.559,476.946,0.528,0.655
520,6,0,20.512,338.581,0.662,619,12.087,419.25,0.53,0.471
521,10,0,21.651,340.581,0.669,619,11.647,434.138,0.533,0.564
522,7,1,22.116,340.488,0.677,619,11.607,443.013,0.533,0.6
523,6,0,23.093,340.488,0.685,614,11.004,466.807,0.53,0.657
524,8,0,24.116,340.744,0.695,613,10.871,481.823,0.529,0.719
525,11,0,25.093,340.884,0.7,616,10.427,510.169,0.534,0.789
526,9,1,22.279,340.0,0.7,617,9.831,462.608,0.53,0.587
527,10,0,23.395,339.953,0.712,614,9.571,486.112,0.527,0.656
528,7,0,20.93,336.581,0.658,615,12.254,434.287,0.525,0.485
529,7,0,21.256,336.558,0.658,618,12.067,451.311,0.53,0.529
530,2,0,21.628,336.558,0.666,616,11.97,458.274,0.529,0.551
531,8,0,22.047,337.023,0.663,616,11.674,469.734,0.527,0.575
532,8,1,22.605,337.0,0.669,616,11.509,476.602,0.526,0.613
533,7,0,23.093,337.442,0.668,618,11.373,494.909,0.53,0.661
534,11,5,23.047,337.488,0.673,620,11.335,498.061,0.533,0.664
535,11,0,20.395,334.349,0.654,623,8.915,441.709,0.542,0.48
536,7,2,21.186,334.791,0.671,620,8.732,456.019,0.541,0.534
537,4,0,21.814,334.791,0.678,613,8.644,466.057,0.536,0.565
538,10,2,22.372,338.233,0.703,618,8.315,489.786,0.544,0.632
539,9,2,22.884,338.233,0.709,619,8.284,502.892,0.543,0.664
540,7,1,23.442,338.233,0.715,618,8.2,510.797,0.54,0.693
541,9,0,20.651,344.14,0.69,618,10.132,444.459,0.543,0.514
542,10,2,21.395,345.326,0.707,620,9.829,471.356,0.548,0.585
543,8,2,21.86,345.326,0.715,623,9.594,485.193,0.55,0.627
544,7,1,22.0,345.326,0.714,626,9.54,490.389,0.552,0.641
545,7,3,22.14,345.326,0.71,625,9.51,496.89,0.549,0.643
546,8,1,23.209,345.372,0.725,620,9.552,513.542,0.541,0.689
547,11,1,20.209,333.698,0.658,624,12.117,412.066,0.533,0.458
548,6,1,20.535,333.698,0.658,622,11.968,417.912,0.531,0.474
549,8,1,21.465,333.721,0.67,618,11.903,440.555,0.527,0.53
550,8,0,21.977,327.279,0.671,619,13.553,448.521,0.526,0.582
551,2,0,22.721,327.279,0.686,610,13.629,457.872,0.518,0.61
552,8,1,19.605,332.581,0.642,610,10.66,401.614,0.518,0.348
553,6,1,20.047,332.512,0.659,609,10.451,408.383,0.517,0.374
554,10,2,21.07,332.907,0.66,605,9.611,438.406,0.518,0.45
555,6,1,21.744,333.837,0.667,601,9.616,448.79,0.514,0.485
556,9,1,22.558,334.581,0.671,601,9.339,463.391,0.513,0.542
557,9,0,19.628,341.14,0.653,607,11.404,427.104,0.518,0.356
558,12,1,20.395,341.14,0.659,608,10.988,441.535,0.517,0.404
559,3,0,20.581,341.14,0.658,607,10.936,444.31,0.517,0.418
560,8,0,21.419,341.302,0.66,610,10.671,470.218,0.52,0.493
561,11,2,22.256,342.0,0.66,614,10.185,489.884,0.529,0.585
562,5,2,22.814,342.0,0.662,613,10.026,500.113,0.528,0.623
563,9,3,23.419,342.0,0.67,609,9.973,512.73,0.523,0.649
564,4,0,23.698,342.163,0.67,607,9.843,517.252,0.523,0.666
565,13,3,21.279,344.93,0.671,609,11.298,422.603,0.527,0.513
566,13,5,22.442,345.837,0.683,607,11.146,443.633,0.525,0.592
567,5,0,23.0,345.837,0.688,606,11.008,449.646,0.523,0.628
568,11,0,23.674,346.93,0.693,610,10.937,464.713,0.524,0.677
569,3,0,21.256,339.744,0.669,603,13.529,409.295,0.516,0.487
570,12,1,21.977,339.581,0.674,607,13.43,424.715,0.518,0.55
571,9,0,22.907,339.744,0.679,609,13.098,439.255,0.515,0.609
572,7,0,19.651,342.628,0.668,614,13.215,380.375,0.514,0.358
573,10,1,19.791,342.628,0.668,621,13.027,389.422,0.521,0.389
574,5,2,20.465,342.628,0.675,615,11.311,402.764,0.519,0.419
575,9,2,21.302,342.791,0.675,616,10.791,421.434,0.518,0.476
576,8,1,22.512,342.884,0.685,611,10.826,439.59,0.508,0.533
577,6,0,23.279,343.953,0.697,606,10.628,450.668,0.505,0.58
578,9,0,19.744,325.279,0.661,611,10.886,386.633,0.517,0.356
579,7,0,20.698,333.605,0.667,612,10.59,406.465,0.518,0.427
580,6,2,21.163,335.163,0.673,612,10.351,412.957,0.52,0.47
581,6,0,21.86,335.93,0.685,613,10.166,429.071,0.52,0.523
582,7,0,22.791,335.93,0.696,608,9.88,440.032,0.51,0.557
583,13,0,19.535,327.884,0.649,617,9.881,381.376,0.524,0.357
584,5,0,20.372,325.558,0.655,609,9.004,402.609,0.523,0.407
585,13,0,21.186,331.907,0.668,611,8.742,419.903,0.527,0.482
586,10,0,21.581,333.419,0.668,614,8.427,425.616,0.528,0.515
587,11,0,22.698,336.302,0.678,615,8.208,448.991,0.533,0.616
588,11,1,23.674,337.744,0.693,617,7.947,478.399,0.535,0.691
589,7,2,20.349,341.512,0.68,617,8.627,410.544,0.543,0.477
590,3,0,21.0,341.349,0.691,612,8.731,414.904,0.533,0.491
591,5,0,21.605,341.349,0.693,611,8.607,430.828,0.533,0.539
592,9,2,22.953,341.465,0.702,604,8.466,458.529,0.53,0.626
593,5,0,23.698,341.279,0.718,597,8.263,471.531,0.526,0.664
594,12,0,21.349,338.372,0.681,598,7.691,424.839,0.528,0.492
595,13,0,22.605,338.674,0.709,605,7.109,448.603,0.537,0.614
596,10,0,23.395,339.419,0.706,603,6.948,458.482,0.534,0.66
597,12,0,23.953,339.837,0.71,609,6.635,470.395,0.54,0.714
598,7,0,24.744,339.837,0.719,607,6.565,488.445,0.537,0.755
599,9,0,25.558,341.767,0.722,605,6.356,503.902,0.532,0.786
600,12,0,26.256,341.767,0.727,608,6.47,509.102,0.529,0.812
601,6,0,26.907,342.419,0.732,609,6.407,521.02,0.525,0.834
602,12,0,28.279,342.419,0.736,607,6.291,547.953,0.52,0.876
603,11,0,24.047,340.721,0.696,612,7.277,476.459,0.512,0.636
604,11,0,25.512,340.721,0.719,612,7.112,504.448,0.511,0.728
605,8,0,25.837,340.721,0.721,616,6.966,518.317,0.513,0.754
606,8,0,22.465,343.116,0.702,617,9.208,429.226,0.513,0.537
607,10,1,22.977,343.116,0.712,621,9.014,440.504,0.515,0.58
608,6,0,20.767,343.326,0.619,617,8.813,393.408,0.518,0.418
609,6,0,22.07,343.326,0.639,618,8.388,426.878,0.518,0.515
610,5,0,23.233,343.512,0.65,613,8.22,445.874,0.513,0.588
611,13,3,21.07,345.605,0.654,615,10.254,422.692,0.519,0.459
612,13,2,21.651,345.605,0.67,623,9.977,442.204,0.527,0.532
613,6,0,22.395,345.837,0.677,618,9.892,453.913,0.525,0.58
614,8,1,22.698,345.907,0.678,620,9.707,456.648,0.528,0.61
615,9,1,23.581,345.907,0.697,617,9.645,469.011,0.522,0.654
616,3,0,24.0,345.907,0.699,613,8.95,476.923,0.521,0.674
617,5,0,20.767,337.163,0.634,613,16.676,414.852,0.527,0.516
618,9,0,21.419,336.116,0.65,615,16.616,424.415,0.527,0.566
619,11,1,22.488,336.116,0.667,616,16.313,452.896,0.529,0.651
620,11,1,22.837,335.535,0.667,622,15.926,456.49,0.534,0.689
621,8,0,23.256,334.07,0.671,625,15.817,462.657,0.534,0.714
622,7,0,20.605,340.953,0.657,626,16.003,411.147,0.535,0.528
623,8,0,21.628,341.209,0.662,626,15.851,429.415,0.533,0.597
624,9,0,22.279,341.209,0.67,629,15.656,441.349,0.534,0.648
625,6,0,22.698,341.209,0.672,627,15.624,451.863,0.532,0.668
626,9,1,23.023,341.209,0.673,631,15.463,456.638,0.533,0.695
627,8,0,23.721,343.256,0.674,631,15.372,468.858,0.532,0.734
628,7,0,24.209,343.256,0.684,630,10.534,473.837,0.528,0.721
629,5,0,24.767,343.14,0.691,625,10.608,479.276,0.523,0.741
630,10,0,25.14,343.14,0.694,628,10.502,482.293,0.525,0.769
631,7,0,26.209,343.116,0.713,626,10.321,506.49,0.526,0.823
632,9,0,26.907,346.163,0.726,627,8.386,533.75,0.532,0.855
633,7,1,23.628,347.279,0.716,625,7.532,473.024,0.529,0.664
634,4,0,20.86,320.186,0.691,622,9.561,414.87,0.522,0.447
635,5,0,21.512,325.442,0.699,621,8.795,431.352,0.524,0.498
636,5,0,22.302,325.744,0.701,619,8.629,448.72,0.521,0.546
637,12,0,22.953,328.372,0.708,624,8.267,466.141,0.526,0.613
638,4,0,23.395,330.395,0.706,618,8.478,473.487,0.523,0.634
639,9,0,20.186,338.023,0.672,619,10.236,397.598,0.531,0.434
640,0,0,20.791,338.023,0.677,608,10.168,403.715,0.525,0.457
641,8,1,21.512,338.023,0.692,610,9.903,415.172,0.528,0.524
642,6,0,22.488,339.047,0.698,606,9.782,432.475,0.524,0.582
643,1,0,22.837,339.0,0.702,603,9.839,437.526,0.521,0.597
644,8,0,23.209,338.837,0.706,608,9.725,444.06,0.524,0.633
645,4,0,23.209,337.814,0.708,608,9.682,445.868,0.524,0.634
646,6,1,20.209,332.023,0.673,604,13.22,383.314,0.522,0.426
647,7,1,20.535,332.023,0.674,607,13.126,389.061,0.524,0.458
648,5,0,21.0,339.302,0.68,606,12.969,399.941,0.521,0.483
649,6,0,21.767,338.558,0.683,603,12.239,415.278,0.52,0.531
650,13,0,22.744,339.488,0.697,610,11.896,432.758,0.525,0.622
651,9,1,23.419,340.279,0.699,607,11.77,443.771,0.526,0.672
652,7,0,20.93,339.953,0.669,607,10.106,409.217,0.525,0.467
653,4,2,21.86,339.953,0.682,601,10.137,418.505,0.514,0.5
654,8,0,22.372,340.907,0.683,603,9.952,427.835,0.514,0.539
655,9,1,22.651,340.07,0.68,603,9.614,443.381,0.515,0.559
656,10,0,22.884,340.07,0.684,608,9.381,455.155,0.522,0.6
657,11,1,20.279,326.326,0.659,610,9.406,400.187,0.528,0.422
658,10,0,21.395,326.837,0.674,614,9.036,430.212,0.532,0.52
659,10,1,22.093,327.186,0.675,614,8.616,446.941,0.534,0.58
660,8,0,22.721,327.372,0.672,618,8.386,460.258,0.534,0.624
661,11,1,23.86,327.558,0.685,617,8.225,480.312,0.529,0.685
662,13,0,21.535,330.07,0.639,620,8.116,433.658,0.53,0.517
663,13,0,22.465,330.744,0.645,627,7.615,469.212,0.538,0.614
664,8,0,23.628,331.512,0.66,623,7.369,487.19,0.533,0.677
665,5,0,24.256,331.558,0.676,621,7.422,493.63,0.527,0.701
666,7,0,25.186,332.209,0.693,618,7.142,514.276,0.528,0.76
667,9,0,25.512,333.209,0.709,621,7.092,514.437,0.532,0.787
668,7,0,26.163,332.721,0.712,618,7.067,514.45,0.527,0.806
669,11,0,22.721,332.791,0.707,624,7.921,455.905,0.526,0.593
670,9,1,23.605,334.372,0.717,625,7.767,471.237,0.525,0.651
671,4,0,24.395,335.14,0.723,621,7.69,485.607,0.519,0.687
672,5,1,21.488,324.535,0.693,618,12.712,408.064,0.514,0.492
673,8,1,22.0,323.907,0.697,618,11.116,428.895,0.517,0.53
674,9,1,22.744,324.953,0.691,617,11.071,434.388,0.516,0.582
675,6,0,23.233,325.674,0.703,617,10.639,445.933,0.516,0.616
676,8,1,21.419,332.023,0.678,608,8.929,417.23,0.507,0.431
677,12,0,22.442,332.14,0.681,611,8.634,433.499,0.508,0.509
678,10,0,23.14,334.837,0.68,612,8.301,451.321,0.51,0.57
679,9,0,23.465,334.837,0.679,614,8.133,462.057,0.514,0.607
680,8,0,23.86,333.558,0.69,609,8.022,463.344,0.513,0.632
681,4,0,23.791,333.721,0.69,608,8.031,459.845,0.512,0.624
682,13,0,24.674,334.837,0.69,616,7.614,479.813,0.518,0.701
683,5,2,21.698,337.674,0.702,613,8.861,422.769,0.51,0.463
684,13,0,23.047,337.349,0.727,617,8.438,460.598,0.516,0.586
685,13,0,20.372,338.488,0.683,624,8.309,422.76,0.528,0.422
686,12,0,20.953,338.488,0.697,631,8.071,440.53,0.533,0.483
687,3,0,21.535,338.674,0.7,629,7.96,454.829,0.531,0.519
688,10,0,22.326,339.953,0.713,631,7.739,472.059,0.528,0.569
689,8,0,22.837,339.953,0.712,631,7.693,478.256,0.527,0.602
690,5,0,23.372,339.767,0.718,629,7.688,489.841,0.526,0.637
691,11,0,23.907,340.279,0.725,629,7.527,508.298,0.525,0.67
692,6,0,20.767,335.558,0.69,632,8.25,440.395,0.53,0.458
693,4,0,21.279,335.349,0.691,629,8.082,448.613,0.527,0.486
694,8,2,22.395,338.488,0.695,624,7.685,475.709,0.523,0.553
695,13,1,19.744,339.302,0.666,633,10.529,407.963,0.526,0.383
696,5,0,20.372,340.302,0.671,629,10.586,418.586,0.523,0.42
697,8,0,21.442,340.302,0.677,626,10.197,441.374,0.522,0.496
698,4,0,21.907,340.302,0.683,624,10.189,446.843,0.518,0.517
699,9,0,22.233,340.395,0.687,626,9.941,452.374,0.517,0.537
700,5,0,22.605,340.395,0.689,626,9.831,457.733,0.517,0.565
701,4,0,23.07,340.302,0.693,623,9.918,458.529,0.513,0.586
702,5,0,23.767,343.581,0.697,616,9.756,475.133,0.506,0.613
703,7,0,24.256,343.744,0.699,616,9.539,488.647,0.509,0.657
704,6,0,25.047,343.744,0.705,615,9.39,503.343,0.507,0.703
705,11,0,25.14,343.744,0.724,615,9.203,515.142,0.511,0.719
706,5,0,25.744,343.744,0.72,612,9.081,520.883,0.508,0.749
707,6,0,26.256,343.209,0.72,609,9.068,530.396,0.505,0.768
708,11,0,19.581,337.419,0.709,613,10.581,400.281,0.504,0.301
709,8,0,20.233,337.419,0.714,617,10.347,416.748,0.507,0.354
710,10,1,20.884,337.395,0.712,619,10.127,436.889,0.51,0.411
711,8,2,21.628,338.233,0.719,618,9.74,446.132,0.51,0.463
712,4,0,22.0,338.163,0.722,613,9.725,449.003,0.508,0.487
713,6,2,22.605,338.163,0.722,608,9.594,455.537,0.506,0.524
714,9,0,19.791,336.744,0.652,609,10.397,377.084,0.503,0.31
715,13,0,20.767,336.651,0.656,613,9.811,405.533,0.512,0.407
716,9,0,21.0,338.256,0.672,620,9.491,411.442,0.519,0.447
717,7,3,21.744,338.442,0.688,614,9.494,420.084,0.514,0.485
718,8,0,22.372,338.442,0.696,612,9.572,427.817,0.508,0.513
719,9,2,23.209,339.302,0.689,611,9.237,442.331,0.507,0.571
720,6,0,24.14,338.93,0.686,603,9.381,453.911,0.499,0.615
721,6,0,24.512,339.14,0.692,597,9.453,459.065,0.494,0.624
722,9,0,24.698,339.14,0.703,595,9.471,463.675,0.494,0.639
723,9,0,25.465,339.465,0.707,597,9.323,475.556,0.495,0.692
724,6,0,25.791,337.186,0.71,595,9.35,483.093,0.492,0.704
725,5,0,26.442,338.651,0.71,593,8.968,497.4,0.494,0.749
726,10,2,23.186,342.442,0.678,595,9.325,471.219,0.497,0.532
727,5,0,23.372,343.07,0.679,597,8.908,477.067,0.499,0.553
728,10,0,20.163,345.628,0.668,603,9.76,412.319,0.512,0.36
729,6,1,21.233,345.628,0.672,602,9.536,432.427,0.51,0.432
730,8,0,21.791,345.628,0.681,605,9.395,447.144,0.51,0.472
731,11,2,22.535,345.628,0.684,607,9.017,463.377,0.511,0.531
732,5,0,19.698,343.279,0.629,607,11.3,387.734,0.503,0.311
733,13,1,20.256,343.279,0.649,610,10.959,407.428,0.507,0.358
734,6,0,21.093,343.279,0.66,609,10.835,421.006,0.502,0.404
735,7,0,21.721,343.581,0.659,608,10.576,435.066,0.504,0.454
736,6,0,22.814,343.419,0.667,601,10.473,452.964,0.498,0.519
737,9,0,23.465,343.419,0.676,606,10.002,478.796,0.507,0.596
738,6,0,23.977,344.419,0.682,608,9.428,492.254,0.512,0.646
739,12,0,21.581,339.558,0.661,609,9.19,433.976,0.514,0.471
740,5,0,21.814,339.558,0.662,609,9.149,438.398,0.515,0.493
741,8,1,22.977,340.186,0.676,605,8.972,452.178,0.514,0.576
742,6,1,19.907,344.698,0.657,601,9.719,386.907,0.511,0.338
743,10,1,20.767,345.14,0.673,600,9.557,403.481,0.508,0.388
744,6,0,21.674,345.14,0.68,596,8.947,421.47,0.504,0.44
745,5,0,22.093,344.977,0.688,596,8.832,428.947,0.505,0.476
746,9,0,23.023,344.977,0.683,595,8.649,449.26,0.505,0.544
747,5,0,19.977,324.581,0.694,591,10.953,377.397,0.5,0.315
748,13,1,21.209,330.698,0.703,596,10.153,407.834,0.512,0.442
749,5,0,22.14,330.767,0.709,591,9.96,418.612,0.507,0.495
750,7,1,22.744,332.419,0.714,590,9.84,430.238,0.505,0.535
751,11,0,19.372,331.023,0.653,595,9.58,399.811,0.514,0.309
752,13,1,19.93,331.581,0.656,600,9.227,418.344,0.519,0.362
753,8,1,21.047,333.419,0.676,597,8.871,444.799,0.517,0.437
754,9,0,21.837,334.163,0.684,599,8.49,458.538,0.519,0.501
755,13,2,22.907,333.977,0.698,597,8.238,476.934,0.517,0.576
756,9,0,23.605,337.302,0.695,595,8.076,495.291,0.517,0.626
757,9,0,20.86,343.395,0.633,592,11.451,423.895,0.518,0.448
758,5,0,21.605,343.419,0.637,587,11.197,438.084,0.511,0.479
759,8,0,22.581,343.419,0.655,585,10.924,456.011,0.51,0.546
760,8,0,22.86,343.419,0.653,586,10.841,462.721,0.509,0.563
761,9,0,20.605,347.581,0.658,588,10.456,415.956,0.51,0.392
762,13,0,21.674,347.581,0.684,595,9.917,440.376,0.515,0.489
763,13,1,22.744,347.581,0.699,597,9.212,460.981,0.518,0.576
764,5,0,23.953,347.581,0.711,593,8.855,481.066,0.512,0.64
765,9,0,24.326,347.86,0.71,594,8.728,491.803,0.515,0.675
766,9,0,21.907,346.86,0.695,594,9.682,428.491,0.512,0.492
767,10,1,22.558,347.558,0.701,595,9.654,442.269,0.512,0.541
768,4,0,22.86,347.558,0.703,593,9.617,445.672,0.51,0.559
769,7,0,23.0,347.558,0.703,597,9.537,452.869,0.513,0.581
770,9,0,19.465,335.326,0.658,599,10.967,402.852,0.526,0.367
771,11,0,20.395,334.721,0.666,604,10.238,421.563,0.53,0.447
772,6,0,20.721,334.721,0.676,606,10.15,425.888,0.531,0.474
773,8,0,21.744,334.721,0.686,605,9.831,440.914,0.531,0.551
774,5,0,22.116,334.744,0.688,606,9.625,449.273,0.532,0.582
775,9,0,22.651,335.86,0.689,604,9.061,460.598,0.527,0.6
776,8,1,19.512,332.791,0.667,608,10.007,381.733,0.526,0.362
777,13,2,20.116,334.326,0.668,613,9.674,400.309,0.528,0.411
778,9,3,20.349,334.884,0.67,615,9.566,407.754,0.528,0.431
779,4,0,20.581,334.767,0.673,616,9.499,414.215,0.53,0.454
780,8,1,21.791,335.395,0.683,612,9.333,432.884,0.525,0.529
781,6,0,22.256,335.395,0.698,613,9.275,443.42,0.526,0.566
782,11,0,22.93,338.047,0.703,616,9.141,456.138,0.526,0.616
783,7,0,20.07,325.465,0.664,614,11.294,406.456,0.53,0.429
784,8,0,20.93,332.209,0.676,616,10.957,428.215,0.536,0.514
785,12,1,21.256,333.349,0.678,625,10.524,440.184,0.542,0.56
786,13,2,22.209,335.116,0.682,628,10.41,456.648,0.542,0.631
787,5,1,23.047,335.163,0.688,624,10.336,473.761,0.537,0.671
788,13,0,24.442,335.581,0.689,615,9.876,500.301,0.53,0.738
789,8,0,21.256,343.512,0.673,615,9.253,415.055,0.534,0.518
790,10,1,22.326,343.512,0.674,613,8.844,439.591,0.535,0.602
791,10,2,23.07,343.512,0.678,612,8.743,452.373,0.534,0.651
792,7,0,24.372,343.512,0.693,606,8.643,474.655,0.531,0.728
793,4,0,21.419,336.256,0.689,601,9.839,429.685,0.526,0.508
794,8,0,22.023,336.256,0.7,601,9.74,442.05,0.524,0.547
795,12,3,22.674,336.302,0.703,606,9.293,457.817,0.53,0.615
796,9,4,23.186,336.721,0.7,604,8.851,465.9,0.527,0.636
797,8,0,20.279,340.512,0.668,605,10.757,416.739,0.524,0.418
798,9,1,20.744,340.512,0.67,605,10.765,428.271,0.523,0.453
799,8,0,21.814,341.512,0.68,605,10.047,444.086,0.52,0.518
800,8,0,22.465,342.605,0.695,608,9.849,457.457,0.522,0.574
801,8,1,22.698,343.581,0.709,611,9.649,465.452,0.524,0.595
802,8,0,22.791,343.581,0.709,613,9.429,470.197,0.527,0.614
803,3,0,23.209,343.581,0.715,608,9.502,480.067,0.525,0.637
804,9,0,19.977,321.744,0.674,611,9.579,394.416,0.529,0.404
805,10,0,21.233,323.395,0.689,610,9.312,420.353,0.527,0.493
806,10,1,22.209,325.791,0.703,612,9.041,453.032,0.532,0.583
807,6,1,22.814,328.395,0.707,607,8.994,464.771,0.528,0.614
808,6,1,23.651,328.07,0.719,606,8.812,478.599,0.525,0.664
809,7,0,24.558,328.814,0.724,604,8.688,486.763,0.518,0.702
810,7,0,24.86,331.209,0.728,602,8.685,486.515,0.514,0.709
811,12,1,21.558,340.372,0.645,605,11.052,412.187,0.519,0.503
812,7,0,22.07,341.395,0.641,606,10.672,427.464,0.524,0.557
813,8,0,22.349,341.395,0.652,607,10.515,435.914,0.525,0.58
814,10,1,23.0,341.395,0.668,610,10.281,450.723,0.526,0.631
815,13,2,24.233,341.395,0.676,609,10.111,469.604,0.523,0.706
816,7,0,25.023,341.395,0.692,606,9.841,488.5,0.523,0.752
817,7,0,25.674,341.581,0.695,607,9.769,503.894,0.524,0.791
818,5,0,26.186,341.581,0.698,609,9.666,513.908,0.525,0.817
819,8,0,22.907,345.209,0.692,607,10.533,437.908,0.528,0.634
820,8,1,23.651,345.209,0.705,606,10.576,449.116,0.524,0.672
821,12,0,20.395,332.791,0.637,617,10.401,386.81,0.53,0.446
822,6,0,20.814,333.279,0.644,618,10.351,399.577,0.531,0.483
823,8,0,21.512,333.047,0.648,616,10.142,415.355,0.529,0.53
824,10,0,22.721,333.047,0.685,618,9.581,448.085,0.532,0.625
825,6,0,23.116,333.047,0.696,619,9.438,461.174,0.535,0.662
826,7,0,24.209,333.047,0.7,616,9.193,489.928,0.536,0.737
827,6,1,21.186,336.651,0.702,615,8.61,409.289,0.539,0.527
828,5,1,22.302,336.651,0.714,608,8.493,431.771,0.53,0.579
829,9,1,22.86,337.395,0.711,611,8.403,442.482,0.533,0.631
830,11,2,23.442,339.721,0.706,608,8.251,453.555,0.533,0.669
831,9,2,20.0,335.628,0.672,611,11.274,397.517,0.534,0.437
832,6,0,20.977,336.0,0.676,611,10.812,426.8,0.537,0.52
833,10,0,21.651,336.0,0.68,614,10.44,442.734,0.538,0.574
834,10,0,22.349,336.0,0.686,618,9.945,469.836,0.541,0.634
835,10,0,22.86,336.605,0.694,622,9.618,485.439,0.546,0.683
836,9,1,23.326,336.884,0.692,624,9.401,494.639,0.551,0.726
837,6,0,23.628,338.558,0.696,623,9.551,500.27,0.549,0.74
838,5,0,23.349,338.605,0.697,624,9.536,495.946,0.551,0.728
839,11,0,20.512,329.698,0.69,629,8.715,438.159,0.551,0.52
840,9,0,21.349,329.837,0.695,630,8.571,452.704,0.547,0.569
841,9,0,22.0,329.837,0.7,628,8.335,467.638,0.553,0.636
842,8,1,22.721,330.744,0.707,626,8.055,480.076,0.55,0.674
843,8,0,23.605,335.419,0.727,626,7.785,503.608,0.554,0.743
844,6,2,24.442,335.419,0.731,623,7.798,517.157,0.55,0.779
845,8,0,24.907,335.023,0.734,623,7.781,515.4,0.546,0.793
846,8,1,22.465,339.884,0.677,617,7.413,453.492,0.539,0.615
847,7,1,22.837,339.884,0.684,617,7.391,460.724,0.537,0.635
848,11,1,23.628,336.744,0.698,614,7.432,470.317,0.533,0.676
849,5,0,24.233,336.744,0.704,613,7.428,477.081,0.529,0.705
850,4,0,24.698,336.744,0.705,609,7.496,485.093,0.525,0.723
851,13,0,25.442,336.744,0.705,612,7.319,503.805,0.528,0.775
852,4,0,22.209,336.163,0.711,612,8.551,426.186,0.527,0.562
853,7,1,22.628,336.767,0.717,609,8.515,432.35,0.526,0.588
854,5,0,19.837,316.977,0.662,604,9.485,404.474,0.528,0.392
855,10,0,20.674,319.233,0.676,606,9.052,427.756,0.532,0.463
856,12,0,21.465,323.791,0.684,613,8.704,452.174,0.537,0.541
857,13,1,22.628,326.279,0.694,614,8.179,475.36,0.532,0.608
858,10,0,23.674,329.442,0.704,616,7.623,497.438,0.533,0.682
859,6,0,24.884,329.907,0.706,611,7.482,524.058,0.529,0.746
860,8,0,22.07,331.209,0.672,612,8.693,447.782,0.527,0.551
861,5,1,22.302,331.209,0.675,612,8.703,449.255,0.524,0.559
862,13,0,23.349,335.0,0.685,618,7.832,478.364,0.527,0.642
863,6,0,24.116,335.14,0.687,621,7.668,496.657,0.529,0.699
864,6,0,24.512,336.767,0.692,623,7.419,506.622,0.533,0.734
865,11,0,21.535,333.0,0.699,625,9.321,426.89,0.529,0.523
866,9,0,22.651,334.488,0.703,625,8.997,450.774,0.531,0.611
867,3,0,23.302,334.535,0.711,616,9.068,451.843,0.52,0.624
868,11,0,24.0,337.233,0.712,620,8.943,465.527,0.523,0.682
869,13,1,21.442,343.767,0.659,624,9.573,420.693,0.529,0.52
870,7,0,22.326,343.767,0.681,626,8.629,440.644,0.53,0.584
871,7,1,22.791,343.767,0.683,627,8.394,449.978,0.53,0.614
872,9,0,23.326,343.744,0.686,628,8.293,457.422,0.531,0.656
873,5,0,20.279,321.047,0.657,627,8.202,399.546,0.54,0.457
874,12,0,21.395,325.907,0.672,632,7.854,424.944,0.547,0.566
875,9,0,22.651,329.093,0.684,632,7.554,452.331,0.551,0.669
876,6,0,23.186,331.535,0.675,632,7.526,463.739,0.55,0.703
877,8,0,20.442,314.047,0.626,632,8.822,389.453,0.549,0.507
878,13,0,21.512,319.93,0.663,639,8.11,414.953,0.555,0.608
879,7,0,22.186,322.767,0.677,641,7.923,426.158,0.555,0.654
880,5,0,22.581,322.047,0.67,639,7.824,432.893,0.552,0.669
881,8,0,23.837,325.535,0.697,636,7.705,457.186,0.553,0.754
882,8,0,25.14,329.767,0.716,632,7.297,485.654,0.55,0.812
883,8,0,25.721,332.0,0.722,632,7.17,500.506,0.552,0.842
884,7,2,22.605,345.14,0.71,630,8.266,459.978,0.55,0.669
885,8,0,23.953,345.14,0.723,626,8.186,492.171,0.544,0.738
886,13,1,20.698,334.907,0.67,631,9.209,418.197,0.544,0.513
887,6,1,21.349,334.419,0.674,631,8.368,429.524,0.543,0.554
888,7,0,22.233,334.419,0.689,628,8.236,444.882,0.538,0.601
889,7,3,22.651,340.512,0.692,628,8.086,456.046,0.54,0.636
890,10,1,23.209,341.907,0.702,627,8.078,462.623,0.538,0.67
891,11,1,24.0,341.907,0.721,628,7.949,473.718,0.538,0.72
892,13,2,21.605,335.628,0.714,629,9.292,427.636,0.531,0.535
893,8,0,22.209,333.302,0.706,627,9.881,438.114,0.528,0.575
894,7,0,22.86,333.395,0.712,623,9.728,449.815,0.526,0.617
895,6,1,23.465,333.395,0.714,620,9.64,463.469,0.525,0.655
896,6,1,20.279,333.395,0.691,620,9.269,367.167,0.531,0.432
897,3,1,20.86,333.395,0.696,617,9.13,376.683,0.53,0.471
898,13,0,21.349,333.395,0.692,626,8.963,390.288,0.534,0.524
899,10,0,22.279,336.233,0.701,629,8.488,418.984,0.534,0.591
900,8,1,22.977,336.233,0.707,628,8.345,431.782,0.529,0.623
901,10,0,20.395,302.767,0.625,630,10.858,384.225,0.531,0.453
902,6,0,20.814,303.0,0.638,631,10.675,397.35,0.533,0.492
903,4,0,21.93,306.419,0.67,623,10.497,412.245,0.527,0.556
904,11,0,22.953,307.395,0.686,624,10.414,432.889,0.531,0.645
905,5,1,23.884,307.395,0.693,618,10.392,449.049,0.525,0.69
906,6,0,24.256,307.628,0.695,618,10.296,455.28,0.525,0.714
907,10,0,24.488,307.953,0.698,623,10.247,458.437,0.526,0.731
908,5,0,25.047,311.326,0.705,620,10.199,466.223,0.524,0.758
909,8,0,21.698,343.093,0.681,624,10.044,422.975,0.529,0.542
910,12,1,22.442,343.116,0.689,627,9.805,440.921,0.528,0.592
911,5,0,22.953,343.116,0.697,623,9.729,447.243,0.522,0.609
912,9,0,23.558,343.116,0.696,625,9.536,463.931,0.526,0.664
913,10,0,24.209,343.116,0.71,626,9.468,483.513,0.525,0.704
914,11,0,24.581,343.116,0.71,633,8.593,495.249,0.531,0.741
915,12,0,25.256,343.116,0.721,638,8.333,512.91,0.533,0.782
916,7,1,21.372,345.721,0.681,639,10.688,423.193,0.531,0.529
917,5,1,22.093,345.884,0.685,632,9.836,435.121,0.525,0.556
918,8,0,23.07,345.884,0.691,631,9.727,452.76,0.52,0.611
919,8,0,23.767,345.884,0.707,628,9.716,462.627,0.514,0.642
920,5,0,24.419,345.884,0.715,623,9.487,476.73,0.515,0.689
921,9,0,24.651,345.535,0.72,626,9.294,487.044,0.521,0.72
922,13,0,22.023,341.163,0.692,628,8.707,418.996,0.532,0.567
923,10,0,22.884,341.163,0.697,631,8.404,441.45,0.535,0.64
924,4,1,23.628,341.163,0.705,628,8.399,453.204,0.528,0.669
925,10,0,20.326,336.0,0.669,632,10.847,389.658,0.526,0.432
926,9,1,20.93,336.0,0.681,633,10.756,399.958,0.525,0.472
927,7,2,21.628,336.0,0.688,628,10.888,409.529,0.522,0.517
928,7,1,22.116,336.0,0.694,626,10.721,422.44,0.523,0.556
929,8,0,22.302,336.0,0.696,628,10.616,421.31,0.522,0.566
930,5,1,22.302,336.0,0.695,630,10.598,423.158,0.523,0.57
931,11,0,22.86,336.093,0.697,637,10.411,437.945,0.53,0.635
932,11,1,24.256,336.14,0.707,635,10.348,454.472,0.525,0.715
933,4,0,24.698,336.163,0.717,630,10.334,454.824,0.52,0.727
934,12,2,21.535,339.186,0.663,627,9.066,416.044,0.52,0.487
935,5,0,22.419,339.186,0.677,623,8.88,431.989,0.517,0.543
936,7,0,23.535,339.186,0.688,620,8.683,452.594,0.519,0.632
937,8,0,20.907,341.07,0.677,618,10.362,391.921,0.511,0.417
938,4,0,20.907,341.07,0.677,616,10.393,389.594,0.509,0.412
939,10,1,21.419,341.14,0.677,620,10.136,399.762,0.512,0.46
940,10,1,21.791,341.14,0.688,626,10.017,411.881,0.517,0.503
941,10,1,22.023,341.14,0.687,631,9.892,416.326,0.519,0.529
942,4,0,22.721,344.07,0.691,626,9.731,432.805,0.519,0.58
943,6,0,19.442,333.209,0.629,624,11.552,372.773,0.522,0.356
944,9,2,20.651,333.209,0.637,625,11.133,403.41,0.528,0.465
945,10,0,21.721,338.256,0.642,624,10.898,422.158,0.531,0.557
946,10,2,22.884,338.419,0.662,623,10.571,436.08,0.533,0.65
947,5,0,23.302,338.419,0.668,620,10.771,442.46,0.529,0.667
948,10,0,23.628,338.535,0.673,626,10.621,457.467,0.534,0.703
949,11,0,21.07,338.302,0.682,630,9.624,427.382,0.532,0.499
950,8,0,21.674,339.674,0.676,629,9.51,443.035,0.531,0.541
951,10,4,22.512,341.279,0.681,629,9.259,453.053,0.528,0.594
952,13,1,23.07,341.279,0.677,633,9.058,471.741,0.533,0.652
953,10,1,23.233,341.186,0.677,628,9.086,470.9,0.53,0.652
954,3,0,23.884,341.186,0.677,622,9.167,477.817,0.523,0.675
955,6,0,20.767,332.86,0.666,617,11.159,414.45,0.525,0.462
956,5,1,20.86,332.86,0.669,618,10.704,418.101,0.525,0.468
957,12,1,21.419,333.349,0.673,626,10.32,436.57,0.533,0.536
958,5,0,21.837,333.07,0.673,626,9.719,445.815,0.533,0.566
959,9,0,22.581,332.837,0.693,630,9.136,465.758,0.539,0.638
960,7,1,23.558,333.558,0.698,628,8.957,490.216,0.541,0.708
961,7,2,20.837,337.721,0.706,620,12.202,416.73,0.528,0.49
962,2,0,21.256,337.721,0.711,620,12.043,423.143,0.529,0.523
963,13,0,22.372,337.698,0.714,622,11.735,453.377,0.533,0.62
964,5,1,23.186,338.814,0.719,616,11.781,464.479,0.524,0.65
965,6,0,23.605,338.814,0.72,614,11.754,468.725,0.522,0.672
966,5,0,24.116,338.814,0.718,613,11.706,483.318,0.524,0.71
967,7,0,20.791,339.907,0.665,614,10.945,410.033,0.522,0.451
968,12,0,20.698,339.233,0.658,625,10.993,408.681,0.525,0.458
969,8,1,21.14,338.465,0.661,623,11.038,420.101,0.522,0.479
970,6,0,21.767,337.512,0.675,621,10.997,432.746,0.518,0.513
971,7,0,22.163,340.721,0.687,621,10.132,445.058,0.523,0.558
972,9,4,22.628,340.721,0.709,622,9.999,452.287,0.525,0.597
973,5,0,23.0,340.721,0.706,619,9.743,467.231,0.525,0.623
974,6,0,20.047,334.047,0.616,622,15.415,385.729,0.534,0.475
975,8,1,20.93,334.349,0.631,620,15.321,395.709,0.526,0.515
976,9,1,21.442,336.907,0.646,622,15.069,409.892,0.532,0.573
977,9,0,22.442,337.512,0.67,620,14.851,428.875,0.531,0.644
978,6,0,22.86,337.512,0.671,621,14.808,441.279,0.532,0.676
979,7,1,23.326,337.512,0.679,619,14.648,456.365,0.532,0.704
980,9,0,20.581,311.558,0.661,623,9.971,401.955,0.535,0.478
981,5,0,21.744,316.86,0.675,618,9.846,426.929,0.531,0.55
982,6,2,22.698,320.256,0.69,613,9.562,446.263,0.53,0.616
983,9,0,23.488,321.698,0.708,612,9.349,465.756,0.533,0.681
984,10,0,24.023,324.419,0.705,619,9.034,480.376,0.54,0.735
985,6,1,24.535,328.326,0.708,620,8.888,498.564,0.544,0.775
986,7,1,21.186,321.395,0.668,618,10.132,434.118,0.547,0.569
987,6,1,21.512,322.907,0.685,619,10.063,441.905,0.545,0.584
988,6,0,22.279,327.442,0.701,615,9.795,460.787,0.542,0.631
989,10,0,22.977,327.93,0.703,614,10.508,472.178,0.539,0.675
990,6,0,23.628,327.977,0.699,615,10.4,482.229,0.539,0.717
991,5,0,24.698,328.86,0.704,611,10.305,508.175,0.536,0.771
992,7,1,22.07,334.512,0.696,604,8.252,448.562,0.535,0.577
993,10,2,23.047,335.791,0.7,601,8.181,471.114,0.53,0.632
994,8,1,23.419,336.163,0.701,602,7.943,481.589,0.532,0.664
995,7,1,24.116,339.884,0.708,599,7.855,492.272,0.531,0.706
996,11,2,20.837,345.721,0.674,602,9.245,429.943,0.524,0.449
997,13,0,21.837,345.721,0.688,608,8.758,455.501,0.526,0.532
998,6,0,22.535,345.767,0.686,608,8.413,475.227,0.529,0.591
999,11,1,23.279,345.767,0.689,607,7.996,481.769,0.525,0.632
1000,0,0,23.791,345.767,0.693,600,8.053,488.781,0.519,0.648
