1,10,0,0.302,2.093,0.0,10,345.752,0.0,0.007,0.041
2,3,0,0.465,2.535,0.0,13,344.4,0.197,0.009,0.043
3,3,0,0.605,3.651,0.001,16,327.567,0.317,0.011,0.027
4,3,0,0.744,5.512,0.003,19,313.23,0.677,0.014,0.019
5,4,0,0.907,6.674,0.004,23,298.499,1.043,0.016,0.012
6,7,0,1.233,9.628,0.007,29,268.406,2.147,0.022,0.006
7,5,0,1.465,13.977,0.015,34,249.601,3.526,0.027,0.004
8,5,0,1.791,16.163,0.018,38,231.462,4.771,0.03,0.002
9,5,0,1.977,20.047,0.025,42,221.702,5.894,0.035,0.002
10,3,0,2.07,21.14,0.026,45,218.843,6.388,0.037,0.002
11,6,0,2.116,22.0,0.026,51,216.412,6.996,0.039,0.002
12,9,0,2.256,23.419,0.024,59,211.361,9.334,0.046,0.002
13,4,0,2.535,26.535,0.029,63,205.866,11.216,0.051,0.002
14,4,0,2.488,26.535,0.027,67,206.39,11.123,0.052,0.002
15,3,0,2.535,27.07,0.025,70,204.638,12.125,0.056,0.002
16,8,0,2.674,29.953,0.029,77,196.513,13.944,0.06,0.001
17,4,0,2.86,32.116,0.032,81,187.91,15.99,0.064,0.001
18,4,0,2.86,32.628,0.03,85,187.198,16.457,0.067,0.001
19,7,0,2.93,35.256,0.035,91,185.34,18.667,0.071,0.001
20,8,0,2.93,36.86,0.035,98,184.202,19.342,0.075,0.001
21,3,0,3.116,38.233,0.04,98,180.9,20.591,0.075,0.001
22,3,0,3.186,39.326,0.044,98,178.645,21.14,0.074,0.001
23,3,0,3.279,41.326,0.047,101,177.833,22.999,0.077,0.001
24,3,0,3.279,41.326,0.045,104,177.899,23.432,0.079,0.001
25,5,0,3.419,44.163,0.049,108,174.524,24.714,0.084,0.001
26,6,0,3.326,43.953,0.047,113,173.2,25.46,0.086,0.001
27,8,0,3.651,47.372,0.052,119,169.491,29.444,0.092,0.001
28,6,0,3.767,49.628,0.054,125,168.662,31.124,0.096,0.001
29,3,0,3.907,49.884,0.055,127,168.077,33.647,0.097,0.001
30,3,0,4.047,50.605,0.055,130,166.845,35.368,0.099,0.001
31,5,0,4.186,51.605,0.061,130,166.071,35.011,0.096,0.001
32,8,0,4.442,53.488,0.063,137,163.929,39.343,0.1,0.002
33,3,0,4.535,55.953,0.069,139,162.742,41.42,0.103,0.002
34,4,0,4.628,56.302,0.068,143,161.925,43.979,0.105,0.002
35,6,0,4.86,57.233,0.067,148,162.556,47.44,0.109,0.002
36,3,0,4.907,58.256,0.069,151,161.843,49.4,0.111,0.002
37,9,0,5.372,62.047,0.078,157,155.944,56.567,0.115,0.002
38,0,0,5.209,61.279,0.079,154,158.297,53.239,0.112,0.002
39,6,0,5.512,62.767,0.082,157,156.139,56.093,0.114,0.002
40,2,0,5.512,62.767,0.081,159,156.055,56.188,0.115,0.002
41,2,0,5.651,62.767,0.081,161,155.429,57.261,0.115,0.002
42,3,0,5.558,62.209,0.081,162,161.463,54.914,0.113,0.002
43,7,0,5.837,63.791,0.084,168,159.88,58.969,0.116,0.003
44,7,0,5.977,64.953,0.085,173,158.984,62.133,0.119,0.003
45,4,0,6.256,65.884,0.09,175,158.157,63.412,0.118,0.003
46,8,0,6.256,68.209,0.094,180,157.024,65.495,0.12,0.003
47,3,0,6.628,69.186,0.096,179,156.096,71.037,0.122,0.003
48,10,0,7.209,77.163,0.113,187,148.374,81.0,0.131,0.003
49,8,0,7.256,80.302,0.12,192,146.315,84.446,0.135,0.003
50,2,0,7.442,77.698,0.116,190,148.028,83.7,0.132,0.004
51,7,0,7.419,77.698,0.113,196,147.973,86.763,0.135,0.004
52,4,0,7.651,77.837,0.115,198,147.598,87.85,0.134,0.004
53,6,0,7.698,77.837,0.112,202,147.369,91.483,0.136,0.004
54,2,0,7.884,78.116,0.112,203,146.963,94.207,0.137,0.004
55,5,0,7.977,79.07,0.115,204,146.658,96.298,0.138,0.005
56,6,0,8.116,80.14,0.115,209,146.101,100.282,0.141,0.005
57,5,0,8.256,80.395,0.113,212,145.629,105.086,0.144,0.005
58,5,0,8.302,80.395,0.111,215,145.523,106.668,0.146,0.005
59,7,0,8.512,82.186,0.115,218,144.871,111.578,0.149,0.006
60,8,0,8.837,87.047,0.126,224,141.934,118.096,0.153,0.006
61,1,0,8.698,87.512,0.13,221,142.438,114.887,0.151,0.006
62,6,0,8.605,87.512,0.127,225,141.502,116.67,0.154,0.006
63,6,0,8.605,88.07,0.127,228,141.255,117.373,0.155,0.006
64,5,0,8.837,88.698,0.127,231,141.207,124.226,0.159,0.007
65,3,0,9.047,88.791,0.128,230,141.137,125.889,0.158,0.007
66,7,0,9.0,88.442,0.126,235,141.138,126.337,0.16,0.007
67,3,0,9.233,88.442,0.128,235,140.636,128.603,0.158,0.007
68,6,0,9.419,89.395,0.13,238,140.388,132.247,0.16,0.008
69,6,0,9.558,92.698,0.135,242,139.889,137.463,0.166,0.009
70,5,0,10.07,94.372,0.14,244,139.265,144.569,0.168,0.011
71,8,0,10.116,95.093,0.137,252,138.832,151.627,0.173,0.011
72,8,0,10.023,98.14,0.148,257,138.731,154.175,0.176,0.012
73,5,0,10.256,99.093,0.153,257,137.674,159.469,0.175,0.012
74,6,0,10.488,100.605,0.159,258,137.407,164.339,0.175,0.013
75,7,0,11.0,101.605,0.16,262,136.775,174.553,0.178,0.015
76,5,0,11.047,101.698,0.16,264,136.699,178.71,0.179,0.015
77,5,0,11.209,101.791,0.16,266,136.572,181.117,0.179,0.016
78,5,0,11.605,101.605,0.16,268,136.3,186.07,0.178,0.018
79,3,0,11.698,101.605,0.159,268,136.226,188.109,0.179,0.019
80,3,0,11.512,101.605,0.157,271,136.282,185.239,0.18,0.018
81,2,0,11.814,101.628,0.163,269,136.399,184.375,0.175,0.018
82,3,0,11.884,101.907,0.165,269,136.423,187.165,0.174,0.019
83,8,0,12.023,102.093,0.163,275,136.21,195.134,0.177,0.02
84,2,0,11.977,102.767,0.164,275,136.175,194.436,0.178,0.02
85,6,0,11.93,104.302,0.165,279,135.619,199.54,0.183,0.021
86,5,0,11.837,104.721,0.164,282,135.288,205.063,0.186,0.021
87,5,0,11.86,106.093,0.169,281,135.342,207.952,0.187,0.021
88,4,0,11.86,106.837,0.167,284,135.188,209.966,0.191,0.022
89,9,0,11.651,109.674,0.173,291,135.155,211.464,0.196,0.023
90,5,0,11.837,109.884,0.175,292,135.258,213.192,0.195,0.024
91,3,0,12.07,110.488,0.181,290,135.165,215.372,0.193,0.025
92,5,0,12.023,110.884,0.18,290,135.321,216.167,0.195,0.025
93,5,0,11.93,111.186,0.181,288,135.153,215.231,0.196,0.025
94,5,0,12.116,113.186,0.185,290,134.721,218.169,0.199,0.027
95,5,0,12.535,114.698,0.191,292,134.269,226.754,0.2,0.031
96,1,0,12.535,114.698,0.193,289,134.371,227.293,0.198,0.03
97,5,0,12.767,116.628,0.203,291,134.25,232.041,0.199,0.032
98,3,0,12.907,118.581,0.21,290,134.135,233.77,0.2,0.034
99,5,0,12.953,118.581,0.209,292,134.24,234.649,0.2,0.035
100,5,0,13.047,120.837,0.214,295,133.863,241.553,0.205,0.038
101,4,0,9.209,115.884,0.185,295,137.369,172.158,0.206,0.013
102,7,0,9.535,117.163,0.187,299,136.821,183.547,0.211,0.016
103,4,0,9.744,117.302,0.191,297,136.692,184.022,0.209,0.016
104,4,0,10.302,119.256,0.2,296,136.274,194.138,0.21,0.019
105,5,0,10.721,119.953,0.203,297,135.873,201.156,0.21,0.021
106,4,0,10.93,119.674,0.204,295,135.948,204.291,0.208,0.022
107,2,0,11.349,119.674,0.207,293,135.696,209.941,0.206,0.024
108,8,0,11.535,119.302,0.204,297,135.461,214.429,0.207,0.026
109,2,0,11.767,119.628,0.209,294,135.351,217.447,0.205,0.027
110,3,0,11.651,119.279,0.208,293,135.451,214.46,0.204,0.026
111,5,0,12.023,122.93,0.227,294,135.327,222.15,0.204,0.029
112,6,0,11.907,125.814,0.236,298,135.186,226.091,0.209,0.03
113,7,0,12.14,126.93,0.241,300,134.854,227.552,0.207,0.031
114,2,0,12.279,126.93,0.243,296,134.808,229.372,0.205,0.031
115,5,0,12.581,128.047,0.25,296,134.855,233.729,0.203,0.033
116,6,0,12.721,128.279,0.25,298,134.725,234.639,0.204,0.035
117,4,0,12.721,128.279,0.255,298,134.623,228.747,0.2,0.033
118,2,0,12.814,128.279,0.256,295,134.667,229.777,0.198,0.033
119,8,0,13.093,130.535,0.264,301,134.344,240.965,0.202,0.037
120,4,0,13.093,130.256,0.262,302,134.344,240.737,0.202,0.037
121,4,0,13.093,130.256,0.264,301,134.351,235.725,0.201,0.037
122,9,0,13.419,132.767,0.267,307,133.536,254.668,0.209,0.044
123,5,0,13.233,133.605,0.27,307,133.635,255.061,0.209,0.042
124,6,0,13.14,133.605,0.267,308,133.594,253.279,0.211,0.042
125,4,0,13.326,134.07,0.271,308,133.568,256.417,0.209,0.043
126,5,0,13.372,134.535,0.275,312,133.577,259.696,0.21,0.045
127,4,0,13.302,134.093,0.274,313,133.587,251.371,0.207,0.041
128,9,0,13.395,134.093,0.269,317,133.408,260.921,0.21,0.045
129,8,0,13.302,134.186,0.268,321,133.382,258.405,0.212,0.045
130,5,0,13.512,134.349,0.272,323,133.249,261.908,0.213,0.048
131,6,0,13.651,135.372,0.274,328,133.072,268.827,0.216,0.052
132,7,0,13.977,135.651,0.273,332,132.754,277.097,0.218,0.058
133,6,0,13.93,135.651,0.269,336,132.646,282.957,0.221,0.06
134,5,0,13.93,135.419,0.271,335,132.716,279.175,0.219,0.058
135,6,0,14.047,136.86,0.275,340,132.503,290.009,0.224,0.063
136,5,0,14.14,137.93,0.277,340,132.27,293.84,0.225,0.066
137,4,0,14.233,137.93,0.277,341,132.143,297.263,0.227,0.069
138,5,0,14.093,138.395,0.28,343,132.112,293.822,0.227,0.066
139,8,0,14.14,139.698,0.281,350,132.004,300.409,0.231,0.071
140,7,0,14.116,139.791,0.281,352,132.087,298.88,0.23,0.07
141,8,0,14.163,140.233,0.28,358,131.948,300.898,0.234,0.074
142,5,0,14.302,140.326,0.279,360,131.798,309.104,0.236,0.08
143,11,0,14.814,140.326,0.279,361,131.541,320.346,0.236,0.091
144,7,0,14.721,140.326,0.277,365,131.481,319.608,0.238,0.091
145,5,0,14.93,141.651,0.282,364,131.38,322.399,0.24,0.098
146,7,0,15.07,141.744,0.283,366,131.374,325.185,0.239,0.102
147,6,0,15.302,142.837,0.286,368,131.283,335.132,0.241,0.111
148,5,0,15.535,143.07,0.286,369,131.186,341.232,0.242,0.119
149,5,0,15.628,144.116,0.288,369,131.162,346.503,0.244,0.126
150,8,0,15.628,144.116,0.287,373,131.157,348.901,0.245,0.128
151,2,0,15.628,144.302,0.289,369,131.317,346.291,0.244,0.125
152,11,0,16.093,148.023,0.306,375,131.056,367.492,0.249,0.152
153,2,0,16.209,148.023,0.307,373,131.01,369.067,0.248,0.154
154,2,0,16.093,146.488,0.306,369,131.126,360.459,0.244,0.143
155,4,0,16.047,146.488,0.306,369,131.12,360.591,0.245,0.142
156,4,0,16.14,146.14,0.307,369,131.119,363.102,0.244,0.143
157,8,0,16.465,150.023,0.318,369,130.98,375.075,0.249,0.166
158,4,0,16.512,154.326,0.335,371,130.833,379.376,0.253,0.176
159,5,0,16.535,154.326,0.334,373,130.833,388.391,0.254,0.18
160,4,0,16.814,154.884,0.342,368,130.854,390.583,0.251,0.187
161,5,0,16.628,154.884,0.344,364,130.994,385.996,0.248,0.172
162,1,0,16.674,154.884,0.347,359,131.12,378.798,0.246,0.169
163,3,0,16.651,154.884,0.351,355,131.273,375.191,0.24,0.158
164,4,0,16.93,152.907,0.347,350,131.387,374.063,0.236,0.162
165,4,0,17.093,152.07,0.343,351,131.324,380.417,0.238,0.173
166,4,0,17.233,152.07,0.345,349,131.266,380.983,0.234,0.171
167,2,0,17.395,151.791,0.345,347,131.287,381.164,0.233,0.175
168,4,0,17.535,153.372,0.353,347,131.246,383.524,0.234,0.184
169,5,0,17.535,153.605,0.353,350,131.142,385.189,0.237,0.19
170,5,0,17.442,153.605,0.35,355,131.069,391.879,0.24,0.193
171,2,0,17.488,153.605,0.351,353,131.105,391.633,0.24,0.194
172,3,0,17.767,153.605,0.354,350,131.064,389.3,0.238,0.203
173,8,0,17.884,155.047,0.361,350,130.984,396.028,0.239,0.211
174,3,0,17.605,155.047,0.36,349,131.015,391.969,0.239,0.196
175,5,0,17.698,156.465,0.359,353,130.921,396.307,0.242,0.208
176,2,0,17.465,156.465,0.361,349,131.133,382.741,0.239,0.191
177,5,0,17.372,156.465,0.36,345,131.317,382.737,0.237,0.184
178,6,0,17.442,157.233,0.36,344,131.341,382.161,0.237,0.187
179,6,0,17.442,157.233,0.36,345,131.328,382.639,0.237,0.187
180,2,0,17.326,157.233,0.363,339,131.487,374.015,0.233,0.173
181,5,0,17.558,158.977,0.37,337,131.356,377.553,0.234,0.185
182,7,0,17.488,166.512,0.37,340,131.37,376.937,0.237,0.188
183,2,0,17.628,166.326,0.371,337,131.427,376.539,0.234,0.189
184,10,0,17.814,166.326,0.372,345,131.133,385.175,0.237,0.203
185,8,0,18.0,166.349,0.37,351,130.917,401.985,0.24,0.22
186,2,0,18.0,166.186,0.371,349,130.992,394.125,0.238,0.215
187,7,0,18.302,167.395,0.373,352,130.77,406.006,0.241,0.238
188,5,0,18.163,168.0,0.375,352,130.741,405.173,0.24,0.228
189,3,0,18.256,168.0,0.376,349,130.723,405.094,0.24,0.232
190,8,0,18.349,168.674,0.389,353,130.639,411.031,0.244,0.247
191,1,0,18.256,168.674,0.389,354,130.639,408.767,0.244,0.243
192,6,0,18.116,168.977,0.388,356,130.578,414.895,0.248,0.246
193,6,0,18.07,169.512,0.39,361,130.391,424.573,0.254,0.257
194,7,0,18.14,169.651,0.389,365,130.22,430.372,0.257,0.27
195,8,0,18.512,169.535,0.387,364,130.145,441.235,0.26,0.301
196,5,0,18.465,169.535,0.388,363,130.128,442.651,0.26,0.298
197,2,0,18.558,169.721,0.39,362,130.106,446.136,0.26,0.305
198,7,0,18.791,169.884,0.39,362,130.087,450.885,0.259,0.317
199,4,0,18.814,169.977,0.39,364,130.024,453.075,0.26,0.322
200,2,0,19.047,171.349,0.397,366,129.892,467.993,0.265,0.353
201,2,0,13.395,167.442,0.321,365,131.264,319.792,0.264,0.088
202,5,0,13.302,167.465,0.321,366,131.26,317.29,0.264,0.086
203,4,0,13.302,167.651,0.321,369,131.207,323.519,0.267,0.089
204,5,0,13.256,167.884,0.32,370,131.224,323.432,0.268,0.089
205,6,0,13.628,167.93,0.318,374,130.966,336.189,0.27,0.101
206,5,0,13.977,167.791,0.32,371,131.123,342.438,0.267,0.107
207,4,0,14.14,167.977,0.321,372,131.016,345.794,0.267,0.113
208,4,0,14.326,168.326,0.328,374,131.001,349.127,0.268,0.12
209,3,0,14.465,169.372,0.335,376,130.873,353.277,0.27,0.126
210,12,0,14.721,166.023,0.333,383,130.731,357.802,0.27,0.136
211,6,0,14.767,166.395,0.337,383,130.772,355.727,0.267,0.132
212,3,0,15.186,166.395,0.343,380,130.821,357.5,0.262,0.139
213,5,0,15.186,166.395,0.342,384,130.734,359.179,0.263,0.141
214,1,0,15.372,166.488,0.346,378,130.77,361.26,0.26,0.143
215,1,0,15.651,166.488,0.351,369,130.988,358.27,0.254,0.143
216,2,0,15.558,166.488,0.352,367,131.077,351.639,0.254,0.139
217,5,0,15.814,166.605,0.356,363,131.13,353.721,0.25,0.142
218,4,0,15.744,166.605,0.358,362,131.165,350.892,0.248,0.137
219,7,0,16.07,167.0,0.365,362,131.018,359.756,0.25,0.152
220,4,0,16.116,167.07,0.365,364,130.932,361.594,0.251,0.156
221,6,0,15.884,171.744,0.365,367,130.893,364.86,0.256,0.155
222,5,0,15.837,171.744,0.363,370,130.851,366.084,0.258,0.158
223,3,0,15.837,171.744,0.362,362,130.979,363.687,0.254,0.15
224,5,0,16.023,172.116,0.363,355,130.915,361.779,0.25,0.15
225,7,0,15.977,171.93,0.36,358,130.914,365.884,0.253,0.153
226,10,0,16.07,171.93,0.359,364,130.79,372.361,0.256,0.162
227,5,0,16.163,172.163,0.36,368,130.696,375.845,0.258,0.17
228,5,0,16.256,172.163,0.357,368,130.59,386.291,0.26,0.178
229,4,0,16.395,174.884,0.371,370,130.43,390.741,0.263,0.192
230,4,0,16.163,174.884,0.373,367,130.622,385.543,0.261,0.177
231,2,0,16.302,174.884,0.38,364,130.647,387.209,0.26,0.181
232,3,0,16.442,174.884,0.381,361,130.721,389.672,0.258,0.184
233,6,0,16.535,175.233,0.383,362,130.714,387.022,0.257,0.186
234,2,0,16.628,175.233,0.39,362,130.659,389.375,0.258,0.192
235,1,0,16.674,175.233,0.391,359,130.723,390.918,0.258,0.193
236,1,0,16.628,175.233,0.391,355,130.833,386.725,0.255,0.185
237,5,0,16.767,175.233,0.391,354,130.799,388.458,0.255,0.193
238,3,0,16.814,175.233,0.392,351,130.947,389.068,0.254,0.193
239,3,0,16.767,175.233,0.391,350,130.91,391.112,0.256,0.195
240,4,0,16.767,175.233,0.391,353,130.933,391.027,0.256,0.195
241,6,0,16.698,175.233,0.39,356,130.886,392.332,0.258,0.196
242,8,0,16.884,175.233,0.387,358,130.856,399.88,0.258,0.206
243,4,0,16.93,176.047,0.396,358,130.852,401.982,0.259,0.21
244,8,0,16.884,175.674,0.388,360,130.616,401.502,0.261,0.21
245,3,0,16.977,173.07,0.387,356,130.701,393.085,0.255,0.203
246,6,0,16.93,173.14,0.387,356,130.725,393.506,0.257,0.204
247,10,0,16.86,173.349,0.387,366,130.612,402.257,0.262,0.212
248,7,0,16.837,174.488,0.39,371,130.582,402.544,0.264,0.216
249,7,0,16.907,174.488,0.392,374,130.76,403.771,0.262,0.216
250,6,0,17.047,174.674,0.392,376,130.709,408.348,0.262,0.224
251,5,0,17.279,175.116,0.393,376,130.517,416.804,0.264,0.239
252,5,0,17.605,175.116,0.394,375,130.612,421.594,0.261,0.25
253,4,0,17.977,175.116,0.402,374,130.577,432.303,0.261,0.274
254,3,0,18.023,175.907,0.405,375,130.514,437.347,0.264,0.284
255,7,0,18.116,174.0,0.404,381,130.392,449.377,0.269,0.305
256,6,0,18.302,174.0,0.407,377,130.568,444.232,0.261,0.296
257,3,0,18.302,174.0,0.406,375,130.562,442.33,0.261,0.294
258,3,0,18.395,174.0,0.401,374,130.549,442.997,0.261,0.299
259,2,0,18.395,174.047,0.401,373,130.469,445.537,0.261,0.299
260,3,0,18.395,174.047,0.401,371,130.502,445.157,0.26,0.296
261,7,0,18.395,174.209,0.402,373,130.378,448.021,0.261,0.3
262,3,0,18.349,174.209,0.402,373,130.375,447.637,0.261,0.296
263,8,0,18.535,174.209,0.401,376,130.203,458.683,0.265,0.319
264,3,0,18.535,176.326,0.4,379,130.174,460.882,0.267,0.325
265,2,0,18.558,173.628,0.397,375,130.304,453.995,0.264,0.317
266,5,1,18.512,173.628,0.396,374,130.297,460.081,0.266,0.323
267,5,0,18.651,178.837,0.4,375,130.213,466.501,0.268,0.336
268,7,0,19.0,179.442,0.399,375,130.063,476.502,0.268,0.362
269,4,0,18.837,179.326,0.401,371,130.086,471.896,0.267,0.346
270,3,0,18.791,178.372,0.397,368,130.17,469.952,0.266,0.341
271,5,0,19.116,178.372,0.397,367,129.933,483.044,0.268,0.369
272,3,0,19.233,182.186,0.399,364,129.976,483.113,0.267,0.373
273,9,0,19.349,178.419,0.398,364,130.203,482.347,0.264,0.375
274,5,0,19.628,178.419,0.396,366,130.126,491.021,0.265,0.398
275,4,0,19.953,178.419,0.398,363,130.153,491.152,0.262,0.413
276,3,0,20.279,178.419,0.402,362,130.14,498.416,0.262,0.437
277,7,0,20.512,179.558,0.407,366,130.04,511.289,0.265,0.463
278,6,0,20.512,179.558,0.406,368,130.093,510.355,0.265,0.463
279,6,0,20.93,183.651,0.409,373,129.852,527.81,0.271,0.516
280,5,0,20.93,183.651,0.408,374,129.824,530.138,0.27,0.512
281,5,0,20.977,183.651,0.407,371,129.779,524.225,0.27,0.515
282,6,0,21.163,186.744,0.408,375,129.55,538.59,0.276,0.552
283,0,0,21.279,186.744,0.406,367,129.584,534.446,0.273,0.548
284,2,0,21.721,186.744,0.409,362,129.591,537.014,0.269,0.568
285,5,0,21.581,186.884,0.411,357,129.671,522.32,0.264,0.54
286,7,0,21.628,186.581,0.416,359,129.645,524.058,0.264,0.543
287,7,0,21.698,189.163,0.421,363,129.638,534.644,0.266,0.556
288,4,0,21.558,189.163,0.419,363,129.658,530.688,0.267,0.548
289,6,0,21.744,188.488,0.425,361,129.682,536.498,0.268,0.566
290,8,0,21.233,188.488,0.421,362,129.811,524.526,0.269,0.533
291,3,0,21.326,188.488,0.421,359,129.788,525.659,0.269,0.539
292,6,0,20.977,187.419,0.418,360,129.846,517.61,0.267,0.507
293,3,0,21.116,187.721,0.424,360,129.698,521.647,0.268,0.52
294,0,0,20.977,187.721,0.425,355,129.765,510.422,0.265,0.497
295,5,0,20.977,187.721,0.424,355,129.796,510.977,0.264,0.495
296,4,0,20.977,187.721,0.424,358,129.73,517.337,0.266,0.502
297,8,0,20.814,184.628,0.421,360,129.822,507.557,0.264,0.481
298,4,0,20.349,184.628,0.421,359,129.957,490.866,0.259,0.427
299,4,0,20.581,184.628,0.421,355,129.873,501.63,0.259,0.446
300,8,0,20.767,184.628,0.42,358,129.805,508.35,0.26,0.464
301,5,0,13.233,182.326,0.345,355,132.458,318.929,0.253,0.075
302,6,0,13.326,182.326,0.348,359,132.098,325.501,0.256,0.08
303,3,0,13.419,182.326,0.348,359,132.11,326.337,0.256,0.081
304,4,0,13.558,182.326,0.349,360,131.956,328.09,0.255,0.083
305,6,0,13.419,184.07,0.349,364,131.826,327.4,0.258,0.083
306,3,0,13.372,184.07,0.347,367,131.794,326.716,0.26,0.084
307,4,1,13.698,184.07,0.351,367,131.583,336.385,0.261,0.092
308,2,0,13.953,184.07,0.359,361,131.715,335.524,0.253,0.091
309,5,0,14.14,184.07,0.36,364,131.631,340.628,0.254,0.096
310,2,0,14.488,184.07,0.364,362,131.655,341.125,0.249,0.099
311,6,0,14.349,184.07,0.364,367,131.557,341.313,0.252,0.099
312,3,0,14.395,184.07,0.365,368,131.485,342.9,0.254,0.103
313,7,0,14.302,184.07,0.366,370,131.496,340.701,0.258,0.105
314,6,0,14.488,184.07,0.368,374,131.508,348.464,0.259,0.112
315,7,0,14.581,184.023,0.372,375,131.516,355.4,0.261,0.118
316,6,0,14.721,184.023,0.378,378,131.435,362.647,0.263,0.127
317,4,0,14.674,184.023,0.38,378,131.462,361.252,0.263,0.125
318,6,1,15.07,184.023,0.382,378,131.434,363.726,0.26,0.133
319,3,0,15.07,184.744,0.382,378,131.232,362.366,0.26,0.132
320,2,0,15.256,184.605,0.383,376,131.276,363.122,0.258,0.136
321,2,0,15.721,184.605,0.387,372,131.269,373.281,0.255,0.148
322,8,0,15.907,184.605,0.386,376,131.076,378.541,0.259,0.163
323,6,0,16.047,184.605,0.386,378,130.979,387.493,0.262,0.175
324,3,0,16.047,184.605,0.384,375,131.109,383.822,0.26,0.172
325,4,0,16.14,184.744,0.385,374,131.146,384.175,0.259,0.173
326,9,0,16.488,186.628,0.392,383,130.845,400.529,0.265,0.202
327,5,0,16.581,186.628,0.393,386,130.778,405.118,0.268,0.213
328,4,0,16.465,186.628,0.393,386,130.797,401.519,0.267,0.205
329,5,0,16.558,186.953,0.393,387,130.736,408.097,0.267,0.211
330,6,0,16.837,188.465,0.395,389,130.721,412.621,0.267,0.225
331,4,0,16.651,188.465,0.394,391,130.687,412.058,0.269,0.219
332,4,0,17.116,188.465,0.404,388,130.7,417.331,0.267,0.239
333,3,0,17.116,188.465,0.404,386,130.674,418.381,0.267,0.241
334,6,0,17.209,188.465,0.402,390,130.458,426.654,0.271,0.255
335,12,1,17.116,188.349,0.396,394,130.482,425.205,0.272,0.252
336,5,0,17.349,188.349,0.397,396,130.417,433.211,0.272,0.266
337,6,0,17.535,188.349,0.398,400,130.265,444.675,0.275,0.286
338,11,0,18.326,188.535,0.406,400,130.157,456.762,0.273,0.332
339,4,0,18.233,188.535,0.406,397,130.227,451.781,0.271,0.318
340,4,0,18.419,188.535,0.409,394,130.183,455.386,0.269,0.325
341,6,0,18.419,188.698,0.416,394,130.132,458.287,0.272,0.334
342,7,0,18.581,188.698,0.416,395,130.09,465.557,0.271,0.342
343,2,0,18.767,188.698,0.416,392,130.111,466.08,0.269,0.347
344,6,0,18.674,188.698,0.415,393,130.168,466.119,0.269,0.342
345,7,0,18.721,190.814,0.42,398,130.012,472.594,0.274,0.36
346,6,0,18.628,190.814,0.418,401,130.109,473.677,0.275,0.357
347,5,0,18.488,190.814,0.416,403,130.207,474.264,0.277,0.356
348,7,0,18.767,190.814,0.417,402,130.295,483.632,0.275,0.371
349,7,0,18.767,190.814,0.418,403,130.152,484.851,0.276,0.374
350,5,0,18.581,190.767,0.417,403,130.202,478.776,0.276,0.36
351,3,0,18.349,190.093,0.418,402,130.144,473.341,0.277,0.347
352,4,0,18.488,190.093,0.424,401,130.177,475.163,0.276,0.353
353,2,0,18.349,189.93,0.425,398,130.277,465.369,0.274,0.336
354,3,0,18.628,189.93,0.422,394,130.336,463.019,0.27,0.345
355,6,0,18.628,190.023,0.425,397,130.296,467.719,0.271,0.347
356,6,0,18.581,188.93,0.423,395,130.428,458.737,0.265,0.323
357,7,0,18.581,188.93,0.424,396,130.358,466.398,0.266,0.328
358,6,0,18.907,188.93,0.418,392,130.251,467.8,0.261,0.333
359,10,0,19.0,187.907,0.421,394,130.142,478.136,0.266,0.354
360,4,0,19.186,187.907,0.422,390,130.146,474.907,0.262,0.354
361,2,0,19.465,187.907,0.421,388,130.135,481.109,0.261,0.371
362,9,0,19.419,187.907,0.421,395,130.137,487.269,0.265,0.38
363,5,0,19.233,188.0,0.425,396,130.234,478.963,0.264,0.364
364,2,0,19.093,188.0,0.427,395,130.255,472.209,0.265,0.358
365,6,1,19.186,188.0,0.43,399,130.108,481.561,0.269,0.38
366,6,0,19.326,188.0,0.428,399,130.014,483.849,0.271,0.396
367,9,0,19.488,188.0,0.432,401,129.886,495.022,0.274,0.418
368,11,0,19.674,188.0,0.434,406,129.724,507.731,0.279,0.447
369,5,1,19.628,188.0,0.431,408,129.645,516.525,0.281,0.451
370,4,0,19.767,188.0,0.431,407,129.705,518.848,0.28,0.46
371,4,0,20.0,188.0,0.433,409,129.645,525.872,0.282,0.484
372,4,2,20.326,188.0,0.435,407,129.657,530.915,0.28,0.503
373,8,0,20.233,188.0,0.434,413,129.551,537.393,0.286,0.514
374,8,1,20.326,188.0,0.434,418,129.509,549.19,0.288,0.529
375,4,0,20.047,186.512,0.431,413,129.726,531.94,0.283,0.49
376,6,0,20.093,186.512,0.432,415,129.665,536.163,0.285,0.501
377,6,0,20.093,186.512,0.432,418,129.619,538.138,0.285,0.503
378,6,0,19.907,186.558,0.431,422,129.599,538.553,0.287,0.495
379,3,0,19.86,186.558,0.43,422,129.514,537.018,0.289,0.496
380,5,0,19.674,186.558,0.429,422,129.485,533.302,0.291,0.489
381,6,1,19.767,186.558,0.43,423,129.536,538.026,0.29,0.495
382,9,2,20.465,186.558,0.432,421,129.534,539.015,0.283,0.522
383,5,0,20.465,186.558,0.432,421,129.494,540.074,0.284,0.525
384,7,0,20.302,185.977,0.431,423,129.471,534.443,0.283,0.511
385,5,1,20.256,186.651,0.431,420,129.461,533.39,0.284,0.509
386,3,1,20.349,186.651,0.431,418,129.47,534.784,0.283,0.511
387,3,0,20.302,186.651,0.432,417,129.534,534.272,0.282,0.506
388,3,0,20.209,186.651,0.433,417,129.64,530.61,0.28,0.494
389,8,0,20.256,187.023,0.435,424,129.545,539.544,0.285,0.514
390,6,0,20.07,187.023,0.436,422,129.551,526.849,0.283,0.492
391,8,0,20.395,187.535,0.439,425,129.417,540.32,0.286,0.528
392,3,0,20.558,187.535,0.437,422,129.443,537.1,0.282,0.527
393,6,0,20.558,187.535,0.438,425,129.421,538.991,0.284,0.531
394,2,1,20.605,187.535,0.438,419,129.488,532.726,0.281,0.526
395,3,0,20.605,187.535,0.438,414,129.566,524.25,0.277,0.511
396,3,0,20.744,187.512,0.439,413,129.564,526.851,0.276,0.517
397,11,1,20.674,187.023,0.435,418,129.489,524.735,0.276,0.514
398,2,0,20.721,187.023,0.435,412,129.524,520.439,0.272,0.503
399,5,0,21.093,187.023,0.437,409,129.517,528.194,0.272,0.531
400,5,0,21.326,186.465,0.437,408,129.582,525.582,0.27,0.542
401,4,0,13.023,191.233,0.353,409,131.31,324.927,0.265,0.08
402,9,0,13.209,191.233,0.345,413,131.42,329.696,0.269,0.09
403,3,0,13.488,190.977,0.358,410,131.405,335.726,0.268,0.095
404,3,0,13.814,190.977,0.359,407,131.371,344.936,0.268,0.104
405,2,0,13.907,190.977,0.359,406,131.358,347.086,0.267,0.106
406,6,0,13.814,191.256,0.361,406,131.393,344.337,0.267,0.103
407,2,0,13.907,191.419,0.364,406,131.339,346.555,0.269,0.108
408,9,0,13.953,191.419,0.366,412,131.312,347.678,0.272,0.114
409,5,0,14.256,191.419,0.368,411,131.25,351.978,0.269,0.12
410,6,0,14.512,191.372,0.37,409,131.184,359.857,0.268,0.126
411,5,0,14.884,191.372,0.371,408,130.885,370.483,0.268,0.139
412,6,0,14.86,190.163,0.374,407,130.957,364.021,0.265,0.133
413,6,0,14.93,190.163,0.373,411,130.879,368.881,0.267,0.139
414,4,0,15.163,190.163,0.373,410,130.814,374.451,0.266,0.145
415,3,0,15.116,187.628,0.373,409,130.925,371.884,0.265,0.141
416,7,0,15.349,188.14,0.375,413,130.727,388.33,0.27,0.161
417,3,0,15.605,183.953,0.382,411,130.542,396.09,0.271,0.172
418,4,0,15.93,184.372,0.384,408,130.384,405.129,0.271,0.187
419,0,0,15.977,184.372,0.383,403,130.409,404.093,0.27,0.187
420,6,0,15.93,184.442,0.381,408,130.386,407.606,0.274,0.193
421,5,0,16.186,184.442,0.38,409,130.253,415.673,0.275,0.207
422,6,0,16.256,185.953,0.386,413,130.12,420.692,0.278,0.217
423,5,0,16.349,185.953,0.385,412,130.171,428.475,0.278,0.224
424,2,0,16.814,185.953,0.395,409,130.164,433.6,0.276,0.243
425,4,0,16.721,185.953,0.395,408,130.184,430.564,0.274,0.234
426,7,0,16.581,185.953,0.395,413,130.124,429.314,0.277,0.232
427,8,1,16.628,185.977,0.396,412,130.153,428.493,0.275,0.23
428,3,0,16.535,186.14,0.397,407,130.28,415.897,0.27,0.213
429,3,0,16.488,186.14,0.398,405,130.292,414.156,0.269,0.21
430,3,0,16.721,186.14,0.399,407,130.171,427.949,0.272,0.229
431,3,0,16.767,185.953,0.402,405,130.195,426.236,0.271,0.229
432,3,0,16.628,185.953,0.402,404,130.204,421.439,0.272,0.222
433,0,0,16.721,185.953,0.404,400,130.244,416.729,0.269,0.22
434,9,0,16.767,185.791,0.408,406,130.205,420.493,0.272,0.23
435,6,0,16.767,185.791,0.406,407,130.248,419.301,0.271,0.229
436,5,0,17.047,185.791,0.407,406,130.226,422.02,0.268,0.236
437,7,0,17.093,186.791,0.406,406,130.154,426.808,0.271,0.246
438,10,0,17.14,186.791,0.404,414,130.094,438.735,0.277,0.266
439,3,0,17.512,186.791,0.406,411,130.024,447.53,0.274,0.28
440,3,0,17.791,186.791,0.407,406,130.089,446.228,0.271,0.287
441,6,0,17.814,189.372,0.409,408,130.053,454.109,0.272,0.293
442,2,0,18.047,190.977,0.405,404,130.168,451.009,0.269,0.3
443,4,0,18.279,190.977,0.408,403,130.146,457.893,0.268,0.312
444,5,0,18.395,190.977,0.409,403,130.211,459.007,0.266,0.313
445,2,0,18.465,187.349,0.41,397,130.288,454.299,0.262,0.305
446,2,0,18.326,187.442,0.411,395,130.372,450.336,0.261,0.295
447,5,0,18.326,187.023,0.416,392,130.276,448.104,0.26,0.29
448,4,0,18.186,187.023,0.415,395,130.156,444.997,0.262,0.287
449,6,0,18.047,188.163,0.414,398,130.226,450.425,0.265,0.287
450,6,0,17.907,188.163,0.406,401,130.177,449.153,0.268,0.288
451,7,0,18.047,186.581,0.419,406,130.017,463.943,0.273,0.311
452,4,0,18.233,186.581,0.422,407,129.849,470.102,0.275,0.329
453,7,0,18.419,186.581,0.424,408,129.836,478.356,0.276,0.343
454,4,0,18.233,187.14,0.417,409,129.907,475.82,0.275,0.331
455,13,0,18.721,187.14,0.417,417,129.646,508.338,0.281,0.382
456,3,0,18.651,187.14,0.414,418,129.698,507.749,0.28,0.373
457,2,0,18.791,187.14,0.414,417,129.689,510.88,0.279,0.38
458,4,0,18.651,187.14,0.414,418,129.705,508.078,0.28,0.373
459,4,0,18.674,188.419,0.422,417,129.527,506.532,0.282,0.383
460,6,0,18.674,188.419,0.424,417,129.526,503.79,0.281,0.378
461,5,0,18.674,188.419,0.425,413,129.711,504.287,0.278,0.368
462,8,0,18.674,188.442,0.426,416,129.675,505.699,0.278,0.37
463,8,0,18.628,189.605,0.425,419,129.588,517.465,0.285,0.39
464,3,0,18.465,189.605,0.424,416,129.632,511.631,0.285,0.378
465,7,1,18.512,189.605,0.429,419,129.564,518.757,0.288,0.39
466,7,1,18.884,189.605,0.431,419,129.345,536.976,0.291,0.43
467,5,0,19.07,189.605,0.431,420,129.252,541.737,0.292,0.444
468,6,2,19.07,189.605,0.427,418,129.263,535.262,0.291,0.441
469,3,0,19.116,189.605,0.428,418,129.28,533.956,0.29,0.44
470,0,0,19.116,189.605,0.429,416,129.31,533.215,0.288,0.435
471,7,2,19.465,189.419,0.431,412,129.19,544.626,0.288,0.46
472,7,0,19.372,189.442,0.429,417,129.175,545.724,0.29,0.46
473,8,0,19.419,191.442,0.432,423,129.097,558.912,0.294,0.477
474,4,0,19.14,191.349,0.429,425,129.019,553.449,0.298,0.469
475,1,0,19.372,191.349,0.429,422,128.981,558.761,0.298,0.486
476,4,0,19.558,189.349,0.43,418,128.964,564.677,0.297,0.5
477,4,0,19.372,189.349,0.428,417,129.0,557.799,0.297,0.484
478,5,1,19.419,189.349,0.428,415,129.05,555.689,0.296,0.487
479,2,0,19.465,189.349,0.429,414,129.0,557.171,0.296,0.487
480,5,0,19.744,189.349,0.428,417,128.947,571.593,0.298,0.515
481,3,0,19.465,189.767,0.428,415,129.022,561.92,0.296,0.49
482,6,0,19.698,190.256,0.434,420,128.836,581.445,0.302,0.525
483,4,1,19.977,190.256,0.436,414,128.847,584.679,0.3,0.541
484,6,0,19.581,190.256,0.434,413,128.971,576.148,0.3,0.512
485,8,2,19.512,190.163,0.436,410,129.089,565.678,0.295,0.49
486,7,0,19.465,190.163,0.435,416,128.982,572.514,0.299,0.499
487,4,2,19.465,190.163,0.436,416,129.028,565.041,0.297,0.493
488,9,0,19.326,190.209,0.434,422,128.962,570.942,0.301,0.497
489,5,0,19.767,190.209,0.436,422,128.981,589.148,0.302,0.534
490,4,0,19.814,190.209,0.437,423,129.018,590.135,0.301,0.535
491,4,0,19.907,189.605,0.441,420,129.051,590.857,0.299,0.535
492,3,0,19.907,189.605,0.44,421,129.058,593.009,0.3,0.537
493,2,0,20.0,189.605,0.442,417,129.051,588.333,0.298,0.538
494,8,0,20.0,189.605,0.442,421,128.962,598.541,0.304,0.558
495,3,0,20.186,189.605,0.443,422,128.94,603.896,0.305,0.578
496,1,0,20.651,189.605,0.444,417,129.011,610.854,0.299,0.591
497,6,0,20.605,189.605,0.443,418,128.952,610.894,0.3,0.591
498,3,0,20.651,189.605,0.439,415,129.012,611.909,0.299,0.59
499,4,0,20.558,188.674,0.434,410,129.049,601.638,0.297,0.576
500,6,0,20.558,188.674,0.432,412,128.847,610.042,0.3,0.588
501,4,0,14.023,193.953,0.351,411,129.827,394.63,0.298,0.156
502,4,0,14.442,193.953,0.362,411,129.701,405.589,0.299,0.175
503,3,0,14.628,193.953,0.366,407,129.755,408.204,0.296,0.178
504,1,0,15.0,193.953,0.374,404,129.733,411.82,0.293,0.187
505,4,0,15.186,193.953,0.375,403,129.699,412.933,0.291,0.194
506,2,0,15.372,193.953,0.376,401,129.642,417.138,0.291,0.202
507,4,0,15.744,190.953,0.379,393,129.607,423.87,0.287,0.21
508,5,0,15.791,190.953,0.38,395,129.522,430.368,0.288,0.215
509,7,0,15.884,190.953,0.378,398,129.559,433.295,0.287,0.219
510,7,0,16.023,190.953,0.379,400,129.491,438.029,0.289,0.23
511,4,0,15.93,190.953,0.378,401,129.483,436.101,0.29,0.227
512,5,0,15.86,188.884,0.375,401,129.493,431.564,0.288,0.219
513,7,0,16.14,188.884,0.371,403,129.344,440.592,0.29,0.239
514,8,0,16.558,189.023,0.37,403,129.289,455.814,0.289,0.261
515,4,0,16.419,189.023,0.372,400,129.371,441.338,0.287,0.247
516,4,0,16.512,189.023,0.383,401,129.345,449.618,0.289,0.257
517,3,0,16.605,189.023,0.384,400,129.339,453.083,0.289,0.262
518,6,0,16.558,188.512,0.387,401,129.296,454.346,0.291,0.265
519,5,0,16.884,187.721,0.393,397,129.214,461.102,0.289,0.28
520,4,0,16.977,187.721,0.394,397,129.226,462.213,0.288,0.282
521,5,0,17.209,187.558,0.395,394,129.204,465.083,0.286,0.292
522,6,0,16.977,188.023,0.392,394,129.251,458.084,0.287,0.279
523,3,0,17.116,186.628,0.401,392,129.292,459.566,0.285,0.284
524,9,0,17.023,186.628,0.399,397,129.299,457.844,0.288,0.284
525,5,0,17.07,186.628,0.393,400,129.299,466.299,0.289,0.292
526,4,0,17.395,187.767,0.403,400,129.247,474.765,0.289,0.313
527,4,0,17.279,187.767,0.405,399,129.278,463.943,0.287,0.3
528,5,0,17.465,187.767,0.406,400,129.241,470.39,0.288,0.314
529,9,0,17.488,187.767,0.402,403,129.296,470.501,0.288,0.317
530,6,0,17.767,187.767,0.402,404,129.204,476.586,0.288,0.334
531,5,0,17.767,187.767,0.401,403,129.253,471.148,0.287,0.33
532,4,0,17.814,187.767,0.401,404,129.242,474.203,0.289,0.34
533,6,0,17.698,187.767,0.395,402,129.245,475.541,0.29,0.336
534,5,0,17.977,187.884,0.402,401,129.244,479.319,0.289,0.354
535,3,0,18.209,188.605,0.403,399,129.19,484.595,0.29,0.371
536,7,1,18.349,188.605,0.407,399,129.151,484.26,0.287,0.373
537,5,0,18.395,188.605,0.409,401,129.128,491.587,0.289,0.383
538,3,0,18.581,188.605,0.409,399,129.161,489.363,0.285,0.383
539,6,0,18.581,188.605,0.411,401,129.185,488.9,0.287,0.39
540,2,0,18.767,188.674,0.413,397,129.23,492.665,0.284,0.392
541,7,0,18.442,188.512,0.413,400,129.23,484.665,0.286,0.375
542,5,0,18.488,188.512,0.413,400,129.21,486.059,0.285,0.377
543,5,0,18.837,188.512,0.412,402,129.122,497.14,0.287,0.408
544,13,0,19.07,188.814,0.411,411,128.801,524.259,0.3,0.469
545,12,0,19.14,188.814,0.411,418,128.628,540.865,0.307,0.5
546,7,1,19.233,188.814,0.411,416,128.559,550.424,0.308,0.509
547,6,0,19.163,188.814,0.412,416,128.594,542.466,0.305,0.496
548,5,1,19.116,188.814,0.407,413,128.604,539.904,0.304,0.489
549,3,0,19.163,188.814,0.409,411,128.648,540.342,0.304,0.491
550,3,0,19.465,188.814,0.408,409,128.697,539.572,0.299,0.498
551,1,0,19.628,188.814,0.41,403,128.789,536.526,0.296,0.498
552,2,0,19.721,190.628,0.41,405,128.771,540.501,0.296,0.507
553,3,1,20.0,190.628,0.412,400,128.843,539.661,0.294,0.52
554,6,1,20.279,190.628,0.414,401,128.743,556.637,0.296,0.548
555,5,0,20.651,190.628,0.413,397,128.656,570.088,0.295,0.575
556,13,0,20.558,191.512,0.421,404,128.607,573.656,0.298,0.578
557,7,1,20.372,191.512,0.42,408,128.62,569.905,0.299,0.565
558,3,0,20.791,191.512,0.421,406,128.585,578.354,0.297,0.591
559,2,0,20.837,191.512,0.419,403,128.633,577.035,0.296,0.59
560,6,0,20.674,191.512,0.423,405,128.662,573.763,0.296,0.579
561,7,0,21.209,190.767,0.423,406,128.583,589.113,0.297,0.621
562,4,0,21.163,190.767,0.423,403,128.717,579.575,0.294,0.608
563,3,1,20.837,190.767,0.421,401,128.801,563.675,0.291,0.575
564,6,0,20.977,190.767,0.421,400,128.652,566.228,0.292,0.588
565,3,0,20.698,190.767,0.412,398,128.776,555.177,0.289,0.556
566,4,0,20.558,190.767,0.409,395,128.817,542.892,0.285,0.532
567,2,0,20.395,188.814,0.408,391,128.883,535.883,0.282,0.508
568,4,1,20.256,189.163,0.41,394,128.851,533.562,0.285,0.508
569,4,0,19.977,189.163,0.408,393,128.883,525.49,0.285,0.487
570,3,0,19.791,189.163,0.408,394,128.879,521.186,0.284,0.468
571,4,0,20.023,189.163,0.408,394,128.862,527.109,0.282,0.48
572,8,0,20.163,189.326,0.406,399,128.761,541.494,0.289,0.514
573,8,1,20.186,189.465,0.405,402,128.715,540.906,0.29,0.52
574,2,0,20.465,189.465,0.405,397,128.749,538.153,0.285,0.524
575,11,0,20.419,190.977,0.408,405,128.664,546.275,0.289,0.533
576,3,0,20.419,190.977,0.409,406,128.667,547.692,0.289,0.534
577,7,0,20.419,193.581,0.414,404,128.79,546.246,0.286,0.525
578,4,1,20.488,193.581,0.415,403,128.826,541.314,0.285,0.525
579,6,0,20.581,194.628,0.41,404,128.844,545.475,0.285,0.532
580,10,0,20.163,194.86,0.408,409,128.838,542.02,0.287,0.506
581,5,0,20.535,194.86,0.414,409,128.797,555.764,0.289,0.543
582,4,0,21.093,194.86,0.425,404,128.793,559.94,0.283,0.567
583,5,1,21.302,194.721,0.428,397,128.841,560.228,0.277,0.559
584,4,0,21.488,194.721,0.429,397,128.853,555.088,0.276,0.571
585,13,0,21.256,194.721,0.427,409,128.697,569.212,0.287,0.59
586,1,0,21.442,194.721,0.427,404,128.815,564.111,0.283,0.592
587,7,0,21.581,194.721,0.428,406,128.668,577.144,0.286,0.612
588,5,0,21.558,194.721,0.428,408,128.7,577.657,0.287,0.612
589,6,0,21.651,194.721,0.432,409,128.645,579.88,0.286,0.618
590,1,0,21.651,194.721,0.432,406,128.716,574.522,0.285,0.613
591,5,0,21.651,194.721,0.437,406,128.639,575.409,0.286,0.615
592,3,0,21.791,194.721,0.437,404,128.678,577.114,0.283,0.617
593,2,0,21.674,194.721,0.436,402,128.728,574.524,0.282,0.604
594,4,0,21.721,194.721,0.434,400,128.709,576.812,0.281,0.605
595,8,1,21.884,194.721,0.433,403,128.625,585.988,0.283,0.625
596,6,0,21.791,194.721,0.432,406,128.563,591.296,0.285,0.623
597,7,0,21.791,194.721,0.429,409,128.531,590.06,0.287,0.629
598,5,0,21.837,194.721,0.428,406,128.58,582.711,0.284,0.623
599,5,0,21.907,194.721,0.424,408,128.514,593.875,0.286,0.636
600,3,0,21.953,194.651,0.429,405,128.522,589.819,0.285,0.636
601,4,0,12.605,195.256,0.351,406,131.853,326.496,0.279,0.088
602,7,0,12.977,195.419,0.351,407,131.807,334.189,0.279,0.097
603,1,0,13.116,195.419,0.351,406,131.478,336.556,0.278,0.099
604,5,0,13.349,195.419,0.351,406,131.603,345.787,0.278,0.106
605,5,0,13.628,195.419,0.349,403,131.348,350.854,0.277,0.112
606,0,0,13.814,195.419,0.352,397,131.291,353.168,0.273,0.112
607,4,0,13.953,195.419,0.354,395,131.249,348.472,0.271,0.113
608,7,0,14.558,195.419,0.358,395,130.999,359.58,0.271,0.133
609,3,0,14.744,195.419,0.359,391,131.067,361.832,0.27,0.138
610,4,0,15.116,195.419,0.363,388,130.905,371.565,0.27,0.152
611,6,0,15.07,195.419,0.363,392,130.902,372.145,0.272,0.154
612,3,0,15.488,195.419,0.368,386,131.0,378.162,0.266,0.159
613,6,0,15.395,195.419,0.366,388,131.0,377.505,0.268,0.16
614,2,0,15.395,195.419,0.37,387,131.186,373.634,0.266,0.155
615,9,0,15.628,195.419,0.37,388,131.184,378.905,0.265,0.163
616,5,0,15.767,195.419,0.363,387,131.363,378.102,0.264,0.168
617,2,0,16.047,195.419,0.365,385,131.328,382.158,0.261,0.176
618,5,0,16.233,195.419,0.364,386,131.21,390.858,0.263,0.188
619,8,0,16.372,195.419,0.365,388,131.156,395.178,0.264,0.196
620,8,0,17.093,193.721,0.376,387,130.988,416.397,0.265,0.235
621,5,0,17.14,193.721,0.381,385,131.143,413.104,0.26,0.226
622,10,0,16.93,193.721,0.383,390,131.048,411.194,0.262,0.218
623,8,0,17.023,194.674,0.388,396,130.64,423.496,0.267,0.234
624,3,0,16.837,194.674,0.388,396,130.653,417.448,0.267,0.225
625,6,0,16.791,194.674,0.387,399,130.662,417.576,0.268,0.225
626,0,0,17.163,194.674,0.388,393,130.693,419.061,0.264,0.235
627,2,0,17.395,194.372,0.39,386,130.76,419.971,0.261,0.239
628,4,0,17.349,194.372,0.392,388,130.766,417.795,0.261,0.237
629,3,0,17.302,194.372,0.392,391,130.739,419.387,0.262,0.237
630,4,0,17.302,194.535,0.391,391,130.768,419.101,0.262,0.238
631,8,0,17.349,194.535,0.391,393,130.772,420.125,0.263,0.242
632,2,0,17.442,194.535,0.392,391,130.846,420.818,0.261,0.243
633,8,0,17.581,194.349,0.395,389,130.817,422.112,0.26,0.249
634,5,0,17.86,194.349,0.394,392,130.759,428.718,0.262,0.27
635,5,0,17.953,194.349,0.395,395,130.66,434.558,0.263,0.278
636,5,0,17.953,194.349,0.395,399,130.617,437.427,0.265,0.285
637,6,0,17.907,194.349,0.394,401,130.638,442.695,0.267,0.287
638,7,0,17.86,194.349,0.39,404,130.545,447.505,0.271,0.297
639,3,0,17.86,194.186,0.398,402,130.558,445.069,0.27,0.292
640,8,0,17.488,194.186,0.395,405,130.765,437.236,0.272,0.276
641,3,0,17.535,194.186,0.396,405,130.814,433.459,0.27,0.273
642,3,0,17.628,194.186,0.402,407,130.821,436.614,0.271,0.283
643,5,0,17.581,194.186,0.401,409,130.822,434.079,0.271,0.281
644,8,0,17.953,194.256,0.405,412,130.733,441.936,0.271,0.303
645,6,0,18.14,194.256,0.412,414,130.644,447.345,0.273,0.323
646,5,0,18.279,194.256,0.414,414,130.712,448.573,0.272,0.328
647,4,0,18.465,194.256,0.414,414,130.592,452.249,0.271,0.337
648,5,0,18.698,194.256,0.413,414,130.51,455.019,0.27,0.35
649,4,0,18.698,194.256,0.411,416,130.497,456.521,0.27,0.349
650,3,0,18.651,194.256,0.412,413,130.589,447.363,0.267,0.337
651,0,0,19.209,194.256,0.413,407,130.595,451.279,0.261,0.357
652,4,0,19.279,194.349,0.413,407,130.472,451.323,0.261,0.36
653,2,0,19.279,194.349,0.414,406,130.496,449.382,0.26,0.358
654,8,0,18.953,194.279,0.416,409,130.47,442.502,0.261,0.337
655,4,0,18.953,194.279,0.417,410,130.463,447.396,0.262,0.341
656,5,0,19.116,194.279,0.423,407,130.686,438.174,0.256,0.333
657,7,0,19.163,194.279,0.422,412,130.672,440.12,0.257,0.341
658,6,0,19.349,194.279,0.42,412,130.673,446.862,0.259,0.36
659,2,0,19.442,194.279,0.421,412,130.679,448.17,0.259,0.366
660,4,0,19.628,194.279,0.422,410,130.639,455.386,0.26,0.385
661,3,0,19.628,194.279,0.419,410,130.763,451.226,0.258,0.379
662,5,0,19.767,194.279,0.418,405,130.729,454.938,0.257,0.384
663,6,0,19.977,194.209,0.417,406,130.608,454.302,0.256,0.395
664,5,0,20.186,194.209,0.429,405,130.508,456.856,0.255,0.407
665,3,0,20.279,194.209,0.431,401,130.532,457.63,0.253,0.407
666,4,0,20.349,194.209,0.43,401,130.548,457.398,0.253,0.413
667,9,0,20.488,194.209,0.43,407,130.381,467.63,0.258,0.437
668,3,0,20.442,194.209,0.43,407,130.38,467.817,0.258,0.436
669,5,0,20.093,194.14,0.431,404,130.598,452.578,0.254,0.397
670,3,0,20.0,194.14,0.426,401,130.65,445.166,0.252,0.384
671,7,0,20.186,194.209,0.427,403,130.534,448.315,0.251,0.394
672,5,0,19.907,194.512,0.425,404,130.597,445.441,0.252,0.376
673,1,0,20.0,194.512,0.426,401,130.638,439.492,0.25,0.376
674,5,0,20.14,194.512,0.422,399,130.696,449.334,0.251,0.389
675,6,0,20.233,193.767,0.426,393,130.728,444.432,0.248,0.387
676,7,0,20.186,193.767,0.425,396,130.639,452.85,0.252,0.398
677,4,0,20.047,193.186,0.423,396,130.771,443.684,0.251,0.385
678,2,0,19.814,193.186,0.426,392,130.875,434.46,0.248,0.359
679,7,0,19.581,193.186,0.426,394,130.87,440.275,0.251,0.352
680,2,0,19.628,193.186,0.427,393,130.876,441.197,0.251,0.355
681,4,0,19.605,193.186,0.427,391,130.995,429.063,0.247,0.34
682,5,0,19.698,193.186,0.428,389,130.921,428.481,0.246,0.344
683,4,0,19.488,192.512,0.429,391,130.92,426.317,0.247,0.332
684,7,0,19.395,192.395,0.43,391,130.943,422.35,0.247,0.325
685,4,0,19.395,192.395,0.429,391,130.945,420.736,0.246,0.321
686,6,0,19.442,192.395,0.428,392,130.96,422.337,0.246,0.325
687,2,0,19.581,192.395,0.423,389,131.112,418.35,0.241,0.321
688,4,0,19.721,192.395,0.423,387,131.007,418.989,0.24,0.327
689,0,0,19.814,192.395,0.424,383,131.009,420.884,0.239,0.329
690,7,0,19.721,192.395,0.422,387,130.989,416.185,0.24,0.324
691,4,0,19.698,192.395,0.422,385,131.013,414.651,0.237,0.314
692,1,0,19.558,192.395,0.422,381,131.164,402.931,0.233,0.294
693,4,0,19.419,192.326,0.421,377,131.373,396.458,0.23,0.278
694,5,0,19.372,192.326,0.425,378,131.188,397.635,0.233,0.281
695,8,0,19.488,192.326,0.427,380,130.984,410.32,0.237,0.301
696,5,0,19.349,192.326,0.426,380,131.048,406.214,0.237,0.292
697,4,0,19.488,192.558,0.426,378,131.065,408.293,0.237,0.301
698,3,0,19.465,192.558,0.423,374,131.157,396.18,0.234,0.29
699,7,0,19.512,192.326,0.422,373,131.204,393.97,0.23,0.282
700,4,0,19.651,192.326,0.421,372,131.185,395.625,0.228,0.285
701,3,0,14.977,194.395,0.347,372,132.688,292.747,0.226,0.086
702,1,0,14.93,194.395,0.347,371,132.725,291.715,0.226,0.085
703,3,0,15.256,194.465,0.343,368,132.572,300.513,0.226,0.093
704,5,0,15.256,193.698,0.344,369,132.441,310.127,0.231,0.099
705,4,0,15.395,193.698,0.342,370,132.328,316.423,0.233,0.105
706,3,0,15.605,194.023,0.345,365,132.452,319.421,0.23,0.107
707,3,0,15.744,194.023,0.347,362,132.404,322.934,0.229,0.11
708,6,0,15.837,194.07,0.351,361,132.317,321.77,0.228,0.112
709,4,0,16.07,194.07,0.351,360,132.362,329.417,0.229,0.121
710,7,0,16.116,194.163,0.353,362,132.186,335.124,0.231,0.125
711,10,0,16.395,194.163,0.358,369,131.846,343.196,0.234,0.138
712,8,0,16.581,194.163,0.358,373,131.496,356.234,0.238,0.151
713,4,0,16.605,194.163,0.359,372,131.537,355.182,0.237,0.15
714,4,0,16.512,194.163,0.358,374,131.562,355.731,0.239,0.15
715,4,0,16.558,194.163,0.355,375,131.659,358.114,0.239,0.152
716,7,0,16.837,194.163,0.356,373,131.408,364.945,0.239,0.164
717,4,0,16.791,194.163,0.354,374,131.371,366.484,0.24,0.165
718,8,0,16.651,194.163,0.359,377,131.188,371.303,0.244,0.165
719,2,0,16.977,194.163,0.36,375,131.138,375.065,0.243,0.176
720,7,0,17.326,194.256,0.368,377,130.885,388.9,0.247,0.202
721,3,0,17.512,194.256,0.369,374,130.83,394.072,0.244,0.204
722,6,0,17.558,194.442,0.368,377,130.749,403.045,0.247,0.213
723,6,0,17.628,194.442,0.361,378,130.619,409.023,0.248,0.217
724,4,0,17.674,194.442,0.356,378,130.537,412.974,0.252,0.231
725,4,0,17.953,194.442,0.37,379,130.409,430.24,0.257,0.258
726,5,0,18.023,194.326,0.371,380,130.42,429.434,0.256,0.26
727,8,0,17.884,194.326,0.374,381,130.362,427.879,0.259,0.261
728,7,0,17.977,194.326,0.371,383,130.271,430.937,0.261,0.27
729,6,0,17.837,194.326,0.371,378,130.471,424.294,0.258,0.256
730,8,0,17.605,194.326,0.37,380,130.507,419.658,0.259,0.246
731,5,0,17.581,194.326,0.371,375,130.592,415.257,0.254,0.23
732,8,0,17.488,194.326,0.369,383,130.392,425.059,0.261,0.243
733,7,1,17.419,194.326,0.362,384,130.4,424.345,0.261,0.24
734,10,1,17.372,194.163,0.356,388,130.419,419.944,0.26,0.234
735,9,0,17.419,193.977,0.353,391,130.316,422.583,0.261,0.238
736,5,0,17.558,193.977,0.354,391,130.248,421.556,0.261,0.245
737,5,0,17.837,194.395,0.364,392,130.074,438.319,0.265,0.274
738,5,0,17.884,194.395,0.363,396,130.012,442.301,0.268,0.284
739,6,0,17.698,194.395,0.365,394,130.118,435.065,0.264,0.263
740,7,0,17.372,194.395,0.373,395,130.247,427.076,0.266,0.25
741,6,0,17.419,194.395,0.372,398,130.086,434.329,0.269,0.258
742,8,0,17.326,194.395,0.371,401,130.08,432.3,0.269,0.253
743,11,0,17.07,194.395,0.369,406,130.083,430.49,0.269,0.24
744,1,0,16.814,194.395,0.367,403,130.215,419.704,0.268,0.222
745,6,0,16.953,194.395,0.37,405,130.084,426.272,0.27,0.235
746,8,0,17.047,194.535,0.371,405,130.05,432.418,0.271,0.243
747,2,0,17.395,194.326,0.369,399,130.07,437.165,0.269,0.257
748,5,0,17.581,194.326,0.371,399,130.107,434.974,0.267,0.262
749,8,0,18.0,194.326,0.372,400,129.88,452.88,0.268,0.293
750,4,0,18.093,194.326,0.368,398,129.965,447.518,0.266,0.292
751,8,0,18.14,194.326,0.366,403,129.907,457.6,0.27,0.306
752,5,0,18.14,194.419,0.369,406,129.893,459.862,0.271,0.311
753,2,0,18.093,194.419,0.366,401,130.059,450.053,0.266,0.292
754,7,0,18.14,194.419,0.362,405,129.894,462.838,0.272,0.312
755,7,0,18.419,194.419,0.37,402,129.854,468.703,0.272,0.33
756,6,0,18.465,194.419,0.371,402,129.875,466.45,0.269,0.326
757,8,0,18.419,194.233,0.384,404,129.709,468.393,0.273,0.334
758,4,0,18.558,194.233,0.383,403,129.608,471.651,0.275,0.349
759,3,0,18.558,194.233,0.384,403,129.612,471.1,0.274,0.345
760,5,0,18.419,194.233,0.382,407,129.581,475.326,0.277,0.345
761,6,0,18.558,193.674,0.385,407,129.512,479.566,0.279,0.361
762,3,0,18.395,192.977,0.386,404,129.68,467.638,0.276,0.342
763,7,0,18.605,193.419,0.387,403,129.714,470.417,0.274,0.351
764,5,0,18.628,193.419,0.387,405,129.63,473.98,0.275,0.353
765,6,0,18.767,193.419,0.388,405,129.658,475.431,0.274,0.362
766,8,0,18.907,194.419,0.39,408,129.608,486.642,0.277,0.381
767,3,0,19.023,195.023,0.39,408,129.568,491.249,0.277,0.391
768,4,0,18.884,195.023,0.388,407,129.631,484.791,0.278,0.385
769,4,0,18.977,195.023,0.387,406,129.591,488.637,0.279,0.395
770,2,0,19.349,195.023,0.388,404,129.596,495.356,0.279,0.422
771,5,0,19.442,195.023,0.394,402,129.615,493.589,0.276,0.419
772,6,0,19.535,195.023,0.402,404,129.641,494.748,0.277,0.429
773,5,0,19.488,195.023,0.407,404,129.627,494.259,0.278,0.429
774,6,0,19.488,195.023,0.406,404,129.604,494.004,0.277,0.425
775,4,0,19.535,195.023,0.403,400,129.713,489.423,0.274,0.419
776,5,0,19.465,195.023,0.402,402,129.661,494.339,0.276,0.421
777,4,0,19.558,195.023,0.401,401,129.66,502.402,0.278,0.436
778,4,0,19.558,195.023,0.404,401,129.731,502.127,0.277,0.433
779,7,0,19.698,195.023,0.402,402,129.722,501.45,0.276,0.44
780,4,0,19.907,195.023,0.403,401,129.714,501.771,0.275,0.451
781,6,0,19.977,195.023,0.404,402,129.642,508.062,0.276,0.46
782,2,0,19.977,195.023,0.403,404,129.594,511.714,0.278,0.466
783,5,0,19.977,195.023,0.402,408,129.518,513.428,0.281,0.475
784,4,0,19.744,195.023,0.401,406,129.584,504.873,0.279,0.451
785,3,0,19.93,195.023,0.404,404,129.604,507.87,0.277,0.46
786,7,1,19.977,195.023,0.401,405,129.582,509.399,0.279,0.468
787,6,0,20.163,195.023,0.399,406,129.482,517.287,0.28,0.487
788,4,0,20.116,195.023,0.395,406,129.533,517.694,0.279,0.479
789,6,1,20.209,195.023,0.395,408,129.516,519.324,0.279,0.489
790,5,0,20.256,195.023,0.396,406,129.522,520.938,0.278,0.489
791,4,0,20.163,195.023,0.399,404,129.585,518.404,0.277,0.478
792,6,0,20.488,195.023,0.404,401,129.573,527.351,0.276,0.498
793,2,0,20.767,195.023,0.407,398,129.549,534.424,0.277,0.524
794,7,0,20.674,194.302,0.406,398,129.492,532.846,0.278,0.519
795,7,0,20.744,194.302,0.41,403,129.39,545.671,0.283,0.544
796,4,0,20.744,194.302,0.409,405,129.363,546.869,0.285,0.55
797,1,0,21.047,194.302,0.408,399,129.362,543.009,0.281,0.557
798,9,1,21.163,194.302,0.414,401,129.425,554.604,0.281,0.569
799,3,0,21.209,194.302,0.414,398,129.413,547.212,0.28,0.568
800,6,0,21.372,194.302,0.42,403,129.261,562.038,0.284,0.595
801,6,0,13.698,195.047,0.346,401,131.046,358.118,0.282,0.121
802,1,0,13.744,195.047,0.347,400,131.122,356.924,0.281,0.121
803,8,0,13.977,195.047,0.345,402,131.029,361.601,0.283,0.133
804,4,0,14.419,194.07,0.354,399,130.903,367.912,0.281,0.145
805,3,0,14.698,194.07,0.358,397,130.702,379.559,0.284,0.16
806,6,0,14.977,194.023,0.363,398,130.597,387.983,0.285,0.174
807,4,0,14.744,194.023,0.358,392,130.639,379.746,0.283,0.161
808,6,0,14.837,194.023,0.36,392,130.644,381.59,0.284,0.166
809,2,0,14.977,194.023,0.359,388,130.688,381.037,0.281,0.165
810,5,0,15.209,193.488,0.371,390,130.288,389.34,0.284,0.182
811,4,0,15.581,193.488,0.378,390,130.22,397.694,0.284,0.199
812,8,0,15.907,194.233,0.383,393,130.142,413.26,0.287,0.223
813,1,0,16.279,194.233,0.385,388,130.119,418.021,0.285,0.237
814,6,0,16.419,194.233,0.387,391,130.039,428.348,0.288,0.253
815,9,0,16.465,194.233,0.385,397,129.963,433.59,0.291,0.264
816,0,0,16.558,194.0,0.389,390,130.051,430.273,0.286,0.255
817,5,0,16.698,194.0,0.391,391,130.123,430.627,0.283,0.257
818,4,0,16.837,194.023,0.393,390,130.182,425.811,0.278,0.252
819,5,0,17.023,194.023,0.399,390,130.164,433.902,0.279,0.264
820,7,0,16.977,194.023,0.402,393,130.008,438.56,0.28,0.264
821,7,0,17.07,194.023,0.404,399,129.863,442.457,0.283,0.277
822,4,0,17.326,194.023,0.407,392,130.043,435.417,0.277,0.276
823,6,1,17.419,194.047,0.408,393,130.01,437.434,0.276,0.279
824,6,0,17.698,194.047,0.41,391,130.01,439.791,0.274,0.29
825,6,0,17.744,194.047,0.409,389,129.956,446.849,0.275,0.296
826,2,0,17.744,194.047,0.41,382,130.042,436.56,0.27,0.281
827,6,0,17.93,194.047,0.409,385,129.968,444.283,0.273,0.302
828,4,0,17.884,194.047,0.409,387,129.941,443.823,0.272,0.298
829,5,0,17.884,194.047,0.408,389,129.939,445.018,0.274,0.301
830,3,0,18.163,194.186,0.409,384,128.457,444.673,0.271,0.3
831,8,0,18.14,193.744,0.408,384,128.374,449.489,0.272,0.304
832,4,0,18.209,193.744,0.41,384,128.394,445.827,0.27,0.301
833,4,1,18.395,193.744,0.409,382,128.513,444.074,0.266,0.3
834,5,0,18.488,193.744,0.408,384,128.477,448.82,0.267,0.311
835,7,0,18.581,194.326,0.406,387,128.423,452.296,0.27,0.325
836,3,0,18.488,194.326,0.405,388,128.401,450.458,0.271,0.323
837,2,0,18.814,194.326,0.409,385,128.358,458.001,0.271,0.344
838,2,0,19.186,194.326,0.41,382,128.325,464.221,0.269,0.363
839,10,2,19.093,194.326,0.408,388,128.189,474.482,0.274,0.372
840,6,0,19.302,194.326,0.411,388,128.304,471.24,0.269,0.373
841,5,0,19.395,194.256,0.41,391,128.238,473.436,0.271,0.385
842,7,0,19.628,194.256,0.411,394,128.131,483.896,0.273,0.409
843,5,1,19.581,194.256,0.412,394,128.115,482.467,0.274,0.409
844,1,0,19.86,194.256,0.411,390,128.108,485.343,0.272,0.423
845,4,0,19.814,194.256,0.41,393,128.083,487.642,0.274,0.427
846,3,0,19.837,194.581,0.41,391,128.066,488.45,0.274,0.427
847,5,0,19.837,194.581,0.416,393,128.025,489.911,0.274,0.43
848,5,1,19.674,194.581,0.415,393,128.124,483.571,0.274,0.416
849,6,0,19.628,194.581,0.414,396,128.091,486.576,0.276,0.42
850,5,0,19.302,194.581,0.414,397,128.156,474.741,0.275,0.393
851,5,0,19.07,194.581,0.413,402,128.224,471.82,0.277,0.385
852,6,0,18.977,194.581,0.413,403,128.24,471.558,0.279,0.382
853,4,0,19.349,194.581,0.414,404,128.037,486.776,0.28,0.414
854,7,0,19.512,194.581,0.416,403,128.063,485.471,0.278,0.417
855,4,0,19.419,194.628,0.415,403,128.042,490.794,0.28,0.418
856,6,0,19.419,194.349,0.414,402,128.113,492.039,0.281,0.421
857,6,0,19.326,194.349,0.412,405,128.077,493.988,0.284,0.426
858,6,0,19.419,194.349,0.411,408,127.98,501.26,0.286,0.438
859,6,0,19.581,194.791,0.412,409,127.902,507.508,0.286,0.452
860,3,1,19.488,194.791,0.408,400,128.23,486.338,0.277,0.415
861,5,0,19.163,193.581,0.409,402,129.636,485.757,0.279,0.41
862,3,0,19.163,193.744,0.408,398,129.599,480.873,0.276,0.399
863,9,0,19.163,193.744,0.406,404,129.565,482.305,0.281,0.416
864,7,0,19.163,193.837,0.404,406,129.437,495.022,0.285,0.427
865,4,0,19.14,193.93,0.402,402,129.518,489.8,0.283,0.421
866,8,0,19.326,194.442,0.401,403,129.485,497.256,0.284,0.437
867,8,0,19.512,194.279,0.408,397,129.554,486.949,0.279,0.433
868,2,0,19.279,194.279,0.407,394,129.611,482.967,0.277,0.411
869,4,0,19.093,194.279,0.408,393,129.69,476.758,0.275,0.39
870,4,0,19.186,194.302,0.411,393,129.661,478.299,0.276,0.398
871,5,0,19.419,194.302,0.414,392,129.575,482.392,0.276,0.418
872,5,0,19.512,194.302,0.414,391,129.56,484.088,0.276,0.425
873,4,0,19.558,194.86,0.414,389,127.877,479.933,0.275,0.41
874,2,0,19.419,194.86,0.408,387,127.899,475.71,0.275,0.398
875,3,0,19.465,194.86,0.41,385,128.113,467.691,0.27,0.388
876,2,0,19.512,194.86,0.41,385,128.101,469.564,0.271,0.394
877,3,0,19.488,194.651,0.407,381,128.126,467.145,0.268,0.381
878,4,0,19.581,194.651,0.413,376,128.144,459.968,0.265,0.378
879,7,0,19.814,194.651,0.413,376,128.189,458.464,0.261,0.383
880,6,0,19.953,194.86,0.412,378,128.159,461.675,0.261,0.392
881,9,0,19.814,194.86,0.412,385,128.097,460.547,0.264,0.393
882,6,0,19.814,194.86,0.417,387,127.95,468.573,0.267,0.399
883,13,0,19.628,194.86,0.413,393,127.907,469.05,0.269,0.395
884,1,0,19.488,194.86,0.411,386,128.118,458.022,0.266,0.374
885,5,0,19.488,194.86,0.411,384,128.121,457.759,0.266,0.375
886,2,0,19.488,194.86,0.41,384,128.176,456.761,0.265,0.371
887,7,0,19.488,195.14,0.406,384,128.075,466.717,0.268,0.381
888,4,0,19.837,194.581,0.412,378,128.161,471.041,0.264,0.394
889,1,0,20.116,194.581,0.411,369,128.438,460.655,0.254,0.38
890,4,0,19.977,194.581,0.411,368,128.464,454.453,0.253,0.367
891,2,0,19.837,194.581,0.409,367,128.415,455.782,0.254,0.361
892,1,0,19.837,194.581,0.409,366,128.406,456.821,0.254,0.362
893,4,0,19.744,194.023,0.411,364,130.309,449.94,0.249,0.35
894,6,0,19.651,194.023,0.411,363,130.333,445.787,0.248,0.342
895,3,0,19.605,193.884,0.412,363,130.322,446.1,0.249,0.342
896,9,0,19.372,193.884,0.412,368,130.314,444.443,0.251,0.332
897,2,0,19.093,193.884,0.41,366,130.508,432.489,0.249,0.307
898,7,0,19.047,193.884,0.408,372,130.4,437.725,0.254,0.319
899,9,0,18.86,193.884,0.408,371,130.472,434.572,0.255,0.311
900,5,0,18.674,193.535,0.402,373,130.46,434.168,0.256,0.302
901,8,0,12.651,194.884,0.326,378,132.786,278.452,0.255,0.065
902,5,0,12.953,194.884,0.328,379,132.609,285.56,0.256,0.072
903,7,0,13.372,194.884,0.332,379,132.435,294.223,0.256,0.082
904,2,0,13.442,194.884,0.333,379,132.452,295.086,0.255,0.082
905,3,0,13.721,194.884,0.338,375,132.108,301.133,0.253,0.085
906,7,0,14.233,194.884,0.345,374,131.978,310.965,0.251,0.096
907,12,0,14.419,194.884,0.347,383,131.708,318.052,0.256,0.106
908,5,0,14.698,194.884,0.346,383,131.47,327.698,0.256,0.115
909,5,0,14.698,194.884,0.349,384,131.464,325.477,0.255,0.113
910,6,0,14.977,194.814,0.356,387,131.299,336.099,0.261,0.131
911,4,0,15.163,194.814,0.357,387,131.244,341.468,0.26,0.136
912,5,0,15.558,194.814,0.364,386,131.003,350.234,0.262,0.153
913,4,0,15.744,194.814,0.364,386,130.997,352.557,0.261,0.16
914,4,0,15.837,194.814,0.364,386,130.99,354.766,0.26,0.162
915,6,0,16.07,194.814,0.364,385,130.99,361.724,0.259,0.17
916,5,0,16.163,194.651,0.364,384,130.909,364.694,0.261,0.177
917,2,0,16.256,194.651,0.36,382,130.88,367.951,0.259,0.178
918,8,0,16.302,194.651,0.358,384,130.987,371.609,0.258,0.179
919,4,0,16.302,194.651,0.358,382,131.085,367.739,0.255,0.173
920,7,0,16.395,194.651,0.357,384,131.083,363.852,0.254,0.175
921,2,0,16.442,194.651,0.357,383,131.077,363.385,0.254,0.176
922,4,0,16.535,194.698,0.359,381,131.258,364.79,0.25,0.173
923,3,0,16.488,194.698,0.363,380,131.327,363.105,0.25,0.172
924,2,0,16.395,194.698,0.362,378,131.321,360.946,0.25,0.166
925,6,0,16.605,194.744,0.368,378,131.082,368.302,0.251,0.177
926,10,0,16.651,194.744,0.365,382,131.028,370.552,0.254,0.184
927,5,0,16.698,194.744,0.367,382,131.028,371.896,0.255,0.189
928,5,0,16.791,194.744,0.37,383,131.013,375.082,0.254,0.192
929,3,0,17.047,194.651,0.374,378,131.055,378.827,0.253,0.202
930,3,0,17.14,194.651,0.376,375,131.034,379.746,0.251,0.202
931,3,0,17.186,194.651,0.38,373,131.019,382.171,0.25,0.203
932,6,0,17.605,194.558,0.378,371,130.603,393.332,0.252,0.226
933,7,0,17.558,194.558,0.377,372,130.582,393.392,0.254,0.229
934,5,0,17.605,194.558,0.376,371,130.575,394.42,0.254,0.233
935,6,0,17.605,194.651,0.376,372,130.498,402.217,0.256,0.237
936,3,0,17.791,194.651,0.378,371,130.539,399.119,0.253,0.24
937,5,0,17.744,194.651,0.376,374,130.439,408.867,0.257,0.247
938,5,0,17.698,194.721,0.376,375,130.428,406.921,0.258,0.248
939,7,0,17.837,194.721,0.378,376,130.405,410.11,0.259,0.259
940,10,0,17.605,194.721,0.37,381,130.321,417.938,0.265,0.261
941,3,0,17.535,194.721,0.368,377,130.361,415.315,0.263,0.25
942,6,0,17.721,194.837,0.371,380,130.146,419.852,0.265,0.265
943,5,0,17.674,194.837,0.37,383,130.099,422.218,0.267,0.268
944,4,0,17.767,194.837,0.37,380,130.19,421.156,0.263,0.264
945,3,0,17.884,194.395,0.371,379,130.105,425.922,0.261,0.266
946,3,0,17.884,194.395,0.374,373,130.218,415.944,0.256,0.25
947,5,0,17.977,194.395,0.372,375,130.128,419.841,0.259,0.265
948,5,0,17.977,194.395,0.372,375,130.083,424.227,0.26,0.267
949,1,0,17.953,194.395,0.373,371,130.121,419.386,0.258,0.261
950,4,0,17.977,194.395,0.373,371,130.162,418.299,0.258,0.262
951,6,0,17.977,194.558,0.37,374,130.012,424.644,0.262,0.272
952,5,0,17.86,194.023,0.369,371,129.966,420.551,0.262,0.265
953,3,0,18.047,194.023,0.378,370,129.863,423.769,0.264,0.281
954,9,0,18.256,194.14,0.379,373,129.736,431.942,0.267,0.303
955,1,0,18.209,194.14,0.38,367,129.849,423.566,0.262,0.287
956,6,0,18.349,194.14,0.382,372,129.747,430.557,0.263,0.299
957,2,0,18.395,194.14,0.388,368,129.798,429.944,0.261,0.296
958,6,0,18.907,194.14,0.389,368,129.739,432.431,0.261,0.327
959,5,0,18.907,194.14,0.389,368,129.739,433.232,0.261,0.327
960,5,0,18.907,194.14,0.393,370,129.707,438.084,0.262,0.33
961,2,0,18.628,194.14,0.392,368,129.739,426.432,0.26,0.307
962,5,0,18.581,194.14,0.393,367,129.796,423.342,0.258,0.298
963,4,0,18.721,194.14,0.401,364,129.877,426.512,0.258,0.307
964,7,1,18.512,194.628,0.401,366,129.908,423.939,0.259,0.296
965,9,0,18.326,194.628,0.399,371,129.824,430.403,0.262,0.294
966,3,0,18.233,194.628,0.398,372,129.792,429.642,0.263,0.291
967,5,0,18.395,194.628,0.398,372,129.79,437.066,0.264,0.305
968,4,0,18.209,194.628,0.397,372,129.806,430.552,0.263,0.288
969,1,0,18.209,194.628,0.398,368,129.89,428.606,0.261,0.282
970,12,0,18.093,194.628,0.399,374,129.859,426.241,0.262,0.28
971,1,0,18.047,194.628,0.4,368,129.957,416.457,0.258,0.266
972,5,0,18.14,194.628,0.399,368,129.953,418.876,0.258,0.271
973,10,0,18.326,194.488,0.4,373,129.897,422.47,0.259,0.285
974,6,0,18.419,194.442,0.4,375,129.761,427.545,0.26,0.293
975,7,0,18.395,194.442,0.399,378,129.638,437.602,0.264,0.304
976,5,0,18.279,194.302,0.397,380,129.567,444.065,0.268,0.307
977,5,0,18.419,194.302,0.395,378,129.512,449.188,0.269,0.318
978,4,0,18.372,194.302,0.394,375,129.578,441.583,0.267,0.311
979,8,0,18.558,194.488,0.398,375,129.549,447.556,0.267,0.323
980,3,0,18.791,194.488,0.398,369,129.676,439.919,0.261,0.321
981,2,0,18.837,194.488,0.4,368,129.719,439.445,0.259,0.317
982,7,0,19.233,194.442,0.407,366,129.897,445.105,0.257,0.338
983,5,0,19.279,194.442,0.412,369,129.729,448.93,0.26,0.351
984,4,0,19.279,194.442,0.413,366,129.788,444.644,0.257,0.343
985,6,0,19.093,194.442,0.41,369,129.73,445.425,0.259,0.334
986,1,0,19.14,194.023,0.41,363,129.834,439.756,0.253,0.32
987,3,0,19.093,194.023,0.41,361,129.826,438.537,0.253,0.316
988,7,1,19.0,194.023,0.409,361,129.818,438.915,0.253,0.31
989,4,0,18.977,194.023,0.404,362,129.864,437.342,0.252,0.306
990,6,0,19.07,194.07,0.407,360,129.781,440.003,0.253,0.314
991,5,0,19.302,194.07,0.408,361,129.771,445.833,0.254,0.334
992,2,0,19.209,194.07,0.406,359,129.845,442.695,0.252,0.321
993,1,0,19.279,194.07,0.406,356,129.883,440.473,0.251,0.321
994,4,0,19.326,194.07,0.406,357,130.002,443.069,0.249,0.321
995,8,0,19.209,194.442,0.406,359,130.036,441.778,0.251,0.318
996,2,0,19.209,194.442,0.407,354,130.223,431.563,0.244,0.298
997,3,0,19.023,194.442,0.407,355,130.246,428.346,0.245,0.291
998,9,0,19.209,194.442,0.409,361,130.012,443.81,0.253,0.326
999,5,0,19.07,194.442,0.409,361,130.057,439.328,0.254,0.318
1000,0,0,18.884,194.442,0.41,355,130.238,425.193,0.248,0.291
