1,10,0,0.791,4.349,0.003,10,310.491,0.227,0.011,0.016
2,8,0,1.256,7.767,0.007,18,275.241,0.705,0.017,0.007
3,6,0,1.581,11.814,0.013,24,247.514,1.385,0.023,0.003
4,7,0,2.186,15.488,0.017,30,221.815,2.31,0.03,0.002
5,6,0,2.465,20.023,0.023,36,205.28,3.343,0.037,0.001
6,13,0,3.186,24.372,0.029,46,183.246,5.966,0.045,0.001
7,2,0,3.233,25.674,0.031,48,179.201,6.385,0.046,0.001
8,6,0,3.581,27.395,0.031,54,167.252,7.838,0.051,0.001
9,8,0,3.767,30.302,0.033,62,152.635,9.369,0.058,0.0
10,4,0,3.907,32.116,0.037,65,143.313,9.832,0.059,0.0
11,9,0,4.349,34.884,0.038,73,132.837,11.894,0.066,0.0
12,7,0,4.791,38.047,0.042,80,124.52,13.831,0.072,0.0
13,3,0,5.023,40.977,0.05,81,118.655,14.349,0.073,0.0
14,12,0,5.488,46.628,0.06,91,105.686,17.932,0.08,0.0
15,12,0,6.233,58.116,0.081,102,91.982,21.68,0.094,0.0
16,7,0,6.186,58.791,0.08,107,93.462,22.094,0.097,0.0
17,7,0,6.605,62.721,0.087,112,91.374,22.556,0.102,0.0
18,6,0,6.884,66.698,0.093,118,88.33,26.069,0.109,0.0
19,5,0,7.186,67.907,0.097,118,81.385,27.778,0.109,0.0
20,8,0,7.581,73.209,0.108,124,76.696,29.937,0.115,0.0
21,10,0,7.907,77.953,0.114,134,70.623,33.496,0.124,0.0
22,8,0,8.163,79.628,0.115,139,69.179,35.664,0.129,0.0
23,6,0,8.349,80.209,0.113,145,67.724,37.574,0.133,0.0
24,10,0,8.581,85.116,0.119,154,64.205,43.693,0.143,0.0
25,5,0,8.814,88.279,0.124,158,60.435,46.879,0.148,0.0
26,4,0,9.047,91.047,0.129,160,58.319,48.94,0.153,0.0
27,8,0,9.186,93.349,0.132,167,57.001,51.333,0.157,0.0
28,7,0,9.791,105.256,0.164,171,51.358,59.37,0.164,0.001
29,6,0,9.744,105.442,0.16,177,51.401,60.046,0.167,0.001
30,10,0,9.93,108.047,0.161,186,49.967,65.63,0.175,0.001
31,12,0,10.488,120.698,0.187,195,46.193,76.426,0.191,0.001
32,7,0,10.86,126.023,0.198,200,44.261,83.264,0.199,0.001
33,10,0,10.953,128.186,0.204,204,43.538,85.577,0.2,0.001
34,11,0,10.977,129.093,0.201,212,42.416,89.432,0.206,0.001
35,9,0,11.581,133.744,0.211,218,37.595,98.729,0.213,0.001
36,5,0,11.884,137.512,0.221,222,36.46,102.676,0.216,0.001
37,9,0,11.791,139.14,0.224,228,35.954,104.6,0.218,0.001
38,9,0,12.349,143.558,0.231,236,33.906,112.736,0.227,0.002
39,11,0,13.186,154.814,0.263,244,31.898,123.958,0.235,0.002
40,6,0,13.372,156.395,0.271,247,31.734,126.033,0.232,0.002
41,6,0,13.558,156.395,0.271,251,31.351,129.415,0.234,0.002
42,5,0,13.744,157.605,0.271,253,30.778,132.02,0.238,0.003
43,6,0,13.837,158.233,0.269,258,30.302,133.79,0.242,0.003
44,4,0,13.977,156.791,0.269,256,30.134,132.135,0.238,0.003
45,7,0,14.209,158.186,0.272,260,29.6,135.129,0.241,0.003
46,5,0,14.535,166.093,0.296,263,28.702,140.573,0.246,0.004
47,4,0,15.186,169.256,0.305,263,27.543,147.491,0.248,0.004
48,13,0,15.698,169.721,0.303,272,26.998,154.708,0.252,0.005
49,10,0,16.163,172.465,0.308,277,25.589,164.954,0.259,0.006
50,9,0,16.535,179.884,0.327,283,24.537,175.832,0.27,0.008
51,8,0,16.488,179.977,0.324,287,24.151,177.602,0.273,0.008
52,4,0,16.628,185.302,0.344,285,24.021,174.926,0.273,0.009
53,3,0,16.86,186.023,0.347,285,23.878,179.95,0.273,0.009
54,9,0,16.907,187.14,0.345,292,22.935,186.602,0.278,0.01
55,5,0,16.814,187.698,0.348,296,23.629,182.201,0.278,0.01
56,8,0,16.953,190.674,0.356,301,23.308,186.023,0.281,0.01
57,9,0,17.047,194.86,0.371,307,22.418,190.462,0.284,0.011
58,11,0,17.326,197.163,0.378,311,22.654,193.087,0.286,0.012
59,11,0,17.628,202.465,0.391,320,21.947,206.153,0.298,0.016
60,6,0,17.721,214.372,0.422,323,21.547,209.717,0.306,0.018
61,9,0,18.14,219.488,0.439,330,20.57,224.669,0.311,0.022
62,5,0,18.186,219.953,0.439,333,20.529,225.921,0.314,0.023
63,8,0,18.233,220.512,0.439,339,19.899,229.876,0.316,0.023
64,4,0,18.372,222.0,0.446,338,19.68,229.964,0.314,0.023
65,13,0,18.977,227.814,0.457,346,18.706,244.454,0.326,0.032
66,9,0,19.163,230.372,0.472,349,18.548,249.451,0.326,0.034
67,2,0,19.302,230.023,0.475,346,18.701,251.58,0.322,0.034
68,7,0,19.791,230.86,0.479,347,18.577,259.318,0.322,0.039
69,5,0,19.884,230.488,0.481,345,18.739,259.394,0.318,0.038
70,8,0,19.907,230.488,0.479,348,18.611,261.479,0.321,0.039
71,5,0,19.721,234.465,0.49,350,18.55,259.639,0.322,0.038
72,6,0,20.116,234.93,0.498,349,17.975,257.114,0.316,0.039
73,13,0,20.302,236.721,0.498,359,17.145,269.14,0.326,0.046
74,8,0,20.674,242.349,0.516,365,16.538,277.469,0.333,0.055
75,13,0,20.814,245.093,0.522,375,16.265,283.364,0.338,0.062
76,5,0,21.256,245.093,0.524,374,16.16,284.302,0.338,0.069
77,8,0,22.163,248.488,0.54,375,15.346,301.467,0.342,0.093
78,13,0,22.442,250.14,0.541,385,15.204,314.543,0.351,0.113
79,12,0,23.233,252.442,0.544,391,14.691,332.892,0.359,0.152
80,7,0,23.512,260.023,0.563,395,13.929,345.984,0.366,0.175
81,10,0,23.907,260.116,0.558,400,13.511,348.131,0.37,0.2
82,9,0,24.14,260.512,0.558,406,13.14,354.572,0.373,0.219
83,3,0,24.302,260.907,0.56,404,13.003,361.037,0.374,0.23
84,4,0,24.302,263.163,0.571,401,13.196,355.357,0.372,0.226
85,8,0,24.395,260.326,0.559,400,13.195,354.635,0.37,0.224
86,8,0,24.558,261.535,0.563,407,12.86,363.74,0.376,0.248
87,10,0,24.814,261.86,0.561,411,12.461,377.397,0.382,0.279
88,5,0,25.07,261.977,0.567,405,12.663,372.03,0.377,0.279
89,5,0,25.047,261.977,0.569,406,12.741,372.838,0.374,0.271
90,5,0,25.116,264.093,0.574,405,12.677,376.007,0.375,0.278
91,10,0,25.535,265.698,0.573,407,12.43,383.431,0.381,0.32
92,13,0,25.93,269.884,0.58,413,12.054,397.54,0.386,0.364
93,10,0,26.163,277.488,0.609,418,11.879,406.685,0.394,0.408
94,9,0,26.233,278.744,0.617,423,11.234,413.944,0.399,0.424
95,10,0,26.581,279.512,0.62,429,10.744,429.155,0.406,0.472
96,4,0,26.721,280.581,0.621,429,10.739,430.239,0.406,0.483
97,7,0,26.767,280.721,0.618,431,10.601,438.897,0.411,0.507
98,7,0,26.953,280.721,0.616,434,10.974,443.563,0.414,0.534
99,10,0,27.419,285.209,0.641,436,10.983,449.322,0.413,0.567
100,6,0,27.837,286.349,0.645,433,10.95,454.468,0.415,0.603
101,4,0,28.209,288.442,0.648,433,10.889,459.492,0.414,0.627
102,4,0,28.302,288.442,0.65,432,10.926,460.705,0.413,0.632
103,8,0,28.605,290.558,0.65,434,11.776,467.17,0.417,0.672
104,6,0,28.419,290.395,0.65,435,11.909,461.382,0.413,0.648
105,4,0,28.465,289.488,0.65,430,12.072,457.589,0.406,0.627
106,13,0,28.721,303.279,0.655,435,11.864,470.999,0.415,0.677
107,12,0,28.86,307.93,0.663,442,11.918,476.133,0.419,0.696
108,7,0,29.14,308.14,0.66,447,11.865,488.674,0.422,0.725
109,11,0,29.488,312.605,0.68,453,11.538,505.189,0.43,0.764
110,12,0,29.349,312.605,0.681,459,11.343,513.063,0.436,0.773
111,6,0,29.07,312.628,0.682,459,11.43,506.127,0.436,0.756
112,6,0,28.837,312.0,0.68,461,11.561,499.858,0.433,0.736
113,12,0,23.186,320.674,0.588,469,12.721,412.887,0.449,0.385
114,10,0,23.581,320.674,0.592,472,11.476,425.609,0.455,0.428
115,9,0,24.047,320.744,0.597,474,11.368,433.916,0.453,0.457
116,7,0,24.953,321.953,0.618,473,11.462,448.252,0.45,0.516
117,8,0,25.233,322.512,0.632,475,11.5,455.602,0.45,0.537
118,9,0,25.302,322.512,0.63,481,11.46,461.192,0.455,0.562
119,4,0,26.07,317.023,0.638,478,11.123,473.137,0.454,0.613
120,6,0,26.349,318.186,0.644,478,10.986,481.032,0.456,0.637
121,4,0,26.535,321.256,0.649,475,10.957,484.672,0.452,0.639
122,5,0,27.326,321.256,0.65,471,10.809,497.665,0.451,0.689
123,13,0,27.977,323.814,0.67,477,10.572,519.443,0.456,0.743
124,6,0,28.047,331.86,0.668,481,10.451,518.384,0.459,0.754
125,11,0,20.581,333.837,0.565,488,12.816,357.044,0.462,0.253
126,4,0,21.093,333.837,0.572,486,12.839,366.202,0.459,0.275
127,9,0,21.884,335.14,0.596,486,12.573,380.404,0.458,0.321
128,5,0,22.349,335.233,0.601,487,12.47,386.177,0.456,0.348
129,11,0,22.907,335.233,0.612,492,11.227,399.221,0.457,0.382
130,5,0,22.767,335.233,0.607,492,12.019,396.194,0.459,0.383
131,8,0,23.419,336.209,0.617,491,12.05,408.52,0.457,0.425
132,6,0,23.791,336.302,0.629,492,11.914,415.102,0.456,0.451
133,2,0,23.93,335.395,0.634,488,12.013,411.78,0.45,0.442
134,7,0,23.837,335.395,0.632,494,11.991,412.164,0.453,0.444
135,11,0,24.256,337.326,0.63,500,11.726,421.625,0.459,0.496
136,3,0,24.395,337.326,0.638,497,11.728,423.498,0.457,0.501
137,12,0,24.651,333.047,0.641,505,11.485,435.116,0.463,0.541
138,10,0,24.93,333.186,0.643,506,11.22,445.403,0.465,0.565
139,7,0,25.256,331.349,0.644,503,11.424,445.574,0.463,0.584
140,9,0,25.302,331.674,0.643,509,11.222,449.823,0.468,0.605
141,13,0,19.512,339.0,0.549,516,12.685,336.105,0.47,0.213
142,10,0,20.209,339.0,0.554,515,12.195,351.559,0.474,0.26
143,5,0,20.86,339.0,0.563,512,12.218,363.767,0.472,0.295
144,8,0,20.977,339.442,0.565,515,12.067,372.315,0.476,0.314
145,5,0,21.814,339.442,0.577,511,11.927,386.655,0.471,0.357
146,5,0,21.907,339.442,0.592,508,11.966,383.181,0.467,0.351
147,9,0,23.023,339.442,0.627,512,11.501,414.696,0.473,0.451
148,12,0,24.163,341.349,0.638,515,11.035,438.391,0.477,0.548
149,10,0,24.558,341.953,0.642,520,10.736,456.23,0.484,0.602
150,7,0,24.814,341.581,0.652,520,10.711,455.043,0.484,0.623
151,7,0,24.977,341.581,0.651,516,10.639,461.441,0.485,0.637
152,7,0,25.674,340.93,0.656,510,10.643,469.536,0.481,0.673
153,8,0,19.744,348.093,0.558,510,11.577,357.76,0.48,0.246
154,13,0,20.349,348.093,0.57,520,11.227,382.957,0.486,0.3
155,10,0,21.047,348.116,0.591,524,10.976,400.101,0.489,0.355
156,7,1,21.93,347.512,0.617,525,10.817,425.856,0.491,0.426
157,10,0,22.581,347.512,0.628,531,10.485,446.542,0.497,0.497
158,6,0,22.628,348.953,0.63,531,10.535,448.989,0.498,0.504
159,9,1,23.14,348.953,0.653,534,9.812,470.239,0.506,0.565
160,7,0,23.326,348.953,0.647,536,9.813,470.919,0.505,0.577
161,9,2,23.326,349.0,0.644,541,9.79,475.379,0.507,0.583
162,7,0,23.791,349.0,0.654,543,9.613,489.879,0.508,0.621
163,3,0,24.302,349.0,0.655,542,9.345,500.181,0.507,0.651
164,10,0,25.093,349.047,0.674,544,9.066,519.619,0.51,0.715
165,2,0,20.0,344.0,0.585,542,14.144,399.737,0.514,0.388
166,6,0,20.488,344.0,0.595,545,13.415,412.262,0.514,0.422
167,8,0,21.0,344.0,0.61,548,12.996,425.986,0.519,0.474
168,9,0,21.512,344.465,0.612,553,12.563,439.336,0.526,0.537
169,4,0,22.395,344.0,0.643,548,12.461,455.448,0.524,0.598
170,6,1,22.86,344.0,0.649,548,12.403,468.439,0.522,0.625
171,6,0,23.419,344.0,0.662,547,11.967,480.347,0.521,0.658
172,9,0,24.07,343.837,0.663,548,11.565,492.838,0.525,0.709
173,13,1,24.465,343.837,0.663,554,11.427,501.608,0.529,0.746
174,9,1,25.023,343.93,0.672,561,11.211,520.195,0.536,0.794
175,7,3,25.023,343.93,0.672,559,11.296,518.409,0.533,0.787
176,6,1,25.023,343.93,0.67,560,11.457,523.654,0.535,0.793
177,5,0,25.698,343.93,0.679,558,11.307,531.7,0.528,0.81
178,11,1,26.116,343.93,0.683,559,11.345,541.983,0.528,0.828
179,5,1,26.884,343.512,0.691,551,11.53,547.981,0.517,0.839
180,5,0,27.163,343.512,0.709,553,11.388,551.934,0.519,0.855
181,6,0,21.093,339.628,0.614,551,10.215,441.859,0.508,0.419
182,13,2,21.558,337.744,0.619,555,9.963,460.094,0.513,0.473
183,7,0,22.302,337.744,0.645,556,9.69,476.189,0.514,0.53
184,13,1,22.93,337.744,0.661,566,9.254,499.967,0.522,0.605
185,11,1,23.488,337.86,0.692,572,8.75,512.255,0.531,0.671
186,13,2,23.651,338.209,0.688,577,8.832,510.599,0.531,0.682
187,12,2,24.395,338.209,0.696,579,8.694,523.342,0.53,0.727
188,8,0,22.0,345.512,0.618,582,16.49,450.46,0.536,0.641
189,5,0,22.605,346.07,0.636,582,16.356,470.448,0.538,0.689
190,10,0,23.581,346.07,0.672,579,16.204,488.507,0.537,0.746
191,7,0,24.14,346.07,0.683,579,16.054,499.555,0.539,0.781
192,5,0,24.512,346.07,0.698,577,16.045,504.889,0.536,0.794
193,12,0,24.86,346.07,0.698,580,15.579,513.116,0.537,0.81
194,11,1,20.581,345.093,0.603,582,10.691,426.894,0.531,0.466
195,6,1,20.907,345.093,0.596,580,12.103,432.344,0.528,0.495
196,8,0,21.651,345.093,0.611,580,12.201,439.414,0.526,0.544
197,10,1,22.442,345.093,0.635,581,11.644,456.112,0.533,0.623
198,5,0,23.279,345.093,0.645,578,11.559,468.969,0.529,0.669
199,5,1,23.651,345.093,0.645,575,11.751,476.921,0.527,0.691
200,5,0,24.535,345.093,0.663,573,11.685,492.923,0.523,0.735
201,13,1,25.047,345.465,0.678,581,9.461,509.969,0.529,0.766
202,6,0,21.86,338.907,0.613,579,11.212,439.866,0.54,0.602
203,10,0,22.326,339.698,0.624,584,10.874,448.495,0.548,0.661
204,8,0,23.395,340.093,0.656,581,10.851,468.951,0.541,0.713
205,11,1,24.326,340.093,0.678,583,10.429,493.992,0.542,0.768
206,6,1,24.512,340.047,0.697,584,10.396,497.734,0.544,0.781
207,9,0,24.884,340.047,0.701,588,10.324,508.321,0.544,0.801
208,3,0,25.209,341.372,0.698,583,10.386,512.215,0.54,0.807
209,8,0,25.814,341.372,0.708,584,10.229,524.788,0.544,0.842
210,13,0,21.465,342.767,0.623,590,12.87,424.363,0.545,0.606
211,13,1,22.535,344.977,0.652,594,10.279,455.596,0.55,0.677
212,9,1,23.419,344.977,0.664,593,10.157,474.861,0.549,0.732
213,9,1,24.163,344.977,0.685,591,10.083,493.001,0.547,0.768
214,6,0,21.302,313.093,0.59,593,9.621,416.552,0.551,0.588
215,13,0,22.233,321.07,0.654,598,8.535,441.296,0.557,0.669
216,7,0,22.791,323.837,0.66,601,8.297,458.436,0.563,0.721
217,4,0,23.07,325.512,0.674,600,8.32,458.948,0.562,0.737
218,6,0,23.209,326.953,0.678,600,8.32,458.408,0.561,0.742
219,4,0,23.302,326.953,0.683,600,8.319,459.873,0.56,0.744
220,8,0,24.047,329.233,0.699,601,7.5,475.721,0.558,0.777
221,7,1,25.163,331.209,0.719,597,7.424,492.609,0.553,0.819
222,5,0,25.256,331.07,0.717,595,7.439,498.844,0.551,0.82
223,7,1,21.488,341.767,0.624,594,9.746,425.742,0.544,0.577
224,6,2,22.884,341.767,0.638,585,9.61,440.322,0.535,0.649
225,7,1,23.07,341.767,0.643,586,9.415,449.971,0.536,0.664
226,4,0,23.767,342.023,0.648,585,9.308,461.651,0.533,0.7
227,7,0,24.0,342.023,0.651,590,9.217,468.383,0.536,0.724
228,7,0,24.698,342.0,0.658,585,9.212,482.133,0.535,0.762
229,4,0,25.349,342.0,0.669,576,9.168,483.6,0.53,0.786
230,6,0,25.791,342.0,0.676,579,9.06,493.321,0.533,0.812
231,12,2,26.07,342.0,0.679,581,8.763,500.496,0.541,0.841
232,7,0,26.163,342.047,0.681,580,8.801,495.516,0.54,0.843
233,3,1,26.395,342.0,0.677,576,8.908,493.927,0.533,0.84
234,4,0,26.767,342.0,0.689,576,8.81,503.249,0.533,0.855
235,8,1,21.558,338.791,0.585,578,10.089,429.745,0.537,0.56
236,10,0,22.442,338.791,0.624,582,9.828,447.653,0.537,0.625
237,5,0,22.86,338.791,0.625,582,9.792,451.249,0.536,0.65
238,12,0,24.023,337.535,0.654,582,9.568,477.888,0.539,0.734
239,10,0,24.093,337.535,0.653,585,9.465,485.356,0.543,0.751
240,11,1,24.977,337.535,0.67,580,9.445,505.423,0.538,0.786
241,13,0,25.628,340.163,0.686,584,9.205,525.622,0.54,0.821
242,3,1,26.023,340.163,0.694,575,9.391,531.192,0.533,0.825
243,5,0,21.674,331.233,0.598,569,10.997,437.518,0.526,0.538
244,9,0,22.326,331.07,0.614,572,10.673,456.999,0.531,0.603
245,11,1,23.581,334.186,0.661,577,10.003,489.899,0.546,0.731
246,12,2,23.884,335.14,0.658,581,9.945,497.136,0.55,0.762
247,8,2,24.488,335.14,0.668,582,9.853,509.272,0.549,0.791
248,7,0,25.14,335.186,0.678,581,9.615,517.875,0.548,0.818
249,7,0,25.651,335.233,0.681,581,9.647,522.123,0.544,0.833
250,6,0,25.814,335.233,0.689,580,9.861,524.303,0.54,0.833
251,7,0,26.233,337.0,0.698,581,9.746,541.214,0.542,0.854
252,8,1,26.744,337.698,0.708,583,9.594,547.673,0.542,0.871
253,7,0,21.349,343.535,0.605,581,10.138,427.318,0.54,0.557
254,12,1,22.233,343.767,0.617,582,10.046,445.842,0.539,0.618
255,10,3,23.023,346.419,0.637,587,9.787,460.805,0.542,0.682
256,7,0,23.535,347.395,0.666,591,9.599,475.056,0.551,0.742
257,2,1,24.047,347.395,0.684,587,8.947,483.751,0.546,0.752
258,4,0,24.419,345.605,0.688,584,8.969,486.333,0.542,0.762
259,10,1,25.302,345.744,0.699,580,8.288,505.663,0.54,0.801
260,11,1,22.116,330.395,0.63,584,11.594,440.828,0.546,0.647
261,7,1,23.256,330.395,0.641,580,11.183,468.462,0.545,0.715
262,8,1,23.302,332.744,0.637,581,11.369,467.713,0.545,0.72
263,5,1,23.953,332.744,0.653,577,11.154,476.753,0.54,0.743
264,5,0,24.372,332.744,0.66,574,11.066,484.428,0.54,0.768
265,7,1,25.023,333.233,0.663,572,11.0,500.468,0.539,0.8
266,9,2,25.256,333.442,0.667,576,9.234,509.536,0.539,0.802
267,12,2,25.349,333.233,0.673,580,10.943,512.967,0.541,0.819
268,10,2,25.721,333.907,0.671,583,10.828,525.53,0.543,0.839
269,4,1,26.419,333.907,0.683,581,10.785,540.392,0.539,0.86
270,12,0,21.349,343.558,0.596,587,8.347,448.397,0.545,0.561
271,12,0,22.14,343.558,0.62,594,8.008,459.866,0.554,0.648
272,4,0,22.465,343.372,0.635,591,7.99,463.235,0.551,0.662
273,6,0,22.93,343.372,0.641,591,8.069,469.593,0.55,0.689
274,11,3,23.628,343.372,0.655,591,7.73,480.717,0.547,0.724
275,13,2,24.744,343.372,0.672,594,7.346,503.535,0.551,0.794
276,11,0,20.93,302.0,0.574,600,9.706,412.963,0.553,0.569
277,9,0,22.186,307.186,0.616,602,9.527,436.4,0.552,0.654
278,3,0,23.465,306.349,0.636,596,11.448,452.74,0.545,0.732
279,12,0,24.512,311.512,0.644,599,11.268,471.84,0.547,0.795
280,12,0,25.349,316.884,0.682,605,11.106,489.714,0.553,0.844
281,7,1,25.814,317.465,0.699,607,11.111,498.941,0.551,0.86
282,7,0,26.581,318.442,0.709,603,10.815,515.331,0.55,0.883
283,8,0,26.814,319.791,0.714,607,10.677,521.197,0.55,0.891
284,8,1,27.558,322.698,0.718,606,8.523,540.472,0.551,0.906
285,12,1,22.651,333.907,0.639,609,9.654,452.849,0.548,0.676
286,9,0,23.093,333.767,0.649,610,9.588,458.481,0.547,0.7
287,12,0,24.116,335.233,0.667,616,9.055,485.124,0.551,0.771
288,6,0,24.605,336.256,0.681,615,8.771,496.171,0.549,0.79
289,6,0,25.023,336.256,0.699,618,8.63,507.679,0.554,0.821
290,5,1,25.442,334.349,0.71,616,8.623,513.683,0.551,0.833
291,11,0,25.721,334.349,0.713,621,8.581,522.208,0.55,0.844
292,6,1,26.651,333.0,0.721,614,8.542,536.915,0.544,0.868
293,11,0,27.395,333.651,0.726,618,8.422,548.09,0.544,0.893
294,10,0,22.977,330.721,0.65,622,16.051,461.141,0.556,0.763
295,4,0,23.442,330.721,0.658,621,15.885,471.066,0.553,0.778
296,12,1,23.767,330.721,0.66,621,15.91,473.553,0.553,0.797
297,10,0,24.884,330.721,0.665,617,15.634,489.979,0.546,0.832
298,6,0,25.349,330.721,0.669,617,15.608,496.395,0.542,0.844
299,6,0,25.628,330.721,0.664,616,15.579,502.646,0.539,0.849
300,7,0,22.326,295.372,0.586,614,11.889,439.737,0.541,0.647
301,11,0,23.186,299.419,0.612,618,11.612,464.814,0.548,0.723
302,13,0,24.302,305.721,0.666,622,11.339,491.755,0.55,0.792
303,2,0,24.744,305.721,0.673,615,11.252,497.835,0.544,0.799
304,8,0,25.628,308.442,0.7,609,10.982,519.863,0.543,0.837
305,4,0,25.814,309.326,0.699,610,10.817,527.79,0.543,0.844
306,6,0,26.419,311.419,0.711,610,8.981,543.397,0.545,0.863
307,10,0,26.953,312.419,0.715,615,8.839,560.304,0.549,0.887
308,9,0,28.163,317.0,0.728,613,7.899,581.875,0.546,0.914
309,8,0,21.698,336.326,0.622,617,11.695,458.041,0.546,0.615
310,5,0,22.86,333.837,0.648,610,11.589,479.784,0.541,0.681
311,7,0,23.209,333.837,0.657,610,11.596,484.754,0.539,0.697
312,5,0,23.628,333.837,0.667,604,11.783,486.464,0.535,0.714
313,9,0,24.14,333.837,0.673,608,11.533,504.715,0.539,0.754
314,7,0,25.023,333.791,0.694,606,11.703,510.736,0.534,0.792
315,7,0,25.349,333.674,0.706,609,11.452,523.977,0.54,0.821
316,6,0,22.465,344.814,0.608,607,9.975,450.422,0.539,0.633
317,4,0,23.023,344.814,0.627,601,9.861,459.092,0.536,0.663
318,7,0,23.535,344.814,0.648,602,9.743,464.117,0.533,0.687
319,13,1,24.023,344.814,0.667,610,9.486,478.058,0.534,0.72
320,3,0,24.488,342.233,0.67,603,9.497,484.716,0.53,0.738
321,11,1,25.209,342.744,0.682,608,9.298,493.928,0.534,0.788
322,6,0,25.698,343.023,0.696,610,11.05,502.259,0.535,0.823
323,12,0,22.023,327.698,0.596,614,10.96,442.609,0.542,0.621
324,7,0,22.442,329.14,0.612,617,10.699,450.709,0.548,0.667
325,7,0,23.744,331.721,0.64,617,10.583,473.893,0.546,0.744
326,6,0,24.767,333.186,0.662,611,10.608,488.692,0.54,0.787
327,13,0,25.558,334.116,0.667,617,10.441,504.282,0.541,0.827
328,4,0,26.395,334.558,0.679,614,10.304,521.189,0.54,0.858
329,4,0,27.0,331.581,0.692,606,10.258,524.577,0.532,0.866
330,13,0,28.0,334.419,0.707,612,10.079,560.0,0.536,0.903
331,4,0,28.419,334.419,0.708,606,10.078,564.99,0.532,0.91
332,5,0,22.186,345.674,0.596,605,8.81,439.364,0.532,0.581
333,4,0,23.047,346.442,0.611,604,8.452,456.431,0.53,0.635
334,10,2,23.93,345.512,0.638,605,8.239,476.116,0.531,0.696
335,7,1,24.814,345.512,0.645,604,7.911,493.208,0.528,0.741
336,5,0,25.744,345.651,0.664,601,7.644,514.618,0.529,0.795
337,8,0,26.767,345.651,0.675,600,7.598,537.952,0.53,0.843
338,6,0,27.372,346.279,0.688,599,7.022,552.131,0.531,0.867
339,5,0,27.233,346.279,0.694,592,7.155,543.973,0.524,0.849
340,8,2,22.023,345.07,0.615,591,10.174,431.853,0.525,0.554
341,8,0,23.093,345.256,0.642,593,9.789,462.948,0.527,0.639
342,8,0,24.023,345.256,0.668,592,9.508,477.461,0.527,0.7
343,13,0,22.558,342.186,0.622,594,9.678,435.484,0.539,0.637
344,11,0,23.791,342.186,0.64,594,9.606,454.734,0.532,0.702
345,8,0,24.302,342.186,0.643,597,9.263,476.109,0.538,0.747
346,5,0,24.907,342.186,0.653,593,9.256,476.278,0.533,0.767
347,12,0,24.791,342.953,0.662,601,9.041,487.848,0.541,0.781
348,11,0,25.86,343.419,0.687,605,8.796,513.421,0.544,0.839
349,10,0,26.279,343.279,0.698,607,8.577,524.067,0.546,0.858
350,3,0,27.023,343.116,0.71,601,8.588,534.194,0.541,0.877
351,5,0,27.023,343.116,0.707,600,8.477,538.063,0.543,0.879
352,7,0,27.674,342.372,0.714,599,8.47,551.733,0.54,0.895
353,6,0,28.093,342.372,0.722,601,8.273,571.894,0.543,0.909
354,6,0,28.14,342.372,0.716,603,7.437,575.811,0.544,0.91
355,10,0,21.628,338.488,0.626,605,12.407,453.093,0.541,0.598
356,10,1,22.512,341.256,0.631,603,12.217,467.217,0.538,0.653
357,6,0,23.326,341.256,0.648,602,12.168,484.586,0.533,0.69
358,1,0,23.93,341.14,0.65,596,12.184,488.603,0.526,0.708
359,13,1,24.907,341.233,0.663,597,12.003,512.505,0.525,0.764
360,8,0,24.814,341.233,0.659,603,12.511,517.188,0.529,0.772
361,8,0,25.558,341.233,0.675,603,10.616,531.086,0.525,0.792
362,13,0,22.163,300.884,0.608,607,7.865,440.508,0.535,0.582
363,6,0,22.442,303.674,0.62,606,7.691,447.387,0.536,0.605
364,7,0,23.0,304.233,0.628,606,7.632,457.582,0.534,0.638
365,7,0,24.209,309.116,0.664,604,7.454,479.982,0.528,0.702
366,5,0,24.628,310.488,0.672,605,7.405,488.19,0.528,0.727
367,8,0,25.279,313.535,0.698,604,7.404,504.917,0.527,0.761
368,6,0,26.209,317.744,0.712,601,7.41,516.451,0.524,0.804
369,9,0,27.488,320.023,0.731,596,7.297,542.368,0.524,0.86
370,2,0,28.14,320.023,0.737,590,7.394,542.532,0.517,0.871
371,11,0,28.186,319.349,0.74,594,7.794,537.702,0.516,0.873
372,8,0,21.395,340.744,0.619,597,12.948,417.998,0.518,0.5
373,7,0,21.907,340.744,0.625,598,13.323,425.715,0.514,0.53
374,6,0,22.558,340.744,0.637,594,13.271,435.274,0.511,0.567
375,9,0,21.628,289.279,0.565,597,12.567,441.752,0.523,0.534
376,6,0,22.419,288.977,0.564,596,12.41,451.517,0.523,0.593
377,13,0,22.953,293.093,0.577,603,12.092,465.276,0.529,0.651
378,7,0,23.605,296.395,0.606,603,12.053,481.291,0.53,0.698
379,5,0,24.023,297.767,0.614,600,17.337,483.751,0.526,0.748
380,8,0,24.953,306.465,0.65,600,17.383,514.003,0.531,0.811
381,6,0,25.558,306.465,0.658,595,17.559,521.814,0.523,0.823
382,8,0,26.023,307.488,0.666,597,17.539,531.266,0.524,0.844
383,11,1,26.698,319.302,0.679,593,17.106,555.511,0.528,0.875
384,6,0,22.488,330.791,0.588,594,9.373,436.036,0.53,0.601
385,5,0,22.93,331.767,0.603,593,9.279,444.183,0.531,0.637
386,6,0,23.628,331.953,0.629,590,9.141,462.44,0.529,0.678
387,10,1,24.767,331.628,0.651,589,8.938,488.774,0.528,0.744
388,4,0,20.465,331.767,0.577,591,10.012,394.34,0.527,0.438
389,11,0,21.302,332.302,0.599,594,9.672,419.779,0.531,0.515
390,10,0,22.163,333.814,0.643,597,9.293,442.987,0.534,0.588
391,7,0,22.535,334.721,0.648,596,9.168,452.567,0.535,0.619
392,7,0,22.953,334.721,0.653,598,8.918,467.462,0.538,0.659
393,5,0,23.093,334.86,0.657,596,8.902,469.841,0.537,0.663
394,6,0,23.605,334.86,0.668,596,8.707,476.573,0.535,0.692
395,10,0,24.419,335.465,0.683,597,8.445,490.577,0.537,0.747
396,9,0,24.558,337.512,0.702,603,7.978,510.062,0.547,0.777
397,5,1,25.093,337.512,0.705,597,7.921,517.152,0.541,0.791
398,6,0,25.326,337.372,0.71,598,7.875,518.266,0.541,0.802
399,5,0,20.721,330.953,0.62,593,12.544,435.803,0.534,0.506
400,8,1,21.698,330.814,0.632,591,12.35,453.544,0.531,0.566
401,2,0,22.209,330.814,0.638,587,12.292,458.846,0.527,0.593
402,2,0,22.674,330.814,0.648,585,12.053,462.809,0.524,0.613
403,9,0,23.093,330.814,0.649,587,11.723,475.873,0.526,0.649
404,7,1,23.674,330.814,0.66,583,11.539,491.611,0.525,0.685
405,12,2,24.744,330.814,0.67,586,11.355,516.392,0.526,0.754
406,8,0,20.558,291.302,0.571,584,12.062,399.576,0.527,0.462
407,6,0,20.93,295.395,0.585,589,11.74,409.212,0.534,0.513
408,6,0,22.372,299.674,0.629,581,11.582,434.177,0.529,0.605
409,11,0,23.116,302.349,0.647,585,11.509,458.394,0.533,0.671
410,4,0,23.349,303.93,0.654,587,11.411,465.236,0.535,0.694
411,13,2,24.279,305.791,0.663,587,11.349,477.348,0.532,0.742
412,3,0,25.093,305.907,0.676,577,11.353,486.355,0.524,0.768
413,6,0,25.628,312.977,0.69,577,11.193,502.389,0.529,0.806
414,5,0,25.721,313.279,0.69,582,11.019,508.572,0.532,0.817
415,9,0,26.791,313.279,0.697,582,10.967,523.778,0.534,0.865
416,12,1,19.163,336.465,0.587,591,10.491,384.522,0.545,0.407
417,13,0,19.884,336.465,0.606,596,10.095,400.051,0.55,0.48
418,5,0,20.744,335.605,0.627,590,10.081,409.553,0.54,0.507
419,6,0,21.395,336.116,0.635,588,9.908,421.005,0.536,0.541
420,2,0,22.047,333.512,0.628,579,10.074,428.021,0.527,0.561
421,4,1,22.279,333.093,0.634,576,10.073,427.771,0.524,0.568
422,6,0,23.07,333.465,0.647,570,9.937,444.434,0.519,0.611
423,7,0,23.488,338.349,0.65,566,9.795,450.665,0.52,0.641
424,5,0,24.326,338.349,0.659,555,9.792,464.805,0.511,0.67
425,6,0,20.326,341.884,0.582,557,12.777,398.15,0.509,0.387
426,11,0,21.047,341.465,0.601,560,10.825,414.887,0.509,0.423
427,13,0,22.116,341.326,0.632,567,10.387,441.871,0.514,0.521
428,9,0,22.302,341.326,0.631,571,10.171,448.12,0.519,0.552
429,9,0,23.233,341.326,0.643,575,9.977,472.76,0.521,0.627
430,4,0,24.535,341.326,0.657,568,10.025,485.694,0.505,0.668
431,13,0,25.419,341.465,0.68,576,8.852,513.93,0.509,0.729
432,7,0,21.605,343.349,0.585,574,10.509,430.347,0.501,0.435
433,12,0,22.163,343.465,0.602,581,9.953,456.113,0.507,0.497
434,10,0,22.814,343.465,0.62,583,9.609,477.567,0.51,0.553
435,10,0,23.512,344.698,0.643,590,8.547,498.7,0.517,0.624
436,9,0,24.744,346.535,0.667,588,9.087,513.195,0.511,0.695
437,11,0,25.209,346.605,0.67,589,8.833,520.721,0.515,0.733
438,10,0,26.186,346.605,0.688,591,8.68,543.747,0.511,0.779
439,6,0,26.721,346.605,0.71,592,8.434,557.261,0.514,0.812
440,13,0,27.047,346.837,0.711,598,8.328,564.189,0.516,0.831
441,5,0,27.233,346.837,0.713,596,8.411,563.356,0.514,0.834
442,3,0,28.116,346.837,0.714,589,8.423,586.644,0.511,0.864
443,4,0,25.814,336.279,0.612,587,9.158,550.51,0.512,0.763
444,7,0,26.093,336.279,0.635,587,9.073,551.04,0.511,0.776
445,5,0,26.884,336.279,0.646,581,9.145,561.692,0.501,0.792
446,6,0,27.395,336.279,0.651,577,9.12,575.07,0.501,0.818
447,4,0,28.07,336.023,0.674,572,9.053,586.73,0.498,0.841
448,7,0,28.442,336.023,0.68,575,8.833,596.895,0.501,0.86
449,11,0,28.488,339.512,0.686,578,8.588,605.803,0.507,0.871
450,4,0,28.907,339.767,0.689,574,8.612,608.407,0.502,0.877
451,7,0,29.279,339.767,0.706,575,8.592,615.948,0.504,0.892
452,5,0,29.512,339.767,0.705,572,8.497,619.8,0.501,0.894
453,5,0,30.209,339.767,0.703,562,8.627,625.4,0.492,0.902
454,8,0,22.814,334.581,0.603,569,10.273,457.455,0.497,0.513
455,11,0,23.744,334.419,0.639,576,9.604,477.953,0.507,0.614
456,8,0,24.349,334.814,0.649,571,9.561,479.178,0.505,0.65
457,9,0,25.023,335.419,0.66,573,9.414,486.006,0.504,0.694
458,10,0,25.535,335.419,0.679,573,9.257,498.182,0.506,0.731
459,11,0,20.698,305.512,0.552,578,10.215,413.48,0.516,0.417
460,5,0,21.395,308.14,0.566,577,9.942,428.19,0.516,0.468
461,5,0,22.512,309.651,0.597,574,9.726,443.704,0.512,0.54
462,8,0,22.698,310.558,0.609,578,9.498,452.297,0.518,0.573
463,11,0,23.535,313.163,0.637,585,9.144,481.362,0.524,0.654
464,13,0,24.279,315.233,0.652,592,8.884,501.972,0.53,0.722
465,12,0,21.256,345.605,0.559,593,9.847,448.832,0.531,0.512
466,7,0,21.535,345.465,0.561,597,9.73,456.689,0.533,0.541
467,11,0,22.558,345.465,0.591,599,9.478,482.576,0.535,0.622
468,13,0,23.86,344.791,0.618,605,9.225,519.366,0.534,0.71
469,9,0,20.837,340.86,0.533,606,11.522,463.207,0.541,0.53
470,7,0,21.302,344.14,0.556,608,11.147,475.319,0.544,0.574
471,12,1,22.605,345.0,0.593,608,10.835,508.955,0.548,0.679
472,9,1,23.395,346.837,0.625,612,10.439,529.008,0.552,0.741
473,13,0,24.93,347.907,0.669,617,10.1,564.708,0.552,0.82
474,5,0,24.977,347.953,0.673,615,10.062,564.746,0.552,0.821
475,9,0,25.767,347.953,0.678,617,9.859,582.244,0.554,0.858
476,13,0,21.209,326.233,0.598,622,8.136,452.053,0.554,0.578
477,8,0,22.233,326.651,0.615,624,7.837,485.467,0.556,0.661
478,11,0,23.233,329.326,0.638,626,7.359,515.85,0.56,0.735
479,10,0,23.558,330.605,0.658,634,7.102,529.576,0.568,0.773
480,11,0,24.279,330.907,0.674,632,6.948,548.981,0.568,0.809
481,13,1,25.605,332.698,0.702,635,6.789,582.489,0.572,0.872
482,5,0,26.023,334.302,0.71,632,6.628,598.939,0.572,0.885
483,9,0,21.14,330.047,0.605,636,15.373,470.65,0.585,0.729
484,9,0,21.605,330.047,0.62,641,15.255,484.229,0.587,0.764
485,4,0,22.581,329.814,0.639,637,15.206,501.895,0.581,0.798
486,4,0,23.0,330.047,0.642,633,15.195,509.612,0.578,0.812
487,12,1,23.488,330.047,0.659,639,10.052,520.094,0.581,0.817
488,13,2,23.86,330.047,0.661,646,9.876,536.985,0.588,0.847
489,12,3,24.767,330.209,0.691,648,9.715,564.966,0.592,0.885
490,9,1,25.326,330.744,0.7,645,9.746,567.103,0.585,0.892
491,5,0,26.209,330.744,0.711,639,9.727,584.278,0.581,0.911
492,10,1,26.581,330.744,0.716,641,9.65,596.588,0.582,0.922
493,5,0,26.907,330.744,0.718,638,14.669,596.686,0.578,0.935
494,7,1,27.581,330.744,0.724,638,14.71,610.17,0.574,0.944
495,7,0,28.0,331.279,0.725,640,14.723,618.749,0.573,0.95
496,10,0,22.837,312.86,0.645,641,9.362,478.962,0.569,0.749
497,11,0,24.14,317.256,0.68,642,9.317,502.837,0.563,0.803
498,3,0,24.558,321.302,0.684,637,9.271,515.563,0.563,0.822
499,9,0,24.884,323.419,0.687,641,8.954,527.921,0.567,0.844
500,12,2,25.558,324.256,0.703,645,7.636,547.737,0.569,0.869
501,4,1,26.116,328.86,0.715,637,6.887,565.24,0.565,0.878
502,6,0,20.837,318.93,0.627,640,9.772,455.184,0.576,0.643
503,6,0,21.721,322.209,0.65,637,9.6,472.973,0.575,0.697
504,6,0,22.419,323.186,0.667,635,9.438,487.752,0.574,0.737
505,8,0,23.186,323.674,0.688,637,9.234,507.821,0.578,0.79
506,9,0,24.86,327.163,0.732,637,9.02,555.575,0.577,0.862
507,9,1,21.0,331.558,0.631,642,6.71,464.017,0.577,0.633
508,12,2,22.116,334.884,0.654,644,6.35,491.409,0.58,0.717
509,6,0,23.279,335.372,0.668,641,6.21,525.808,0.575,0.772
510,3,1,23.698,335.233,0.682,630,6.41,527.108,0.564,0.765
511,3,1,23.93,335.233,0.689,626,6.689,526.503,0.559,0.767
512,13,1,25.093,335.233,0.698,627,6.592,550.884,0.558,0.823
513,8,1,25.558,335.233,0.695,623,6.687,557.374,0.55,0.829
514,9,0,22.302,339.442,0.604,625,7.951,470.642,0.557,0.669
515,13,2,23.558,339.488,0.644,625,7.552,496.604,0.557,0.746
516,10,1,24.791,339.395,0.667,623,7.364,526.6,0.556,0.808
517,12,0,25.209,339.395,0.675,629,7.178,541.573,0.562,0.839
518,9,0,25.581,339.395,0.679,633,7.252,546.754,0.561,0.852
519,4,0,26.209,337.047,0.691,631,7.261,558.365,0.555,0.866
520,6,0,26.628,334.302,0.696,629,7.092,566.601,0.555,0.88
521,10,0,22.884,332.047,0.623,629,11.37,497.744,0.547,0.7
522,7,0,23.535,332.0,0.649,630,11.156,516.923,0.55,0.748
523,6,1,24.326,332.116,0.658,624,11.174,533.588,0.545,0.78
524,8,2,25.302,332.116,0.678,621,11.11,547.272,0.541,0.819
525,11,0,25.698,331.535,0.692,624,10.922,556.657,0.548,0.848
526,9,0,22.116,300.349,0.607,626,7.667,455.626,0.56,0.663
527,10,0,23.698,305.953,0.654,622,7.329,489.137,0.553,0.743
528,7,0,24.349,307.674,0.667,623,7.155,502.358,0.555,0.783
529,7,0,24.721,309.465,0.665,626,7.01,523.228,0.56,0.813
530,2,0,25.0,309.651,0.67,624,7.003,529.433,0.559,0.823
531,8,0,25.465,310.86,0.683,624,6.961,540.615,0.557,0.839
532,8,0,26.209,312.14,0.702,625,6.903,558.847,0.557,0.868
533,7,0,26.395,314.233,0.706,627,6.792,564.824,0.561,0.881
534,11,2,26.953,321.093,0.707,632,6.575,585.738,0.569,0.907
535,11,2,27.302,323.953,0.723,633,6.245,597.007,0.569,0.915
536,7,1,27.698,326.0,0.73,631,6.311,600.673,0.568,0.924
537,4,0,28.279,326.0,0.732,623,6.335,605.271,0.563,0.931
538,10,5,28.372,326.0,0.733,625,6.297,603.501,0.564,0.933
539,9,2,28.698,326.0,0.73,625,6.333,603.841,0.561,0.937
540,7,0,21.698,338.186,0.617,625,10.813,457.9,0.557,0.648
541,9,0,22.349,338.186,0.636,625,10.656,474.735,0.557,0.692
542,10,1,23.326,339.093,0.654,628,10.458,496.647,0.563,0.766
543,8,1,23.512,339.279,0.67,632,8.549,507.283,0.565,0.772
544,7,1,23.93,339.326,0.68,635,8.468,518.248,0.568,0.799
545,7,2,24.093,339.326,0.684,635,8.303,527.802,0.568,0.807
546,8,1,24.721,339.372,0.691,630,8.391,533.575,0.56,0.82
547,11,2,24.581,339.209,0.698,633,8.397,531.809,0.559,0.811
548,6,2,24.953,339.209,0.701,631,8.508,534.194,0.556,0.822
549,8,3,26.163,339.256,0.716,622,8.606,550.064,0.541,0.845
550,8,1,26.674,339.442,0.718,622,8.576,558.325,0.538,0.858
551,2,0,27.512,339.884,0.73,614,8.606,570.112,0.531,0.876
552,8,0,20.977,339.116,0.627,615,11.08,425.904,0.524,0.475
553,6,0,21.395,339.116,0.634,615,10.903,433.27,0.525,0.51
554,10,1,22.651,340.047,0.657,612,10.549,468.208,0.529,0.619
555,6,1,23.349,339.395,0.667,608,10.488,478.499,0.524,0.651
556,9,1,23.884,341.884,0.668,609,10.476,484.077,0.524,0.688
557,9,3,24.256,342.07,0.678,611,10.279,497.723,0.526,0.717
558,12,2,25.186,342.395,0.695,610,10.082,511.626,0.521,0.757
559,3,0,25.465,342.395,0.696,609,10.033,519.005,0.521,0.773
560,8,0,26.116,342.395,0.704,612,9.641,539.178,0.525,0.813
561,11,0,20.907,343.093,0.624,618,8.643,418.99,0.538,0.501
562,5,0,21.279,343.093,0.643,619,8.516,424.615,0.54,0.537
563,9,0,22.349,341.93,0.655,616,8.175,444.993,0.537,0.606
564,4,0,22.674,341.884,0.663,614,7.824,452.147,0.537,0.626
565,13,2,23.791,341.884,0.674,617,8.075,471.793,0.538,0.707
566,13,1,24.395,341.884,0.686,619,7.872,496.7,0.543,0.759
567,5,0,24.744,341.884,0.687,618,7.793,498.815,0.542,0.775
568,11,0,25.023,341.953,0.69,623,7.68,509.566,0.543,0.792
569,3,2,25.558,341.953,0.697,614,7.722,512.262,0.535,0.8
570,12,1,26.651,341.953,0.714,619,7.516,541.59,0.539,0.856
571,9,0,23.07,337.07,0.631,622,11.103,466.738,0.539,0.686
572,7,0,23.465,337.047,0.636,626,10.87,480.628,0.545,0.728
573,10,0,23.698,337.047,0.642,634,10.684,495.094,0.552,0.761
574,5,2,24.116,337.419,0.656,628,10.694,498.58,0.551,0.781
575,9,3,24.349,337.419,0.665,629,10.654,504.599,0.551,0.793
576,8,1,25.326,336.884,0.685,624,10.691,521.849,0.541,0.818
577,6,0,25.977,336.605,0.696,619,10.553,531.944,0.538,0.84
578,9,1,26.047,340.326,0.688,622,10.451,529.391,0.542,0.849
579,7,0,27.302,342.744,0.704,623,9.908,554.662,0.543,0.893
580,6,0,21.419,333.326,0.579,625,9.645,445.363,0.554,0.608
581,6,0,22.07,339.233,0.599,626,9.274,459.23,0.554,0.651
582,7,0,23.07,340.488,0.621,621,9.237,467.113,0.543,0.684
583,13,0,23.767,341.0,0.642,630,7.936,497.509,0.552,0.748
584,5,0,25.07,341.093,0.656,621,7.421,524.098,0.547,0.803
585,13,0,26.349,342.535,0.679,622,7.091,544.488,0.549,0.861
586,10,0,27.093,342.535,0.687,625,6.596,566.806,0.552,0.889
587,11,0,27.698,343.07,0.709,626,6.344,582.029,0.558,0.913
588,11,0,28.744,345.047,0.739,628,6.011,605.029,0.56,0.936
589,7,0,21.047,339.581,0.631,630,8.948,433.246,0.563,0.605
590,3,0,22.395,339.581,0.659,623,9.024,452.652,0.548,0.654
591,5,0,23.233,339.581,0.676,619,8.941,472.723,0.544,0.696
592,9,1,23.884,339.581,0.683,616,9.042,479.873,0.544,0.738
593,5,0,23.209,334.814,0.604,611,15.118,441.169,0.536,0.712
594,12,0,24.605,335.395,0.64,612,10.578,469.912,0.537,0.77
595,13,0,25.628,335.395,0.664,620,10.218,490.708,0.546,0.84
596,10,0,26.744,343.605,0.674,617,10.128,512.675,0.541,0.872
597,12,0,27.209,345.116,0.683,623,9.852,526.49,0.547,0.896
598,7,0,27.767,345.302,0.694,621,8.522,532.375,0.546,0.905
599,9,0,28.558,346.558,0.704,618,8.332,547.758,0.539,0.917
600,12,0,28.814,346.558,0.706,621,8.337,550.981,0.537,0.92
601,6,0,29.233,346.558,0.709,624,8.279,558.338,0.536,0.928
602,12,0,30.07,346.698,0.722,622,8.498,571.151,0.531,0.94
603,11,0,23.233,344.07,0.625,628,8.584,454.253,0.53,0.649
604,11,0,24.581,344.07,0.672,628,8.251,484.01,0.529,0.732
605,8,0,24.953,344.07,0.68,632,8.255,496.306,0.531,0.759
606,8,0,25.512,344.07,0.69,633,8.008,507.342,0.535,0.798
607,10,0,25.884,344.07,0.705,638,7.832,520.269,0.539,0.824
608,6,0,23.651,341.07,0.635,633,11.34,463.951,0.538,0.722
609,6,2,24.488,343.628,0.656,632,9.416,489.677,0.538,0.759
610,5,1,25.419,343.628,0.681,627,8.674,502.749,0.533,0.792
611,13,6,25.884,343.86,0.691,626,8.549,510.819,0.533,0.814
612,13,2,26.163,343.86,0.703,632,8.42,514.39,0.539,0.839
613,6,0,26.907,343.86,0.712,626,8.31,527.687,0.534,0.86
614,8,0,21.372,299.558,0.596,629,11.601,409.372,0.535,0.551
615,9,0,22.488,305.349,0.634,628,11.424,429.66,0.533,0.628
616,3,0,22.791,305.349,0.637,624,9.827,437.044,0.532,0.634
617,5,0,23.442,306.581,0.648,624,9.71,454.366,0.534,0.684
618,9,0,23.93,307.023,0.653,626,9.621,465.465,0.535,0.717
619,11,0,24.907,312.093,0.69,628,9.465,488.289,0.536,0.777
620,11,0,24.953,315.163,0.702,634,9.374,495.545,0.54,0.791
621,8,0,25.512,318.186,0.717,636,9.28,508.641,0.54,0.817
622,7,0,25.837,321.0,0.724,635,9.242,514.764,0.541,0.833
623,8,0,26.535,321.814,0.725,635,9.228,526.097,0.539,0.857
624,9,0,27.279,327.698,0.744,638,8.069,542.647,0.54,0.881
625,6,0,27.558,327.698,0.747,636,8.077,548.13,0.537,0.886
626,9,0,28.0,330.442,0.751,641,7.994,558.884,0.54,0.902
627,8,0,28.698,330.442,0.757,641,8.021,570.474,0.538,0.919
628,7,0,29.209,330.093,0.757,640,7.893,575.747,0.535,0.926
629,5,0,28.977,330.093,0.756,635,7.999,565.262,0.529,0.915
630,10,0,29.721,332.721,0.758,638,7.785,576.303,0.53,0.931
631,7,0,23.535,334.488,0.659,635,11.02,461.71,0.529,0.684
632,9,0,24.651,335.581,0.673,636,10.739,488.166,0.533,0.763
633,7,1,21.907,332.767,0.592,634,10.025,410.135,0.533,0.571
634,4,1,22.512,332.767,0.605,631,9.882,423.125,0.53,0.605
635,5,0,23.116,332.767,0.625,630,9.46,437.294,0.532,0.653
636,5,0,23.535,332.651,0.639,627,9.397,443.944,0.526,0.663
637,12,0,24.581,333.047,0.655,632,8.555,475.704,0.532,0.744
638,4,1,25.279,333.953,0.659,626,8.679,489.788,0.529,0.777
639,9,0,21.907,339.163,0.579,627,10.666,460.067,0.535,0.584
640,0,0,22.209,337.256,0.578,616,10.862,461.618,0.529,0.588
641,8,0,22.86,337.256,0.588,619,10.544,475.191,0.535,0.654
642,6,0,23.558,337.256,0.588,615,10.5,487.249,0.53,0.684
643,1,0,23.605,337.209,0.59,613,10.54,489.354,0.529,0.684
644,8,0,23.744,335.721,0.587,618,10.469,494.58,0.533,0.705
645,4,1,23.86,335.814,0.595,617,10.374,499.012,0.53,0.705
646,6,0,24.721,335.605,0.623,613,10.127,522.486,0.537,0.773
647,7,0,25.0,335.744,0.634,616,10.103,525.627,0.537,0.79
648,5,0,25.302,335.605,0.64,615,10.058,532.739,0.535,0.798
649,6,0,25.907,335.605,0.643,612,9.983,538.423,0.534,0.824
650,13,0,26.698,335.605,0.666,618,9.745,557.63,0.537,0.863
651,9,3,27.628,335.605,0.674,612,9.669,574.158,0.534,0.889
652,7,1,27.721,335.977,0.673,613,9.599,577.078,0.535,0.893
653,4,1,28.93,335.977,0.686,608,9.556,595.666,0.526,0.914
654,8,0,22.023,321.047,0.577,610,8.249,408.196,0.528,0.547
655,9,0,22.767,319.442,0.602,611,7.889,438.751,0.53,0.61
656,10,0,23.093,319.372,0.605,616,7.759,452.904,0.536,0.653
657,11,1,23.744,320.442,0.628,618,7.625,473.341,0.536,0.697
658,10,0,24.674,323.721,0.655,622,7.421,493.165,0.54,0.764
659,10,0,25.791,328.674,0.679,622,7.145,526.039,0.541,0.822
660,8,0,25.791,330.953,0.677,628,6.654,527.851,0.546,0.829
661,11,1,26.488,331.442,0.688,627,6.583,542.767,0.544,0.854
662,13,0,27.233,331.907,0.696,631,6.177,561.214,0.542,0.877
663,13,0,27.93,336.047,0.729,638,5.84,589.506,0.552,0.91
664,8,0,28.581,336.326,0.739,634,5.932,596.489,0.547,0.92
665,5,0,28.907,336.558,0.749,632,6.311,593.079,0.542,0.923
666,7,0,29.442,337.302,0.756,629,6.28,601.378,0.542,0.934
667,9,0,29.953,336.884,0.758,632,5.883,609.896,0.547,0.946
668,7,0,30.116,340.233,0.76,628,5.836,601.195,0.539,0.943
669,11,0,30.14,340.233,0.761,634,5.701,605.998,0.544,0.946
670,9,0,30.256,340.326,0.765,637,5.624,613.566,0.545,0.949
671,4,0,30.721,340.814,0.771,632,5.666,616.742,0.538,0.951
672,5,1,23.814,346.093,0.657,629,8.021,500.702,0.526,0.673
673,8,1,24.326,346.093,0.668,628,7.836,517.68,0.528,0.711
674,9,0,23.395,333.07,0.589,628,8.328,438.542,0.534,0.671
675,6,0,24.047,332.512,0.61,628,7.974,454.659,0.534,0.711
676,8,0,24.814,326.349,0.635,620,7.983,469.245,0.528,0.741
677,12,0,25.651,319.767,0.649,622,7.934,473.29,0.526,0.783
678,10,0,26.349,320.628,0.657,623,7.827,489.275,0.527,0.821
679,9,0,27.512,324.372,0.678,623,7.499,515.959,0.527,0.866
680,8,0,28.116,324.581,0.684,618,7.388,527.43,0.526,0.885
681,4,0,28.721,325.651,0.688,616,7.346,540.011,0.524,0.9
682,13,0,29.628,328.047,0.712,623,6.871,559.294,0.528,0.925
683,5,0,29.605,329.86,0.724,623,6.782,566.968,0.533,0.929
684,13,0,22.349,338.163,0.639,628,8.725,451.765,0.534,0.6
685,13,1,23.116,339.837,0.662,633,8.426,475.255,0.542,0.678
686,12,1,23.698,339.837,0.682,639,8.28,491.456,0.545,0.725
687,3,0,24.163,339.837,0.683,637,8.25,500.86,0.543,0.748
688,10,0,22.023,337.651,0.578,638,11.95,443.926,0.536,0.606
689,8,0,22.628,337.651,0.593,637,11.788,451.9,0.532,0.637
690,5,0,22.907,337.907,0.601,636,11.646,458.903,0.534,0.661
691,11,0,24.512,337.907,0.643,634,11.26,492.922,0.529,0.748
692,6,0,25.093,338.047,0.657,637,11.034,507.937,0.534,0.791
693,4,0,25.186,338.047,0.658,634,11.121,512.292,0.532,0.79
694,8,0,22.256,345.256,0.598,630,8.093,459.888,0.535,0.591
695,13,0,23.233,345.907,0.646,639,7.595,496.466,0.545,0.691
696,5,0,23.698,345.907,0.666,635,7.606,503.947,0.542,0.71
697,8,0,24.674,345.907,0.684,632,6.92,534.952,0.541,0.764
698,4,0,25.0,345.907,0.687,630,6.922,539.436,0.538,0.773
699,9,0,25.465,345.767,0.695,632,6.932,543.08,0.537,0.795
700,5,0,25.791,345.767,0.7,631,6.913,546.025,0.535,0.807
701,4,0,26.023,345.767,0.7,629,7.212,543.557,0.532,0.813
702,5,0,26.605,345.767,0.714,621,7.322,548.69,0.523,0.819
703,7,1,20.86,347.93,0.616,620,10.493,429.622,0.516,0.432
704,6,0,21.884,348.047,0.618,619,10.32,451.643,0.514,0.502
705,11,0,23.023,348.047,0.634,618,9.896,481.775,0.515,0.59
706,5,0,23.302,348.093,0.642,615,9.825,479.216,0.512,0.602
707,6,0,23.698,344.907,0.645,612,9.771,481.438,0.509,0.618
708,11,0,21.953,339.395,0.578,616,14.49,426.56,0.506,0.514
709,8,0,22.419,339.419,0.573,619,14.24,436.215,0.508,0.553
710,10,0,22.93,339.419,0.574,623,13.996,452.043,0.512,0.606
711,8,0,23.767,339.419,0.608,624,13.718,469.551,0.518,0.683
712,4,0,24.093,339.395,0.609,619,13.716,472.169,0.517,0.701
713,6,0,24.651,337.233,0.628,616,13.562,487.173,0.518,0.738
714,9,1,25.349,337.233,0.629,616,13.423,499.279,0.513,0.766
715,13,1,26.14,343.93,0.644,618,10.626,518.738,0.518,0.804
716,9,2,26.279,343.93,0.649,623,10.497,520.629,0.522,0.818
717,7,2,26.093,343.93,0.645,618,10.632,514.161,0.518,0.8
718,8,0,26.628,344.488,0.651,617,10.744,522.923,0.513,0.816
719,9,1,27.326,344.349,0.662,617,10.637,543.033,0.513,0.846
720,6,0,28.535,344.349,0.669,610,10.595,559.724,0.508,0.881
721,6,0,28.767,344.395,0.664,604,10.648,558.084,0.503,0.881
722,9,0,29.256,344.791,0.673,602,10.295,570.28,0.503,0.895
723,9,0,29.698,344.814,0.668,605,9.187,578.261,0.507,0.91
724,6,0,29.837,344.814,0.68,602,8.847,581.064,0.504,0.908
725,5,0,21.0,346.419,0.583,600,11.396,386.838,0.505,0.41
726,10,1,21.977,346.605,0.597,603,11.03,413.36,0.51,0.502
727,5,0,22.628,347.791,0.611,605,10.807,427.508,0.511,0.553
728,10,0,22.907,347.93,0.625,610,10.654,436.416,0.517,0.595
729,6,1,23.628,347.93,0.641,609,10.43,442.831,0.516,0.643
730,8,0,24.14,347.93,0.65,611,10.214,456.005,0.514,0.671
731,11,1,24.465,347.93,0.65,613,10.071,467.298,0.516,0.7
732,5,1,24.419,347.93,0.653,612,10.175,461.272,0.514,0.691
733,13,0,25.233,347.93,0.655,616,9.79,487.93,0.519,0.754
734,6,0,25.884,347.93,0.661,615,9.793,499.343,0.515,0.778
735,7,0,26.209,347.558,0.652,613,9.669,506.637,0.514,0.792
736,6,0,27.047,347.558,0.663,606,9.601,520.694,0.509,0.821
737,9,0,21.372,341.907,0.566,610,9.118,434.582,0.519,0.472
738,6,0,22.116,341.907,0.59,612,8.182,462.723,0.524,0.542
739,12,1,23.256,341.674,0.615,612,7.994,483.769,0.521,0.614
740,5,0,23.442,341.674,0.628,612,8.029,488.901,0.522,0.631
741,8,0,24.372,344.093,0.639,607,7.867,504.247,0.518,0.682
742,6,0,24.884,344.186,0.65,604,7.798,518.204,0.517,0.712
743,10,0,25.535,344.186,0.652,604,7.694,528.288,0.513,0.742
744,6,0,23.512,347.791,0.562,600,11.061,457.583,0.51,0.62
745,5,0,23.698,347.791,0.571,601,10.893,467.515,0.513,0.641
746,9,0,24.395,347.651,0.579,600,10.817,482.871,0.513,0.689
747,5,0,24.628,347.721,0.588,597,10.859,488.116,0.511,0.698
748,13,1,25.279,347.721,0.625,602,10.402,511.882,0.522,0.767
749,5,0,25.837,347.651,0.633,598,10.313,517.287,0.519,0.789
750,7,0,26.488,347.349,0.65,598,10.218,534.734,0.52,0.823
751,11,0,27.047,347.349,0.663,603,9.988,552.455,0.526,0.857
752,13,1,27.535,347.349,0.675,608,9.849,564.093,0.531,0.882
753,8,0,27.977,347.349,0.691,606,9.741,582.619,0.533,0.898
754,9,0,28.116,347.349,0.698,608,9.698,587.59,0.536,0.905
755,13,0,22.721,341.605,0.611,607,8.038,463.766,0.536,0.629
756,9,0,23.791,341.581,0.626,605,7.846,487.999,0.535,0.698
757,9,0,24.628,339.0,0.645,601,7.636,500.914,0.534,0.745
758,5,0,25.349,338.884,0.658,595,7.737,503.452,0.524,0.762
759,8,0,25.744,338.977,0.671,593,7.696,513.612,0.522,0.777
760,8,0,26.256,338.977,0.667,593,7.691,519.512,0.52,0.798
761,9,0,27.047,343.814,0.675,594,7.665,526.729,0.52,0.836
762,13,0,22.419,340.116,0.584,601,8.925,423.09,0.517,0.545
763,13,0,23.256,340.116,0.616,604,8.902,451.187,0.523,0.63
764,5,0,23.814,334.674,0.627,600,9.723,452.955,0.515,0.648
765,9,0,24.279,335.279,0.645,600,9.475,458.582,0.516,0.682
766,9,1,25.628,335.349,0.665,600,9.125,496.078,0.519,0.771
767,10,1,26.302,335.349,0.675,601,9.038,505.419,0.52,0.807
768,4,0,26.395,335.349,0.674,598,9.083,509.412,0.515,0.802
769,7,0,21.023,336.349,0.584,603,10.925,431.57,0.519,0.459
770,9,2,21.628,336.558,0.596,602,10.751,443.945,0.52,0.507
771,11,0,22.465,336.186,0.619,607,10.508,461.46,0.523,0.581
772,6,0,22.86,336.209,0.619,608,10.435,465.705,0.521,0.605
773,8,1,23.605,336.14,0.634,606,10.268,477.496,0.52,0.652
774,5,0,24.209,336.14,0.646,607,10.082,493.042,0.52,0.695
775,9,0,24.488,336.186,0.653,605,9.394,496.352,0.516,0.696
776,8,0,22.465,337.07,0.536,609,8.726,440.601,0.53,0.592
777,13,1,23.07,337.465,0.575,615,8.433,459.31,0.533,0.645
778,9,1,23.395,337.465,0.588,619,8.345,471.072,0.536,0.679
779,4,0,23.814,337.605,0.603,619,8.222,486.694,0.537,0.707
780,8,0,24.605,338.14,0.634,617,8.089,500.098,0.534,0.748
781,6,1,25.0,335.0,0.641,616,8.002,500.959,0.532,0.764
782,11,0,25.698,335.0,0.642,619,7.903,511.781,0.532,0.8
783,7,1,26.488,335.674,0.666,616,7.734,529.538,0.53,0.833
784,8,0,26.953,335.86,0.686,618,7.579,536.382,0.535,0.86
785,12,1,27.279,337.256,0.688,626,7.37,544.989,0.541,0.88
786,13,0,27.651,337.256,0.703,631,7.181,558.615,0.544,0.895
787,5,0,27.721,337.256,0.704,627,7.249,558.404,0.539,0.891
788,13,0,28.465,336.628,0.703,618,7.21,565.281,0.533,0.903
789,8,0,28.791,336.953,0.703,619,7.142,578.016,0.535,0.915
790,10,1,22.279,326.279,0.613,617,8.519,447.406,0.529,0.573
791,10,0,23.465,327.442,0.651,618,8.215,477.66,0.531,0.666
792,7,0,24.628,332.907,0.661,611,8.056,496.755,0.526,0.727
793,4,1,24.907,332.907,0.663,605,8.047,500.187,0.525,0.738
794,8,0,25.395,333.163,0.67,604,7.972,505.706,0.521,0.757
795,12,2,26.047,333.349,0.681,610,7.58,523.747,0.53,0.811
796,9,4,26.419,333.535,0.687,609,7.66,524.865,0.529,0.826
797,8,0,26.791,333.442,0.695,611,7.688,534.421,0.531,0.847
798,9,2,27.558,333.488,0.698,610,7.548,551.785,0.529,0.872
799,8,1,28.326,333.488,0.704,608,7.498,557.256,0.521,0.884
800,8,0,21.884,330.581,0.567,611,8.429,447.877,0.527,0.536
801,8,0,22.233,331.047,0.578,615,8.364,455.647,0.529,0.568
802,8,0,22.605,331.535,0.585,617,8.171,466.924,0.532,0.605
803,3,0,23.209,332.767,0.605,611,8.071,470.381,0.527,0.634
804,9,0,23.86,332.767,0.618,614,7.928,491.862,0.532,0.692
805,10,0,25.349,333.372,0.637,613,7.698,520.155,0.53,0.776
806,10,1,25.791,333.372,0.656,615,7.539,536.439,0.536,0.813
807,6,1,26.605,333.093,0.672,610,7.439,547.808,0.533,0.841
808,6,0,27.14,333.047,0.69,609,7.249,558.237,0.532,0.86
809,7,0,27.698,333.047,0.691,608,7.203,559.402,0.527,0.872
810,7,0,28.372,333.0,0.697,606,7.159,567.33,0.523,0.888
811,12,1,21.605,333.07,0.614,609,8.717,419.912,0.528,0.52
812,7,0,22.023,338.535,0.648,610,8.047,437.179,0.533,0.566
813,8,0,22.86,338.512,0.664,611,7.716,460.79,0.535,0.632
814,10,0,22.744,342.186,0.586,615,9.919,445.58,0.544,0.669
815,13,0,23.698,342.047,0.607,617,9.572,477.029,0.547,0.738
816,7,0,24.302,342.047,0.625,615,9.495,490.742,0.547,0.774
817,7,0,24.86,342.047,0.641,617,9.376,504.055,0.55,0.809
818,5,0,25.279,342.651,0.649,619,9.348,511.236,0.55,0.829
819,8,0,25.884,342.419,0.669,617,9.164,524.224,0.551,0.854
820,8,1,26.953,342.419,0.692,615,9.102,543.77,0.547,0.884
821,12,0,27.395,343.721,0.703,626,8.883,563.697,0.556,0.909
822,6,1,27.814,343.721,0.707,626,8.898,571.054,0.555,0.919
823,8,2,28.372,343.721,0.714,622,8.851,578.176,0.551,0.926
824,10,0,28.884,346.977,0.723,624,7.605,605.298,0.551,0.934
825,6,0,28.907,346.977,0.726,623,7.631,605.671,0.549,0.933
826,7,0,29.86,346.977,0.73,620,7.274,619.235,0.548,0.948
827,6,2,30.372,346.977,0.729,618,7.226,619.962,0.546,0.954
828,5,0,22.558,325.907,0.641,612,9.983,424.185,0.532,0.618
829,9,1,22.884,327.279,0.64,615,9.872,436.999,0.537,0.657
830,11,2,24.0,327.581,0.661,610,9.565,456.483,0.533,0.715
831,9,2,24.047,327.14,0.663,613,9.468,462.747,0.536,0.729
832,6,0,25.07,328.186,0.679,613,9.068,486.697,0.538,0.789
833,10,1,25.395,328.186,0.678,615,10.178,493.053,0.538,0.812
834,10,1,25.628,329.953,0.69,619,10.078,502.656,0.541,0.828
835,10,1,26.047,330.047,0.689,621,10.013,512.704,0.543,0.849
836,9,2,26.605,330.233,0.694,622,9.886,520.584,0.545,0.872
837,6,1,26.93,330.233,0.699,620,10.043,527.338,0.541,0.878
838,5,0,27.302,330.349,0.7,621,9.958,535.129,0.543,0.893
839,11,0,22.163,338.721,0.604,626,8.808,455.521,0.553,0.651
840,9,0,22.721,338.721,0.613,627,8.484,465.756,0.549,0.676
841,9,1,23.558,341.419,0.636,623,8.194,486.396,0.551,0.734
842,8,1,24.023,341.419,0.655,622,8.076,503.715,0.549,0.755
843,8,1,24.581,343.209,0.668,622,7.803,517.429,0.553,0.794
844,6,1,25.093,343.163,0.676,621,7.578,525.452,0.553,0.817
845,8,1,26.116,343.116,0.684,619,7.567,531.687,0.545,0.845
846,8,2,27.093,343.116,0.688,615,7.622,547.883,0.54,0.873
847,7,1,27.14,343.581,0.691,614,7.656,548.578,0.537,0.871
848,11,2,22.721,348.93,0.617,611,11.981,430.665,0.53,0.638
849,5,0,22.953,349.302,0.62,611,11.625,436.249,0.528,0.645
850,4,0,23.465,349.302,0.626,607,11.356,448.145,0.525,0.668
851,13,0,24.116,349.302,0.638,610,11.255,463.567,0.528,0.72
852,4,0,24.628,349.302,0.647,610,11.062,476.976,0.53,0.755
853,7,0,25.581,344.488,0.675,607,10.906,494.64,0.527,0.799
854,5,0,26.558,344.488,0.69,602,10.817,511.09,0.525,0.838
855,10,0,22.209,337.791,0.596,605,10.977,430.826,0.521,0.558
856,12,0,22.86,337.837,0.611,611,9.918,450.068,0.523,0.607
857,13,0,23.581,337.837,0.625,615,9.131,476.71,0.526,0.664
858,10,0,24.07,337.837,0.638,617,8.993,489.202,0.527,0.698
859,6,0,25.558,337.837,0.652,613,8.776,521.272,0.524,0.779
860,8,0,21.279,337.628,0.535,614,8.375,420.918,0.534,0.516
861,5,0,21.698,337.628,0.542,615,8.282,433.188,0.535,0.548
862,13,0,22.907,337.721,0.558,621,7.909,460.249,0.537,0.644
863,6,0,23.605,337.721,0.6,622,7.752,471.916,0.536,0.687
864,6,0,24.07,337.721,0.612,624,7.558,483.896,0.54,0.728
865,11,0,25.047,337.953,0.641,626,7.442,506.702,0.543,0.791
866,9,0,25.93,337.907,0.663,626,7.283,526.902,0.544,0.835
867,3,0,26.628,337.814,0.673,617,7.244,530.513,0.534,0.843
868,11,0,27.326,337.814,0.686,621,7.057,550.411,0.536,0.873
869,13,0,21.093,330.907,0.613,626,9.084,414.963,0.54,0.526
870,7,0,21.977,331.163,0.636,628,9.24,431.192,0.541,0.601
871,7,0,22.349,331.163,0.648,630,9.241,445.418,0.543,0.633
872,9,0,23.186,331.977,0.654,631,8.996,459.852,0.544,0.694
873,5,0,23.698,331.977,0.666,630,8.854,471.819,0.543,0.724
874,12,2,23.884,331.977,0.669,633,8.733,479.418,0.548,0.747
875,9,0,25.186,332.419,0.682,633,8.3,507.511,0.552,0.823
876,6,0,25.837,335.302,0.697,633,8.933,520.456,0.552,0.853
877,8,0,26.209,335.349,0.694,632,8.949,525.225,0.549,0.862
878,13,3,21.442,336.419,0.6,636,9.699,422.261,0.545,0.579
879,7,0,22.093,336.419,0.614,639,8.976,442.003,0.547,0.629
880,5,1,22.744,336.419,0.625,636,8.862,450.874,0.543,0.659
881,8,2,23.581,336.372,0.634,630,8.963,462.301,0.537,0.699
882,8,1,24.442,337.279,0.652,625,8.927,476.862,0.532,0.736
883,8,0,25.047,337.907,0.661,627,8.673,502.304,0.54,0.789
884,7,2,25.186,337.907,0.666,625,8.66,506.69,0.537,0.79
885,8,0,26.349,337.907,0.677,621,8.552,527.458,0.531,0.832
886,13,0,21.558,335.628,0.586,627,8.445,413.236,0.544,0.573
887,6,1,21.977,335.628,0.578,626,8.459,421.765,0.542,0.596
888,7,0,22.837,332.209,0.595,623,8.403,436.081,0.536,0.638
889,7,0,23.302,332.209,0.603,626,8.213,450.789,0.541,0.688
890,10,1,24.0,332.209,0.614,626,8.09,461.348,0.54,0.726
891,11,0,24.372,331.698,0.628,628,8.136,460.499,0.54,0.751
892,13,0,23.326,339.442,0.577,630,8.812,460.678,0.549,0.716
893,8,0,24.256,337.791,0.608,628,8.377,478.105,0.545,0.76
894,7,0,25.163,338.023,0.624,624,8.036,503.327,0.544,0.804
895,6,0,25.814,337.0,0.617,621,8.021,513.99,0.543,0.831
896,6,0,26.093,337.0,0.633,623,7.953,525.184,0.545,0.847
897,3,0,26.279,337.0,0.635,621,7.953,528.862,0.545,0.854
898,13,0,26.744,337.884,0.652,629,7.848,538.801,0.547,0.874
899,10,1,26.93,338.093,0.653,632,7.854,542.466,0.547,0.879
900,8,0,27.395,338.837,0.668,632,7.817,545.8,0.544,0.89
901,10,0,27.86,338.837,0.677,633,7.681,562.577,0.545,0.905
902,6,0,28.279,340.674,0.688,634,7.597,575.538,0.548,0.919
903,4,0,29.326,340.837,0.697,626,7.526,591.809,0.543,0.935
904,11,0,29.791,340.674,0.699,627,8.34,599.277,0.547,0.948
905,5,1,22.349,338.558,0.606,622,8.894,423.549,0.523,0.562
906,6,0,22.907,339.047,0.61,622,8.759,431.563,0.524,0.604
907,10,1,23.326,339.047,0.612,626,8.677,441.8,0.524,0.634
908,5,1,23.791,339.047,0.619,622,8.655,451.048,0.52,0.655
909,8,1,24.349,339.047,0.632,625,8.449,471.135,0.525,0.708
910,12,0,25.279,339.674,0.644,629,8.269,493.34,0.526,0.765
911,5,0,25.605,339.628,0.648,625,7.976,497.788,0.521,0.769
912,9,1,26.372,341.744,0.659,626,7.768,518.56,0.525,0.815
913,10,1,27.093,341.744,0.669,626,7.657,532.574,0.523,0.843
914,11,0,27.651,344.907,0.683,633,7.403,547.123,0.528,0.873
915,12,0,28.186,345.884,0.685,638,7.272,554.611,0.529,0.891
916,7,0,22.465,339.884,0.602,640,9.684,428.566,0.534,0.615
917,5,0,23.279,339.884,0.619,634,8.933,441.108,0.53,0.655
918,8,0,24.07,339.884,0.63,632,8.969,455.564,0.523,0.688
919,8,0,25.0,339.767,0.639,629,8.7,473.589,0.517,0.727
920,5,0,25.512,339.767,0.65,624,8.554,484.919,0.518,0.759
921,9,0,25.674,338.14,0.655,627,8.355,490.789,0.522,0.778
922,13,0,26.977,340.326,0.709,628,8.011,523.944,0.53,0.852
923,10,0,27.372,340.326,0.709,631,7.832,539.689,0.534,0.875
924,4,1,21.93,346.977,0.606,629,9.547,424.157,0.533,0.57
925,10,1,22.395,346.977,0.618,632,9.379,437.081,0.535,0.611
926,9,1,23.163,346.977,0.64,633,9.186,452.807,0.534,0.661
927,7,1,23.721,346.837,0.643,630,9.113,461.519,0.534,0.699
928,7,1,24.14,344.884,0.654,628,8.898,473.955,0.535,0.727
929,8,0,24.605,344.93,0.66,630,8.825,482.017,0.535,0.753
930,5,1,25.116,344.93,0.663,631,8.776,487.445,0.533,0.779
931,11,1,25.488,344.93,0.66,637,8.655,492.521,0.54,0.812
932,11,1,26.651,344.93,0.676,634,8.542,510.205,0.533,0.849
933,4,0,27.116,347.07,0.68,629,8.569,517.473,0.528,0.858
934,12,0,27.791,347.07,0.698,628,8.391,533.042,0.53,0.883
935,5,0,28.395,347.023,0.709,625,8.382,546.831,0.528,0.899
936,7,0,29.233,347.023,0.723,623,8.258,567.251,0.53,0.923
937,8,0,30.116,347.023,0.73,622,7.628,590.874,0.529,0.938
938,4,0,30.442,347.023,0.736,620,7.676,593.357,0.527,0.942
939,10,0,30.395,347.023,0.733,625,7.601,594.323,0.531,0.944
940,10,1,21.209,328.023,0.624,632,8.94,423.318,0.533,0.508
941,10,0,21.744,328.419,0.645,637,8.714,434.409,0.536,0.561
942,4,0,22.767,328.279,0.661,631,8.661,453.336,0.534,0.628
943,6,0,23.372,327.837,0.664,628,8.524,463.393,0.531,0.661
944,9,0,24.116,331.907,0.68,631,8.139,489.904,0.54,0.736
945,10,0,24.465,331.512,0.685,631,7.933,493.16,0.545,0.767
946,10,0,24.837,332.86,0.702,631,7.574,505.911,0.549,0.797
947,5,0,25.465,337.279,0.706,628,7.566,513.563,0.545,0.817
948,10,0,25.791,337.86,0.7,633,7.452,521.525,0.546,0.833
949,11,2,25.977,338.651,0.715,635,7.45,523.558,0.546,0.841
950,8,0,26.884,340.884,0.72,634,7.361,540.478,0.544,0.872
951,10,2,22.628,341.86,0.626,635,11.353,437.741,0.54,0.66
952,13,2,23.14,341.837,0.644,637,11.596,448.79,0.538,0.692
953,10,0,24.419,342.884,0.672,632,8.952,477.141,0.536,0.748
954,3,0,24.558,342.884,0.67,626,9.124,473.136,0.529,0.737
955,6,0,25.209,342.884,0.679,621,8.733,485.285,0.525,0.761
956,5,0,25.628,342.884,0.689,623,8.648,495.223,0.527,0.788
957,12,2,25.884,342.884,0.697,630,8.595,505.287,0.532,0.813
958,5,0,22.419,325.093,0.615,629,11.913,435.992,0.532,0.621
959,9,0,23.302,324.047,0.626,634,10.966,458.18,0.54,0.702
960,7,2,24.279,324.047,0.65,630,10.825,481.407,0.54,0.762
961,7,1,25.419,324.581,0.677,624,10.814,502.015,0.536,0.811
962,2,0,26.047,325.628,0.685,623,10.626,513.471,0.535,0.836
963,13,0,26.953,335.977,0.694,623,10.449,530.911,0.534,0.87
964,5,1,27.372,336.023,0.701,620,10.457,535.8,0.531,0.878
965,6,0,27.256,334.023,0.705,619,10.489,536.597,0.53,0.873
966,5,0,21.535,336.698,0.607,618,9.804,415.78,0.532,0.538
967,7,1,21.93,336.698,0.605,618,9.504,424.643,0.537,0.583
968,12,0,22.163,336.698,0.613,630,9.318,433.481,0.543,0.621
969,8,0,22.884,335.349,0.64,628,9.182,456.019,0.54,0.662
970,6,0,23.302,335.442,0.639,626,9.175,463.079,0.536,0.678
971,7,2,24.047,335.442,0.653,624,8.964,480.113,0.537,0.728
972,9,5,24.419,335.442,0.67,624,9.009,485.965,0.536,0.749
973,5,0,24.93,335.488,0.675,621,8.933,495.94,0.537,0.779
974,6,0,25.581,335.488,0.688,624,8.757,511.595,0.541,0.819
975,8,1,26.047,336.442,0.691,621,9.044,510.835,0.533,0.825
976,9,0,22.07,300.581,0.611,624,8.928,450.291,0.543,0.611
977,9,0,22.86,305.744,0.654,624,8.748,469.744,0.546,0.677
978,6,0,23.279,308.279,0.661,625,8.729,480.87,0.546,0.706
979,7,0,24.302,310.419,0.677,623,8.544,500.843,0.545,0.762
980,9,0,24.628,312.605,0.68,627,8.44,510.035,0.548,0.788
981,5,2,25.558,312.698,0.688,621,8.376,525.452,0.542,0.818
982,6,1,26.302,316.395,0.697,616,8.344,534.661,0.54,0.847
983,9,1,26.814,317.186,0.704,613,8.35,551.022,0.539,0.864
984,10,0,27.07,319.465,0.712,620,8.119,561.145,0.545,0.883
985,6,1,27.256,320.953,0.711,621,8.083,570.894,0.548,0.892
986,7,3,27.674,319.651,0.711,617,8.33,578.961,0.546,0.902
987,6,1,28.093,321.279,0.72,619,8.294,585.132,0.546,0.913
988,6,1,28.674,323.814,0.738,615,8.005,598.5,0.545,0.925
989,10,0,29.07,330.953,0.741,614,7.994,602.139,0.542,0.93
990,6,0,22.395,335.535,0.615,615,10.671,465.908,0.539,0.635
991,5,1,23.279,335.535,0.633,610,10.603,483.088,0.535,0.684
992,7,0,24.395,335.535,0.666,604,10.479,504.27,0.533,0.746
993,10,1,25.163,335.535,0.671,603,10.273,523.662,0.532,0.785
994,8,1,25.651,335.419,0.679,604,10.153,538.462,0.533,0.812
995,7,0,26.535,335.419,0.695,602,10.03,551.556,0.532,0.848
996,11,1,26.767,334.744,0.697,606,8.783,558.449,0.534,0.855
997,13,0,27.047,334.86,0.696,612,8.652,567.786,0.536,0.869
998,6,0,27.512,334.86,0.706,611,8.628,574.293,0.535,0.883
999,11,0,27.93,334.0,0.711,612,8.577,583.687,0.536,0.897
1000,0,0,28.116,333.884,0.716,605,8.693,583.91,0.53,0.894
