1,4,0,0.349,1.372,0.0,4,347.942,0.0,0.005,0.044
2,6,0,0.744,2.86,0.001,10,325.021,0.06,0.009,0.025
3,8,0,1.023,5.814,0.003,18,316.056,0.222,0.016,0.023
4,4,0,1.209,7.372,0.004,21,297.108,0.383,0.019,0.014
5,6,0,1.488,10.233,0.008,27,269.343,0.792,0.024,0.006
6,4,0,1.674,12.535,0.011,31,256.104,1.175,0.027,0.005
7,8,0,2.698,16.814,0.017,38,189.665,2.767,0.034,0.001
8,10,0,3.209,22.884,0.026,47,168.21,4.773,0.043,0.001
9,8,0,3.767,27.023,0.032,54,151.199,6.61,0.05,0.0
10,3,0,3.674,27.791,0.034,55,155.758,6.913,0.049,0.0
11,6,0,3.907,31.791,0.044,59,152.367,7.037,0.051,0.0
12,8,0,4.186,35.698,0.05,66,138.168,8.832,0.057,0.0
13,6,0,4.605,39.209,0.06,69,119.714,9.937,0.058,0.0
14,3,0,4.744,39.744,0.06,72,117.734,10.506,0.059,0.0
15,2,0,4.837,40.372,0.062,73,117.034,10.61,0.06,0.0
16,8,0,4.977,43.488,0.064,81,111.905,12.506,0.067,0.0
17,6,0,5.023,45.047,0.063,87,108.809,13.848,0.072,0.0
18,7,0,5.279,45.628,0.065,91,106.021,15.416,0.072,0.0
19,2,0,5.372,47.047,0.069,91,104.598,14.786,0.072,0.0
20,7,0,5.651,49.744,0.071,97,98.801,17.666,0.078,0.0
21,5,0,6.07,55.977,0.085,101,92.909,20.368,0.085,0.0
22,9,0,6.628,62.698,0.095,109,83.659,24.077,0.095,0.0
23,13,0,7.14,69.116,0.105,121,74.019,28.298,0.106,0.0
24,7,0,7.14,69.93,0.104,128,73.645,29.803,0.109,0.0
25,4,0,7.279,70.558,0.103,130,73.159,30.226,0.111,0.0
26,10,0,7.977,80.047,0.121,137,67.092,38.342,0.124,0.0
27,4,0,8.233,82.233,0.125,139,64.121,40.161,0.128,0.0
28,7,0,8.326,87.791,0.137,143,60.527,43.269,0.132,0.0
29,7,0,8.512,88.233,0.135,149,59.455,44.62,0.136,0.0
30,9,0,8.837,92.372,0.141,156,57.006,48.298,0.143,0.0
31,8,0,8.814,95.651,0.148,162,57.298,49.158,0.147,0.0
32,6,0,9.233,98.767,0.15,168,53.497,54.897,0.155,0.0
33,1,0,9.372,98.767,0.154,166,53.241,54.254,0.152,0.0
34,7,0,10.023,105.07,0.169,169,50.169,63.507,0.158,0.0
35,5,0,10.395,109.047,0.176,174,46.503,69.277,0.164,0.001
36,4,0,10.535,109.86,0.177,176,46.286,71.894,0.165,0.001
37,5,0,10.953,112.977,0.184,179,44.778,75.196,0.169,0.001
38,5,0,10.977,113.0,0.182,183,45.407,75.316,0.171,0.001
39,6,0,11.349,117.093,0.191,187,44.005,79.165,0.175,0.001
40,6,0,11.535,116.558,0.187,192,44.726,83.123,0.179,0.001
41,3,0,11.628,116.395,0.187,191,44.96,83.727,0.179,0.001
42,6,0,11.767,119.163,0.196,194,46.351,82.966,0.18,0.001
43,2,0,11.767,119.279,0.197,195,46.433,81.867,0.179,0.001
44,5,0,11.791,120.605,0.195,198,44.289,85.278,0.184,0.001
45,7,0,12.163,123.721,0.201,202,43.272,90.875,0.188,0.001
46,6,0,12.814,123.0,0.2,203,42.392,96.835,0.188,0.001
47,7,0,13.0,123.535,0.2,208,42.191,100.137,0.189,0.001
48,6,0,13.116,125.302,0.206,210,42.069,103.478,0.191,0.002
49,6,0,13.326,125.86,0.205,215,41.472,105.983,0.194,0.002
50,7,0,13.372,129.814,0.214,221,41.02,106.849,0.199,0.002
51,9,0,13.744,133.023,0.218,227,44.949,114.516,0.207,0.003
52,8,0,13.698,133.721,0.22,230,44.928,112.145,0.208,0.003
53,7,0,14.023,136.814,0.229,233,43.732,114.994,0.212,0.003
54,3,0,13.884,134.93,0.224,234,43.981,113.857,0.21,0.003
55,4,0,14.209,138.488,0.235,233,43.032,119.511,0.213,0.003
56,9,0,14.535,143.791,0.246,239,41.522,127.328,0.22,0.004
57,6,0,15.14,150.791,0.265,243,40.203,134.941,0.227,0.005
58,9,0,15.535,159.814,0.289,248,33.497,144.757,0.234,0.005
59,4,0,15.814,160.0,0.285,250,32.684,149.668,0.238,0.005
60,9,0,15.628,160.884,0.283,256,32.611,149.203,0.244,0.005
61,4,0,15.349,161.326,0.292,253,33.28,141.689,0.238,0.005
62,4,0,15.395,161.907,0.293,255,33.104,142.813,0.239,0.005
63,7,0,15.558,164.674,0.302,256,32.804,149.219,0.243,0.005
64,8,0,15.651,164.791,0.303,259,32.379,149.47,0.242,0.005
65,4,0,15.698,164.907,0.302,260,32.39,149.283,0.244,0.006
66,10,0,15.628,166.302,0.303,267,32.366,150.866,0.249,0.006
67,5,0,16.0,173.023,0.323,269,30.62,155.843,0.253,0.007
68,8,0,16.279,176.116,0.329,276,29.667,162.695,0.26,0.008
69,8,0,16.419,176.767,0.326,282,29.101,171.67,0.266,0.009
70,7,0,16.465,180.0,0.333,288,28.047,174.862,0.27,0.009
71,7,0,16.581,180.674,0.334,293,27.956,176.804,0.273,0.01
72,3,0,17.186,182.605,0.341,291,27.324,180.57,0.274,0.012
73,9,0,17.558,189.163,0.359,300,26.571,190.211,0.281,0.014
74,1,0,17.884,188.977,0.362,298,26.228,192.8,0.279,0.015
75,4,0,17.814,188.977,0.363,297,26.439,188.232,0.276,0.014
76,5,0,17.953,189.907,0.365,299,25.814,191.95,0.278,0.015
77,11,0,18.093,191.07,0.365,307,25.503,199.329,0.285,0.017
78,4,0,18.372,192.651,0.372,306,25.107,202.072,0.284,0.018
79,9,0,19.047,206.465,0.417,314,22.432,219.054,0.291,0.022
80,4,0,19.0,206.488,0.416,318,22.414,219.216,0.292,0.022
81,6,0,18.953,207.209,0.414,321,22.085,222.83,0.296,0.023
82,8,0,19.07,207.488,0.413,328,22.23,227.577,0.299,0.025
83,11,0,19.372,209.698,0.416,334,21.456,235.947,0.305,0.03
84,3,0,19.698,209.698,0.419,333,21.426,240.686,0.303,0.031
85,6,0,19.884,210.744,0.424,335,21.257,238.211,0.302,0.033
86,2,0,20.209,211.953,0.427,336,20.898,243.578,0.302,0.036
87,10,0,20.349,217.326,0.443,342,20.389,252.434,0.31,0.041
88,6,0,21.0,218.628,0.443,346,19.838,266.545,0.317,0.054
89,2,0,21.116,222.977,0.461,339,19.736,264.143,0.313,0.053
90,7,0,21.349,225.698,0.467,342,18.905,275.199,0.319,0.06
91,5,0,21.349,227.512,0.472,345,17.043,279.366,0.321,0.058
92,6,0,21.372,230.814,0.486,347,16.827,283.699,0.324,0.06
93,4,0,21.372,230.814,0.487,349,16.791,283.216,0.324,0.06
94,7,0,21.605,234.0,0.497,352,16.524,285.457,0.326,0.066
95,7,0,21.744,236.209,0.504,354,16.241,290.616,0.33,0.072
96,6,0,21.93,236.047,0.504,353,16.273,291.6,0.329,0.075
97,12,0,22.488,243.093,0.524,361,15.577,303.977,0.342,0.102
98,4,0,22.488,241.326,0.519,361,15.724,300.77,0.339,0.099
99,8,0,22.977,241.326,0.513,366,15.18,314.874,0.346,0.123
100,5,0,22.884,242.047,0.519,365,15.492,311.703,0.343,0.115
101,6,0,23.116,246.302,0.528,363,15.448,312.831,0.339,0.117
102,7,0,23.116,246.372,0.527,366,15.322,313.172,0.34,0.118
103,7,0,23.349,248.233,0.531,369,15.022,316.609,0.344,0.131
104,6,0,23.581,247.395,0.53,369,14.916,319.206,0.342,0.136
105,7,0,23.581,247.395,0.528,374,14.894,318.76,0.345,0.141
106,6,0,23.721,247.581,0.528,375,14.776,326.454,0.347,0.149
107,4,0,23.767,249.977,0.539,375,14.772,325.903,0.345,0.148
108,4,0,23.395,249.977,0.541,373,15.179,317.624,0.343,0.133
109,2,0,24.093,249.977,0.545,367,15.083,321.145,0.339,0.15
110,9,0,24.605,256.395,0.574,368,14.839,332.517,0.344,0.183
111,3,0,24.419,256.395,0.574,367,14.897,331.506,0.345,0.175
112,6,0,24.767,256.884,0.578,365,14.529,335.622,0.343,0.187
113,4,0,24.86,259.372,0.586,365,14.441,336.085,0.345,0.194
114,10,0,24.767,264.651,0.599,373,14.268,344.777,0.353,0.207
115,7,0,24.953,272.372,0.615,376,12.939,357.318,0.361,0.23
116,5,0,25.047,271.488,0.61,378,12.876,359.735,0.363,0.241
117,4,0,25.233,271.488,0.611,378,12.653,364.022,0.363,0.25
118,4,0,25.14,271.395,0.609,379,12.669,366.34,0.365,0.251
119,8,0,25.419,271.884,0.609,384,11.985,382.385,0.372,0.283
120,2,0,25.605,271.884,0.612,382,11.631,381.79,0.369,0.285
121,4,0,25.884,272.14,0.613,384,11.51,387.845,0.37,0.302
122,7,0,25.977,273.721,0.622,388,11.319,393.735,0.376,0.327
123,6,0,25.93,273.721,0.621,391,11.096,401.713,0.382,0.343
124,6,0,25.93,276.419,0.63,394,10.946,406.114,0.387,0.358
125,4,0,26.163,276.535,0.633,394,10.997,408.967,0.383,0.362
126,6,0,26.256,276.535,0.633,396,10.983,408.763,0.383,0.367
127,3,0,26.256,277.488,0.64,397,11.066,405.142,0.381,0.36
128,9,0,26.302,281.14,0.647,401,10.945,408.807,0.383,0.37
129,9,0,26.302,283.209,0.654,403,10.842,410.376,0.387,0.384
130,5,0,26.349,283.395,0.654,405,10.729,414.339,0.39,0.396
131,4,0,26.674,289.907,0.682,402,10.789,417.91,0.388,0.414
132,5,0,26.628,290.419,0.682,402,10.711,415.913,0.389,0.416
133,5,0,27.279,290.605,0.681,397,10.668,422.687,0.384,0.445
134,6,0,27.419,290.163,0.68,401,10.599,426.315,0.386,0.462
135,5,0,27.372,290.442,0.68,402,10.564,425.609,0.386,0.459
136,6,0,27.628,292.349,0.692,404,10.536,427.534,0.388,0.485
137,6,0,27.721,293.744,0.702,405,10.434,428.191,0.39,0.502
138,3,0,27.698,294.605,0.713,399,11.167,416.135,0.384,0.483
139,6,0,27.349,294.605,0.711,394,11.341,410.881,0.381,0.445
140,3,0,27.442,294.233,0.711,393,11.411,409.198,0.379,0.445
141,9,0,27.07,297.302,0.718,399,11.325,411.513,0.385,0.438
142,4,0,27.186,297.674,0.72,397,11.302,415.618,0.386,0.45
143,7,0,27.419,299.605,0.715,401,11.095,423.626,0.392,0.489
144,3,0,27.465,300.023,0.717,403,11.057,424.579,0.391,0.49
145,5,0,27.419,301.767,0.722,401,11.346,421.99,0.389,0.482
146,12,0,28.047,306.581,0.725,406,11.092,439.143,0.399,0.564
147,6,0,28.233,308.814,0.733,408,10.855,448.676,0.403,0.591
148,8,0,28.419,317.395,0.731,413,11.227,449.914,0.41,0.633
149,7,0,28.512,317.558,0.724,417,10.911,462.85,0.419,0.666
150,3,0,28.651,317.558,0.725,419,10.826,469.196,0.421,0.684
151,5,0,29.0,318.581,0.725,418,10.309,473.477,0.421,0.702
152,10,0,29.512,320.395,0.731,421,10.077,487.102,0.425,0.744
153,3,0,29.465,320.674,0.732,422,10.13,483.511,0.424,0.739
154,6,0,29.651,319.814,0.735,424,10.044,491.212,0.426,0.755
155,5,0,29.744,319.814,0.734,423,9.894,488.218,0.429,0.768
156,3,0,30.465,319.651,0.728,421,9.549,497.441,0.427,0.797
157,6,0,30.349,320.14,0.729,423,9.697,492.448,0.425,0.788
158,6,0,30.442,320.14,0.732,424,9.754,491.623,0.422,0.785
159,6,0,30.674,321.395,0.726,429,9.662,501.652,0.428,0.812
160,9,0,30.814,321.512,0.721,435,9.6,503.242,0.431,0.825
161,8,0,31.047,321.442,0.72,437,9.515,509.4,0.433,0.839
162,5,0,31.372,324.93,0.721,434,9.611,512.535,0.431,0.849
163,11,0,31.791,324.93,0.725,442,9.437,525.362,0.438,0.875
164,8,0,32.023,324.93,0.727,444,9.434,527.644,0.436,0.88
165,4,0,32.07,324.93,0.724,445,9.411,527.479,0.436,0.881
166,4,0,31.93,324.93,0.726,442,9.44,523.515,0.434,0.874
167,7,0,31.837,325.047,0.724,448,9.363,527.832,0.439,0.878
168,2,0,31.837,325.047,0.725,448,9.426,526.374,0.437,0.875
169,6,0,31.86,320.698,0.716,450,10.341,523.266,0.437,0.88
170,9,0,31.628,320.767,0.714,457,10.263,528.22,0.442,0.88
171,7,0,31.558,322.372,0.714,460,10.293,526.323,0.443,0.879
172,5,0,31.977,325.209,0.718,461,9.958,538.308,0.446,0.896
173,6,0,32.116,325.86,0.719,465,9.801,547.483,0.452,0.907
174,5,0,32.349,325.86,0.72,463,8.936,548.742,0.451,0.909
175,5,0,32.674,326.047,0.72,461,9.038,550.188,0.446,0.912
176,4,0,32.907,326.047,0.723,460,9.108,550.975,0.445,0.917
177,5,0,32.814,326.628,0.724,462,9.121,552.274,0.448,0.917
178,1,0,32.698,326.628,0.726,458,9.188,546.787,0.444,0.91
179,3,0,32.791,326.628,0.726,457,9.171,548.148,0.445,0.914
180,6,0,33.163,326.953,0.726,460,9.141,560.185,0.448,0.925
181,2,0,33.465,326.953,0.726,456,9.157,559.618,0.446,0.93
182,4,0,27.349,295.233,0.662,456,10.224,454.15,0.448,0.677
183,4,0,27.581,298.837,0.676,458,10.135,457.608,0.449,0.696
184,7,0,27.581,299.233,0.676,460,10.138,459.291,0.449,0.696
185,4,0,27.674,298.977,0.676,460,10.075,460.745,0.45,0.704
186,5,0,28.233,307.953,0.681,456,9.984,468.195,0.445,0.723
187,3,0,28.279,307.953,0.683,453,10.112,467.005,0.442,0.717
188,6,0,28.302,307.907,0.683,454,9.972,474.135,0.443,0.721
189,4,0,28.163,308.093,0.683,448,10.191,458.086,0.437,0.696
190,6,0,28.302,308.651,0.682,452,10.059,462.77,0.441,0.717
191,7,0,28.326,312.581,0.682,454,9.85,463.162,0.439,0.71
192,11,0,28.209,314.814,0.693,460,9.704,470.554,0.445,0.72
193,11,0,28.395,326.395,0.692,467,9.425,492.843,0.454,0.755
194,7,0,28.605,327.953,0.697,469,9.313,495.642,0.454,0.767
195,8,0,29.116,329.0,0.704,471,9.209,501.428,0.449,0.782
196,5,0,29.442,328.256,0.706,471,9.288,500.45,0.444,0.785
197,5,0,29.488,328.442,0.712,472,9.232,502.26,0.448,0.797
198,7,0,29.721,327.581,0.722,470,9.077,502.915,0.447,0.807
199,10,0,29.721,327.86,0.717,476,8.923,510.577,0.453,0.818
200,6,0,29.442,319.814,0.712,478,8.984,505.571,0.455,0.81
201,13,0,29.767,321.14,0.719,483,8.663,523.757,0.458,0.83
202,5,0,29.674,321.14,0.718,488,8.593,524.461,0.462,0.833
203,2,0,29.488,321.14,0.72,484,8.641,516.561,0.46,0.821
204,11,0,29.767,324.488,0.724,492,8.368,527.478,0.47,0.853
205,1,0,29.814,324.488,0.726,489,8.41,527.471,0.467,0.85
206,8,0,29.814,325.163,0.729,489,8.555,527.472,0.467,0.85
207,4,0,30.279,325.093,0.73,486,8.573,527.586,0.463,0.86
208,5,0,24.93,292.698,0.645,486,9.346,440.944,0.462,0.54
209,3,0,25.023,291.395,0.641,483,9.388,438.185,0.459,0.538
210,6,0,25.326,295.256,0.657,485,9.198,444.686,0.46,0.564
211,5,0,25.558,295.395,0.656,489,9.113,451.531,0.463,0.59
212,1,0,25.651,297.233,0.667,487,9.122,451.883,0.461,0.591
213,8,0,25.558,299.767,0.672,494,8.998,452.591,0.465,0.597
214,3,0,25.698,300.116,0.674,494,9.025,453.883,0.463,0.599
215,4,0,25.698,300.116,0.676,492,9.162,453.301,0.459,0.587
216,8,0,26.442,305.233,0.692,497,8.801,473.102,0.468,0.667
217,5,0,26.907,305.395,0.697,493,8.752,483.721,0.464,0.688
218,6,0,27.116,305.395,0.7,493,8.778,487.906,0.462,0.697
219,5,0,27.581,307.581,0.705,491,8.703,494.13,0.463,0.728
220,4,0,27.86,306.535,0.698,485,8.79,501.542,0.455,0.721
221,6,0,28.163,306.349,0.699,483,8.722,510.208,0.456,0.742
222,4,0,28.302,306.349,0.701,479,8.793,503.135,0.449,0.73
223,5,0,28.558,307.326,0.701,480,8.697,510.348,0.448,0.744
224,5,0,28.651,309.14,0.704,483,8.463,516.478,0.453,0.762
225,5,0,28.977,310.023,0.706,480,8.447,519.073,0.451,0.773
226,7,0,29.302,310.86,0.71,483,8.287,530.964,0.456,0.802
227,5,0,29.349,310.767,0.71,483,8.266,532.933,0.457,0.806
228,10,0,30.07,324.721,0.717,485,8.029,548.342,0.46,0.844
229,3,0,30.349,324.86,0.718,482,8.001,554.31,0.457,0.85
230,6,0,26.047,297.047,0.651,484,9.587,447.549,0.454,0.598
231,3,0,26.186,297.047,0.651,486,9.508,452.848,0.456,0.614
232,7,0,26.698,299.512,0.649,487,9.193,463.656,0.459,0.66
233,5,0,26.884,301.023,0.653,484,9.194,462.533,0.459,0.672
234,3,0,26.93,301.023,0.656,484,9.213,461.927,0.46,0.681
235,6,0,27.07,301.814,0.66,481,9.342,462.006,0.455,0.675
236,5,0,27.093,303.953,0.66,482,9.327,461.704,0.456,0.678
237,1,0,27.558,303.953,0.662,477,9.339,467.472,0.453,0.7
238,6,0,27.791,303.023,0.667,469,9.48,459.508,0.444,0.689
239,6,0,28.023,303.395,0.667,474,9.322,466.799,0.447,0.711
240,11,0,28.256,301.442,0.656,478,9.204,468.215,0.451,0.737
241,6,0,28.047,302.884,0.652,479,9.116,472.82,0.455,0.735
242,6,0,27.907,303.023,0.65,483,9.146,470.377,0.456,0.73
243,7,0,27.907,304.279,0.655,485,9.024,478.157,0.46,0.742
244,3,0,28.14,305.86,0.659,483,9.072,479.467,0.456,0.745
245,7,0,23.651,279.558,0.577,485,9.226,412.503,0.46,0.431
246,4,0,24.209,282.581,0.602,483,9.196,420.239,0.456,0.461
247,5,0,24.767,285.791,0.612,485,8.862,433.534,0.46,0.515
248,6,0,25.233,291.814,0.634,482,8.853,438.016,0.456,0.537
249,6,0,25.721,294.698,0.657,484,8.742,448.244,0.457,0.579
250,5,0,25.86,298.605,0.67,484,8.629,456.661,0.46,0.598
251,6,0,26.419,298.651,0.671,483,8.524,468.79,0.458,0.631
252,5,0,26.767,298.651,0.677,476,8.689,468.346,0.452,0.636
253,7,0,26.953,298.651,0.678,477,8.656,473.516,0.452,0.649
254,1,0,27.14,298.651,0.68,474,8.689,474.74,0.448,0.649
255,5,0,27.07,298.558,0.681,474,8.706,470.632,0.448,0.645
256,2,0,27.395,298.233,0.684,468,8.831,462.731,0.44,0.641
257,6,0,27.558,298.233,0.682,469,8.756,467.882,0.442,0.66
258,3,0,27.977,297.419,0.687,461,8.845,468.602,0.433,0.662
259,5,0,27.977,297.023,0.687,460,8.862,468.71,0.431,0.655
260,6,0,28.349,297.721,0.682,461,8.679,481.724,0.436,0.696
261,4,0,28.535,297.558,0.684,458,8.834,476.76,0.433,0.698
262,7,0,29.186,297.628,0.685,458,8.742,494.912,0.434,0.743
263,3,0,29.233,295.349,0.683,457,8.813,496.252,0.431,0.736
264,6,0,29.233,296.744,0.686,460,8.4,497.565,0.435,0.746
265,10,0,29.07,296.744,0.684,466,8.322,503.445,0.44,0.748
266,9,0,29.116,298.884,0.688,469,8.171,510.548,0.444,0.761
267,3,0,29.116,298.884,0.689,464,8.291,512.408,0.439,0.748
268,9,0,29.488,299.488,0.69,466,8.237,521.994,0.443,0.78
269,5,0,30.0,301.14,0.697,465,8.157,525.971,0.437,0.792
270,5,0,30.0,300.93,0.703,461,8.366,519.236,0.428,0.77
271,9,0,30.116,302.953,0.708,465,8.359,520.486,0.431,0.784
272,6,0,30.023,303.651,0.707,471,8.161,525.886,0.438,0.794
273,2,0,30.279,302.767,0.707,466,8.276,523.989,0.431,0.791
274,6,0,30.256,302.767,0.705,470,8.203,528.685,0.435,0.8
275,6,0,30.395,302.767,0.706,471,8.158,532.502,0.438,0.812
276,8,0,30.86,304.186,0.713,471,8.123,545.842,0.437,0.832
277,5,0,31.0,304.186,0.712,473,8.01,551.199,0.439,0.841
278,7,0,31.209,310.116,0.717,471,8.044,543.775,0.434,0.84
279,6,0,31.233,310.116,0.715,475,8.066,542.245,0.436,0.845
280,6,0,30.977,313.326,0.715,480,8.245,544.768,0.443,0.849
281,6,0,30.93,313.512,0.719,481,8.219,548.582,0.447,0.854
282,3,0,31.233,314.767,0.727,478,8.2,550.217,0.443,0.86
283,9,0,31.093,315.163,0.732,481,8.219,550.039,0.445,0.857
284,5,0,30.581,314.977,0.728,482,8.508,537.434,0.446,0.839
285,5,0,31.093,313.907,0.726,479,8.489,538.225,0.443,0.856
286,10,0,31.465,317.0,0.738,483,8.195,557.223,0.452,0.882
287,6,0,31.512,318.907,0.74,485,8.071,553.12,0.456,0.889
288,6,0,31.535,318.907,0.741,486,8.047,558.891,0.459,0.895
289,5,0,31.767,318.907,0.741,488,7.977,564.908,0.461,0.903
290,6,0,31.651,318.907,0.736,489,7.92,562.222,0.46,0.899
291,6,0,31.512,319.744,0.737,494,7.82,563.076,0.466,0.902
292,6,0,31.651,318.209,0.736,494,7.849,561.096,0.467,0.908
293,7,0,32.07,319.767,0.738,494,7.738,569.74,0.471,0.921
294,6,0,31.977,320.977,0.747,492,7.812,566.183,0.467,0.915
295,9,0,32.047,324.791,0.745,497,7.761,573.934,0.472,0.922
296,7,0,32.651,324.698,0.744,498,7.59,591.579,0.474,0.937
297,7,0,33.07,324.767,0.748,495,7.586,593.514,0.47,0.94
298,5,0,33.116,324.767,0.75,490,7.608,588.267,0.465,0.937
299,2,0,33.442,324.767,0.752,487,7.582,593.061,0.462,0.941
300,8,0,33.628,325.093,0.754,490,7.207,601.112,0.467,0.947
301,8,0,28.116,303.279,0.65,493,10.268,502.484,0.47,0.786
302,8,0,28.163,303.651,0.652,497,10.254,508.393,0.47,0.789
303,6,0,28.395,305.674,0.662,501,10.171,515.512,0.474,0.809
304,4,0,29.047,309.372,0.666,497,10.204,524.884,0.467,0.826
305,8,0,29.186,311.07,0.67,503,10.076,535.542,0.474,0.844
306,2,0,29.558,311.07,0.675,500,10.122,536.671,0.469,0.849
307,3,0,29.651,311.07,0.677,497,10.205,531.87,0.463,0.842
308,5,0,29.651,311.07,0.67,498,10.202,532.266,0.462,0.841
309,7,0,29.837,311.86,0.68,495,10.202,529.036,0.462,0.847
310,5,0,29.558,311.674,0.676,497,10.383,521.4,0.461,0.835
311,7,0,29.884,311.837,0.68,499,10.267,529.402,0.462,0.85
312,4,0,30.302,319.0,0.683,500,10.144,537.802,0.466,0.872
313,5,0,30.581,316.488,0.685,498,9.878,538.192,0.464,0.877
314,7,0,30.86,317.581,0.691,501,9.784,552.673,0.467,0.891
315,6,0,31.512,320.0,0.715,497,9.805,559.297,0.463,0.904
316,4,0,31.558,320.07,0.719,495,10.092,548.423,0.459,0.901
317,6,0,31.977,321.744,0.728,495,10.0,556.949,0.46,0.913
318,4,0,32.07,322.488,0.727,495,9.932,556.703,0.462,0.917
319,3,0,32.07,322.86,0.727,492,9.966,563.362,0.461,0.916
320,3,0,32.349,325.512,0.731,491,10.023,562.704,0.459,0.92
321,9,0,32.488,325.512,0.734,496,10.098,569.173,0.461,0.927
322,5,0,32.581,325.512,0.733,497,10.065,568.633,0.462,0.929
323,5,0,32.488,325.744,0.727,493,10.102,566.916,0.462,0.927
324,5,0,27.07,292.907,0.642,490,12.503,469.317,0.454,0.694
325,6,0,26.884,292.907,0.645,491,12.53,468.842,0.455,0.683
326,5,0,26.791,295.279,0.648,491,12.615,465.074,0.453,0.672
327,0,0,26.791,295.233,0.649,487,12.644,462.906,0.451,0.667
328,7,0,27.605,301.605,0.656,487,12.476,480.722,0.453,0.723
329,3,0,27.698,302.209,0.656,485,12.341,483.92,0.452,0.728
330,4,0,28.023,303.86,0.664,482,12.548,481.477,0.444,0.725
331,3,0,28.209,303.86,0.665,480,12.536,482.015,0.443,0.733
332,7,0,28.488,304.907,0.671,485,10.704,491.845,0.448,0.752
333,8,0,28.488,304.907,0.672,484,12.445,491.724,0.446,0.757
334,8,0,28.605,307.721,0.679,487,12.36,494.371,0.449,0.771
335,5,0,28.674,307.721,0.679,487,12.373,491.177,0.449,0.775
336,7,0,28.674,307.674,0.677,486,12.538,488.425,0.446,0.769
337,2,0,28.721,307.674,0.675,483,12.59,491.408,0.443,0.764
338,8,0,29.279,311.047,0.68,483,12.197,510.111,0.449,0.805
339,7,0,29.605,311.209,0.683,484,12.22,510.909,0.448,0.819
340,3,0,29.047,311.256,0.684,482,12.445,496.513,0.443,0.779
341,6,0,29.698,317.814,0.699,483,10.398,512.281,0.445,0.808
342,1,0,29.791,317.814,0.7,483,10.359,513.343,0.445,0.811
343,3,0,29.744,317.674,0.697,480,10.469,505.774,0.441,0.801
344,8,0,30.116,319.488,0.697,484,10.275,521.052,0.446,0.829
345,5,0,30.256,319.488,0.701,483,10.164,526.074,0.447,0.835
346,9,0,30.953,319.791,0.711,484,8.888,553.883,0.45,0.864
347,7,0,30.581,320.163,0.713,485,8.842,548.068,0.453,0.855
348,4,0,30.721,320.163,0.719,485,8.877,552.451,0.452,0.859
349,2,0,31.047,321.233,0.721,481,8.379,555.481,0.449,0.863
350,5,0,31.233,322.302,0.713,479,8.501,555.298,0.446,0.865
351,6,0,31.558,322.302,0.716,478,8.469,562.427,0.445,0.875
352,5,0,31.674,325.558,0.717,479,8.413,561.907,0.447,0.882
353,6,0,31.674,328.302,0.715,480,8.964,561.364,0.447,0.883
354,7,0,31.581,328.0,0.717,480,9.246,555.057,0.442,0.874
355,8,0,31.442,326.233,0.717,477,9.223,550.204,0.443,0.87
356,10,0,31.721,326.395,0.714,483,8.706,565.564,0.452,0.892
357,5,0,31.581,326.395,0.711,482,8.84,557.156,0.448,0.882
358,5,0,31.698,323.0,0.713,479,8.913,550.755,0.444,0.881
359,5,0,31.558,323.0,0.712,483,8.861,555.734,0.45,0.884
360,5,0,31.233,323.0,0.713,482,8.996,546.035,0.45,0.874
361,13,0,31.698,324.256,0.712,489,8.28,564.955,0.454,0.893
362,2,0,27.535,287.558,0.62,489,9.282,469.605,0.453,0.699
363,11,0,27.628,290.047,0.628,497,8.903,485.711,0.463,0.733
364,5,0,27.814,296.186,0.641,495,8.88,490.71,0.466,0.75
365,13,0,28.442,300.233,0.64,502,8.619,511.761,0.474,0.803
366,8,0,28.744,301.535,0.644,505,8.606,514.4,0.473,0.817
367,4,0,28.86,301.535,0.645,506,8.578,516.932,0.473,0.822
368,2,0,28.953,301.535,0.646,504,8.569,517.364,0.472,0.824
369,5,0,29.186,301.535,0.648,503,8.547,520.269,0.47,0.829
370,9,0,29.302,301.674,0.654,507,8.475,529.835,0.471,0.837
371,5,0,29.163,301.674,0.655,508,8.568,522.277,0.469,0.826
372,7,0,29.07,301.674,0.664,507,8.539,527.092,0.467,0.817
373,6,0,29.116,301.674,0.662,508,8.469,536.685,0.468,0.821
374,8,0,29.349,305.279,0.668,511,8.275,543.925,0.472,0.84
375,10,0,29.721,310.372,0.668,515,8.127,552.581,0.476,0.86
376,5,0,30.093,312.07,0.67,516,8.07,560.889,0.476,0.874
377,10,0,30.256,312.07,0.674,518,8.056,562.835,0.472,0.874
378,3,0,30.233,311.907,0.676,513,8.151,561.49,0.467,0.865
379,3,0,30.465,311.907,0.678,512,8.196,562.444,0.463,0.866
380,3,0,30.628,316.186,0.684,510,8.113,568.367,0.466,0.876
381,5,0,30.628,319.884,0.688,510,8.116,567.597,0.467,0.878
382,3,0,30.814,319.093,0.688,506,8.151,570.103,0.464,0.879
383,5,0,31.186,319.093,0.697,506,8.111,577.646,0.462,0.888
384,9,0,31.07,324.767,0.698,513,8.099,583.222,0.467,0.892
385,5,0,31.349,324.767,0.71,512,7.63,591.836,0.467,0.899
386,3,0,31.302,324.767,0.71,513,7.537,594.604,0.469,0.9
387,9,0,31.465,325.698,0.712,516,7.497,602.172,0.473,0.909
388,3,0,31.721,325.698,0.714,513,7.547,606.649,0.47,0.912
389,8,0,32.186,326.465,0.714,516,7.425,617.392,0.472,0.924
390,6,0,26.279,285.14,0.613,517,7.695,509.167,0.476,0.675
391,5,0,26.791,286.651,0.623,517,7.589,518.894,0.476,0.708
392,4,0,27.209,287.0,0.631,514,7.49,529.422,0.474,0.729
393,10,0,28.256,291.442,0.649,512,7.138,548.179,0.475,0.788
394,5,0,28.349,291.767,0.658,511,7.135,545.87,0.474,0.792
395,2,0,28.488,291.674,0.66,508,7.23,541.997,0.472,0.795
396,3,0,28.465,295.186,0.666,503,7.258,540.403,0.47,0.789
397,7,0,28.419,295.744,0.665,508,7.192,542.654,0.474,0.795
398,4,0,28.605,297.047,0.674,507,7.258,543.385,0.475,0.806
399,9,0,29.07,301.558,0.68,507,7.045,563.821,0.481,0.839
400,6,0,29.209,301.558,0.68,508,6.975,566.427,0.48,0.843
401,12,0,29.698,304.558,0.691,513,6.777,583.778,0.487,0.874
402,6,0,29.884,307.698,0.701,513,6.665,593.061,0.491,0.886
403,3,0,30.302,308.674,0.702,513,6.557,598.078,0.493,0.9
404,2,0,30.209,308.698,0.705,512,6.606,596.26,0.491,0.895
405,8,1,30.86,309.535,0.711,515,6.396,612.862,0.496,0.918
406,6,0,30.721,309.535,0.707,515,6.351,614.563,0.497,0.916
407,1,0,30.837,307.744,0.707,505,6.476,601.015,0.487,0.907
408,9,0,31.442,313.837,0.73,511,6.18,629.559,0.494,0.928
409,5,0,31.884,320.488,0.739,511,6.081,641.11,0.497,0.939
410,5,0,32.07,321.07,0.743,513,6.205,647.724,0.499,0.944
411,5,0,32.302,325.047,0.751,511,6.146,652.877,0.499,0.948
412,6,0,23.0,294.209,0.618,513,8.723,439.347,0.497,0.513
413,6,0,23.302,295.186,0.63,514,8.589,446.722,0.497,0.537
414,11,0,23.767,298.349,0.641,521,8.357,461.048,0.506,0.604
415,10,0,24.302,303.07,0.657,527,8.142,474.832,0.51,0.655
416,7,0,24.767,302.814,0.663,527,8.216,480.891,0.504,0.668
417,7,0,25.302,308.372,0.673,525,8.218,489.987,0.502,0.696
418,4,0,25.395,308.372,0.676,527,8.215,492.38,0.501,0.699
419,8,0,26.186,308.651,0.685,528,7.981,497.203,0.499,0.743
420,8,1,26.512,313.651,0.696,528,7.9,509.912,0.504,0.772
421,4,0,26.605,314.744,0.698,530,7.84,514.585,0.506,0.783
422,8,1,26.977,316.628,0.707,532,7.748,527.144,0.507,0.804
423,5,1,27.349,316.721,0.713,528,7.761,530.636,0.503,0.814
424,6,0,27.791,319.116,0.719,531,7.516,543.411,0.511,0.847
425,9,1,28.023,319.116,0.715,536,7.577,546.262,0.513,0.86
426,6,0,28.14,319.116,0.716,537,7.537,547.916,0.51,0.86
427,3,0,28.186,319.116,0.715,540,7.489,551.275,0.512,0.865
428,6,0,28.605,321.744,0.722,538,7.375,558.199,0.51,0.875
429,3,0,28.884,321.744,0.727,534,7.276,560.754,0.506,0.878
430,4,0,29.07,321.744,0.726,537,7.256,563.32,0.506,0.885
431,11,0,21.209,291.07,0.588,545,17.859,395.189,0.508,0.489
432,5,0,21.651,292.721,0.607,545,17.92,404.908,0.506,0.517
433,5,0,22.023,294.349,0.621,545,17.84,409.178,0.505,0.543
434,5,0,22.302,295.791,0.629,548,17.733,413.312,0.508,0.573
435,6,0,22.535,296.953,0.635,549,17.633,422.294,0.509,0.595
436,7,0,23.279,300.116,0.65,549,17.542,443.673,0.51,0.651
437,8,0,23.744,306.86,0.667,554,17.226,457.203,0.516,0.7
438,10,0,23.977,310.884,0.672,562,16.576,472.181,0.525,0.737
439,7,0,24.256,310.488,0.683,564,16.563,478.094,0.523,0.748
440,7,0,24.721,310.767,0.686,562,16.53,484.324,0.518,0.761
441,8,1,24.953,311.116,0.685,562,16.403,491.175,0.52,0.779
442,11,0,25.233,320.349,0.692,572,16.173,504.39,0.529,0.814
443,7,1,25.512,321.512,0.695,575,16.104,510.796,0.531,0.83
444,4,0,25.674,323.047,0.701,574,16.097,513.619,0.532,0.84
445,9,1,26.186,323.047,0.703,570,16.035,523.551,0.527,0.85
446,7,2,26.791,323.047,0.705,566,16.01,535.68,0.523,0.866
447,1,0,27.023,319.907,0.704,562,16.046,540.319,0.519,0.868
448,4,0,27.674,318.349,0.711,553,16.289,543.208,0.508,0.874
449,6,1,27.86,318.488,0.715,552,16.333,549.317,0.509,0.882
450,5,0,20.628,286.465,0.587,552,10.291,406.63,0.509,0.389
451,6,0,21.977,293.86,0.626,548,9.732,430.613,0.506,0.474
452,8,0,22.488,298.837,0.646,549,9.515,443.597,0.511,0.532
453,6,0,22.674,301.535,0.655,554,9.278,451.476,0.518,0.57
454,7,0,23.302,301.326,0.657,552,9.102,458.138,0.515,0.605
455,8,0,23.674,303.047,0.665,556,8.895,471.626,0.521,0.653
456,3,0,24.186,304.767,0.683,551,8.824,486.102,0.515,0.667
457,3,0,25.372,305.302,0.694,544,8.661,512.443,0.512,0.734
458,7,0,25.744,306.977,0.692,546,8.627,516.579,0.512,0.757
459,6,0,26.256,310.419,0.715,550,8.434,535.603,0.517,0.794
460,2,0,27.0,310.093,0.715,544,8.481,542.747,0.507,0.809
461,5,0,27.465,310.163,0.721,542,8.518,548.548,0.504,0.823
462,7,0,27.558,310.395,0.726,545,8.488,552.769,0.503,0.827
463,7,0,27.674,310.349,0.727,547,8.504,555.155,0.504,0.834
464,4,0,27.791,312.233,0.729,547,8.564,549.774,0.503,0.837
465,5,0,27.721,312.256,0.732,546,8.669,546.092,0.498,0.823
466,7,0,28.372,315.558,0.74,549,8.415,569.685,0.505,0.863
467,7,0,28.93,318.326,0.748,549,8.321,583.194,0.507,0.884
468,8,0,29.047,319.837,0.746,552,9.488,594.49,0.508,0.894
469,9,0,29.791,324.047,0.753,554,9.422,608.663,0.509,0.915
470,9,0,21.558,293.233,0.627,554,10.935,437.627,0.506,0.452
471,11,0,22.628,297.349,0.659,557,9.418,461.151,0.507,0.529
472,2,0,23.372,299.326,0.667,552,9.362,475.601,0.505,0.577
473,8,0,23.442,301.14,0.673,555,9.307,478.793,0.505,0.584
474,6,0,23.907,310.907,0.682,559,9.045,488.81,0.51,0.631
475,9,0,24.279,311.837,0.684,559,9.151,497.524,0.51,0.659
476,3,0,24.674,313.535,0.688,554,9.16,501.98,0.508,0.681
477,7,0,25.326,314.93,0.692,556,8.916,516.245,0.511,0.73
478,5,1,25.558,314.93,0.692,557,8.858,522.025,0.512,0.745
479,8,0,25.837,314.953,0.691,558,8.778,528.281,0.511,0.759
480,6,0,26.256,319.023,0.696,562,8.621,540.816,0.513,0.786
481,4,0,26.605,321.558,0.701,559,8.627,548.94,0.512,0.803
482,3,0,27.07,321.744,0.707,557,8.53,553.642,0.509,0.817
483,6,0,22.86,294.86,0.619,553,8.867,447.5,0.507,0.542
484,4,0,23.093,295.86,0.625,555,8.779,453.369,0.509,0.566
485,5,0,23.698,300.256,0.642,554,8.612,467.057,0.51,0.614
486,8,0,24.256,305.535,0.668,557,8.375,484.272,0.511,0.656
487,7,0,24.326,306.0,0.671,557,8.423,485.226,0.509,0.656
488,4,0,24.628,307.0,0.68,554,8.393,489.966,0.508,0.671
489,6,0,24.814,308.326,0.69,553,8.425,497.4,0.506,0.679
490,6,0,25.116,316.791,0.696,556,8.212,507.924,0.512,0.716
491,8,0,25.163,316.86,0.697,561,8.139,510.201,0.513,0.721
492,7,0,25.14,314.837,0.697,558,8.116,510.538,0.51,0.711
493,5,0,25.372,315.907,0.705,556,7.974,520.529,0.514,0.734
494,6,0,25.884,316.349,0.712,556,7.927,531.782,0.51,0.755
495,7,0,26.209,318.209,0.723,555,7.891,537.892,0.509,0.77
496,2,0,26.442,318.372,0.725,553,7.919,539.964,0.508,0.779
497,6,0,26.256,318.372,0.726,554,8.004,528.292,0.508,0.769
498,5,0,26.488,318.791,0.727,551,7.584,534.492,0.507,0.779
499,6,0,26.86,324.395,0.737,553,7.448,543.27,0.511,0.805
500,13,0,27.837,327.977,0.753,556,7.32,561.932,0.512,0.851
501,11,0,22.256,296.442,0.613,561,8.293,443.578,0.513,0.512
502,5,0,22.581,298.814,0.63,562,8.136,452.076,0.517,0.551
503,5,0,23.047,303.023,0.643,559,7.664,465.592,0.516,0.578
504,8,0,23.372,310.953,0.68,562,7.34,489.447,0.527,0.638
505,6,0,23.581,307.93,0.68,562,7.462,493.796,0.522,0.638
506,4,0,24.047,310.07,0.689,563,7.359,506.405,0.525,0.68
507,6,0,24.605,313.581,0.701,561,7.228,519.748,0.525,0.714
508,4,0,24.907,315.023,0.7,560,7.14,523.892,0.525,0.734
509,5,0,25.279,317.023,0.712,558,7.138,531.508,0.522,0.749
510,11,0,25.512,325.837,0.716,562,7.423,541.075,0.527,0.775
511,4,0,25.744,326.581,0.718,561,7.349,547.2,0.528,0.79
512,4,0,25.837,327.628,0.716,563,7.306,552.15,0.532,0.803
513,10,4,26.349,328.558,0.726,560,7.161,567.152,0.533,0.829
514,12,4,26.814,334.884,0.722,565,6.985,578.209,0.538,0.858
515,6,0,22.395,304.93,0.628,564,7.795,469.981,0.541,0.619
516,9,0,23.14,307.93,0.657,568,7.692,487.502,0.544,0.681
517,9,0,23.791,313.465,0.674,570,7.443,499.443,0.549,0.738
518,6,0,24.814,316.558,0.7,565,7.319,525.111,0.548,0.791
519,6,0,25.186,317.395,0.715,567,7.32,527.621,0.548,0.809
520,4,0,25.814,317.535,0.711,559,7.425,529.862,0.54,0.821
521,6,1,26.047,318.023,0.721,557,7.537,529.951,0.537,0.825
522,3,0,26.326,318.256,0.726,556,7.505,534.066,0.537,0.837
523,3,0,27.0,318.256,0.73,553,7.498,550.427,0.533,0.857
524,5,1,27.419,319.953,0.735,553,7.034,556.0,0.534,0.872
525,3,0,27.558,322.209,0.738,554,6.966,559.528,0.534,0.878
526,4,0,27.907,322.209,0.741,551,7.026,558.611,0.529,0.881
527,6,0,28.116,322.256,0.745,549,7.132,558.387,0.522,0.877
528,4,0,27.93,322.395,0.745,546,7.328,552.515,0.52,0.869
529,9,3,28.674,325.326,0.749,548,6.97,574.233,0.524,0.897
530,12,0,22.395,294.302,0.596,551,8.291,419.469,0.518,0.54
531,4,0,22.907,295.488,0.611,551,8.399,431.477,0.514,0.566
532,9,0,23.349,299.302,0.625,557,8.202,443.425,0.518,0.613
533,6,0,24.186,301.256,0.645,559,8.04,465.067,0.52,0.678
534,5,0,24.698,301.814,0.652,559,7.985,472.907,0.517,0.703
535,4,0,24.884,305.628,0.664,558,7.998,477.41,0.516,0.712
536,8,0,25.674,306.558,0.683,555,7.85,489.825,0.511,0.746
537,6,0,26.023,309.86,0.695,554,7.68,500.464,0.51,0.762
538,8,0,26.721,318.209,0.706,559,7.386,525.631,0.518,0.814
539,4,0,26.953,318.209,0.716,560,7.397,527.04,0.513,0.816
540,8,0,27.186,319.093,0.723,563,7.332,536.659,0.516,0.832
541,9,0,27.512,320.628,0.727,566,7.44,539.517,0.518,0.85
542,7,0,28.163,322.279,0.735,563,7.331,550.228,0.518,0.874
543,5,0,27.977,322.279,0.731,566,7.28,548.849,0.521,0.872
544,9,1,28.14,323.953,0.735,570,7.14,560.694,0.526,0.884
545,12,0,28.884,324.721,0.745,572,7.07,572.967,0.525,0.904
546,3,0,29.209,324.721,0.749,572,7.09,574.0,0.522,0.909
547,6,0,29.372,326.023,0.746,573,7.039,576.217,0.524,0.916
548,7,1,29.279,325.628,0.742,574,7.011,575.06,0.524,0.913
549,4,0,29.488,325.628,0.744,574,7.078,579.331,0.52,0.914
550,8,0,22.535,295.721,0.607,575,9.073,453.707,0.525,0.582
551,1,0,22.814,295.721,0.62,567,9.321,448.307,0.516,0.572
552,4,0,23.372,296.558,0.632,565,9.24,454.259,0.511,0.598
553,5,0,24.326,296.605,0.643,559,9.154,471.667,0.506,0.651
554,7,0,24.791,298.628,0.652,557,8.238,490.168,0.508,0.68
555,9,0,24.791,302.605,0.682,561,8.245,485.411,0.513,0.699
556,6,0,25.349,304.884,0.702,561,8.272,497.599,0.514,0.735
557,5,0,26.233,309.767,0.721,561,7.922,533.602,0.52,0.798
558,8,0,26.744,314.488,0.736,564,7.716,546.883,0.523,0.829
559,7,1,27.442,315.465,0.737,562,7.541,567.471,0.524,0.858
560,6,0,27.674,319.233,0.74,562,7.519,567.241,0.522,0.864
561,6,0,28.372,319.233,0.741,563,7.438,580.823,0.522,0.887
562,3,0,28.698,319.233,0.743,558,7.495,583.791,0.518,0.891
563,9,0,29.116,320.442,0.75,560,7.342,590.403,0.522,0.908
564,7,0,22.442,288.93,0.587,562,11.146,430.132,0.527,0.601
565,8,0,23.326,295.488,0.614,561,10.909,450.656,0.523,0.648
566,10,0,23.907,299.721,0.643,563,10.692,459.903,0.526,0.696
567,7,0,24.14,302.256,0.656,567,10.589,465.308,0.528,0.716
568,6,0,25.093,306.628,0.683,566,10.491,486.622,0.529,0.775
569,5,0,25.558,311.395,0.688,567,10.387,501.636,0.531,0.804
570,7,0,25.837,312.93,0.699,571,10.262,506.32,0.533,0.821
571,4,0,26.349,312.419,0.701,566,10.233,514.837,0.528,0.833
572,8,0,27.023,317.93,0.704,569,10.154,527.944,0.528,0.86
573,6,0,27.349,318.488,0.704,566,10.267,536.336,0.525,0.867
574,7,0,20.349,290.628,0.571,570,8.802,405.649,0.532,0.439
575,6,0,21.186,293.442,0.597,569,8.566,424.041,0.533,0.506
576,10,0,22.256,299.628,0.632,571,8.18,457.834,0.539,0.605
577,7,0,22.395,302.465,0.642,574,8.036,462.801,0.543,0.63
578,4,0,22.907,305.791,0.647,574,7.923,476.592,0.546,0.674
579,6,0,23.651,311.977,0.673,576,7.895,493.616,0.546,0.724
580,3,0,23.651,309.0,0.668,572,8.101,493.757,0.54,0.705
581,4,0,24.209,309.279,0.684,565,8.131,501.081,0.535,0.725
582,5,0,25.0,313.14,0.704,566,8.006,512.426,0.533,0.765
583,6,0,25.419,314.047,0.709,563,8.061,514.326,0.533,0.788
584,8,0,26.395,318.349,0.734,563,7.823,537.58,0.532,0.833
585,9,0,26.372,321.535,0.733,567,7.773,536.139,0.534,0.836
586,8,0,26.674,325.047,0.739,572,7.525,551.808,0.54,0.859
587,5,1,27.163,325.465,0.741,566,7.154,555.11,0.534,0.864
588,9,0,22.093,291.419,0.574,571,7.953,431.857,0.533,0.568
589,7,0,22.279,294.977,0.593,574,7.819,436.123,0.535,0.591
590,10,0,22.977,298.698,0.616,579,7.462,460.7,0.536,0.643
591,10,0,23.558,301.233,0.631,584,7.291,475.417,0.538,0.689
592,5,0,24.395,302.605,0.65,577,7.188,490.146,0.534,0.73
593,7,0,24.674,306.581,0.681,580,7.154,498.01,0.536,0.751
594,7,0,24.674,307.0,0.682,586,7.111,499.334,0.538,0.757
595,5,0,25.116,310.581,0.703,584,7.112,508.871,0.536,0.775
596,6,0,25.605,310.558,0.708,578,7.722,508.413,0.527,0.781
597,4,0,25.884,310.93,0.714,576,7.769,514.667,0.522,0.786
598,4,0,26.14,310.93,0.715,575,7.774,520.924,0.521,0.797
599,5,0,26.581,311.953,0.721,574,7.722,523.903,0.517,0.807
600,8,0,26.674,312.977,0.723,580,7.531,532.435,0.524,0.827
601,7,0,27.047,313.628,0.728,583,7.477,543.447,0.525,0.844
602,5,0,27.233,315.233,0.735,583,7.51,543.509,0.525,0.852
603,3,0,27.256,314.674,0.731,581,7.478,543.507,0.524,0.85
604,5,0,27.767,315.605,0.735,579,7.478,554.543,0.518,0.86
605,4,0,27.674,315.605,0.735,579,7.527,555.772,0.518,0.856
606,7,0,27.884,317.372,0.732,583,7.288,569.346,0.524,0.874
607,10,0,28.349,321.465,0.74,586,6.669,589.714,0.533,0.899
608,10,0,28.791,323.884,0.741,591,6.567,602.405,0.535,0.913
609,3,0,29.256,323.884,0.741,588,6.602,612.12,0.53,0.919
610,6,0,29.535,323.977,0.743,588,6.516,617.972,0.53,0.925
611,3,0,29.767,323.953,0.745,588,6.502,621.873,0.529,0.929
612,12,0,23.093,290.953,0.553,592,8.983,455.233,0.533,0.653
613,4,0,23.651,291.953,0.564,590,8.786,472.729,0.533,0.689
614,1,0,24.023,293.349,0.582,583,8.892,475.407,0.528,0.699
615,6,0,24.488,296.581,0.607,581,8.843,489.261,0.528,0.729
616,7,0,25.186,297.605,0.622,582,8.687,504.405,0.528,0.767
617,9,0,25.326,300.442,0.641,584,8.748,506.775,0.525,0.768
618,6,0,25.791,303.093,0.658,582,8.62,514.699,0.524,0.789
619,6,0,26.349,304.419,0.662,579,8.733,527.716,0.519,0.807
620,5,0,26.814,304.419,0.663,580,8.583,537.524,0.519,0.828
621,2,0,27.326,304.419,0.669,576,8.633,540.937,0.513,0.837
622,3,0,27.791,303.907,0.663,571,8.717,545.196,0.504,0.839
623,4,0,28.07,303.907,0.668,569,8.69,548.243,0.503,0.848
624,3,0,28.674,303.907,0.672,566,8.671,558.406,0.499,0.864
625,6,0,29.0,303.907,0.675,562,8.708,554.128,0.492,0.865
626,4,0,29.0,304.395,0.675,561,8.669,557.96,0.496,0.871
627,3,0,29.14,304.395,0.68,559,8.65,564.925,0.497,0.877
628,2,0,29.14,304.488,0.682,553,8.714,556.256,0.492,0.87
629,9,0,29.326,304.605,0.686,558,8.672,559.42,0.495,0.881
630,3,0,29.349,304.605,0.687,558,8.627,559.857,0.495,0.882
631,3,0,29.488,306.023,0.69,557,8.624,562.281,0.496,0.888
632,9,0,29.628,307.326,0.697,557,8.598,565.488,0.498,0.894
633,3,0,29.767,307.884,0.697,557,8.578,570.073,0.498,0.899
634,13,0,23.535,283.372,0.596,561,9.129,446.672,0.498,0.564
635,8,0,23.953,286.14,0.607,565,9.002,454.052,0.501,0.603
636,9,0,24.047,286.14,0.608,571,9.017,454.325,0.501,0.61
637,2,0,24.302,286.767,0.614,569,8.683,456.797,0.498,0.617
638,4,0,24.721,288.209,0.618,567,8.579,465.86,0.496,0.641
639,5,0,25.0,288.488,0.624,567,8.557,468.903,0.495,0.656
640,6,0,25.86,291.419,0.638,562,8.415,483.741,0.491,0.701
641,6,0,26.326,292.14,0.642,562,8.218,493.649,0.493,0.733
642,5,0,26.512,292.837,0.644,563,8.228,496.163,0.494,0.747
643,3,0,26.884,293.209,0.649,561,8.232,498.818,0.491,0.761
644,6,0,27.163,293.209,0.652,558,8.263,500.022,0.489,0.772
645,7,0,28.0,296.744,0.675,557,8.157,517.952,0.491,0.819
646,8,0,28.419,296.744,0.678,559,8.146,528.022,0.49,0.835
647,3,0,28.581,298.163,0.684,557,8.165,529.927,0.488,0.838
648,5,0,29.279,301.209,0.696,554,8.254,539.424,0.483,0.857
649,13,0,29.233,301.488,0.699,559,8.29,541.993,0.484,0.857
650,6,0,29.791,305.186,0.704,560,7.792,561.691,0.493,0.889
651,3,0,30.116,305.186,0.706,555,7.82,566.946,0.489,0.893
652,4,0,30.256,309.233,0.711,553,7.862,563.827,0.486,0.894
653,4,0,30.163,310.256,0.72,547,7.978,560.92,0.482,0.885
654,7,0,30.349,312.814,0.719,547,7.519,570.112,0.485,0.894
655,4,0,30.767,314.581,0.722,542,7.493,575.107,0.484,0.904
656,13,0,23.767,283.488,0.59,548,7.704,458.076,0.487,0.529
657,7,0,23.953,284.488,0.597,548,7.933,453.854,0.485,0.536
658,3,0,24.186,285.698,0.603,547,7.81,462.239,0.486,0.557
659,3,0,24.419,285.605,0.605,546,7.829,469.105,0.485,0.571
660,7,0,24.744,285.767,0.604,547,7.644,475.136,0.486,0.601
661,4,0,24.93,286.558,0.607,547,7.546,483.8,0.488,0.618
662,6,0,25.558,288.884,0.62,544,7.398,497.71,0.488,0.664
663,9,0,26.349,294.581,0.655,548,7.219,516.359,0.49,0.721
664,9,0,27.0,299.349,0.667,550,6.902,536.135,0.494,0.769
665,7,0,27.279,299.349,0.67,552,6.832,542.558,0.497,0.79
666,6,0,27.279,302.837,0.671,554,6.84,548.157,0.499,0.796
667,5,0,27.767,307.209,0.691,554,6.666,565.856,0.505,0.831
668,12,1,28.047,314.023,0.712,558,6.525,575.904,0.511,0.854
669,2,0,28.163,313.302,0.714,550,6.778,570.728,0.505,0.848
670,3,0,28.372,317.442,0.716,546,6.732,578.872,0.505,0.856
671,4,0,28.512,318.884,0.722,545,6.782,578.663,0.504,0.86
672,4,0,29.023,320.698,0.727,543,6.761,590.797,0.503,0.876
673,5,0,29.07,320.767,0.732,539,6.92,587.03,0.496,0.868
674,7,0,29.163,321.791,0.734,540,7.199,588.869,0.499,0.876
675,6,0,29.488,321.791,0.734,544,7.178,593.521,0.499,0.886
676,3,0,29.512,321.791,0.735,543,7.219,591.705,0.497,0.885
677,8,0,29.86,322.349,0.736,545,7.155,606.618,0.497,0.895
678,4,0,30.047,327.674,0.735,543,7.122,617.983,0.497,0.9
679,7,0,30.14,327.674,0.739,544,7.023,612.38,0.5,0.906
680,5,0,30.419,327.791,0.739,543,6.94,619.917,0.5,0.913
681,5,0,22.744,294.628,0.611,542,8.844,440.065,0.494,0.485
682,6,0,23.302,297.14,0.622,542,8.915,448.686,0.493,0.525
683,5,0,23.651,300.116,0.634,544,8.809,455.31,0.495,0.557
684,7,0,23.977,305.488,0.65,546,8.583,471.282,0.502,0.606
685,7,0,24.674,311.0,0.684,545,8.467,495.354,0.506,0.668
686,9,0,25.093,319.023,0.696,550,8.332,507.783,0.51,0.708
687,10,1,25.209,322.721,0.706,551,8.439,508.082,0.509,0.712
688,7,0,24.907,322.349,0.704,550,8.553,502.126,0.506,0.684
689,4,0,25.372,322.535,0.707,550,8.542,508.227,0.501,0.701
690,8,0,25.442,325.372,0.708,550,8.336,520.693,0.505,0.715
691,2,0,25.767,325.372,0.717,538,8.554,522.945,0.493,0.702
692,6,0,26.326,325.326,0.722,534,8.589,529.806,0.487,0.72
693,6,0,26.628,324.86,0.723,530,8.738,529.364,0.481,0.722
694,10,0,22.302,290.535,0.594,536,9.953,428.012,0.483,0.417
695,4,0,22.767,292.884,0.616,536,9.977,435.058,0.481,0.446
696,8,0,23.372,295.186,0.635,541,9.707,451.546,0.483,0.5
697,9,0,23.465,299.465,0.643,547,9.522,457.48,0.488,0.525
698,7,0,24.395,301.209,0.66,547,8.917,478.95,0.485,0.578
699,13,0,24.977,304.047,0.662,555,8.447,500.872,0.491,0.64
700,6,0,25.395,306.488,0.678,555,8.203,505.539,0.491,0.667
701,11,0,26.14,318.837,0.692,555,8.221,517.126,0.49,0.713
702,4,0,26.605,317.302,0.68,552,8.357,521.666,0.483,0.722
703,5,0,26.744,317.302,0.681,552,8.345,523.203,0.481,0.725
704,7,0,27.349,323.907,0.686,556,8.078,544.924,0.487,0.776
705,4,0,23.744,291.558,0.636,552,11.924,457.969,0.49,0.573
706,8,0,24.209,297.698,0.66,551,11.81,475.409,0.491,0.61
707,9,0,25.442,301.558,0.681,550,11.701,505.446,0.489,0.688
708,5,0,26.093,301.93,0.684,547,11.645,512.001,0.484,0.716
709,5,0,26.744,301.93,0.686,547,11.448,525.884,0.483,0.751
710,5,0,27.186,303.605,0.689,547,11.283,534.896,0.484,0.778
711,7,0,27.279,303.953,0.686,548,11.169,541.342,0.489,0.794
712,6,0,27.814,303.953,0.693,549,11.052,559.649,0.487,0.815
713,8,0,28.023,304.837,0.703,550,11.137,560.436,0.485,0.821
714,5,0,28.302,304.837,0.705,548,11.089,559.97,0.483,0.829
715,10,1,29.116,308.651,0.711,549,11.053,572.358,0.479,0.856
716,6,0,29.256,308.698,0.71,551,10.95,585.766,0.483,0.867
717,3,0,29.116,308.698,0.709,551,10.97,583.003,0.482,0.86
718,4,0,29.442,315.116,0.716,549,8.952,595.302,0.485,0.87
719,8,0,29.535,316.023,0.715,553,8.807,598.594,0.49,0.881
720,12,0,30.0,319.047,0.722,560,8.449,625.289,0.502,0.909
721,4,0,30.442,319.512,0.732,552,8.436,632.129,0.498,0.915
722,10,0,22.86,290.093,0.619,556,11.919,456.873,0.498,0.532
723,8,0,23.465,301.535,0.653,557,11.512,469.46,0.503,0.595
724,5,0,24.442,302.744,0.671,551,11.399,487.966,0.496,0.64
725,11,0,24.674,306.628,0.673,559,11.038,501.224,0.504,0.681
726,11,0,25.116,309.791,0.681,562,10.984,511.085,0.504,0.71
727,5,0,25.814,312.465,0.692,561,10.779,520.365,0.503,0.749
728,5,0,25.907,320.0,0.691,563,10.707,524.12,0.507,0.764
729,10,1,26.605,323.837,0.719,566,10.266,543.078,0.514,0.815
730,5,0,26.907,325.93,0.729,567,10.231,548.8,0.514,0.828
731,8,1,27.372,327.791,0.733,567,10.237,553.22,0.513,0.846
732,10,1,27.907,327.163,0.735,568,10.208,564.433,0.511,0.864
733,8,0,24.0,296.977,0.635,574,9.012,469.569,0.516,0.66
734,12,0,24.767,303.023,0.663,577,9.795,487.308,0.521,0.73
735,4,0,25.419,307.233,0.684,574,9.917,491.503,0.513,0.749
736,8,0,25.837,310.558,0.694,579,9.737,508.742,0.52,0.789
737,4,0,25.93,310.558,0.692,580,9.642,510.754,0.52,0.792
738,5,0,26.116,313.674,0.694,581,9.64,517.654,0.522,0.806
739,4,0,26.581,315.023,0.7,576,9.637,524.203,0.519,0.823
740,6,1,27.0,315.605,0.705,578,9.559,532.458,0.518,0.839
741,4,0,27.14,316.791,0.705,579,9.38,537.123,0.521,0.849
742,5,1,27.279,317.256,0.707,578,9.343,540.14,0.52,0.852
743,9,2,27.791,319.209,0.712,580,9.253,548.769,0.522,0.874
744,12,4,28.488,319.419,0.716,583,8.965,567.708,0.524,0.899
745,5,1,28.907,319.419,0.72,576,9.082,575.248,0.518,0.902
746,6,2,29.326,320.558,0.724,575,9.08,580.492,0.515,0.91
747,8,1,29.14,319.419,0.72,575,9.054,580.118,0.517,0.907
748,7,0,29.186,323.512,0.725,577,8.994,577.386,0.517,0.908
749,2,0,28.953,323.512,0.723,575,9.069,566.468,0.514,0.899
750,7,1,29.744,323.953,0.723,577,8.927,588.867,0.517,0.921
751,7,1,30.395,322.953,0.727,578,10.661,602.598,0.516,0.937
752,2,0,30.535,322.953,0.727,572,10.763,596.597,0.508,0.933
753,7,0,30.86,323.14,0.726,574,10.718,601.844,0.508,0.939
754,7,0,22.605,292.512,0.604,574,9.678,409.944,0.509,0.536
755,4,0,23.302,295.209,0.63,569,9.643,422.186,0.504,0.571
756,3,0,23.442,295.209,0.63,567,9.673,423.941,0.502,0.575
757,10,0,24.698,296.581,0.646,567,9.248,440.399,0.497,0.646
758,5,0,25.163,297.442,0.658,565,9.204,446.636,0.493,0.667
759,6,0,25.628,298.233,0.665,566,9.1,456.008,0.494,0.7
760,6,0,26.465,299.349,0.675,564,9.008,469.825,0.493,0.749
761,5,0,27.0,301.628,0.684,563,8.651,483.366,0.496,0.783
762,9,0,27.209,303.256,0.681,567,8.547,492.113,0.499,0.802
763,5,1,27.767,303.465,0.687,561,8.417,502.912,0.494,0.815
764,6,0,28.465,307.837,0.708,558,8.698,512.698,0.492,0.843
765,4,0,28.628,308.302,0.711,557,8.616,516.407,0.493,0.852
766,4,0,28.395,307.93,0.712,555,8.719,511.759,0.492,0.84
767,2,0,28.767,308.349,0.715,552,8.739,514.546,0.488,0.848
768,5,0,28.814,309.209,0.716,552,8.738,512.012,0.488,0.851
769,8,0,20.86,283.512,0.568,557,12.567,378.834,0.488,0.349
770,10,0,21.326,291.047,0.588,564,12.276,388.184,0.491,0.394
771,8,0,21.698,292.744,0.602,567,12.217,399.399,0.491,0.421
772,6,0,22.86,296.465,0.625,561,11.902,420.899,0.491,0.507
773,2,0,23.093,296.512,0.629,558,11.651,424.072,0.488,0.51
774,3,0,23.698,298.86,0.637,553,11.679,434.966,0.484,0.545
775,8,0,23.744,301.0,0.636,559,11.668,438.684,0.488,0.561
776,8,0,24.093,303.907,0.66,561,11.568,442.557,0.488,0.587
777,3,0,24.698,307.233,0.672,554,11.55,449.986,0.485,0.621
778,6,0,24.698,307.233,0.673,554,11.497,447.941,0.485,0.622
779,6,0,25.233,307.233,0.676,552,11.131,454.607,0.483,0.651
780,10,0,25.837,308.465,0.675,557,10.738,466.714,0.487,0.701
781,4,0,26.488,310.07,0.692,551,10.815,471.828,0.477,0.714
782,4,0,26.372,310.07,0.69,550,10.719,469.197,0.48,0.714
783,1,0,26.279,306.605,0.682,546,10.924,462.283,0.473,0.691
784,4,0,26.744,306.674,0.688,544,10.713,466.47,0.472,0.716
785,5,0,27.163,306.116,0.686,543,10.694,469.635,0.471,0.738
786,4,0,27.395,307.07,0.688,540,10.768,472.149,0.468,0.745
787,6,0,27.581,306.93,0.692,535,10.854,464.601,0.459,0.729
788,9,0,28.023,307.814,0.693,537,10.703,471.312,0.461,0.76
789,3,0,28.209,308.814,0.697,532,10.783,467.992,0.455,0.756
790,7,0,28.256,309.279,0.699,534,10.824,469.327,0.453,0.754
791,10,0,28.86,311.721,0.71,538,10.619,486.837,0.454,0.789
792,13,0,29.605,317.256,0.728,547,10.147,509.647,0.466,0.846
793,5,0,29.907,317.698,0.726,546,10.128,515.481,0.465,0.856
794,6,0,23.488,287.279,0.614,546,11.525,411.499,0.467,0.463
795,4,0,23.907,289.0,0.62,545,12.912,423.947,0.468,0.511
796,8,0,24.233,289.0,0.618,548,11.081,430.727,0.466,0.516
797,10,0,24.721,295.047,0.632,551,11.044,440.552,0.468,0.559
798,3,0,25.047,295.186,0.636,550,11.074,442.41,0.463,0.568
799,12,0,25.558,299.163,0.646,556,10.814,458.619,0.47,0.629
800,4,0,26.163,305.186,0.655,553,10.516,472.025,0.47,0.668
801,11,0,27.0,306.977,0.673,558,10.182,497.814,0.475,0.737
802,5,0,27.326,307.116,0.678,556,10.078,502.183,0.475,0.755
803,6,0,22.419,270.86,0.508,557,18.645,428.323,0.484,0.504
804,6,0,22.814,270.86,0.513,558,18.654,431.038,0.483,0.528
805,2,0,23.326,270.86,0.517,552,18.653,437.811,0.479,0.555
806,6,0,24.0,273.674,0.538,555,18.578,451.235,0.482,0.615
807,6,0,24.558,277.163,0.557,554,18.554,458.354,0.477,0.639
808,9,0,24.744,277.023,0.559,557,18.352,461.767,0.482,0.666
809,4,0,25.302,281.791,0.59,552,12.802,468.093,0.473,0.635
810,4,0,25.395,282.721,0.593,553,12.696,475.288,0.478,0.658
811,6,0,25.721,282.767,0.593,554,12.598,486.847,0.479,0.684
812,6,0,25.628,282.767,0.591,558,12.497,486.649,0.48,0.68
813,6,0,26.093,284.163,0.607,556,12.463,492.145,0.481,0.712
814,2,0,26.372,284.163,0.612,554,12.475,496.604,0.478,0.722
815,6,0,27.535,290.419,0.633,551,12.192,519.183,0.476,0.782
816,8,0,28.256,301.953,0.647,554,11.685,544.539,0.482,0.827
817,6,0,29.0,305.256,0.659,555,11.571,557.463,0.484,0.861
818,5,0,29.512,305.326,0.662,550,11.391,562.103,0.482,0.876
819,7,0,29.326,305.884,0.659,551,16.972,561.308,0.485,0.893
820,3,0,29.581,305.884,0.667,544,17.109,556.907,0.476,0.888
821,1,0,30.186,306.581,0.677,539,17.101,563.924,0.471,0.899
822,10,0,30.93,311.047,0.701,544,16.655,594.412,0.478,0.924
823,3,0,31.186,311.047,0.704,540,16.645,591.497,0.473,0.925
824,12,0,31.535,313.0,0.71,545,16.726,597.556,0.474,0.934
825,1,0,31.442,313.0,0.712,540,16.818,590.423,0.471,0.929
826,4,0,31.837,312.791,0.717,536,16.83,590.999,0.468,0.934
827,4,0,32.14,313.419,0.722,533,16.859,592.867,0.467,0.939
828,8,0,32.442,314.256,0.731,534,16.626,604.94,0.471,0.947
829,2,0,32.535,313.628,0.728,531,16.67,600.939,0.468,0.946
830,6,0,33.116,313.628,0.73,530,16.633,613.561,0.466,0.953
831,6,0,33.488,315.209,0.732,532,16.634,616.454,0.466,0.958
832,2,0,33.349,315.209,0.732,533,16.64,614.125,0.467,0.957
833,7,0,33.442,316.372,0.732,533,16.559,613.784,0.467,0.958
834,8,0,33.395,319.581,0.737,531,16.65,611.429,0.468,0.958
835,9,0,34.093,326.256,0.747,531,16.499,633.862,0.472,0.968
836,7,0,34.0,325.86,0.747,532,16.527,634.497,0.472,0.967
837,2,0,34.395,325.698,0.751,524,16.597,629.515,0.465,0.968
838,8,0,34.419,325.698,0.75,527,16.523,633.751,0.468,0.969
839,6,0,34.14,325.698,0.745,527,16.659,621.431,0.468,0.967
840,6,0,34.233,327.186,0.753,527,16.747,622.663,0.468,0.968
841,7,0,34.093,327.186,0.748,528,16.764,618.615,0.467,0.966
842,5,0,34.349,330.628,0.748,531,16.818,623.723,0.468,0.969
843,4,0,34.349,330.628,0.751,532,16.672,634.433,0.472,0.97
844,6,0,27.512,297.558,0.678,535,17.493,486.103,0.472,0.799
845,2,0,27.884,299.372,0.689,532,17.49,491.647,0.469,0.811
846,6,0,28.209,304.767,0.686,535,17.316,505.043,0.476,0.84
847,10,0,28.14,306.535,0.682,542,17.34,508.854,0.482,0.849
848,6,0,28.372,308.07,0.692,540,17.343,508.557,0.481,0.856
849,10,0,28.884,311.047,0.714,547,17.002,527.812,0.49,0.888
850,5,0,28.884,309.698,0.706,547,17.017,521.775,0.49,0.888
851,1,0,29.442,309.698,0.71,542,17.003,527.562,0.488,0.9
852,6,0,29.744,310.302,0.714,543,16.966,534.399,0.487,0.907
853,7,0,29.953,308.674,0.716,544,16.77,538.886,0.488,0.914
854,3,0,30.372,309.372,0.721,538,17.025,544.028,0.481,0.917
855,5,0,30.651,309.744,0.726,538,16.985,546.384,0.48,0.921
856,6,0,30.465,310.442,0.726,537,17.026,543.727,0.481,0.919
857,6,0,22.837,278.279,0.564,536,11.912,402.464,0.488,0.494
858,5,0,23.395,278.326,0.573,534,11.87,407.56,0.484,0.522
859,5,0,24.0,278.86,0.585,531,11.858,416.467,0.478,0.547
860,9,0,25.116,282.977,0.614,529,11.481,445.53,0.479,0.634
861,5,0,25.116,283.023,0.614,530,11.488,448.837,0.481,0.638
862,6,0,25.628,283.0,0.618,529,11.443,456.177,0.478,0.666
863,6,0,25.814,282.14,0.61,530,11.417,462.222,0.479,0.681
864,3,0,26.163,285.698,0.625,528,11.418,462.381,0.478,0.699
865,5,0,26.721,284.698,0.628,519,11.542,465.234,0.466,0.7
866,9,0,26.953,287.884,0.635,523,11.266,475.213,0.473,0.733
867,4,0,27.093,288.0,0.635,524,11.068,479.259,0.473,0.742
868,7,0,27.419,291.791,0.645,527,10.931,493.089,0.478,0.773
869,9,0,27.767,296.535,0.672,528,10.773,510.79,0.483,0.803
870,4,0,28.093,298.558,0.689,521,11.041,508.268,0.478,0.808
871,5,0,28.395,299.814,0.692,521,9.512,517.226,0.479,0.817
872,4,0,28.465,302.721,0.694,524,9.43,519.844,0.482,0.827
873,6,0,28.744,303.279,0.704,527,9.39,525.992,0.482,0.839
874,6,0,29.023,303.279,0.707,523,9.513,522.003,0.478,0.842
875,4,0,29.442,304.023,0.708,522,9.424,531.873,0.479,0.86
876,7,0,29.86,305.0,0.7,523,9.356,538.097,0.481,0.878
877,5,0,29.953,305.0,0.699,528,9.302,543.125,0.483,0.885
878,7,0,30.0,305.0,0.702,529,9.466,540.64,0.481,0.883
879,3,0,30.047,305.047,0.7,529,9.599,537.656,0.478,0.881
880,5,0,30.326,307.093,0.708,532,9.469,547.974,0.482,0.896
881,9,0,30.651,307.163,0.706,537,9.348,553.367,0.486,0.909
882,5,0,30.93,307.395,0.705,536,9.378,559.402,0.485,0.914
883,3,0,30.837,307.395,0.7,536,9.58,557.283,0.484,0.912
884,5,0,30.814,310.093,0.696,537,9.636,555.785,0.483,0.91
885,6,0,31.465,310.093,0.7,534,9.699,561.024,0.475,0.918
886,5,0,31.744,310.884,0.707,531,9.738,566.192,0.474,0.922
887,7,0,31.93,313.093,0.71,535,9.54,575.586,0.481,0.933
888,10,0,23.698,283.256,0.577,542,10.208,416.794,0.482,0.524
889,8,0,23.884,284.372,0.58,547,10.039,421.894,0.487,0.556
890,4,0,24.488,285.279,0.593,545,9.943,430.897,0.485,0.593
891,10,0,25.047,289.093,0.615,549,9.785,448.778,0.489,0.65
892,6,0,25.884,291.605,0.632,547,9.443,461.76,0.489,0.704
893,4,0,26.209,293.535,0.636,547,9.419,466.514,0.488,0.719
894,2,0,26.256,296.674,0.645,543,9.834,457.903,0.481,0.706
895,6,0,26.349,296.674,0.646,547,9.834,457.817,0.482,0.714
896,9,0,26.767,296.907,0.647,544,9.773,465.613,0.48,0.733
897,9,0,26.907,297.93,0.647,550,9.647,476.687,0.483,0.75
898,7,0,27.419,298.488,0.656,551,9.681,480.879,0.481,0.773
899,4,0,27.884,301.302,0.67,551,9.51,491.471,0.481,0.797
900,6,0,27.93,301.302,0.68,554,9.442,489.625,0.482,0.801
901,9,0,28.186,304.093,0.676,555,9.566,489.823,0.48,0.811
902,8,0,28.721,309.07,0.684,556,9.38,504.068,0.481,0.836
903,8,0,29.372,313.349,0.694,557,9.305,517.593,0.48,0.86
904,7,0,29.744,313.349,0.7,561,9.236,525.375,0.481,0.874
905,3,0,30.023,313.349,0.7,559,9.191,529.62,0.482,0.886
906,7,0,23.698,282.395,0.581,563,10.151,395.432,0.486,0.539
907,5,0,24.116,282.907,0.592,562,10.413,398.015,0.486,0.572
908,6,0,24.558,282.907,0.601,561,10.452,403.368,0.48,0.585
909,6,0,25.163,285.256,0.613,558,10.285,417.543,0.482,0.635
910,5,0,25.581,285.256,0.616,556,10.131,419.532,0.479,0.655
911,6,0,26.279,288.326,0.637,556,10.033,432.05,0.481,0.706
912,6,0,26.186,290.209,0.649,557,10.008,438.549,0.483,0.708
913,5,0,26.372,290.209,0.65,555,9.767,437.33,0.482,0.714
914,5,0,27.256,290.721,0.66,549,9.73,449.998,0.475,0.749
915,4,0,27.767,290.628,0.664,546,9.846,461.616,0.474,0.775
916,9,0,28.419,293.907,0.678,550,9.549,476.605,0.476,0.812
917,6,0,28.884,295.628,0.692,548,9.547,486.74,0.475,0.831
918,3,0,28.977,295.628,0.697,543,10.374,473.858,0.467,0.821
919,3,0,29.302,295.651,0.701,538,10.473,475.424,0.461,0.825
920,6,0,29.163,295.651,0.698,543,10.701,479.108,0.466,0.829
921,7,0,28.93,299.884,0.705,543,10.111,479.116,0.466,0.817
922,4,0,29.256,301.628,0.706,545,9.995,490.942,0.47,0.838
923,6,0,29.535,304.256,0.711,544,9.831,500.545,0.472,0.854
924,5,0,30.14,305.093,0.72,542,9.981,508.846,0.47,0.873
925,13,0,22.721,280.814,0.56,552,12.825,371.191,0.482,0.472
926,5,0,23.0,281.0,0.561,549,11.253,381.658,0.481,0.477
927,7,0,23.791,286.837,0.593,547,10.944,402.014,0.488,0.561
928,8,0,24.372,288.93,0.61,550,10.824,412.146,0.489,0.608
929,9,0,24.93,290.907,0.616,554,10.883,423.574,0.491,0.656
930,7,0,25.326,293.233,0.632,556,10.747,433.083,0.494,0.691
931,4,0,26.07,295.326,0.655,556,10.639,447.005,0.493,0.734
932,1,0,26.651,295.326,0.664,546,10.901,448.918,0.482,0.74
933,4,0,26.791,295.326,0.664,547,10.95,450.324,0.482,0.749
934,5,0,27.0,295.698,0.671,545,10.918,455.726,0.479,0.751
935,4,0,27.419,295.698,0.674,543,10.878,461.656,0.476,0.769
936,6,0,27.698,298.372,0.689,543,10.45,470.483,0.478,0.786
937,6,0,27.837,300.14,0.689,546,10.408,476.054,0.481,0.801
938,2,0,28.116,304.628,0.696,544,10.11,482.201,0.48,0.81
939,4,0,28.442,306.209,0.7,545,10.003,493.806,0.482,0.828
940,5,0,29.326,308.535,0.706,543,9.933,507.113,0.48,0.859
941,8,0,29.512,311.349,0.714,547,9.734,522.651,0.485,0.875
942,7,0,29.86,311.419,0.713,550,9.525,530.436,0.487,0.889
943,4,0,30.326,315.023,0.73,548,9.409,536.931,0.487,0.901
944,7,0,30.233,316.488,0.729,551,9.337,541.945,0.489,0.901
945,7,0,30.884,317.14,0.738,549,9.209,558.174,0.49,0.919
946,6,0,31.256,317.14,0.738,551,9.111,566.896,0.491,0.928
947,7,0,31.395,318.558,0.742,547,9.213,571.967,0.487,0.927
948,0,0,31.442,318.558,0.741,539,9.425,568.925,0.481,0.922
949,8,0,22.767,288.302,0.616,543,11.22,414.497,0.491,0.493
950,5,0,23.209,290.93,0.625,543,11.099,426.116,0.49,0.524
951,2,0,23.256,289.442,0.626,537,11.174,421.659,0.484,0.505
952,3,0,23.581,290.07,0.634,534,11.202,429.25,0.48,0.517
953,5,0,23.767,290.651,0.636,536,11.152,431.007,0.481,0.536
954,8,0,24.419,293.977,0.651,537,11.081,444.863,0.484,0.594
955,9,0,25.256,298.93,0.679,539,10.586,475.085,0.491,0.677
956,5,0,25.814,300.791,0.691,540,10.461,489.097,0.492,0.715
957,8,0,26.233,302.558,0.695,539,10.387,499.593,0.492,0.739
958,1,0,26.512,302.558,0.697,533,10.399,498.663,0.488,0.744
959,7,0,26.907,303.977,0.704,531,10.122,503.969,0.488,0.765
960,4,0,27.279,303.977,0.708,528,10.157,507.117,0.483,0.773
961,6,0,27.605,303.674,0.714,527,10.107,510.154,0.478,0.778
962,4,0,27.744,303.186,0.711,525,9.712,511.597,0.476,0.779
963,11,0,28.163,309.023,0.72,532,9.005,522.815,0.479,0.804
964,4,0,28.442,309.907,0.727,529,9.069,526.504,0.475,0.807
965,7,0,28.581,312.116,0.737,530,9.221,530.464,0.477,0.82
966,5,0,21.977,281.465,0.576,530,11.041,394.951,0.469,0.353
967,8,0,22.488,288.465,0.609,535,10.844,408.072,0.473,0.405
968,5,0,22.628,291.372,0.615,537,10.715,414.117,0.476,0.424
969,4,0,23.0,291.744,0.62,537,10.635,422.971,0.473,0.442
970,5,0,23.744,294.093,0.627,536,10.528,438.76,0.469,0.483
971,5,0,24.395,295.558,0.65,532,10.517,448.737,0.464,0.516
972,6,0,24.512,295.558,0.65,537,10.31,453.244,0.469,0.54
973,6,0,24.744,297.093,0.657,538,10.061,460.283,0.472,0.568
974,4,0,24.93,297.256,0.658,537,10.151,465.431,0.472,0.582
975,7,0,24.977,297.907,0.659,540,10.127,465.901,0.473,0.592
976,3,0,25.116,297.907,0.66,538,10.927,465.962,0.473,0.607
977,10,0,25.395,298.116,0.659,544,10.442,479.158,0.483,0.657
978,6,0,26.186,302.488,0.689,542,10.108,490.765,0.48,0.7
979,4,0,26.512,305.233,0.69,543,10.005,500.87,0.483,0.727
980,6,0,26.884,305.233,0.692,546,9.859,507.057,0.482,0.747
981,6,0,27.628,306.209,0.699,544,9.201,518.31,0.48,0.781
982,7,0,27.86,306.209,0.697,548,9.163,522.891,0.482,0.797
983,8,0,28.372,308.767,0.703,551,8.865,536.626,0.489,0.835
984,6,0,28.279,309.186,0.703,552,8.783,537.169,0.492,0.837
985,7,1,28.721,313.442,0.707,550,8.524,550.588,0.494,0.858
986,12,1,29.395,321.953,0.717,556,8.1,574.811,0.5,0.889
987,6,1,29.93,322.256,0.722,556,7.965,587.76,0.5,0.903
988,4,0,19.628,290.302,0.574,558,10.404,391.101,0.51,0.321
989,6,0,20.186,293.535,0.59,559,10.183,402.779,0.513,0.37
990,10,0,21.023,297.744,0.608,563,9.911,419.428,0.519,0.451
991,6,0,21.581,298.86,0.628,562,9.496,437.115,0.52,0.494
992,10,0,21.953,301.698,0.64,566,9.295,448.03,0.525,0.541
993,13,1,23.0,307.256,0.664,573,8.237,481.231,0.531,0.632
994,7,0,23.535,307.767,0.684,571,8.09,495.253,0.529,0.661
995,7,1,23.953,311.488,0.686,572,7.896,513.092,0.532,0.7
996,7,1,25.163,321.837,0.707,567,7.761,546.817,0.532,0.771
997,3,0,25.814,323.279,0.711,564,7.668,560.518,0.528,0.796
998,7,1,26.186,321.395,0.718,560,7.708,560.595,0.524,0.805
999,9,0,26.884,321.395,0.719,560,7.568,569.72,0.525,0.837
1000,0,0,27.419,321.256,0.725,552,7.617,575.289,0.519,0.848
