1,10,0,0.571429,2.380952,0.0,10,343.504132,0.0,0.008387,0.008296,44,0,0.042692
2,3,0,0.761905,3.619048,0.001633,13,338.564824,0.0,0.010552,0.012035,12,0,0.039856
3,3,0,1.047619,5.47619,0.002474,16,312.542291,0.0,0.015152,0.023956,12,0,0.02015
4,3,0,1.238095,8.47619,0.005162,19,296.247826,0.012645,0.021104,0.041249,18,0,0.013722
5,4,0,1.666667,10.428571,0.005878,23,263.514301,0.117548,0.02638,0.047778,17,0,0.005798
6,7,0,2.238095,15.952381,0.009708,29,233.206757,0.221508,0.038826,0.070629,40,0,0.00307
7,5,0,2.52381,19.952381,0.013995,34,215.034785,0.417682,0.046131,0.09515,26,0,0.002054
8,5,0,2.952381,24.0,0.022101,38,195.202662,0.555129,0.050054,0.112038,24,0,0.001293
9,5,0,3.52381,31.857143,0.036,42,162.589098,0.863727,0.059524,0.166753,25,0,6.06E-4
10,3,0,3.809524,35.380952,0.041755,45,158.804307,0.936503,0.064394,0.192302,13,0,6.28E-4
11,6,0,3.571429,36.52381,0.0398,51,173.929743,0.959899,0.069535,0.192568,24,0,0.001037
12,9,0,3.857143,41.904762,0.043136,59,146.478334,1.230548,0.081981,0.213648,48,0,5.5E-4
13,4,0,4.0,43.904762,0.042248,63,141.519523,1.357827,0.088745,0.23335,22,0,5.4E-4
14,4,0,4.095238,45.238095,0.042544,67,140.311013,1.414974,0.092397,0.238045,14,0,5.64E-4
15,3,0,4.190476,45.714286,0.040318,70,131.682195,1.532863,0.095915,0.234524,19,0,4.6E-4
16,8,0,4.904762,52.904762,0.05518,77,109.841186,2.089137,0.102949,0.29441,33,0,3.1E-4
17,4,0,5.285714,61.0,0.070672,81,99.665017,2.558625,0.112284,0.344632,21,0,2.87E-4
18,4,0,5.571429,63.238095,0.070408,85,95.558617,2.889366,0.119318,0.353128,18,0,3.04E-4
19,7,0,6.095238,68.809524,0.076571,91,80.538546,3.814777,0.1296,0.380838,33,0,2.54E-4
20,8,0,6.666667,73.380952,0.082122,98,71.660745,4.518719,0.138393,0.407962,29,0,2.57E-4
21,3,0,6.952381,75.857143,0.09012,98,72.728801,4.660452,0.138258,0.426261,8,0,2.91E-4
22,3,0,7.238095,77.952381,0.097196,98,69.128622,4.958856,0.138258,0.447756,10,0,2.82E-4
23,3,0,7.428571,80.285714,0.101123,101,66.766497,5.289007,0.141775,0.46177,14,0,2.92E-4
24,3,0,7.428571,80.571429,0.098884,104,66.078066,5.205031,0.144886,0.459057,17,0,2.99E-4
25,5,0,7.714286,87.857143,0.111612,108,61.8674,5.597296,0.155574,0.504107,26,0,3.33E-4
26,6,0,7.52381,89.190476,0.110409,113,61.198505,5.631389,0.160985,0.504406,27,0,3.32E-4
27,8,0,8.285714,97.666667,0.124452,119,55.275548,6.449322,0.173972,0.554037,44,0,4.2E-4
28,6,0,8.47619,100.857143,0.125125,125,53.093409,7.363532,0.183442,0.565242,29,0,4.77E-4
29,3,0,8.47619,102.047619,0.126581,127,52.108149,7.758942,0.185877,0.570433,14,0,4.79E-4
30,3,0,8.380952,102.666667,0.125451,130,52.314082,7.808451,0.188582,0.56787,13,0,4.87E-4
31,5,0,9.047619,103.142857,0.129073,130,47.377703,8.357956,0.186959,0.577169,18,0,4.97E-4
32,8,0,9.428571,110.571429,0.146036,137,43.726928,8.620136,0.195346,0.622129,36,0,5.62E-4
33,3,0,9.904762,115.47619,0.157107,139,41.175374,9.26291,0.200081,0.658997,14,0,6.43E-4
34,4,0,10.285714,120.190476,0.169721,143,39.304715,9.944123,0.203598,0.693316,13,0,7.17E-4
35,6,0,10.857143,126.571429,0.182975,148,37.035185,10.894102,0.213745,0.725752,39,0,9.23E-4
36,3,0,10.857143,127.047619,0.180518,151,36.390015,11.367475,0.217668,0.720213,11,0,9.58E-4
37,9,0,11.428571,127.047619,0.169347,157,35.480045,12.926545,0.228355,0.69934,29,0,0.001301
38,0,0,11.619048,127.047619,0.173916,154,35.317171,12.633375,0.224026,0.712978,0,0,0.001288
39,6,0,12.190476,127.714286,0.175528,157,34.886844,13.187977,0.224973,0.724397,30,0,0.001538
40,2,0,12.095238,128.571429,0.174572,159,35.011683,13.193106,0.228626,0.721756,7,0,0.001583
41,2,0,12.095238,128.571429,0.173904,161,34.694693,13.338051,0.229302,0.721578,2,0,0.001582
42,3,0,12.190476,128.571429,0.175582,162,35.159806,13.306276,0.227949,0.727963,5,0,0.001622
43,7,0,12.095238,124.666667,0.154272,168,35.417929,13.797438,0.233766,0.683371,27,0,0.00173
44,7,0,12.190476,127.809524,0.159818,173,37.552731,14.430251,0.239719,0.698981,34,0,0.002088
45,4,0,12.571429,130.809524,0.172817,175,35.785182,15.135267,0.238231,0.73456,9,0,0.00217
46,8,0,12.809524,133.47619,0.175241,180,34.209896,15.339338,0.24513,0.736651,34,0,0.002456
47,3,0,13.095238,133.714286,0.173777,179,31.519493,15.503441,0.247024,0.736952,15,0,0.002527
48,10,0,13.571429,141.619048,0.188461,187,28.736802,16.460852,0.261228,0.77283,57,0,0.003296
49,8,0,14.52381,151.380952,0.216621,192,24.593405,19.511265,0.270022,0.844301,36,0,0.004402
50,2,0,15.095238,151.380952,0.223391,190,23.836219,19.865554,0.26434,0.864163,8,0,0.004716
51,7,0,15.190476,152.095238,0.217778,196,23.482188,20.497995,0.27151,0.856295,30,0,0.005335
52,4,0,15.190476,152.238095,0.219652,198,23.226194,20.738834,0.270969,0.858537,12,0,0.005249
53,6,0,15.666667,153.47619,0.220491,202,22.270034,22.074357,0.275027,0.858599,21,0,0.006259
54,2,0,15.571429,154.047619,0.221502,203,22.237269,21.845145,0.276245,0.859121,9,0,0.00618
55,5,0,16.047619,157.380952,0.235551,204,21.777706,22.011613,0.27665,0.891395,27,0,0.007097
56,6,0,16.047619,158.428571,0.232876,209,21.52811,22.292116,0.282197,0.88514,27,0,0.007637
57,5,0,16.47619,161.142857,0.239259,212,20.899392,23.192751,0.286391,0.90234,17,0,0.009083
58,5,0,16.952381,162.952381,0.238677,215,19.868556,25.070244,0.293831,0.90253,31,0,0.011344
59,7,0,17.238095,164.47619,0.240237,218,19.473503,25.929005,0.296807,0.909363,34,0,0.012774
60,8,0,17.619048,167.142857,0.244843,224,18.936358,26.138423,0.301677,0.925693,35,0,0.015151
61,1,0,17.809524,168.761905,0.256668,221,18.914919,26.041859,0.297484,0.953613,8,0,0.015102
62,6,0,17.619048,168.952381,0.251353,225,18.528824,26.176021,0.302354,0.939945,28,0,0.0151
63,6,0,17.52381,169.380952,0.249117,228,18.627397,26.35427,0.306142,0.935998,27,0,0.015546
64,5,0,18.0,171.666667,0.252455,231,18.119202,27.3832,0.311959,0.940627,30,0,0.019256
65,3,0,18.0,171.666667,0.251009,230,18.113662,27.576232,0.313041,0.92866,13,0,0.019558
66,7,0,18.095238,173.047619,0.255439,235,17.946267,27.903852,0.314394,0.935855,24,0,0.020423
67,3,0,18.380952,175.047619,0.263139,235,17.685374,29.385805,0.314665,0.963064,11,0,0.022184
68,6,0,19.238095,181.52381,0.282901,238,16.778147,30.051593,0.318588,1.001121,24,0,0.029584
69,6,0,19.714286,189.0,0.302806,242,15.731441,32.344757,0.328328,1.039192,40,0,0.037962
70,5,0,20.190476,191.904762,0.310244,244,15.032008,33.242646,0.333198,1.049095,26,0,0.04587
71,8,0,20.571429,193.0,0.304574,252,14.374129,34.859003,0.342668,1.042436,34,0,0.057443
72,8,0,20.857143,199.238095,0.32191,257,14.048056,35.87691,0.34835,1.067746,32,0,0.066895
73,5,0,20.571429,200.52381,0.331396,257,14.179175,35.49136,0.346726,1.086224,26,0,0.060415
74,6,0,20.666667,202.142857,0.336391,258,13.997745,35.73829,0.348755,1.0941,17,0,0.063538
75,7,0,20.52381,204.47619,0.341158,262,13.87813,35.873417,0.353761,1.097297,35,0,0.065074
76,5,0,20.428571,204.47619,0.337237,264,13.427351,36.666191,0.357955,1.085471,22,0,0.066143
77,5,0,20.428571,204.47619,0.335449,266,13.249521,36.400339,0.360119,1.079305,19,0,0.067777
78,5,0,20.904762,204.52381,0.339352,268,13.02222,36.870456,0.357143,1.091687,12,0,0.074169
79,3,0,20.904762,205.666667,0.340261,268,12.916574,36.478882,0.361066,1.089323,20,0,0.078002
80,3,0,20.809524,206.761905,0.342218,271,12.889172,37.202474,0.364177,1.088156,12,0,0.079118
81,2,0,20.47619,206.761905,0.349977,269,13.170231,35.868077,0.357143,1.089788,4,0,0.065795
82,3,0,20.952381,208.428571,0.360059,269,12.872243,36.071839,0.354978,1.114358,14,0,0.072664
83,8,0,20.761905,210.666667,0.364751,275,12.875298,36.651285,0.36066,1.118595,28,0,0.074349
84,2,0,20.761905,210.952381,0.366826,275,12.876111,36.754285,0.36066,1.122294,9,0,0.07435
85,6,0,20.571429,212.904762,0.365636,279,12.621506,37.924187,0.369589,1.108741,26,0,0.078895
86,5,0,20.571429,214.190476,0.364447,282,12.298863,39.013547,0.375541,1.100382,28,0,0.084706
87,5,0,21.142857,215.761905,0.36745,281,11.62123,41.277923,0.37987,1.112809,25,0,0.103386
88,4,0,21.333333,219.761905,0.375045,284,11.271083,42.861019,0.389881,1.114853,28,0,0.123011
89,9,0,22.047619,225.333333,0.390427,291,10.487957,45.61999,0.399486,1.137083,31,0,0.164489
90,5,0,22.428571,226.190476,0.394692,292,10.246094,46.157162,0.400298,1.152416,18,0,0.182075
91,3,0,22.952381,226.761905,0.400731,290,10.145715,46.661717,0.397051,1.160885,10,0,0.19936
92,5,0,23.333333,229.142857,0.406414,290,10.06244,46.806086,0.402056,1.170509,34,0,0.231443
93,5,0,23.952381,230.428571,0.412117,288,9.637408,48.157332,0.401921,1.188595,23,0,0.26442
94,5,0,24.142857,232.47619,0.418797,290,9.735707,47.65932,0.403409,1.197251,26,0,0.281215
95,5,0,24.333333,233.619048,0.424832,292,9.731273,48.004197,0.405574,1.201302,28,0,0.300029
96,1,0,24.428571,233.619048,0.427436,289,9.888176,46.68314,0.402192,1.208942,3,0,0.29686
97,5,0,24.619048,234.666667,0.429032,291,9.959057,47.061019,0.40368,1.218533,26,0,0.314637
98,3,0,25.190476,235.142857,0.429664,290,9.701193,48.430292,0.406656,1.217571,13,0,0.362444
99,5,0,25.190476,235.285714,0.428061,292,9.636316,48.739258,0.407873,1.219307,16,0,0.366118
100,5,0,25.285714,237.047619,0.428114,295,9.494599,48.941822,0.416126,1.217999,28,0,0.400878
101,4,0,25.857143,238.047619,0.430153,295,8.977511,51.441691,0.419372,1.220515,22,0,0.451995
102,7,0,25.857143,238.047619,0.427325,299,8.654706,52.077546,0.424107,1.214339,35,0,0.46674
103,4,0,26.047619,239.285714,0.437225,297,8.909665,51.223332,0.42086,1.232194,17,0,0.471674
104,4,0,26.714286,241.333333,0.448957,296,8.751636,52.72145,0.419643,1.25519,23,0,0.517817
105,5,0,26.619048,244.285714,0.463895,297,8.756383,52.810957,0.421537,1.274496,24,0,0.517434
106,4,0,26.619048,246.857143,0.475642,295,8.552136,54.22247,0.421807,1.285549,24,0,0.516748
107,2,0,27.095238,246.761905,0.479407,293,8.400685,55.335549,0.418425,1.298829,8,0,0.540045
108,8,0,27.0,246.761905,0.475483,297,8.32551,55.403292,0.423701,1.293195,40,0,0.551413
109,2,0,26.857143,246.761905,0.47719,294,8.351825,55.078917,0.421807,1.288559,10,0,0.533617
110,3,0,27.380952,245.190476,0.469455,293,8.219033,56.394872,0.42086,1.292906,19,0,0.569465
111,5,0,28.238095,248.380952,0.483559,294,7.898599,58.058083,0.423837,1.319261,25,0,0.641178
112,6,0,28.142857,248.380952,0.47708,298,7.727051,59.188913,0.429654,1.303986,37,0,0.652751
113,7,0,28.666667,248.380952,0.484985,300,7.809116,59.582038,0.423025,1.324355,20,0,0.668011
114,2,0,28.190476,248.380952,0.489225,296,8.026524,58.353903,0.419237,1.329724,8,0,0.622885
115,5,0,28.380952,248.380952,0.491129,296,8.197512,58.267557,0.416531,1.337629,18,0,0.628748
116,6,0,27.809524,249.47619,0.491602,298,8.103686,57.803881,0.421943,1.327169,25,0,0.604811
117,4,0,27.904762,249.47619,0.498235,298,8.180148,57.130747,0.415449,1.340804,6,0,0.589459
118,2,0,27.809524,249.47619,0.503582,295,8.469914,55.872898,0.41085,1.349778,13,0,0.567965
119,8,0,27.904762,250.333333,0.498189,301,8.092538,56.472677,0.423025,1.325006,44,0,0.615597
120,4,0,28.190476,250.333333,0.499034,302,8.071036,56.665039,0.422213,1.334022,18,0,0.633511
121,4,0,28.571429,250.333333,0.503589,301,8.028291,57.534608,0.418019,1.353204,19,0,0.646271
122,9,0,28.095238,251.52381,0.496112,307,7.813406,57.891698,0.430601,1.322427,54,0,0.653206
123,5,0,28.095238,252.333333,0.496825,307,7.662744,58.108597,0.434389,1.31758,18,0,0.664679
124,6,0,27.809524,252.333333,0.496783,308,7.835628,56.363347,0.433847,1.31655,25,0,0.644008
125,4,0,27.52381,253.095238,0.505235,308,8.029999,55.601962,0.43006,1.332943,16,0,0.611605
126,5,0,27.142857,253.952381,0.509472,312,8.15856,54.297577,0.431277,1.331063,15,0,0.588433
127,4,0,26.952381,253.095238,0.509069,313,8.34918,53.141866,0.427354,1.328577,13,0,0.561275
128,9,0,27.047619,262.142857,0.53749,317,7.767639,55.147532,0.4398,1.346209,41,0,0.608484
129,8,0,26.857143,262.904762,0.537861,321,7.807506,55.13794,0.44494,1.330973,41,0,0.612751
130,5,0,26.47619,263.142857,0.538118,323,7.845799,54.357012,0.447646,1.325496,20,0,0.594198
131,6,0,26.47619,263.142857,0.53022,328,7.675321,55.020275,0.456169,1.304435,34,0,0.62288
132,7,0,26.857143,265.238095,0.535262,332,7.396227,57.268444,0.465233,1.299754,34,0,0.678193
133,6,0,26.952381,268.809524,0.547733,336,7.190894,57.367809,0.471726,1.305869,27,0,0.703592
134,5,0,27.428571,270.666667,0.556702,335,7.071634,59.222221,0.470644,1.318866,18,0,0.72969
135,6,0,27.904762,271.380952,0.553513,340,6.698765,60.728542,0.477543,1.308535,28,0,0.774052
136,5,0,28.142857,270.047619,0.550658,340,6.70505,61.236141,0.473214,1.320142,20,0,0.775873
137,4,0,28.714286,270.047619,0.545891,341,6.338833,63.971244,0.478761,1.313645,18,0,0.816074
138,5,0,28.904762,269.47619,0.547736,343,6.329893,64.898405,0.474702,1.321145,18,0,0.815937
139,8,0,29.190476,270.619048,0.543473,350,6.049451,67.411212,0.484307,1.304917,31,0,0.846966
140,7,0,29.285714,270.619048,0.543169,352,6.073669,67.152939,0.484172,1.307199,25,0,0.850624
141,8,0,29.095238,273.904762,0.550974,358,6.135281,66.887846,0.49256,1.29802,36,0,0.858902
142,5,0,28.904762,273.904762,0.546825,360,6.121644,66.909832,0.496347,1.288427,18,0,0.858436
143,11,0,29.190476,277.857143,0.571075,361,5.93414,68.871173,0.497024,1.308599,39,0,0.869359
144,7,0,29.285714,277.857143,0.568273,365,5.702951,70.279959,0.503382,1.298197,43,0,0.881991
145,5,0,29.571429,278.619048,0.570726,364,5.618732,71.711041,0.505276,1.297718,27,0,0.893384
146,7,0,29.666667,278.619048,0.572629,366,5.7145,70.657591,0.503923,1.295643,24,0,0.894603
147,6,0,30.52381,283.238095,0.599059,368,5.575416,71.803643,0.505411,1.326673,31,0,0.918597
148,5,0,31.190476,283.238095,0.598762,369,5.455717,73.68628,0.507576,1.32959,22,0,0.934591
149,5,0,31.285714,284.190476,0.60595,369,5.640848,72.748295,0.506629,1.33364,24,0,0.935912
150,8,0,31.761905,284.190476,0.605536,373,5.44555,75.61091,0.510417,1.32509,34,0,0.946818
151,2,0,32.428571,283.238095,0.601384,369,5.261308,77.664809,0.508929,1.329357,8,0,0.95518
152,11,0,32.619048,288.619048,0.619786,375,4.719481,80.153621,0.52178,1.331112,55,0,0.964114
153,2,0,32.52381,288.619048,0.621106,373,4.809928,79.221712,0.519345,1.336649,10,0,0.961879
154,2,0,32.904762,288.619048,0.630102,369,4.919948,78.671475,0.50947,1.366508,5,0,0.961003
155,4,0,32.619048,290.285714,0.640678,369,4.915712,78.31328,0.507982,1.374432,16,0,0.956613
156,4,0,32.619048,291.0,0.649571,369,5.036539,78.415825,0.504735,1.385985,23,0,0.954748
157,8,0,32.809524,293.047619,0.655778,369,4.983082,77.605603,0.513663,1.373237,50,0,0.962273
158,4,0,32.952381,294.714286,0.659578,371,4.839344,78.811758,0.520292,1.36769,20,0,0.966971
159,5,0,32.952381,294.714286,0.656567,373,4.796107,78.649618,0.52151,1.364618,20,0,0.967497
160,4,0,33.142857,294.714286,0.658559,368,4.801505,78.885924,0.515152,1.37455,22,0,0.966395
161,5,0,33.52381,295.0,0.663924,364,4.818656,79.467733,0.507711,1.398577,21,0,0.966697
162,1,0,34.190476,295.0,0.668521,359,4.820546,78.833266,0.503382,1.415817,2,0,0.971034
163,3,0,34.0,295.0,0.675316,355,5.064076,77.385823,0.494318,1.4396,10,0,0.965336
164,4,0,34.285714,295.0,0.682075,350,5.141619,77.966802,0.484578,1.465755,21,0,0.963539
165,4,0,34.285714,295.0,0.682391,351,5.154794,77.434623,0.486066,1.463455,23,0,0.96432
166,4,0,34.0,294.47619,0.681382,349,5.292186,76.314642,0.480249,1.471152,17,0,0.95796
167,2,0,34.0,294.47619,0.685559,347,5.347469,75.661941,0.475514,1.4832,11,0,0.955125
168,4,0,34.095238,294.47619,0.686576,347,5.186922,78.512635,0.477137,1.490362,22,0,0.957156
169,5,0,34.285714,294.857143,0.68871,350,5.16217,78.878754,0.479302,1.48654,20,0,0.960721
170,5,0,34.285714,295.095238,0.685581,355,5.056677,79.876103,0.486472,1.465535,23,0,0.964415
171,2,0,34.095238,295.095238,0.687295,353,5.118957,79.312406,0.484307,1.468385,7,0,0.961217
172,3,0,34.380952,296.095238,0.692095,350,5.11456,79.404094,0.482008,1.487053,18,0,0.963214
173,8,0,35.238095,299.857143,0.707815,350,5.178914,80.311266,0.481466,1.512709,37,0,0.971437
174,3,0,35.714286,299.857143,0.70995,349,5.141939,80.811934,0.481196,1.517171,11,0,0.975156
175,5,0,35.238095,299.857143,0.706694,353,5.088651,81.17135,0.486066,1.498893,16,0,0.973188
176,2,0,35.333333,299.857143,0.711009,349,5.259522,79.629587,0.47849,1.516523,7,0,0.971112
177,5,0,34.571429,301.904762,0.72002,345,5.484933,78.618447,0.473755,1.524296,21,0,0.961385
178,6,0,34.666667,303.666667,0.729037,344,5.43225,79.215936,0.47335,1.532166,29,0,0.962192
179,6,0,34.761905,303.666667,0.730698,345,5.393591,80.376667,0.470779,1.537817,21,0,0.961842
180,2,0,35.047619,303.666667,0.733538,339,5.496008,79.450543,0.465639,1.554796,6,0,0.962442
181,5,0,35.52381,303.666667,0.735077,337,5.474655,79.575019,0.463474,1.567098,24,0,0.966411
182,7,0,35.809524,304.809524,0.736373,340,5.241224,82.78038,0.467262,1.563973,33,0,0.970598
183,2,0,36.142857,304.142857,0.736392,337,5.319169,82.811114,0.460498,1.587368,12,0,0.970782
184,10,0,36.333333,304.142857,0.732815,345,5.126721,84.576275,0.465774,1.57193,39,0,0.97428
185,8,0,35.857143,304.142857,0.730092,351,4.97695,85.296852,0.471456,1.546419,33,0,0.972482
186,2,0,36.047619,304.142857,0.733041,349,4.996497,85.461744,0.46415,1.568967,9,0,0.971167
187,7,0,36.619048,306.142857,0.740788,352,4.769991,87.453337,0.469156,1.574134,38,0,0.977286
188,5,0,36.238095,304.857143,0.73758,352,4.874487,85.429086,0.466315,1.565034,17,0,0.973517
189,3,0,36.142857,304.571429,0.734354,349,4.911171,85.543713,0.465368,1.560412,15,0,0.972398
190,8,0,36.333333,305.380952,0.739468,353,4.793925,86.747465,0.472132,1.547537,36,0,0.976281
191,1,0,36.142857,305.380952,0.73875,354,4.788037,86.523546,0.473214,1.544739,2,0,0.975251
192,6,0,36.238095,306.428571,0.740842,356,4.63771,89.011616,0.479167,1.54032,29,0,0.977832
193,6,0,36.047619,306.428571,0.735275,361,4.531401,90.071178,0.489177,1.513169,37,0,0.979605
194,7,0,35.761905,306.904762,0.734613,365,4.485372,89.333136,0.4954,1.499766,33,0,0.979633
195,8,0,36.904762,306.904762,0.733429,364,4.267453,93.285579,0.499594,1.512565,45,0,0.986408
196,5,0,36.714286,308.190476,0.736764,363,4.217346,94.863709,0.501353,1.503591,26,0,0.98593
197,2,0,37.0,312.095238,0.755518,362,4.167974,95.813107,0.501623,1.518245,14,0,0.987144
198,7,0,36.47619,312.095238,0.761784,362,4.218009,92.641068,0.500406,1.527009,24,0,0.984652
199,4,0,36.428571,312.095238,0.760701,364,4.164379,93.877572,0.50257,1.519693,15,0,0.984883
200,2,0,36.142857,312.095238,0.76136,366,4.066901,94.272657,0.509064,1.503982,16,0,0.984938
201,2,0,36.047619,312.095238,0.759674,365,4.033201,94.718958,0.511499,1.496621,12,0,0.985015
202,5,0,36.047619,312.333333,0.7629,366,4.085879,94.214491,0.507576,1.504962,15,0,0.984161
203,4,0,36.238095,313.095238,0.768833,369,4.032061,95.210505,0.511499,1.497508,21,0,0.985866
204,5,0,36.428571,313.095238,0.766753,370,3.942368,96.500872,0.514475,1.488866,27,0,0.9872
205,6,0,36.142857,313.809524,0.768805,374,3.909436,96.954626,0.518128,1.481855,24,0,0.986735
206,5,0,35.857143,314.142857,0.771865,371,4.124138,94.630412,0.510146,1.497767,15,0,0.983844
207,4,0,36.047619,314.142857,0.772606,372,4.015785,96.876962,0.513934,1.497306,17,0,0.985529
208,4,0,36.047619,318.761905,0.778872,374,4.029167,96.67318,0.515557,1.501365,15,0,0.985874
209,3,0,36.238095,318.761905,0.777826,376,3.973525,97.564422,0.517857,1.498471,10,0,0.987094
210,12,0,36.285714,321.238095,0.783688,383,3.920079,97.57131,0.522592,1.501148,49,0,0.988111
211,6,0,36.47619,321.238095,0.789385,383,3.997266,95.832996,0.517587,1.518826,17,0,0.987969
212,3,0,36.761905,321.238095,0.791599,380,4.166717,94.93969,0.506494,1.548727,9,0,0.987115
213,5,0,37.142857,321.428571,0.790983,384,4.086006,95.620938,0.508658,1.546275,16,0,0.98887
214,1,0,37.0,321.428571,0.79332,378,4.200783,94.523622,0.502029,1.557845,4,0,0.987234
215,1,0,36.809524,321.238095,0.789263,369,4.439996,91.261339,0.490666,1.576906,1,0,0.984148
216,2,0,37.095238,321.238095,0.790978,367,4.514152,90.390256,0.486607,1.590007,14,0,0.984633
217,5,0,36.904762,321.857143,0.788925,363,4.942806,85.808248,0.474161,1.608044,13,0,0.980748
218,4,0,36.904762,321.857143,0.789015,362,4.954881,85.442674,0.472944,1.610201,10,0,0.980412
219,7,0,36.904762,321.857143,0.790712,362,4.941067,85.738016,0.472944,1.611554,37,0,0.980403
220,4,0,37.095238,321.857143,0.78997,364,4.894837,86.480047,0.474567,1.609035,11,0,0.981917
221,6,0,36.904762,324.238095,0.781618,367,4.779766,88.088829,0.482684,1.577485,37,0,0.982899
222,5,0,36.904762,324.238095,0.785306,370,4.722118,89.144227,0.48796,1.566017,17,0,0.984133
223,3,0,36.952381,320.52381,0.778126,362,4.892312,87.060511,0.478355,1.579374,10,0,0.982118
224,5,0,36.952381,323.571429,0.780126,355,4.905094,86.502665,0.473079,1.599805,20,0,0.980702
225,7,0,36.761905,330.285714,0.781305,358,4.859002,87.885091,0.478761,1.588723,24,0,0.981135
226,10,0,36.571429,330.285714,0.779024,364,4.698789,87.670721,0.484578,1.574736,38,0,0.981526
227,5,0,36.190476,330.285714,0.776155,368,4.562037,87.652479,0.491207,1.553087,18,0,0.981062
228,5,0,36.190476,330.285714,0.77798,368,4.408222,88.516787,0.497565,1.542479,27,0,0.982646
229,4,0,36.285714,333.666667,0.78144,370,4.256885,89.913257,0.505817,1.53023,22,0,0.984979
230,4,0,36.380952,333.285714,0.780964,367,4.259524,91.81877,0.506358,1.531116,23,0,0.985528
231,2,0,36.619048,333.285714,0.780231,364,4.278811,92.703514,0.50487,1.535585,9,0,0.986264
232,3,0,36.761905,333.285714,0.777531,361,4.343533,92.657337,0.498782,1.554531,11,0,0.985664
233,6,0,36.761905,332.809524,0.782302,362,4.406086,90.639916,0.497294,1.559015,27,0,0.985379
234,2,0,36.571429,332.904762,0.781314,362,4.434005,90.175903,0.498377,1.553567,8,0,0.984754
235,1,0,36.571429,332.904762,0.782485,359,4.43276,89.403443,0.495671,1.559728,3,0,0.984141
236,1,0,36.761905,334.619048,0.79092,355,4.496457,88.467159,0.492154,1.575189,7,0,0.984289
237,5,0,36.571429,336.809524,0.789698,354,4.421443,89.97247,0.496212,1.561934,24,0,0.98426
238,3,0,36.952381,337.142857,0.789987,351,4.411167,90.922005,0.494048,1.574786,18,0,0.985545
239,3,0,37.238095,337.142857,0.791691,350,4.325037,92.049756,0.495806,1.572426,16,0,0.98706
240,4,0,37.428571,337.142857,0.791503,353,4.294695,92.390395,0.496889,1.569677,11,0,0.987977
241,6,0,37.428571,337.142857,0.791816,356,4.237084,92.819878,0.498782,1.567207,24,0,0.988283
242,8,0,37.809524,337.142857,0.795393,358,4.071182,96.543196,0.500135,1.5702,41,0,0.989731
243,4,0,38.095238,337.142857,0.794024,358,4.087614,96.249092,0.497835,1.581262,16,0,0.990282
244,8,0,37.428571,337.142857,0.786913,360,4.081616,96.449524,0.500812,1.564892,42,0,0.988568
245,3,0,37.52381,337.142857,0.787259,356,4.224448,94.334893,0.492154,1.595108,8,0,0.98746
246,6,0,37.428571,337.285714,0.785708,356,4.183818,93.247316,0.494995,1.589799,25,0,0.987595
247,10,0,36.904762,337.285714,0.780757,366,4.041113,94.046782,0.507711,1.549934,33,0,0.987838
248,7,0,36.809524,337.571429,0.781086,371,3.998769,95.43331,0.511499,1.534519,18,0,0.988134
249,7,0,36.904762,337.714286,0.778065,374,3.916142,96.462489,0.512311,1.530536,27,0,0.988582
250,6,0,36.904762,337.714286,0.777941,376,3.912184,98.471353,0.511769,1.533259,16,0,0.98849
251,5,0,37.666667,341.380952,0.777234,376,3.699738,100.719174,0.517045,1.525555,24,0,0.991521
252,5,0,38.142857,341.380952,0.78096,375,3.751451,102.152774,0.510958,1.542323,20,0,0.992012
253,4,0,38.380952,341.380952,0.779321,374,3.649333,102.505404,0.514069,1.534378,18,0,0.992888
254,3,0,38.238095,341.380952,0.77856,375,3.585543,102.724502,0.518804,1.51569,13,0,0.993051
255,7,0,38.190476,341.380952,0.780524,381,3.492584,103.478794,0.528139,1.495039,32,0,0.993833
256,6,0,37.809524,341.380952,0.777035,377,3.684966,99.541462,0.517451,1.511584,22,0,0.991932
257,3,0,38.285714,341.380952,0.777652,375,3.61955,101.541069,0.516098,1.520092,18,0,0.992883
258,3,0,38.0,341.380952,0.771718,374,3.694301,101.186674,0.514475,1.519495,13,0,0.992056
259,2,0,37.904762,341.380952,0.770076,373,3.692897,101.465139,0.515422,1.512966,6,0,0.991931
260,3,0,37.714286,341.380952,0.7723,371,3.798058,101.001464,0.510281,1.526193,6,0,0.990803
261,7,0,37.619048,341.380952,0.771493,373,3.790896,102.239337,0.512311,1.521649,28,0,0.990804
262,3,0,37.52381,341.380952,0.765548,373,3.839297,101.314475,0.508117,1.524699,10,0,0.989945
263,8,0,37.904762,343.714286,0.762203,376,3.663267,102.938196,0.517451,1.503829,41,0,0.992161
264,3,0,37.904762,343.904762,0.760873,379,3.622804,103.134196,0.520427,1.496915,14,0,0.992486
265,2,0,38.095238,346.238095,0.760564,375,3.670272,102.699484,0.516098,1.512785,15,0,0.992463
266,5,0,38.52381,346.238095,0.773876,375,3.511791,105.862534,0.525433,1.497771,31,0,0.994216
267,5,0,38.47619,346.238095,0.783197,376,3.467519,106.300463,0.527597,1.502791,18,0,0.994306
268,7,0,39.047619,346.238095,0.785983,376,3.382149,108.418121,0.532197,1.500073,27,0,0.995531
269,4,0,39.190476,344.52381,0.786412,372,3.392218,108.146945,0.528544,1.505628,14,0,0.99549
270,3,0,38.809524,344.142857,0.791073,369,3.452345,106.779725,0.52665,1.508917,13,0,0.994791
271,5,0,38.47619,344.142857,0.784454,368,3.394681,107.120259,0.532332,1.493565,24,0,0.994676
272,3,0,38.619048,344.142857,0.785883,365,3.411084,106.583589,0.529897,1.507848,16,0,0.994724
273,9,0,39.285714,344.142857,0.789644,365,3.493137,108.474921,0.527327,1.524359,41,0,0.995557
274,5,0,39.380952,344.142857,0.786589,367,3.389901,109.898667,0.533279,1.510728,22,0,0.996035
275,4,0,39.714286,341.809524,0.787106,364,3.416021,109.715085,0.529221,1.521098,22,0,0.996208
276,3,0,40.095238,341.809524,0.791851,363,3.435798,110.219898,0.525162,1.540506,14,0,0.996426
277,7,0,39.238095,341.809524,0.791909,367,3.562608,108.796456,0.524351,1.528231,38,0,0.995299
278,6,0,39.52381,341.809524,0.802112,369,3.554335,109.188597,0.524486,1.536324,29,0,0.995706
279,6,0,39.619048,343.714286,0.800593,374,3.307862,112.137094,0.535308,1.511718,32,0,0.996417
280,5,0,39.857143,343.714286,0.801612,375,3.328692,111.698345,0.532468,1.514825,16,0,0.996532
281,5,0,40.0,346.428571,0.799442,372,3.436369,109.645489,0.529627,1.514074,27,0,0.996553
282,6,0,39.904762,346.428571,0.795624,376,3.309059,110.764749,0.538555,1.491986,37,0,0.996875
283,0,0,39.809524,346.428571,0.799247,368,3.421202,110.263681,0.53125,1.511449,0,0,0.996428
284,2,0,40.095238,346.428571,0.80209,363,3.512633,109.580658,0.525298,1.528597,6,0,0.996442
285,5,0,39.52381,346.428571,0.809229,358,3.797006,103.585117,0.508523,1.571345,13,0,0.994612
286,7,0,39.52381,346.428571,0.808404,360,3.707845,105.518728,0.510146,1.567308,46,0,0.994723
287,7,0,39.666667,346.428571,0.805044,364,3.611932,106.838355,0.516504,1.555397,32,0,0.995389
288,4,0,39.285714,346.428571,0.803575,364,3.719248,104.847714,0.514475,1.557426,15,0,0.994671
289,6,0,38.428571,346.809524,0.813442,362,3.829122,99.843477,0.515152,1.54997,39,0,0.993143
290,8,0,38.809524,346.809524,0.816025,363,3.756833,100.355549,0.51921,1.545195,31,0,0.994246
291,3,0,38.47619,346.809524,0.816422,360,3.756026,100.132406,0.518398,1.542849,11,0,0.993542
292,6,0,38.142857,346.809524,0.816202,361,3.852218,99.2974,0.51664,1.543524,18,0,0.992676
293,3,0,38.0,346.428571,0.8143,361,3.941559,99.031212,0.517451,1.541594,13,0,0.992457
294,0,0,38.190476,346.142857,0.816487,356,3.997577,98.300025,0.512311,1.558923,0,0,0.992346
295,5,0,38.190476,346.142857,0.81446,356,4.014778,97.78827,0.508793,1.564928,27,0,0.991945
296,4,0,37.904762,346.142857,0.812682,359,3.965117,97.903608,0.512311,1.552381,24,0,0.99163
297,8,0,38.0,346.142857,0.807824,361,3.924794,99.389851,0.513258,1.551853,34,0,0.991974
298,4,0,38.238095,346.142857,0.809735,360,4.015063,99.234185,0.505411,1.566959,7,0,0.991659
299,4,0,38.714286,346.142857,0.814356,356,3.898766,101.011417,0.508929,1.561489,19,0,0.993138
300,8,0,38.095238,346.142857,0.813766,359,3.911025,101.343949,0.511093,1.55916,25,0,0.991952
301,5,0,38.761905,346.142857,0.814007,356,3.904459,101.563973,0.508117,1.575385,24,0,0.993159
302,6,0,39.047619,346.142857,0.811931,360,3.748437,105.771172,0.516234,1.555699,28,0,0.994415
303,3,0,38.857143,346.142857,0.806633,360,3.785561,104.405994,0.51461,1.552095,8,0,0.993939
304,4,0,38.857143,343.571429,0.806219,361,3.782213,102.722672,0.512852,1.558563,19,0,0.99378
305,6,0,38.571429,344.047619,0.803571,365,3.784327,101.990438,0.518398,1.538797,20,0,0.993736
306,3,0,38.571429,344.047619,0.8037,368,3.754793,102.605536,0.52151,1.53117,8,0,0.99401
307,4,0,38.666667,345.190476,0.797585,369,3.706092,103.251533,0.525298,1.521113,21,0,0.994491
308,2,0,39.238095,345.190476,0.801739,362,3.806706,101.454591,0.512175,1.565544,8,0,0.994422
309,5,0,39.333333,345.190476,0.798679,365,3.755486,101.790961,0.514205,1.558995,16,0,0.994735
310,2,0,39.285714,345.190476,0.795782,363,3.88192,100.007701,0.506629,1.572113,5,0,0.994051
311,6,0,39.47619,345.190476,0.795573,368,3.751506,102.471182,0.512852,1.561638,24,0,0.994861
312,3,0,39.47619,345.190476,0.792296,369,3.663091,104.810414,0.520022,1.540889,17,0,0.995362
313,7,0,39.47619,345.190476,0.787241,371,3.602613,105.088681,0.52638,1.519063,45,0,0.995769
314,6,0,39.190476,345.190476,0.782665,375,3.610411,104.421008,0.525839,1.513466,20,0,0.99534
315,7,0,39.380952,345.52381,0.779028,376,3.550135,107.393122,0.531656,1.500953,37,0,0.99596
316,6,0,39.0,345.52381,0.77539,379,3.515969,106.219761,0.537067,1.481595,28,0,0.995797
317,4,0,38.809524,345.52381,0.775435,379,3.588526,104.177086,0.53355,1.487594,13,0,0.995315
318,6,0,38.52381,344.857143,0.784552,380,3.53103,103.626753,0.535444,1.48881,23,0,0.995011
319,3,0,38.809524,344.857143,0.786323,380,3.600266,103.751055,0.530438,1.507479,10,0,0.995097
320,2,0,39.095238,344.857143,0.788929,378,3.674215,101.394333,0.526245,1.522104,13,0,0.995239
321,2,0,39.380952,345.047619,0.800572,374,3.682929,102.72857,0.522727,1.542286,12,0,0.995413
322,8,0,39.0,345.047619,0.800865,378,3.686753,102.054281,0.523539,1.535516,31,0,0.994899
323,6,0,39.380952,345.047619,0.80097,380,3.510224,104.253747,0.532062,1.515462,29,0,0.995979
324,3,0,39.285714,345.047619,0.803131,377,3.657656,102.208237,0.526109,1.531622,12,0,0.995501
325,4,0,39.857143,345.047619,0.800499,376,3.64283,104.092089,0.523674,1.534261,12,0,0.996093
326,9,0,39.761905,345.047619,0.79929,385,3.441723,107.617874,0.536797,1.499555,42,0,0.996661
327,5,0,39.809524,346.190476,0.797803,388,3.429213,108.023169,0.540043,1.48919,21,0,0.996863
328,4,0,40.095238,346.0,0.793327,388,3.381217,109.419621,0.541396,1.484319,19,0,0.997182
329,5,0,39.809524,346.0,0.792328,389,3.341804,109.296453,0.544778,1.469185,26,0,0.997066
330,6,0,39.714286,346.0,0.787459,391,3.319573,111.90504,0.549784,1.452739,33,0,0.997191
331,4,0,39.333333,346.047619,0.785744,393,3.315891,111.843208,0.55303,1.438786,12,0,0.996985
332,4,0,40.0,346.047619,0.785125,390,3.351162,113.747603,0.546943,1.459935,14,0,0.997323
333,3,0,40.52381,346.047619,0.78515,388,3.314515,114.746653,0.547348,1.463116,16,0,0.997736
334,6,0,40.428571,346.047619,0.781115,392,3.209311,116.069371,0.554654,1.437562,29,0,0.997899
335,12,0,40.52381,346.047619,0.775889,397,3.147981,118.511148,0.557495,1.426701,57,0,0.99804
336,5,0,40.904762,346.047619,0.776512,399,3.121589,119.508385,0.556818,1.441787,11,0,0.99824
337,6,0,40.952381,346.047619,0.782415,403,3.026014,120.817315,0.562635,1.432544,25,0,0.998404
338,11,0,40.857143,345.809524,0.7872,403,3.151131,119.394783,0.554924,1.454854,45,0,0.998165
339,4,0,40.666667,345.809524,0.793721,400,3.262516,116.065325,0.550054,1.472433,24,0,0.997916
340,4,0,41.047619,345.809524,0.79122,397,3.211652,117.280129,0.545996,1.480893,20,0,0.998031
341,6,0,40.761905,345.809524,0.809422,396,3.186402,116.224967,0.543966,1.491338,35,0,0.997781
342,7,0,40.285714,345.809524,0.809754,397,3.183679,114.442759,0.543696,1.489473,25,0,0.997416
343,2,0,40.190476,345.809524,0.808138,394,3.318556,112.036835,0.540043,1.495775,14,0,0.997203
344,6,0,40.428571,345.809524,0.806035,395,3.237176,115.436107,0.543155,1.489412,25,0,0.997513
345,7,0,40.714286,345.809524,0.809866,400,3.03411,120.216893,0.552219,1.472651,42,0,0.997996
346,6,0,40.52381,345.809524,0.809638,403,3.012431,118.752076,0.556006,1.462573,25,0,0.997988
347,5,0,40.809524,345.809524,0.810077,405,3.008068,118.931041,0.555601,1.464085,22,0,0.998148
348,7,0,40.428571,345.857143,0.810344,404,3.060875,118.050724,0.549513,1.473135,28,0,0.997722
349,7,0,39.952381,343.714286,0.813727,405,3.121687,117.681877,0.553436,1.463779,34,0,0.997512
350,5,0,39.47619,344.047619,0.812099,405,3.233056,115.154903,0.551407,1.461816,18,0,0.997038
351,3,0,39.380952,344.047619,0.817011,404,3.233532,114.395734,0.552624,1.463056,11,0,0.997003
352,4,0,39.47619,344.047619,0.814335,403,3.293105,113.12707,0.549378,1.471361,19,0,0.996954
353,2,0,39.047619,344.047619,0.810918,400,3.419901,110.217352,0.544372,1.473927,7,0,0.996269
354,3,0,39.142857,344.047619,0.812207,396,3.470562,108.256875,0.539367,1.487711,6,0,0.996107
355,6,0,39.333333,343.571429,0.80641,399,3.416661,108.34433,0.538961,1.487739,23,0,0.996302
356,6,0,39.238095,343.571429,0.80986,397,3.554875,105.366577,0.533415,1.503905,20,0,0.995886
357,7,0,39.714286,343.571429,0.805233,398,3.395546,106.930374,0.541937,1.489775,40,0,0.996854
358,6,0,39.571429,343.571429,0.808423,394,3.648293,103.810271,0.528003,1.533232,21,0,0.995995
359,10,0,39.333333,344.0,0.80585,396,3.549392,104.806421,0.535444,1.511826,45,0,0.996123
360,4,0,39.904762,344.0,0.810827,392,3.602178,104.134894,0.527868,1.538861,19,0,0.996376
361,2,0,39.809524,344.0,0.810733,390,3.614539,104.656254,0.523539,1.549773,12,0,0.996023
362,9,0,39.619048,344.0,0.81025,397,3.490108,106.067875,0.532332,1.526797,35,0,0.996278
363,5,0,39.380952,344.0,0.808884,398,3.387821,105.124576,0.534632,1.520101,20,0,0.996113
364,2,0,39.571429,344.0,0.809201,397,3.327636,106.063971,0.536797,1.516695,12,0,0.996444
365,6,0,39.761905,344.809524,0.807261,402,3.229071,107.659078,0.547754,1.4916,38,0,0.99714
366,6,0,40.047619,344.809524,0.816172,402,3.283827,107.93413,0.546266,1.499894,29,0,0.99733
367,9,0,39.952381,344.809524,0.815488,404,3.179391,108.672961,0.55046,1.480043,34,0,0.997405
368,11,0,40.238095,344.809524,0.813951,409,3.040458,113.421915,0.558983,1.470818,43,0,0.997897
369,5,1,40.047619,340.761905,0.819667,411,3.04365,111.346252,0.560471,1.471861,27,8,0.997817
370,4,0,40.238095,340.761905,0.825253,410,3.086679,111.20209,0.556412,1.487358,12,0,0.997819
371,4,1,40.047619,340.761905,0.825947,411,3.106512,111.027964,0.556953,1.485823,15,8,0.997706
372,4,0,39.952381,339.238095,0.813535,411,3.101691,110.904177,0.561553,1.467225,29,0,0.997792
373,8,0,40.333333,342.809524,0.819739,417,2.932498,113.61683,0.571834,1.442251,42,0,0.998305
374,8,1,40.095238,342.809524,0.816906,422,2.997861,112.182719,0.572781,1.432298,30,8,0.998204
375,4,0,40.714286,339.904762,0.817144,417,3.019542,112.979533,0.567911,1.450622,25,0,0.99841
376,6,0,40.714286,341.095238,0.812643,419,2.961933,114.71954,0.570346,1.438907,26,0,0.998463
377,6,0,40.904762,341.095238,0.811662,422,2.93239,114.73627,0.571023,1.439437,18,0,0.998565
378,6,0,40.380952,341.095238,0.812665,426,2.890634,114.404929,0.576163,1.420794,14,0,0.998432
379,3,0,40.47619,341.095238,0.814555,426,2.931756,113.358754,0.575216,1.426826,16,0,0.998458
380,5,0,40.571429,341.095238,0.817421,426,2.94362,113.885074,0.574269,1.430916,19,0,0.998483
381,6,0,40.380952,340.047619,0.814832,428,2.932794,113.656473,0.57684,1.416312,25,0,0.998449
382,9,1,40.952381,340.047619,0.815548,427,2.970907,113.49982,0.569535,1.443227,46,8,0.998556
383,5,0,40.857143,340.047619,0.8091,428,2.929433,114.318125,0.572781,1.428675,17,0,0.99858
384,7,0,40.666667,340.619048,0.808468,430,2.937276,114.115244,0.573187,1.423085,17,0,0.998503
385,5,1,41.285714,341.095238,0.813445,427,2.902278,114.978582,0.574675,1.42887,26,8,0.998791
386,3,0,41.095238,341.095238,0.814712,426,2.855501,116.361795,0.574946,1.429004,18,0,0.99872
387,3,0,40.904762,341.095238,0.813224,425,2.883209,114.851938,0.572917,1.434914,16,0,0.998602
388,3,0,40.904762,339.380952,0.807816,424,2.886411,114.95728,0.569129,1.44001,7,0,0.998522
389,8,1,40.142857,339.380952,0.802275,430,2.803079,113.275461,0.578869,1.410592,38,7,0.998372
390,6,0,40.52381,339.666667,0.809473,428,2.883636,112.597469,0.571834,1.441284,25,0,0.9984
391,8,0,40.857143,339.952381,0.80575,431,2.797476,113.137996,0.57711,1.422979,36,0,0.998662
392,3,0,41.047619,339.952381,0.80318,428,2.827645,112.977481,0.574405,1.429686,11,0,0.998689
393,6,0,40.809524,339.952381,0.804305,431,2.860692,112.618593,0.575622,1.428792,25,0,0.998615
394,2,0,40.904762,339.952381,0.806876,425,2.899922,112.470665,0.57197,1.438587,13,0,0.998583
395,3,0,41.142857,341.047619,0.813046,421,2.98562,112.139091,0.564123,1.466738,8,0,0.998527
396,3,0,41.285714,341.047619,0.81372,420,2.983715,112.229,0.5625,1.476089,9,0,0.998557
397,11,0,40.857143,344.666667,0.8143,425,2.901397,111.666219,0.568723,1.452704,50,0,0.998491
398,2,0,40.952381,344.666667,0.820614,419,3.000544,109.444097,0.563041,1.474323,11,0,0.998412
399,5,0,41.238095,344.666667,0.825673,416,2.989708,110.301399,0.563041,1.476909,22,0,0.998547
400,5,0,41.333333,344.666667,0.825023,415,3.069593,109.249297,0.558712,1.487614,23,0,0.9985
401,4,0,41.047619,344.666667,0.822778,416,3.060148,108.820952,0.560877,1.479007,16,0,0.998412
402,9,0,40.619048,344.666667,0.821115,420,3.086051,107.59249,0.568452,1.457708,41,0,0.998378
403,3,0,41.095238,344.666667,0.817306,417,3.033774,108.157731,0.567911,1.460705,17,0,0.998588
404,3,0,41.0,344.666667,0.815883,413,3.035078,108.483173,0.565341,1.464409,17,0,0.99849
405,2,0,41.285714,344.666667,0.817561,412,3.04472,109.090364,0.561418,1.480494,2,0,0.998536
406,6,0,40.333333,345.857143,0.810786,411,3.140861,105.766223,0.560335,1.472653,19,0,0.998006
407,2,0,40.571429,346.238095,0.813396,411,3.082726,107.477398,0.563718,1.47001,15,0,0.998235
408,9,0,41.047619,346.238095,0.823949,416,2.990762,109.142213,0.5648,1.476549,35,0,0.998498
409,5,0,41.52381,346.52381,0.826327,415,2.996952,110.647822,0.560471,1.493957,20,0,0.99862
410,6,0,41.904762,346.52381,0.82779,413,2.941519,111.520571,0.558306,1.505562,29,0,0.998732
411,5,1,42.47619,346.52381,0.828516,410,2.996641,111.673317,0.551407,1.528818,19,8,0.998827
412,6,0,42.190476,346.52381,0.832077,409,3.010994,109.118494,0.553571,1.519865,22,0,0.998759
413,6,0,42.095238,346.52381,0.82422,412,3.008103,109.642771,0.553436,1.515794,27,0,0.998719
414,4,0,41.619048,346.857143,0.820075,411,3.059845,108.078835,0.551407,1.512381,26,0,0.998471
415,3,0,41.619048,346.857143,0.810776,410,3.130796,107.281983,0.547484,1.516556,9,0,0.998384
416,7,1,42.190476,346.952381,0.825729,413,3.042017,109.060468,0.553301,1.516659,40,8,0.998755
417,3,0,42.238095,346.952381,0.826315,411,2.978812,111.670426,0.553707,1.516823,12,0,0.998778
418,4,0,42.142857,346.952381,0.824044,408,2.971641,110.973427,0.555871,1.507199,22,0,0.998781
419,0,0,42.142857,346.952381,0.825148,403,2.999165,110.090125,0.553571,1.514279,0,0,0.99874
420,6,1,42.238095,346.952381,0.824224,407,2.970666,111.167105,0.556412,1.508905,22,7,0.998826
421,5,0,42.666667,345.619048,0.823461,408,2.928199,111.734981,0.559524,1.512879,22,0,0.999017
422,6,0,42.761905,345.619048,0.822638,412,2.853098,112.692976,0.566288,1.495204,22,0,0.999135
423,5,1,43.047619,345.619048,0.823713,410,2.833931,113.442552,0.56507,1.501475,19,8,0.999193
424,2,1,42.571429,345.619048,0.825219,406,2.961182,111.129878,0.55993,1.510545,10,8,0.998995
425,4,0,42.47619,345.619048,0.824908,405,2.9279,111.368356,0.561012,1.507413,13,0,0.99898
426,7,0,42.428571,346.0,0.82881,410,2.859864,112.839489,0.566288,1.496027,33,0,0.99904
427,8,0,42.52381,346.0,0.826805,410,2.78902,113.268524,0.568317,1.491364,30,0,0.999094
428,3,0,42.714286,346.333333,0.828905,405,2.827629,113.416375,0.558036,1.514808,10,0,0.999007
429,3,0,42.714286,346.333333,0.827826,403,2.911536,112.638931,0.556277,1.517218,15,0,0.998984
430,3,0,42.904762,346.333333,0.827954,405,2.820058,113.568318,0.561959,1.506153,19,0,0.999117
431,3,0,43.190476,346.333333,0.830281,403,2.850258,112.938729,0.558171,1.521193,18,0,0.999146
432,3,0,43.0,346.333333,0.8295,402,2.872531,112.876735,0.558712,1.516413,13,0,0.999102
433,0,0,42.809524,345.714286,0.829818,398,3.005019,110.337804,0.549513,1.538958,0,0,0.998913
434,9,0,41.571429,345.380952,0.826437,404,2.92359,109.479994,0.560335,1.500944,46,0,0.998634
435,6,0,41.571429,345.380952,0.823256,406,2.947551,109.224011,0.559659,1.502325,26,0,0.998621
436,5,0,41.857143,345.380952,0.821548,405,2.963239,109.381904,0.556818,1.510503,20,0,0.998685
437,7,0,42.52381,345.380952,0.821234,405,2.887264,111.918987,0.560741,1.501879,39,0,0.998989
438,10,2,42.904762,345.380952,0.820537,411,2.751196,113.896567,0.570211,1.477888,47,14,0.999216
439,3,0,42.809524,345.380952,0.813038,408,2.815092,113.061214,0.563988,1.488648,8,0,0.999117
440,3,0,43.190476,345.380952,0.813348,403,2.829761,112.407346,0.559253,1.503256,8,0,0.999159
441,6,1,43.095238,345.380952,0.805659,404,2.814126,114.481466,0.560335,1.491826,30,7,0.999147
442,2,0,43.333333,345.380952,0.811043,400,2.797435,114.884738,0.556953,1.503196,13,0,0.999167
443,4,1,43.52381,345.380952,0.812277,398,2.808556,115.125053,0.552354,1.516915,21,8,0.99916
444,5,0,43.666667,345.380952,0.81544,397,2.888542,115.399837,0.542614,1.543393,10,0,0.999075
445,2,0,44.142857,345.380952,0.816972,391,2.945274,116.214491,0.534226,1.565057,10,0,0.999099
446,2,0,44.0,345.380952,0.817133,389,2.957119,115.358026,0.534226,1.560588,7,0,0.999058
447,5,0,43.809524,345.380952,0.812748,386,3.053228,112.975187,0.527868,1.577941,24,0,0.998906
448,4,0,43.809524,345.380952,0.811998,389,3.030993,113.09094,0.531791,1.566928,14,0,0.998967
449,6,0,43.52381,345.380952,0.80941,392,2.95772,114.16148,0.541937,1.5311,28,0,0.999025
450,6,0,43.619048,345.380952,0.812019,395,2.860875,116.885201,0.548972,1.516552,31,0,0.999144
451,7,0,43.52381,345.380952,0.816656,400,2.663581,120.259595,0.563176,1.487136,49,0,0.999281
452,4,0,44.0,345.380952,0.816426,401,2.576704,122.072736,0.56737,1.482404,21,0,0.999416
453,7,0,43.428571,346.142857,0.810461,402,2.586189,120.864674,0.56967,1.468259,32,0,0.999325
454,4,1,43.52381,346.142857,0.815957,402,2.558957,120.953245,0.569264,1.47063,18,6,0.999341
455,13,1,43.52381,346.142857,0.820868,409,2.440548,124.41502,0.578193,1.445904,51,7,0.99942
456,3,0,43.428571,346.142857,0.8238,410,2.455505,124.398912,0.57684,1.44942,4,0,0.999391
457,2,0,43.428571,346.142857,0.824845,409,2.493829,124.162113,0.574134,1.457676,3,0,0.999367
458,4,0,43.142857,346.142857,0.824534,410,2.503743,123.02883,0.575622,1.452426,14,0,0.999323
459,4,1,43.0,346.142857,0.819799,408,2.582733,121.075674,0.576028,1.44244,26,8,0.999298
460,6,0,43.095238,346.142857,0.821333,408,2.61159,121.486234,0.573728,1.448486,22,0,0.999296
461,5,0,42.333333,346.142857,0.811109,404,2.712369,119.441061,0.567911,1.449661,20,0,0.99903
462,8,0,41.952381,346.142857,0.810356,407,2.706542,118.859653,0.568994,1.441469,27,0,0.998925
463,8,1,42.619048,346.142857,0.81032,409,2.543471,122.266752,0.579004,1.423985,44,7,0.999243
464,3,0,42.904762,346.142857,0.812031,406,2.546345,122.753225,0.576975,1.433147,13,0,0.999286
465,7,1,42.428571,346.142857,0.811954,409,2.51217,122.774149,0.581034,1.416137,32,6,0.999219
466,7,1,42.952381,346.142857,0.824146,409,2.345156,130.785685,0.58658,1.406499,43,7,0.999386
467,5,0,43.285714,346.142857,0.822442,410,2.325268,132.333744,0.58631,1.416387,24,0,0.999444
468,6,0,42.952381,346.142857,0.822874,410,2.346354,130.742372,0.589962,1.399435,29,0,0.999416
469,3,0,42.857143,346.142857,0.823751,411,2.370697,129.562418,0.589962,1.399145,8,0,0.999398
470,0,0,43.142857,346.142857,0.825142,409,2.393634,130.299156,0.586986,1.410572,0,0,0.999425
471,7,3,43.714286,346.142857,0.837039,404,2.352359,134.765053,0.586715,1.422035,41,21,0.999517
472,7,0,43.619048,346.142857,0.836769,409,2.29754,135.751202,0.591585,1.40735,30,0,0.999536
473,8,1,43.571429,346.142857,0.834301,414,2.240976,135.795799,0.597403,1.397053,33,8,0.999567
474,4,0,43.47619,346.142857,0.831997,416,2.20983,136.259579,0.600108,1.391253,21,0,0.999571
475,1,0,43.380952,348.095238,0.83218,413,2.25644,134.727612,0.599567,1.39237,5,0,0.999555
476,4,1,43.666667,344.190476,0.828821,410,2.247861,136.536919,0.59862,1.393179,25,8,0.999587
477,4,0,43.333333,344.190476,0.825666,410,2.273746,136.401529,0.598079,1.386972,18,0,0.999539
478,5,3,43.428571,344.190476,0.830591,406,2.340119,136.744192,0.592127,1.405129,25,18,0.999512
479,2,0,43.428571,344.190476,0.832769,405,2.363649,136.649959,0.590233,1.410375,10,0,0.999499
480,5,1,43.238095,344.190476,0.831896,407,2.40055,134.667904,0.590503,1.410918,24,8,0.999471
481,3,0,43.047619,344.333333,0.832715,405,2.446273,133.07952,0.587392,1.419259,6,0,0.999413
482,6,0,43.52381,344.333333,0.833715,410,2.298935,137.783575,0.598079,1.398367,29,0,0.999566
483,4,1,43.52381,344.333333,0.834881,405,2.362741,135.101006,0.593209,1.41204,23,7,0.999534
484,6,1,43.428571,344.333333,0.835231,403,2.352636,135.76924,0.591315,1.409834,25,5,0.999506
485,8,2,43.47619,345.47619,0.83589,401,2.366282,135.323429,0.587933,1.421006,25,13,0.999489
486,7,1,43.380952,345.47619,0.833648,406,2.365768,135.386565,0.590774,1.410781,22,8,0.999495
487,4,1,42.809524,345.47619,0.830866,408,2.351179,133.533135,0.594562,1.395209,16,7,0.999429
488,9,1,42.619048,345.47619,0.824818,413,2.323291,133.904941,0.599297,1.382225,41,8,0.999435
489,5,1,42.47619,345.47619,0.815848,412,2.318021,133.245349,0.601596,1.373659,28,7,0.999429
490,4,0,42.380952,344.666667,0.819357,413,2.309392,133.974974,0.597403,1.388401,16,0,0.999374
491,4,1,42.190476,344.666667,0.817555,409,2.387541,130.907786,0.590233,1.412332,22,6,0.999263
492,3,0,41.904762,344.666667,0.816972,410,2.439626,130.698616,0.587121,1.414021,13,0,0.999158
493,2,0,42.0,344.666667,0.820508,406,2.521464,129.350592,0.581304,1.437384,10,0,0.999111
494,8,3,41.904762,344.285714,0.820681,407,2.465536,129.135944,0.585092,1.425677,39,19,0.999133
495,3,0,41.904762,344.285714,0.823281,408,2.46084,128.549582,0.587121,1.421572,13,0,0.999158
496,1,0,42.190476,344.285714,0.826415,403,2.59079,126.937949,0.574405,1.455919,5,0,0.999075
497,6,0,42.0,344.285714,0.824881,404,2.581786,126.333145,0.573323,1.457105,23,0,0.999002
498,3,0,41.52381,344.285714,0.821325,401,2.662958,125.108179,0.568858,1.45361,8,0,0.998767
499,4,0,41.714286,343.904762,0.816524,396,2.720241,125.016108,0.564259,1.46707,20,0,0.998759
500,6,0,41.857143,343.904762,0.823676,398,2.658906,127.488124,0.570482,1.459239,30,0,0.998915
501,4,0,41.952381,343.904762,0.823119,397,2.634871,127.539591,0.572511,1.449542,15,0,0.998977
502,4,0,41.285714,343.904762,0.821679,397,2.665519,123.806999,0.573728,1.442625,21,0,0.998764
503,3,1,41.285714,343.904762,0.826135,391,2.820231,121.330784,0.563176,1.470408,16,8,0.998563
504,1,0,41.571429,343.904762,0.824745,389,2.815842,121.458633,0.560606,1.479768,7,0,0.998634
505,4,0,42.52381,343.809524,0.832116,387,2.776156,123.529032,0.55993,1.489371,23,0,0.998974
506,2,0,42.809524,343.809524,0.830322,385,2.857995,123.920522,0.553842,1.506737,7,0,0.998975
507,4,0,43.047619,342.428571,0.834785,378,2.965048,122.380802,0.544643,1.538268,15,0,0.998914
508,5,0,42.857143,342.428571,0.82959,380,2.976267,122.479624,0.546402,1.530428,26,0,0.998877
509,7,0,43.285714,342.904762,0.832237,383,2.918445,123.812807,0.548295,1.534489,23,0,0.999043
510,7,0,43.142857,342.904762,0.824356,385,2.894323,123.294752,0.550189,1.526592,28,0,0.999026
511,4,0,43.52381,342.904762,0.822414,386,2.834538,124.996019,0.552895,1.522236,22,0,0.999168
512,5,0,43.52381,340.380952,0.821754,386,2.850156,124.260491,0.550325,1.528431,22,0,0.999136
513,7,0,43.47619,344.714286,0.824699,389,2.757,125.152312,0.557765,1.509697,31,0,0.999212
514,8,0,42.619048,344.714286,0.825687,389,2.915036,124.430591,0.551948,1.527749,33,0,0.998884
515,4,0,42.333333,344.714286,0.815173,386,3.022673,120.214854,0.547484,1.528436,12,0,0.998701
516,4,0,42.809524,344.714286,0.82243,387,2.948956,121.999387,0.55303,1.528198,20,0,0.998966
517,3,0,43.0,344.714286,0.828374,386,2.889318,122.333456,0.554654,1.530786,17,0,0.999047
518,6,0,42.809524,345.47619,0.823516,387,2.880558,123.604516,0.55506,1.521574,32,0,0.998994
519,5,0,42.857143,341.380952,0.823569,384,2.912187,122.435479,0.550325,1.536354,27,0,0.998938
520,4,0,42.666667,342.857143,0.822725,384,2.912096,122.501949,0.551136,1.529063,15,0,0.998887
521,5,0,42.333333,342.857143,0.813741,381,2.976282,120.873428,0.547348,1.53121,18,0,0.998697
522,6,1,42.904762,342.857143,0.814944,380,3.038785,120.918859,0.540855,1.548189,24,7,0.998802
523,3,0,42.619048,343.047619,0.819234,378,3.050466,119.148936,0.538555,1.557177,14,0,0.998646
524,9,0,42.333333,343.047619,0.820067,385,2.948152,119.942937,0.548701,1.526058,33,0,0.998721
525,5,0,42.095238,343.333333,0.822199,388,2.929688,120.661011,0.553166,1.515443,20,0,0.99871
526,4,1,42.428571,343.333333,0.829051,387,3.000245,118.93425,0.549919,1.53237,27,8,0.998783
527,4,0,42.714286,343.333333,0.832544,386,3.081512,117.56178,0.542884,1.553095,9,0,0.998768
528,5,0,43.333333,341.857143,0.832617,387,2.940587,120.299856,0.547484,1.54527,24,0,0.999047
529,9,0,42.857143,342.0,0.833169,390,2.913502,118.947142,0.550595,1.534275,34,0,0.998943
530,6,0,42.380952,342.0,0.830774,391,2.985698,116.09415,0.549242,1.534126,18,0,0.998752
531,5,0,42.761905,343.190476,0.83003,390,3.056472,116.324296,0.549513,1.530327,26,0,0.998899
532,4,0,42.904762,343.190476,0.832252,391,3.020296,117.256238,0.55303,1.522234,23,0,0.998999
533,6,0,43.142857,343.190476,0.830136,389,2.883856,119.077286,0.554924,1.509963,28,0,0.999092
534,5,0,42.571429,343.190476,0.819087,388,2.929906,117.066904,0.555736,1.494665,27,0,0.998929
535,3,0,42.857143,343.190476,0.816897,385,2.918157,117.612659,0.552489,1.505096,15,0,0.998972
536,7,0,42.142857,343.190476,0.811452,386,3.018198,115.632673,0.548972,1.505575,28,0,0.998652
537,5,0,42.428571,343.047619,0.817984,388,2.92632,116.195836,0.554789,1.500052,20,0,0.998865
538,3,0,42.619048,342.857143,0.823013,386,2.940796,116.032219,0.548025,1.525796,13,0,0.998818
539,6,0,42.714286,343.52381,0.822269,388,2.946859,116.325602,0.552083,1.514731,36,0,0.99892
540,2,0,43.142857,343.52381,0.82665,384,2.948353,117.171301,0.547213,1.535985,7,0,0.998984
541,7,0,42.952381,343.52381,0.82232,387,2.769385,120.126296,0.559118,1.505011,40,0,0.999091
542,5,0,43.333333,343.52381,0.822564,387,2.752675,121.069159,0.558712,1.504091,19,0,0.999187
543,5,0,43.619048,343.52381,0.824224,389,2.693873,122.903159,0.561959,1.496695,28,0,0.99929
544,13,1,43.904762,343.52381,0.825139,396,2.555432,125.363985,0.574269,1.467811,73,7,0.999456
545,12,1,44.142857,343.52381,0.828359,402,2.355709,130.970413,0.58658,1.44456,56,7,0.999576
546,7,1,43.47619,343.52381,0.829627,400,2.399667,131.045651,0.585498,1.439271,32,8,0.999471
547,6,0,43.095238,343.52381,0.827976,400,2.503114,128.738566,0.581034,1.445909,26,0,0.999365
548,5,1,43.52381,343.52381,0.830795,398,2.497951,129.522519,0.582116,1.445084,25,7,0.999454
549,3,0,44.190476,343.52381,0.836978,397,2.473057,131.184494,0.582927,1.450035,16,0,0.999561
550,3,0,44.238095,342.333333,0.830896,395,2.493915,132.134119,0.57684,1.469674,16,0,0.999527
551,1,0,43.952381,342.333333,0.83072,389,2.598946,129.926317,0.569399,1.48935,6,0,0.999425
552,2,0,43.952381,342.333333,0.831026,391,2.593733,129.926317,0.56994,1.48761,2,0,0.999429
553,3,0,43.952381,341.142857,0.832847,387,2.591483,130.641559,0.568317,1.495048,16,0,0.999416
554,6,0,44.428571,342.238095,0.8345,388,2.476548,132.767621,0.573728,1.488389,30,0,0.999533
555,5,0,43.857143,342.238095,0.831694,384,2.611061,128.963972,0.567641,1.496438,28,0,0.999392
556,13,0,43.428571,343.285714,0.82798,392,2.59364,129.597557,0.575758,1.459969,41,0,0.999384
557,7,0,43.142857,343.285714,0.827483,397,2.508563,130.857163,0.58171,1.439642,33,0,0.999381
558,3,0,42.761905,343.285714,0.826619,395,2.584244,127.892814,0.575081,1.452685,13,0,0.999233
559,2,0,43.428571,343.285714,0.830631,391,2.647653,127.856722,0.564935,1.484434,9,0,0.999278
560,6,0,43.333333,342.095238,0.821341,393,2.581533,129.393729,0.568047,1.4669,30,0,0.999288
561,7,0,43.571429,342.714286,0.821896,394,2.579217,129.03773,0.565747,1.478407,31,0,0.999316
562,4,0,43.52381,342.714286,0.81853,391,2.636677,126.797979,0.561959,1.488205,17,0,0.999267
563,3,0,43.142857,342.714286,0.819646,391,2.638709,127.231247,0.561824,1.486284,20,0,0.999173
564,6,0,43.142857,342.714286,0.820946,390,2.688926,124.044176,0.563041,1.487714,31,0,0.999189
565,3,0,42.285714,342.714286,0.820265,388,2.746319,123.412403,0.561553,1.480031,17,0,0.99892
566,4,0,41.52381,342.714286,0.808213,385,2.815314,121.339365,0.558036,1.471806,20,0,0.99856
567,2,0,41.142857,342.714286,0.809974,381,2.925256,120.235017,0.552354,1.483648,7,0,0.998244
568,4,0,41.333333,342.714286,0.811793,385,2.810059,122.421437,0.560741,1.467119,20,0,0.998532
569,4,0,40.47619,342.714286,0.813155,384,2.883157,120.524659,0.5579,1.46782,12,0,0.998006
570,3,0,40.190476,342.714286,0.808211,385,2.917884,120.066507,0.557495,1.464924,14,0,0.997809
571,4,0,40.47619,342.714286,0.80949,385,2.89169,121.712991,0.557765,1.466445,11,0,0.998002
572,8,0,40.761905,342.714286,0.814351,390,2.700288,126.207283,0.570076,1.442108,37,0,0.998466
573,8,0,40.952381,342.714286,0.812486,394,2.64913,126.404079,0.570617,1.44075,27,0,0.998564
574,2,0,41.238095,342.714286,0.819905,391,2.664103,126.880501,0.568047,1.453889,12,0,0.998636
575,11,0,41.142857,342.714286,0.817295,400,2.563527,128.271386,0.579951,1.426722,43,0,0.998818
576,3,0,41.428571,342.714286,0.817117,401,2.510281,128.958447,0.581981,1.425443,11,0,0.998948
577,7,1,42.0,342.714286,0.81393,399,2.481028,129.578298,0.580357,1.435814,29,5,0.999098
578,4,0,42.47619,342.714286,0.81322,399,2.475407,130.637746,0.580628,1.437255,13,0,0.999225
579,6,0,42.285714,342.714286,0.811458,401,2.429529,131.762882,0.584686,1.422748,36,0,0.999224
580,10,0,42.095238,343.0,0.809523,406,2.38378,130.749392,0.589015,1.409993,35,0,0.999227
581,5,1,42.0,343.0,0.815171,405,2.379842,131.117071,0.590233,1.407983,25,6,0.999218
582,4,1,41.714286,343.0,0.816424,399,2.559989,128.155105,0.579951,1.426861,24,8,0.99901
583,5,0,42.285714,344.571429,0.827056,393,2.591165,128.148907,0.571158,1.460614,22,0,0.999058
584,4,0,42.095238,344.571429,0.824873,393,2.578324,126.54421,0.569805,1.461662,9,0,0.99898
585,13,0,42.380952,345.571429,0.82942,405,2.343539,131.971973,0.587256,1.425089,61,0,0.999273
586,1,0,43.047619,345.571429,0.829823,398,2.515501,129.469337,0.572105,1.470802,4,0,0.999265
587,7,0,42.857143,345.571429,0.828736,399,2.4598,131.221989,0.578734,1.450207,39,0,0.999292
588,5,0,42.857143,345.571429,0.825193,401,2.385129,134.137939,0.583333,1.439553,28,0,0.999337
589,6,0,43.0,345.571429,0.821394,402,2.483745,134.184222,0.581169,1.440715,27,0,0.999347
590,1,0,43.190476,345.571429,0.820835,399,2.558766,133.014347,0.575893,1.454817,7,0,0.999337
591,5,1,42.52381,345.571429,0.820933,398,2.658659,131.665678,0.571699,1.455896,24,6,0.999134
592,3,0,42.333333,349.285714,0.818743,397,2.654947,130.340013,0.572917,1.454967,15,0,0.999097
593,2,0,42.190476,349.285714,0.819735,395,2.700473,129.922833,0.572646,1.450228,10,0,0.999054
594,4,0,42.857143,349.285714,0.818762,394,2.716031,131.652138,0.571023,1.454984,17,0,0.999213
595,8,0,42.761905,349.285714,0.815381,397,2.682482,131.490279,0.576299,1.443348,55,0,0.999249
596,6,0,42.380952,349.285714,0.812806,400,2.61768,132.678142,0.581304,1.424332,30,0,0.999213
597,7,0,42.47619,349.666667,0.808957,404,2.526416,133.343968,0.58658,1.412205,26,0,0.999292
598,5,0,42.285714,349.666667,0.805899,401,2.588148,130.249702,0.582251,1.418403,20,0,0.9992
599,5,0,42.380952,349.666667,0.806123,403,2.546051,130.895568,0.585363,1.4144,21,0,0.999257
600,3,1,42.238095,347.190476,0.805533,399,2.576549,129.266898,0.580898,1.422402,17,6,0.999171
601,4,0,42.142857,347.190476,0.817434,400,2.601317,127.835707,0.578193,1.436095,12,0,0.999112
602,7,0,42.238095,346.428571,0.818468,401,2.589793,127.183617,0.579275,1.4407,36,0,0.999152
603,1,0,42.047619,346.428571,0.816197,399,2.637811,125.503736,0.577787,1.439727,7,0,0.999081
604,5,1,41.952381,346.428571,0.814681,398,2.729203,124.140727,0.573323,1.452254,28,7,0.998992
605,5,0,42.52381,346.809524,0.818011,394,2.806686,124.052718,0.564665,1.48,21,0,0.999044
606,0,0,42.619048,346.809524,0.819089,389,2.83681,124.424942,0.55993,1.494087,0,0,0.999006
607,4,0,43.095238,346.809524,0.817855,387,2.873649,123.634527,0.555465,1.508893,12,0,0.999085
608,7,0,43.857143,347.190476,0.822165,387,2.847471,124.917382,0.552489,1.528015,27,0,0.999246
609,3,0,43.666667,346.904762,0.828927,384,2.889887,123.542189,0.549242,1.539818,17,0,0.999161
610,4,0,43.190476,346.571429,0.830714,381,2.929748,121.993725,0.545049,1.547382,26,0,0.998966
611,6,0,43.095238,346.571429,0.836522,385,2.90835,122.266488,0.549107,1.54136,25,0,0.998996
612,3,0,43.0,346.571429,0.834696,379,3.038549,121.065533,0.54072,1.562044,18,0,0.998835
613,6,0,42.904762,346.571429,0.829072,381,2.968998,121.031094,0.547213,1.541012,25,0,0.998907
614,2,0,42.714286,346.571429,0.830336,380,3.06176,120.019517,0.542614,1.551677,6,0,0.998762
615,9,0,42.52381,346.571429,0.822617,381,3.130296,118.686805,0.541126,1.549881,27,0,0.998661
616,5,0,42.857143,346.571429,0.823569,380,3.136391,118.644245,0.53842,1.560415,20,0,0.998744
617,2,0,42.52381,346.571429,0.824465,378,3.262953,116.243672,0.531791,1.576653,9,0,0.998469
618,5,0,42.238095,346.571429,0.828485,379,3.211286,116.233894,0.537608,1.559469,21,0,0.998462
619,8,0,42.238095,346.666667,0.830086,381,3.202151,115.198889,0.538961,1.556042,27,0,0.998492
620,8,0,41.714286,347.52381,0.823642,380,3.257679,114.760654,0.540043,1.545327,41,0,0.998256
621,5,0,42.0,347.52381,0.823757,378,3.352993,113.796311,0.531926,1.569604,10,0,0.998207
622,10,0,41.904762,347.52381,0.821946,383,3.25334,115.489554,0.537879,1.552349,46,0,0.998303
623,8,0,41.47619,347.52381,0.822267,389,3.158548,115.126398,0.547754,1.530503,38,0,0.998318
624,3,0,41.285714,347.52381,0.824337,389,3.153343,114.939241,0.546807,1.529243,11,0,0.99819
625,6,0,41.095238,347.52381,0.826665,392,3.10336,114.298954,0.549784,1.52031,18,0,0.998159
626,0,0,41.714286,347.52381,0.829643,386,3.167538,115.276357,0.542478,1.542413,0,0,0.998313
627,2,0,42.095238,347.52381,0.829146,379,3.284667,114.708875,0.530979,1.575072,8,0,0.998231
628,4,0,42.428571,347.52381,0.829727,380,3.272821,115.30236,0.530574,1.580904,14,0,0.998395
629,3,0,42.428571,347.52381,0.828749,383,3.228106,115.554862,0.53355,1.573068,8,0,0.998462
630,4,0,42.52381,347.52381,0.825351,383,3.226327,116.438585,0.532603,1.572419,15,0,0.998486
631,8,0,42.428571,347.52381,0.82344,385,3.256176,115.038932,0.533956,1.569228,25,0,0.998472
632,2,0,42.047619,347.52381,0.815568,383,3.314113,113.933875,0.532603,1.565962,13,0,0.998249
633,8,0,41.761905,347.52381,0.814275,382,3.324618,112.929412,0.532062,1.564355,38,0,0.998071
634,5,0,41.285714,346.380952,0.807903,384,3.348333,110.981805,0.533685,1.553384,19,0,0.997817
635,5,0,41.190476,345.904762,0.804367,386,3.354261,111.538954,0.536661,1.540829,26,0,0.997849
636,5,0,40.952381,345.904762,0.801729,390,3.265599,112.061102,0.542343,1.523029,25,0,0.997863
637,6,0,41.238095,345.904762,0.818296,391,3.244051,111.9658,0.54586,1.520603,29,0,0.998143
638,7,2,41.142857,345.904762,0.821173,392,3.184422,112.909709,0.548837,1.511405,33,16,0.998166
639,3,0,41.047619,345.904762,0.821748,390,3.247197,111.018092,0.544778,1.52364,14,0,0.997998
640,8,0,41.047619,345.904762,0.826447,393,3.146674,112.079476,0.552624,1.508546,43,0,0.998211
641,3,0,40.904762,344.47619,0.825853,393,3.196074,111.360382,0.550054,1.512022,9,0,0.99806
642,3,0,41.0,345.047619,0.826357,395,3.135983,111.739196,0.553977,1.503723,20,0,0.99822
643,5,0,41.0,345.047619,0.825925,397,3.13828,112.121111,0.554924,1.499243,20,0,0.998244
644,8,0,41.095238,345.047619,0.826187,400,3.097035,112.354164,0.554113,1.505542,28,0,0.998273
645,6,0,41.380952,345.666667,0.817662,402,3.045441,113.205621,0.556006,1.495299,25,0,0.998461
646,5,0,41.285714,345.571429,0.821554,403,3.109685,112.108703,0.553301,1.501015,24,0,0.998353
647,4,0,41.761905,345.571429,0.8191,403,3.115877,112.789534,0.552354,1.507628,19,0,0.998561
648,5,0,42.571429,345.571429,0.819509,403,3.098529,114.054498,0.549919,1.522206,20,0,0.99884
649,4,0,42.666667,345.571429,0.821235,405,3.070371,114.69952,0.552624,1.516486,15,0,0.998917
650,3,0,43.428571,345.571429,0.823638,402,3.074629,115.816479,0.547619,1.54065,21,0,0.99908
651,0,0,43.428571,345.571429,0.821307,397,3.187406,114.601223,0.539232,1.562473,0,0,0.998963
652,4,0,43.52381,345.571429,0.822356,397,3.222187,112.921437,0.538014,1.566989,16,0,0.998976
653,2,0,43.380952,345.571429,0.821979,396,3.250783,112.458538,0.53585,1.571045,2,0,0.998896
654,8,0,42.809524,345.571429,0.819418,401,3.166086,113.006374,0.543831,1.543308,40,0,0.998824
655,4,1,42.52381,345.571429,0.815787,401,3.21441,111.986027,0.544372,1.535137,27,7,0.998727
656,5,0,42.809524,344.571429,0.819537,398,3.346718,110.59125,0.535038,1.560932,15,0,0.998669
657,7,0,42.714286,344.952381,0.819416,403,3.300176,110.298696,0.541531,1.544225,28,0,0.998752
658,6,0,42.666667,346.285714,0.814381,403,3.238869,111.468013,0.544778,1.534322,25,0,0.99879
659,2,0,42.809524,346.285714,0.814063,403,3.227326,111.727724,0.545455,1.534357,6,0,0.998854
660,4,0,42.904762,346.285714,0.813908,401,3.229923,112.25453,0.546537,1.533123,26,0,0.998905
661,3,0,42.619048,346.285714,0.816076,401,3.284036,110.590486,0.542478,1.541962,10,0,0.998732
662,5,0,42.047619,345.047619,0.812516,396,3.398963,108.184374,0.539367,1.540353,18,0,0.99842
663,6,0,41.761905,345.047619,0.813288,397,3.460704,107.974603,0.53869,1.53747,22,0,0.998259
664,5,0,41.47619,345.047619,0.812784,396,3.528185,105.528683,0.535038,1.539031,23,0,0.997996
665,3,0,41.380952,345.047619,0.812563,394,3.527381,105.543502,0.533415,1.542252,13,0,0.997885
666,4,0,41.095238,345.047619,0.806398,395,3.544407,104.355931,0.536661,1.524092,17,0,0.997798
667,9,0,41.0,345.047619,0.806739,401,3.399887,105.381231,0.544237,1.502419,40,0,0.997962
668,3,0,41.095238,345.047619,0.80756,401,3.391204,106.104416,0.544778,1.501628,6,0,0.998037
669,5,0,41.380952,345.047619,0.80738,399,3.477435,105.847188,0.536255,1.527329,16,0,0.997969
670,3,0,41.52381,346.904762,0.810969,396,3.539199,104.228072,0.530032,1.547992,10,0,0.997874
671,7,0,41.142857,346.904762,0.8122,398,3.564164,104.047515,0.52895,1.548979,15,0,0.99757
672,5,0,41.380952,346.904762,0.810162,399,3.446307,106.418145,0.534361,1.535758,22,0,0.997909
673,1,0,41.571429,346.904762,0.814421,396,3.636661,103.362492,0.525703,1.561384,4,0,0.997775
674,5,0,41.285714,346.904762,0.82073,394,3.592036,102.844983,0.526786,1.561918,36,0,0.997603
675,6,0,41.142857,346.904762,0.818151,388,3.596675,103.481093,0.518669,1.576211,22,0,0.997175
676,7,0,41.333333,346.904762,0.817042,391,3.561063,104.141162,0.522998,1.565772,31,0,0.9975
677,4,0,41.142857,346.904762,0.816293,391,3.557223,103.193199,0.524215,1.563083,18,0,0.997394
678,2,0,41.047619,346.714286,0.816087,387,3.583627,102.094647,0.521916,1.564541,10,0,0.997225
679,7,0,41.047619,346.714286,0.819339,389,3.469971,105.394406,0.528003,1.550353,21,0,0.997454
680,2,0,41.142857,346.714286,0.821875,388,3.475121,106.246766,0.527868,1.552295,9,0,0.997524
681,4,0,41.333333,346.714286,0.816755,387,3.591574,104.02935,0.520157,1.573721,8,0,0.997395
682,5,0,42.0,346.714286,0.818776,386,3.55049,105.079517,0.520427,1.580013,26,0,0.997889
683,4,0,42.0,346.714286,0.816547,388,3.49119,106.846187,0.525974,1.562469,20,0,0.998051
684,7,0,42.380952,346.714286,0.815159,388,3.465767,108.157694,0.526245,1.562765,32,0,0.998275
685,4,0,42.761905,346.714286,0.815055,388,3.46636,109.698558,0.52665,1.56471,12,0,0.998477
686,6,0,42.857143,346.714286,0.812878,389,3.393096,109.813933,0.528139,1.563229,25,0,0.99855
687,2,0,42.857143,346.714286,0.80941,386,3.546396,106.600989,0.519345,1.585246,5,0,0.998357
688,4,0,42.47619,346.666667,0.80591,384,3.605801,104.817885,0.519075,1.579098,20,0,0.998146
689,0,0,42.47619,346.666667,0.803468,380,3.658123,104.27043,0.51461,1.589899,0,0,0.998024
690,7,0,41.904762,346.666667,0.792753,384,3.779296,102.612082,0.511905,1.586568,19,0,0.997552
691,4,0,42.190476,346.666667,0.79484,382,3.833415,101.836685,0.507305,1.603166,19,0,0.997608
692,1,0,42.0,346.047619,0.790395,379,3.897165,100.655218,0.501759,1.610694,6,0,0.997251
693,4,0,41.52381,345.619048,0.790852,375,3.902112,99.686623,0.501488,1.603038,19,0,0.9968
694,5,0,41.52381,345.619048,0.788235,375,3.878675,99.688165,0.502165,1.605013,30,0,0.996829
695,8,0,41.0,342.571429,0.783426,377,3.788735,100.054754,0.511634,1.575702,35,0,0.996745
696,5,0,41.0,342.571429,0.780905,378,3.83506,99.053223,0.510011,1.574715,19,0,0.996671
697,4,0,40.904762,342.571429,0.78188,376,3.95685,98.82167,0.504735,1.582699,17,0,0.996309
698,3,0,41.380952,342.571429,0.782716,373,3.975513,98.990411,0.501894,1.593399,12,0,0.996683
699,7,0,41.380952,340.52381,0.793042,372,4.049912,98.015605,0.500812,1.604121,39,0,0.996637
700,4,0,40.904762,340.52381,0.792823,371,4.150847,96.191589,0.494995,1.611898,11,0,0.995766
701,3,0,40.52381,340.0,0.7946,371,4.201014,95.882154,0.490936,1.618609,9,0,0.99495
702,1,0,40.333333,340.0,0.795015,370,4.218127,95.5275,0.489989,1.61969,1,0,0.99457
703,3,0,40.142857,340.952381,0.801885,367,4.235653,95.402083,0.492424,1.618469,16,0,0.994445
704,5,0,39.571429,341.0,0.795933,368,4.219835,95.586309,0.49743,1.59712,29,0,0.993836
705,4,0,39.571429,341.0,0.793917,369,4.177958,97.323367,0.501623,1.585503,20,0,0.994196
706,3,0,39.904762,341.0,0.794712,364,4.277431,95.508533,0.494048,1.606218,9,0,0.994169
707,3,0,40.47619,341.0,0.796623,361,4.348571,94.578445,0.487013,1.633752,22,0,0.994596
708,6,0,40.47619,340.380952,0.797355,360,4.371312,93.325595,0.481466,1.644589,21,0,0.994141
709,4,0,40.428571,340.380952,0.796274,358,4.44001,92.736357,0.47822,1.659219,17,0,0.993777
710,7,0,40.619048,340.095238,0.795149,360,4.373625,94.921164,0.482549,1.646438,35,0,0.994484
711,10,0,41.238095,345.095238,0.798263,367,4.200283,96.4812,0.492289,1.629886,43,0,0.996034
712,8,0,40.952381,345.095238,0.794556,371,4.01656,98.942894,0.503247,1.596393,32,0,0.99629
713,4,0,40.952381,345.238095,0.796585,370,4.075353,99.142986,0.500271,1.601508,15,0,0.996131
714,4,0,40.952381,345.238095,0.797018,372,4.000757,99.98013,0.506764,1.585562,23,0,0.996475
715,4,0,40.952381,345.52381,0.795287,373,3.965917,100.366941,0.50947,1.575803,19,0,0.996609
716,7,0,41.142857,345.761905,0.800731,371,3.926971,101.552933,0.50974,1.58548,32,0,0.996813
717,4,0,41.238095,345.761905,0.804305,372,3.797671,103.426958,0.515152,1.573098,19,0,0.997131
718,8,0,41.380952,345.761905,0.813522,375,3.660271,106.148405,0.526109,1.553467,51,0,0.997655
719,2,0,41.666667,345.761905,0.814513,373,3.673805,105.657545,0.522727,1.565981,4,0,0.997745
720,7,1,41.47619,345.761905,0.813589,374,3.670222,105.444872,0.52178,1.564119,37,7,0.997574
721,3,0,41.666667,345.761905,0.814737,371,3.696046,104.872011,0.518669,1.57761,15,0,0.997608
722,6,0,42.142857,345.761905,0.813742,373,3.577074,108.292892,0.520698,1.577921,25,0,0.997991
723,6,0,42.047619,345.761905,0.805253,374,3.702046,105.570864,0.517857,1.580203,29,0,0.99785
724,4,0,41.571429,343.285714,0.806583,374,3.556248,107.164274,0.526515,1.558677,26,0,0.997795
725,4,0,41.571429,343.285714,0.814662,375,3.329805,109.802553,0.535444,1.543897,27,0,0.998053
726,5,0,41.571429,343.285714,0.81514,376,3.270857,110.038513,0.53585,1.546921,16,0,0.998061
727,8,0,41.761905,343.285714,0.817179,377,3.143078,113.487069,0.544372,1.528277,44,0,0.998382
728,7,0,41.190476,343.285714,0.814234,379,3.133893,112.247065,0.546807,1.512181,36,0,0.998135
729,6,0,41.904762,343.714286,0.820049,375,2.991813,116.630943,0.546402,1.524733,32,0,0.998491
730,8,0,41.428571,343.714286,0.819046,377,2.975632,115.600621,0.550731,1.511071,31,0,0.998357
731,5,0,41.190476,343.714286,0.818462,372,3.110832,113.450304,0.541802,1.523335,18,0,0.99799
732,8,0,40.952381,345.190476,0.814566,380,2.973452,113.681722,0.55533,1.499624,37,0,0.998219
733,7,0,41.047619,345.190476,0.816723,382,2.934294,112.138375,0.558171,1.490954,33,0,0.99834
734,10,0,41.571429,345.190476,0.816082,387,2.880343,115.570915,0.558442,1.489803,34,0,0.998593
735,9,0,41.190476,346.571429,0.815455,390,2.836732,115.352674,0.561147,1.473204,41,0,0.998476
736,5,0,41.285714,343.095238,0.817467,390,2.863939,115.213268,0.558577,1.481487,24,0,0.998464
737,5,0,41.380952,344.238095,0.81774,391,2.806298,117.13338,0.566423,1.462509,35,0,0.99867
738,5,0,41.095238,344.238095,0.810826,395,2.765675,116.57052,0.571158,1.447949,22,0,0.998642
739,6,0,41.666667,344.238095,0.817363,393,2.754849,116.640075,0.567911,1.466298,24,0,0.998808
740,7,0,41.714286,344.238095,0.816844,394,2.757686,117.736669,0.570211,1.45773,36,0,0.998865
741,6,0,41.428571,344.238095,0.81558,397,2.737367,117.470726,0.575081,1.440768,21,0,0.998844
742,8,0,42.0,344.238095,0.81596,400,2.638006,118.368871,0.579004,1.441018,42,0,0.999084
743,11,0,42.380952,347.0,0.818616,405,2.604059,120.078756,0.580898,1.436139,44,0,0.999208
744,1,0,42.666667,347.0,0.821085,402,2.585519,120.833516,0.579545,1.443097,5,0,0.999261
745,6,0,42.666667,347.0,0.818135,404,2.563637,122.003024,0.583874,1.435049,21,0,0.999306
746,8,1,42.380952,347.0,0.808541,403,2.708484,119.377188,0.580628,1.434222,43,6,0.999208
747,2,0,42.47619,347.0,0.802101,397,2.815861,117.914256,0.575758,1.442304,13,0,0.999177
748,5,0,42.571429,346.714286,0.804805,397,2.843156,117.126229,0.570482,1.454259,12,0,0.999137
749,8,1,42.666667,346.380952,0.804313,397,2.753834,118.321374,0.56994,1.461314,35,7,0.999153
750,4,0,42.0,346.380952,0.802743,396,2.798186,116.940521,0.568317,1.458141,10,0,0.998933
751,8,0,41.238095,346.380952,0.810888,401,2.720472,117.479431,0.576434,1.438538,38,0,0.998797
752,5,0,41.142857,346.380952,0.813718,404,2.665812,118.154981,0.580222,1.430443,17,0,0.998826
753,2,0,41.238095,346.380952,0.81427,399,2.862464,114.717471,0.5671,1.467898,8,0,0.998626
754,7,0,41.428571,346.761905,0.811874,403,2.755733,117.288397,0.575216,1.44501,38,0,0.998847
755,7,0,41.714286,346.761905,0.819939,400,2.761878,116.621484,0.571293,1.464631,30,0,0.998883
756,6,1,41.380952,346.761905,0.821963,399,2.876649,113.612546,0.562094,1.481497,16,8,0.998585
757,8,0,41.190476,346.761905,0.818197,402,2.738967,114.223985,0.573052,1.448599,43,0,0.998717
758,4,0,41.952381,346.761905,0.818952,401,2.642732,116.711406,0.571834,1.464284,25,0,0.998967
759,3,0,42.142857,346.380952,0.821408,401,2.707685,116.742331,0.566964,1.47918,13,0,0.998956
760,5,0,42.190476,346.380952,0.822557,405,2.619445,118.801535,0.573458,1.462231,24,0,0.999063
761,6,0,42.190476,346.380952,0.820359,405,2.640365,118.552822,0.574405,1.46392,31,0,0.999076
762,3,0,42.047619,346.380952,0.818472,402,2.683151,117.678858,0.569399,1.474595,14,0,0.998962
763,7,0,42.52381,348.190476,0.819018,401,2.644933,118.740794,0.568723,1.478585,24,0,0.999095
764,5,0,42.428571,348.190476,0.81794,402,2.714906,116.872337,0.562635,1.492366,14,0,0.998982
765,6,0,42.666667,348.190476,0.821477,402,2.642697,118.889762,0.56507,1.489669,25,0,0.999086
766,8,0,42.47619,348.190476,0.826577,405,2.583636,120.335564,0.569535,1.477546,37,0,0.99909
767,3,0,42.666667,348.190476,0.825742,405,2.545912,122.273792,0.570482,1.476291,12,0,0.999154
768,4,0,42.380952,348.190476,0.825503,404,2.59466,121.773909,0.570346,1.467979,19,0,0.999074
769,4,0,41.904762,345.904762,0.823472,403,2.580485,121.905104,0.57197,1.463708,21,0,0.998951
770,2,0,42.0,346.761905,0.827943,401,2.612786,120.054011,0.571699,1.469978,12,0,0.998979
771,5,0,42.666667,348.0,0.831231,399,2.628883,121.013873,0.566153,1.489383,21,0,0.9991
772,6,1,42.47619,348.0,0.832119,400,2.69174,119.557847,0.563176,1.495777,23,8,0.999004
773,5,0,42.285714,348.0,0.831851,400,2.683156,119.180689,0.564259,1.493401,24,0,0.99896
774,6,0,41.952381,348.761905,0.830388,400,2.731235,117.846093,0.562635,1.492515,24,0,0.99882
775,4,0,42.047619,348.761905,0.830628,396,2.826275,116.041031,0.554383,1.515087,15,0,0.99871
776,5,0,41.571429,348.761905,0.829376,398,2.861584,114.779574,0.557224,1.502006,24,0,0.998567
777,4,0,42.142857,348.904762,0.830043,397,2.791073,117.136513,0.558171,1.507285,22,0,0.998814
778,4,0,42.238095,348.761905,0.834228,397,2.741632,118.476301,0.559253,1.506402,11,0,0.998865
779,7,0,42.0,348.904762,0.83562,397,2.814673,116.104895,0.554924,1.516431,25,0,0.9987
780,4,0,42.380952,348.904762,0.834558,396,2.817411,116.120038,0.554654,1.518499,14,0,0.998841
781,6,0,42.761905,348.904762,0.836636,397,2.79266,117.709864,0.555195,1.522056,24,0,0.998978
782,2,0,42.761905,348.904762,0.839976,399,2.765264,118.364181,0.558442,1.515553,9,0,0.999025
783,5,0,42.761905,348.904762,0.841698,403,2.692842,119.167895,0.564665,1.500144,26,0,0.999109
784,4,0,42.952381,348.904762,0.841699,401,2.768304,116.995831,0.558983,1.517609,9,0,0.999089
785,3,2,43.142857,348.904762,0.843066,397,2.854001,116.839839,0.55303,1.534966,16,15,0.999065
786,7,0,43.047619,348.904762,0.837143,399,2.796455,117.724962,0.557495,1.517904,38,0,0.999097
787,6,1,42.857143,348.761905,0.838975,399,2.793387,116.767943,0.5602,1.509235,28,8,0.999079
788,4,0,42.428571,347.190476,0.829712,399,2.824322,115.924278,0.556412,1.511327,14,0,0.998888
789,6,0,42.142857,347.190476,0.834038,402,2.808095,116.825724,0.560065,1.506921,33,0,0.998848
790,5,0,42.190476,347.428571,0.831196,400,2.81261,117.384398,0.560065,1.504159,26,0,0.998865
791,4,0,42.333333,347.428571,0.829236,398,2.866398,115.658649,0.558577,1.50583,19,0,0.998892
792,6,1,42.333333,347.428571,0.831639,394,2.980294,115.877757,0.550054,1.524242,24,8,0.998748
793,2,0,42.333333,347.428571,0.830618,391,2.993539,114.923987,0.548566,1.527339,15,0,0.998721
794,7,0,42.380952,347.428571,0.829503,391,2.911847,116.060101,0.550866,1.516452,29,0,0.998778
795,7,1,42.380952,347.428571,0.827348,395,2.856997,117.11459,0.556412,1.499386,38,8,0.998873
796,4,0,42.047619,347.428571,0.825031,397,2.748652,117.38304,0.565206,1.467144,23,0,0.998898
797,1,0,42.52381,347.428571,0.823294,392,2.815545,117.529702,0.556818,1.491273,1,0,0.998927
798,9,0,42.809524,347.428571,0.829,395,2.660611,119.422582,0.563988,1.485336,42,0,0.999112
799,3,0,42.809524,347.428571,0.826342,392,2.689363,118.709489,0.559524,1.500825,16,0,0.999053
800,6,1,42.238095,347.428571,0.828744,395,2.723339,117.666062,0.560471,1.491802,27,8,0.998885
801,6,0,42.047619,347.428571,0.827653,394,2.821168,116.208442,0.558712,1.484165,24,0,0.99879
802,1,0,41.952381,347.428571,0.828636,393,2.920873,113.126475,0.555195,1.493105,7,0,0.998691
803,8,0,42.666667,347.428571,0.82459,395,2.821245,115.56249,0.562094,1.480761,37,0,0.999051
804,4,1,43.142857,347.428571,0.824255,391,2.785403,116.780547,0.559659,1.490966,21,7,0.99915
805,3,0,43.238095,348.095238,0.822698,389,2.744142,118.463067,0.559794,1.487467,21,0,0.999176
806,6,0,43.047619,348.095238,0.823367,390,2.688222,119.344399,0.562094,1.482477,28,0,0.999153
807,4,0,42.428571,348.571429,0.824989,384,2.803039,117.076409,0.559524,1.478695,18,0,0.998937
808,6,0,42.619048,348.571429,0.819502,384,2.827429,116.985252,0.558306,1.485431,24,0,0.998981
809,2,0,42.047619,348.571429,0.821993,380,2.976175,114.658116,0.551272,1.504239,7,0,0.998656
810,5,0,41.761905,348.571429,0.818896,382,2.904692,114.406137,0.558577,1.480527,25,0,0.998678
811,4,0,41.952381,345.714286,0.812737,382,2.851965,115.136861,0.561688,1.474117,18,0,0.998808
812,8,0,42.047619,345.714286,0.816547,385,2.871489,116.089513,0.562906,1.470224,34,0,0.998864
813,1,0,42.047619,345.714286,0.817957,380,2.951929,114.731726,0.5579,1.482271,5,0,0.99878
814,6,0,41.857143,345.952381,0.805851,383,2.902808,114.14716,0.566153,1.456597,29,0,0.998852
815,9,1,41.761905,345.952381,0.80551,388,2.763527,116.206911,0.575622,1.43169,43,7,0.998967
816,0,0,41.761905,345.952381,0.799442,381,2.922371,113.099032,0.563853,1.455291,0,0,0.998778
817,5,0,41.0,346.47619,0.799568,382,3.001373,110.507209,0.560606,1.454283,19,0,0.998378
818,4,0,40.809524,346.47619,0.800476,382,3.09389,108.329927,0.554383,1.464297,9,0,0.998119
819,5,0,40.52381,346.47619,0.7999,382,3.136923,108.598118,0.553301,1.467207,22,0,0.997914
820,7,0,40.52381,346.47619,0.79728,385,3.095213,110.318,0.55533,1.456663,15,0,0.997973
821,7,0,40.666667,346.47619,0.796504,391,3.040106,110.718589,0.560471,1.450655,26,0,0.9982
822,4,0,40.761905,346.47619,0.797871,385,3.098205,111.610801,0.554113,1.463282,17,0,0.998084
823,6,0,40.761905,347.428571,0.795054,387,3.027485,111.780927,0.557495,1.445623,30,0,0.998173
824,6,0,40.857143,347.428571,0.796828,385,3.097922,110.991638,0.552895,1.461549,19,0,0.998106
825,6,0,41.333333,347.285714,0.794432,383,3.082109,112.569073,0.552489,1.461493,27,0,0.998357
826,2,0,41.238095,347.285714,0.795049,377,3.183939,110.581777,0.544643,1.478408,7,0,0.998105
827,6,1,41.428571,346.952381,0.802761,379,3.134733,111.262807,0.549784,1.476456,34,8,0.998342
828,4,0,41.428571,346.952381,0.804142,381,3.129575,111.186121,0.550054,1.473911,17,0,0.998349
829,5,0,41.047619,347.047619,0.80052,384,3.090041,111.600399,0.556818,1.4492,26,0,0.998315
830,3,0,41.095238,347.047619,0.804154,379,3.175205,111.920062,0.546537,1.486339,21,0,0.998073
831,8,0,40.809524,347.047619,0.807607,379,3.303053,108.521581,0.54789,1.479526,44,0,0.997944
832,4,0,40.761905,347.047619,0.800263,379,3.377978,108.383249,0.54329,1.489481,13,0,0.997773
833,4,0,40.952381,347.428571,0.805273,378,3.390538,108.083072,0.537608,1.502749,14,0,0.997718
834,5,0,40.47619,347.428571,0.803869,380,3.367741,108.243968,0.541261,1.488333,22,0,0.997491
835,7,0,40.428571,346.285714,0.800205,383,3.266418,108.219299,0.546266,1.477508,22,0,0.997627
836,3,0,40.714286,347.0,0.806611,384,3.231909,108.831698,0.549513,1.471164,10,0,0.997928
837,2,0,40.333333,347.0,0.80911,381,3.273113,107.313184,0.548566,1.47478,14,0,0.997637
838,2,0,40.714286,347.0,0.807838,378,3.328994,107.988905,0.544913,1.485333,9,0,0.997789
839,10,0,41.285714,347.0,0.805425,386,3.090544,110.741672,0.558306,1.472394,59,0,0.99847
840,6,0,40.809524,347.0,0.80262,386,3.191776,108.728108,0.552895,1.481239,24,0,0.998084
841,5,0,40.333333,347.0,0.799272,389,3.136471,108.856955,0.560065,1.456526,34,0,0.997997
842,7,0,40.333333,347.0,0.79792,392,3.048286,111.55987,0.564259,1.44715,29,0,0.998112
843,5,0,40.52381,347.0,0.797646,393,2.982217,111.692169,0.566153,1.446469,27,0,0.998266
844,1,0,40.333333,347.0,0.794668,389,3.046601,110.645654,0.562094,1.453633,1,0,0.998051
845,4,1,40.428571,347.0,0.793544,391,3.000463,112.946956,0.565611,1.442622,20,7,0.998201
846,3,0,40.428571,347.0,0.794926,389,3.024276,111.979444,0.563988,1.448093,11,0,0.998158
847,5,0,40.047619,347.0,0.794544,391,3.035428,110.816123,0.566288,1.436335,22,0,0.997996
848,5,0,40.0,347.0,0.797287,392,3.040924,111.297828,0.569399,1.435958,23,0,0.998058
849,6,0,40.095238,346.857143,0.799176,395,3.036819,111.911172,0.56967,1.432053,28,0,0.998122
850,5,0,39.857143,348.0,0.798617,396,3.087884,111.527041,0.570752,1.425003,21,0,0.998013
851,5,0,39.47619,348.0,0.797909,401,3.038818,111.004192,0.575487,1.410342,15,0,0.997911
852,6,0,39.571429,348.0,0.798508,402,2.993692,112.544585,0.575081,1.411374,21,0,0.997956
853,4,1,39.714286,348.47619,0.798359,402,2.96587,112.517482,0.576163,1.407794,16,7,0.998074
854,7,0,40.714286,348.47619,0.805439,401,2.993636,113.926121,0.574675,1.427593,37,0,0.99856
855,4,1,40.761905,348.47619,0.806603,400,3.008331,112.190802,0.573052,1.432333,24,8,0.998547
856,6,0,40.095238,348.47619,0.807708,400,3.06737,107.1836,0.577922,1.411061,35,0,0.998339
857,6,0,39.619048,346.285714,0.807006,403,3.075925,107.128947,0.58428,1.393444,31,0,0.998247
858,6,0,39.904762,346.285714,0.808513,405,3.067069,107.862577,0.583333,1.395438,18,0,0.998373
859,6,0,40.095238,347.571429,0.800312,407,2.981586,109.225546,0.590503,1.376569,30,0,0.998617
860,3,0,40.47619,347.571429,0.80361,399,3.149604,109.83931,0.576434,1.418067,17,0,0.998496
861,5,0,40.095238,347.571429,0.801397,401,3.103907,109.599603,0.580898,1.399378,26,0,0.998413
862,3,0,39.809524,347.571429,0.795705,397,3.172723,108.694364,0.575352,1.411017,12,0,0.998121
863,9,0,39.619048,347.761905,0.789516,403,3.070966,109.302544,0.585227,1.382408,42,0,0.998271
864,7,0,39.52381,347.761905,0.798443,405,2.973626,110.817104,0.590503,1.369349,38,0,0.998347
865,4,1,39.714286,347.761905,0.803314,400,3.037187,110.311224,0.584145,1.38822,20,7,0.998293
866,8,0,39.714286,347.333333,0.804005,400,3.2694,106.932838,0.57711,1.400562,27,0,0.99812
867,8,0,39.904762,347.666667,0.783228,395,3.38716,106.022875,0.576975,1.395982,44,0,0.998232
868,2,0,39.809524,347.666667,0.785347,392,3.408935,105.317882,0.573323,1.404667,7,0,0.998079
869,4,0,39.809524,347.666667,0.789923,391,3.445768,104.472884,0.571293,1.414253,16,0,0.998023
870,4,0,39.428571,347.666667,0.790135,391,3.493672,102.68321,0.570346,1.413114,15,0,0.997746
871,5,0,40.095238,347.666667,0.790792,390,3.46506,104.757247,0.570211,1.412861,23,0,0.998163
872,5,0,40.095238,347.666667,0.79331,389,3.55146,104.267968,0.569264,1.417848,26,0,0.998143
873,4,0,39.904762,345.428571,0.790216,388,3.679637,103.472234,0.566423,1.415705,22,0,0.997953
874,2,0,40.047619,345.428571,0.795799,386,3.598245,105.421072,0.568047,1.413832,9,0,0.998084
875,3,0,40.285714,345.428571,0.796588,384,3.620998,105.287876,0.562771,1.432636,9,0,0.998078
876,2,0,40.095238,345.428571,0.791565,384,3.613288,104.810796,0.563041,1.424741,10,0,0.997968
877,3,0,39.52381,345.428571,0.788506,380,3.564134,103.451042,0.560606,1.425111,20,0,0.99748
878,4,0,39.809524,345.428571,0.780777,375,3.529659,103.759888,0.551001,1.452735,16,0,0.99734
879,7,0,39.047619,344.904762,0.788065,375,3.616879,102.210138,0.548295,1.455914,25,0,0.996502
880,6,0,39.238095,345.380952,0.790928,377,3.589141,103.090516,0.548566,1.461935,24,0,0.996713
881,9,0,39.333333,345.380952,0.789569,384,3.379323,105.848787,0.559253,1.434551,38,0,0.997255
882,6,0,39.142857,345.380952,0.785272,386,3.360104,108.195223,0.560877,1.41935,31,0,0.997155
883,13,0,38.857143,345.380952,0.785743,392,3.372473,107.107331,0.566288,1.401937,49,0,0.99713
884,1,0,39.52381,345.380952,0.790624,385,3.36753,108.078835,0.558036,1.426933,4,0,0.997365
885,5,0,39.714286,345.0,0.792352,383,3.394014,108.064314,0.556142,1.436365,34,0,0.997449
886,2,0,39.619048,345.0,0.791672,383,3.373315,108.336239,0.558171,1.430727,10,0,0.997448
887,7,0,39.47619,343.666667,0.795457,383,3.356297,107.971173,0.561959,1.421803,46,0,0.997475
888,4,0,40.857143,343.666667,0.800184,378,3.404515,110.567339,0.553977,1.456308,22,0,0.998155
889,1,0,40.428571,338.428571,0.791809,369,3.654466,105.719157,0.534497,1.492222,2,0,0.997213
890,4,0,39.857143,338.428571,0.790801,368,3.670322,104.29185,0.535444,1.483295,15,0,0.996718
891,2,0,40.047619,338.428571,0.789609,367,3.62908,105.157176,0.536391,1.483299,15,0,0.996946
892,1,0,40.142857,338.428571,0.789405,366,3.631786,105.142752,0.535714,1.485378,3,0,0.997005
893,4,0,40.238095,338.428571,0.78538,364,3.847696,104.548632,0.525568,1.498561,9,0,0.996648
894,6,0,40.428571,339.0,0.784664,363,3.846022,104.253756,0.523268,1.503684,21,0,0.996731
895,3,0,40.333333,339.0,0.782969,363,3.795423,105.451301,0.526921,1.490386,17,0,0.996804
896,9,0,40.809524,345.190476,0.782923,368,3.512766,109.809708,0.540449,1.462179,45,0,0.997722
897,2,0,40.904762,345.190476,0.784576,366,3.589207,108.09084,0.535579,1.476726,6,0,0.997629
898,7,0,40.904762,345.190476,0.781575,372,3.464784,109.779266,0.544643,1.454253,33,0,0.997918
899,9,0,41.428571,345.571429,0.783238,371,3.296715,111.506636,0.554789,1.445673,53,0,0.998469
900,5,0,41.428571,345.571429,0.782818,372,3.35746,112.086012,0.550189,1.45807,18,0,0.998364
901,8,0,40.761905,345.571429,0.779494,377,3.343489,109.408494,0.552624,1.445661,27,0,0.998057
902,5,0,40.190476,345.571429,0.782976,378,3.346172,108.80382,0.555465,1.438045,25,0,0.997775
903,7,0,40.285714,345.571429,0.782976,378,3.379823,108.481195,0.551001,1.449443,33,0,0.997695
904,2,0,40.285714,345.571429,0.783513,378,3.390858,108.382726,0.550189,1.451242,5,0,0.997668
905,3,0,39.809524,345.571429,0.782749,374,3.522752,105.251966,0.546131,1.457032,12,0,0.997141
906,7,0,38.857143,345.904762,0.784526,373,3.721013,101.228421,0.540314,1.468627,20,0,0.995839
907,12,0,38.714286,347.047619,0.791366,382,3.571683,101.489706,0.546131,1.464762,53,0,0.995988
908,5,0,38.952381,347.047619,0.790237,382,3.529917,102.909527,0.548701,1.464475,19,0,0.996408
909,5,0,38.47619,347.047619,0.789397,383,3.55832,101.324887,0.549378,1.460177,13,0,0.99588
910,6,0,38.666667,347.047619,0.787242,386,3.48823,103.243098,0.557765,1.441402,34,0,0.99656
911,4,0,39.047619,347.047619,0.787333,386,3.448918,104.184444,0.558983,1.442312,12,0,0.996995
912,5,0,39.571429,347.047619,0.79063,385,3.399672,105.676349,0.559794,1.446499,27,0,0.997473
913,4,0,39.761905,347.047619,0.791939,385,3.458468,103.539352,0.55763,1.454905,18,0,0.997546
914,4,0,39.761905,347.047619,0.796916,385,3.532914,103.381338,0.553571,1.465332,15,0,0.997401
915,6,0,39.714286,348.047619,0.802973,385,3.443584,103.100273,0.559524,1.449459,32,0,0.997577
916,5,0,39.666667,346.904762,0.808425,384,3.409489,103.696988,0.561012,1.454486,26,0,0.997591
917,2,0,39.333333,347.666667,0.800182,382,3.613723,99.813477,0.559253,1.440885,6,0,0.997276
918,8,0,38.952381,345.952381,0.7975,384,3.793937,96.701495,0.554113,1.443547,42,0,0.996712
919,4,0,39.095238,344.857143,0.794873,382,3.947265,95.844307,0.548431,1.454711,6,0,0.996597
920,7,0,39.0,344.857143,0.789164,384,3.904905,95.375645,0.546672,1.455634,23,0,0.996398
921,2,0,39.238095,344.857143,0.791051,383,3.921153,95.868419,0.543155,1.46477,5,0,0.996479
922,4,0,38.619048,345.238095,0.790039,381,4.031782,93.967406,0.536391,1.478097,9,0,0.995302
923,3,0,38.52381,345.238095,0.792668,380,4.133009,94.006297,0.534632,1.486375,17,0,0.99505
924,2,0,39.0,345.238095,0.792678,378,4.065303,96.065873,0.535444,1.490543,10,0,0.995772
925,6,0,39.52381,345.238095,0.79512,378,3.927699,99.232055,0.539096,1.492344,26,0,0.99658
926,10,0,40.142857,345.238095,0.795582,382,3.865153,101.082497,0.539773,1.493666,44,0,0.997201
927,5,0,39.761905,345.238095,0.794682,382,3.931668,99.024615,0.541667,1.484372,26,0,0.996942
928,5,0,39.285714,345.238095,0.797316,383,4.173784,96.852342,0.541937,1.481023,24,0,0.996497
929,3,0,40.047619,345.238095,0.802335,378,4.151049,98.237015,0.536661,1.496703,15,0,0.99701
930,3,0,39.952381,345.238095,0.799339,375,4.234788,97.275896,0.530709,1.512098,14,0,0.996647
931,3,0,40.047619,345.238095,0.799889,373,4.391436,96.953264,0.525162,1.527898,13,0,0.996485
932,6,0,39.714286,345.238095,0.802246,371,4.46425,97.583094,0.525974,1.523307,33,0,0.996157
933,7,0,40.571429,345.238095,0.806299,372,4.295747,100.923927,0.530032,1.522031,38,0,0.997212
934,5,0,40.571429,345.238095,0.804447,371,4.404263,101.980611,0.532062,1.514139,21,0,0.997304
935,6,0,40.142857,343.285714,0.803158,372,4.414965,101.82866,0.534632,1.503622,25,0,0.997035
936,3,0,40.428571,343.666667,0.804967,371,4.437689,101.09717,0.52895,1.52302,13,0,0.997052
937,5,0,40.238095,343.857143,0.803507,374,4.286987,104.931446,0.536526,1.501614,26,0,0.997189
938,5,0,40.809524,343.857143,0.803762,374,4.223177,105.22794,0.535985,1.506842,20,0,0.997623
939,7,1,40.809524,343.428571,0.803852,374,4.157975,105.2339,0.538285,1.503646,42,7,0.997697
940,10,0,40.238095,345.619048,0.796637,379,3.885689,106.693526,0.551813,1.459874,55,0,0.997727
941,3,0,40.380952,345.380952,0.797548,375,3.86276,107.360776,0.550054,1.472892,11,0,0.997767
942,6,0,40.285714,345.380952,0.789794,378,3.781992,107.394102,0.55303,1.461351,28,0,0.997792
943,5,0,40.285714,345.380952,0.791967,381,3.793964,107.916574,0.555195,1.459113,20,0,0.997863
944,4,0,40.952381,344.52381,0.796545,378,3.829549,109.11777,0.546402,1.489079,13,0,0.998025
945,3,0,41.047619,345.285714,0.791608,377,3.912389,108.942155,0.543831,1.495163,17,0,0.998014
946,3,0,41.333333,345.285714,0.798445,371,3.870942,107.476097,0.531791,1.536623,16,0,0.997826
947,5,0,41.52381,345.285714,0.798854,373,3.850826,109.631553,0.538555,1.525097,29,0,0.998145
948,5,0,42.047619,345.285714,0.798288,373,3.721679,110.407181,0.540314,1.523023,24,0,0.998458
949,1,0,42.047619,345.285714,0.800544,369,3.755777,110.130718,0.535444,1.539864,5,0,0.998345
950,4,1,42.0,345.285714,0.802489,368,3.744945,109.558151,0.533415,1.541612,17,8,0.998268
951,6,0,42.285714,345.285714,0.80146,371,3.654584,110.170131,0.538555,1.532302,33,0,0.998527
952,5,1,42.380952,345.095238,0.807046,367,3.770935,108.212504,0.533956,1.551263,22,7,0.998476
953,3,0,41.809524,340.952381,0.805725,366,3.806301,106.161454,0.534767,1.547744,16,0,0.998203
954,9,0,42.380952,340.952381,0.802527,369,3.693297,109.647775,0.53869,1.543039,46,0,0.998575
955,1,0,42.190476,340.952381,0.795414,363,3.835747,106.524252,0.531115,1.555047,4,0,0.998317
956,6,0,41.714286,340.952381,0.793936,368,3.887042,106.4541,0.534361,1.541389,19,0,0.998142
957,2,0,41.904762,341.238095,0.797501,365,3.953583,105.5227,0.529356,1.558159,10,0,0.998119
958,6,0,41.904762,341.238095,0.801463,365,4.048302,104.630934,0.527462,1.560748,26,0,0.998072
959,5,0,41.571429,341.238095,0.806644,365,3.98934,104.132376,0.529085,1.555346,21,0,0.997908
960,5,0,41.571429,341.238095,0.802543,367,3.949492,104.862041,0.532332,1.545109,23,0,0.998003
961,2,0,41.190476,341.238095,0.803388,365,4.044484,103.390904,0.528409,1.548796,8,0,0.997625
962,5,0,40.285714,340.857143,0.805057,364,4.146244,100.407074,0.526921,1.542213,27,0,0.996794
963,4,0,40.47619,340.857143,0.808591,361,4.143013,99.285005,0.524215,1.554469,22,0,0.996855
964,7,0,40.666667,340.857143,0.802896,364,4.085049,99.704555,0.529085,1.538811,31,0,0.997236
965,9,0,40.761905,340.857143,0.81218,370,3.971988,103.297567,0.534903,1.531897,28,0,0.997528
966,3,0,40.666667,340.857143,0.811175,371,3.980911,103.376094,0.537202,1.523773,14,0,0.997539
967,5,0,40.52381,341.714286,0.811683,371,3.9177,103.337989,0.535985,1.523719,31,0,0.997376
968,4,0,40.619048,342.095238,0.808958,371,3.957517,102.83745,0.532332,1.532259,13,0,0.997315
969,1,0,40.52381,342.095238,0.812792,367,4.032212,100.717467,0.526245,1.549111,8,0,0.996981
970,12,0,40.52381,342.095238,0.810505,373,3.955241,103.073357,0.528003,1.542343,47,0,0.997051
971,1,0,40.904762,342.095238,0.814065,367,4.112467,101.272921,0.517992,1.572509,2,0,0.99698
972,5,0,40.428571,342.095238,0.818597,368,4.069262,100.826852,0.522186,1.562626,22,0,0.996703
973,10,0,40.857143,342.095238,0.823079,373,4.020292,101.951775,0.523945,1.568111,32,0,0.997184
974,6,0,41.238095,342.095238,0.82294,375,3.950612,102.859218,0.525974,1.568682,20,0,0.997567
975,7,0,41.52381,342.095238,0.820278,378,3.746698,104.745375,0.533415,1.544229,30,0,0.997992
976,5,0,41.904762,342.095238,0.823773,380,3.571043,106.926844,0.541396,1.528036,27,0,0.998405
977,5,0,41.809524,342.095238,0.81689,378,3.503138,108.118554,0.543831,1.519976,27,0,0.998412
978,4,0,41.809524,342.095238,0.816459,375,3.534822,106.444193,0.54099,1.528452,16,0,0.998346
979,8,0,41.238095,342.095238,0.815317,375,3.565939,105.480519,0.543019,1.516253,35,0,0.998084
980,3,0,41.095238,342.095238,0.806957,369,3.736703,102.691769,0.534361,1.528424,13,0,0.997736
981,2,0,41.095238,341.428571,0.804486,369,3.748893,102.364076,0.532468,1.533271,5,0,0.997673
982,7,0,40.904762,341.428571,0.803302,368,3.707244,103.309896,0.531926,1.532091,30,0,0.997508
983,5,0,40.809524,341.714286,0.801984,371,3.734062,102.034378,0.534091,1.52745,27,0,0.997516
984,4,0,40.904762,341.714286,0.804386,368,3.760455,102.795701,0.529627,1.539886,14,0,0.997426
985,6,0,40.761905,341.714286,0.803949,371,3.751158,102.879596,0.530709,1.533938,18,0,0.997351
986,1,0,40.714286,341.714286,0.806688,365,3.867021,101.694541,0.524215,1.54837,6,0,0.997053
987,3,0,40.666667,341.714286,0.807137,363,3.82801,101.805876,0.523674,1.548984,9,0,0.996981
988,7,1,40.714286,341.714286,0.805838,363,3.781828,104.207808,0.526515,1.54242,35,8,0.997143
989,4,0,40.619048,341.714286,0.806614,365,3.865438,102.540282,0.528274,1.531614,20,0,0.99714
990,6,0,40.714286,341.714286,0.807236,363,3.776203,106.019369,0.524486,1.537519,30,0,0.997056
991,5,0,40.52381,341.714286,0.808124,364,3.773145,106.873258,0.525298,1.537619,18,0,0.996913
992,2,0,40.52381,341.714286,0.807915,362,3.787172,106.660015,0.523268,1.543682,6,0,0.99682
993,1,0,40.380952,341.714286,0.809149,359,3.851076,105.739611,0.521104,1.545805,6,0,0.996575
994,4,0,40.380952,341.714286,0.809034,360,3.866346,106.249267,0.519751,1.544904,20,0,0.996508
995,8,0,40.190476,341.714286,0.811943,362,3.902559,105.248058,0.522863,1.536084,30,0,0.996466
996,2,0,39.333333,341.714286,0.806318,357,4.085926,99.774365,0.511364,1.559373,6,0,0.994569
997,3,0,39.238095,341.714286,0.803477,358,4.118663,98.995693,0.513934,1.550189,14,0,0.99462
998,9,0,39.238095,341.714286,0.798291,364,3.985437,101.59319,0.524486,1.514733,49,0,0.995374
999,5,0,39.571429,343.619048,0.802674,364,3.956261,101.671466,0.52408,1.521668,32,0,0.995799
1000,0,0,40.047619,343.619048,0.800025,358,4.033289,101.203087,0.515963,1.543627,0,0,0.995927
