1,10,0,0.302,2.093,0.0,10,345.752,0.0,0.007,0.041
2,3,0,0.465,2.535,0.0,13,344.4,0.197,0.009,0.043
3,3,0,0.605,3.651,0.001,16,327.567,0.317,0.011,0.027
4,3,0,0.744,5.512,0.003,19,313.23,0.677,0.014,0.019
5,4,0,0.907,6.674,0.004,23,298.499,1.043,0.016,0.012
6,7,0,1.233,9.628,0.007,29,268.406,2.147,0.022,0.006
7,5,0,1.465,13.977,0.015,34,249.601,3.526,0.027,0.004
8,5,0,1.791,16.163,0.018,38,231.462,4.771,0.03,0.002
9,5,0,1.977,20.047,0.025,42,221.702,5.894,0.035,0.002
10,3,0,2.07,21.14,0.026,45,218.843,6.388,0.037,0.002
11,6,0,2.116,22.0,0.026,51,216.412,6.996,0.039,0.002
12,9,0,2.256,23.419,0.024,59,211.361,9.334,0.046,0.002
13,4,0,2.535,26.535,0.029,63,205.866,11.216,0.051,0.002
14,4,0,2.488,26.535,0.027,67,206.39,11.123,0.052,0.002
15,3,0,2.535,27.07,0.025,70,204.638,12.125,0.056,0.002
16,8,0,2.674,29.953,0.029,77,196.513,13.944,0.06,0.001
17,4,0,2.86,32.116,0.032,81,187.91,15.99,0.064,0.001
18,4,0,2.86,32.628,0.03,85,187.198,16.457,0.067,0.001
19,7,0,2.93,35.256,0.035,91,185.34,18.667,0.071,0.001
20,8,0,2.93,36.86,0.035,98,184.202,19.342,0.075,0.001
21,3,0,3.116,38.233,0.04,98,180.9,20.591,0.075,0.001
22,3,0,3.186,39.326,0.044,98,178.645,21.14,0.074,0.001
23,3,0,3.279,41.326,0.047,101,177.833,22.999,0.077,0.001
24,3,0,3.279,41.326,0.045,104,177.899,23.432,0.079,0.001
25,5,0,3.419,44.163,0.049,108,174.524,24.714,0.084,0.001
26,6,0,3.326,43.953,0.047,113,173.2,25.46,0.086,0.001
27,8,0,3.651,47.372,0.052,119,169.491,29.444,0.092,0.001
28,6,0,3.767,49.628,0.054,125,168.662,31.124,0.096,0.001
29,3,0,3.907,49.884,0.055,127,168.077,33.647,0.097,0.001
30,3,0,4.047,50.605,0.055,130,166.845,35.368,0.099,0.001
31,5,0,4.186,51.605,0.061,130,166.071,35.011,0.096,0.001
32,8,0,4.442,53.488,0.063,137,163.929,39.343,0.1,0.002
33,3,0,4.535,55.953,0.069,139,162.742,41.42,0.103,0.002
34,4,0,4.628,56.302,0.068,143,161.925,43.979,0.105,0.002
35,6,0,4.86,57.233,0.067,148,162.556,47.44,0.109,0.002
36,3,0,4.907,58.256,0.069,151,161.843,49.4,0.111,0.002
37,9,0,5.372,62.047,0.078,157,155.944,56.567,0.115,0.002
38,0,0,5.209,61.279,0.079,154,158.297,53.239,0.112,0.002
39,6,0,5.512,62.767,0.082,157,156.139,56.093,0.114,0.002
40,2,0,5.512,62.767,0.081,159,156.055,56.188,0.115,0.002
41,2,0,5.651,62.767,0.081,161,155.429,57.261,0.115,0.002
42,3,0,5.558,62.209,0.081,162,161.463,54.914,0.113,0.002
43,7,0,5.837,63.791,0.084,168,159.88,58.969,0.116,0.003
44,7,0,5.977,64.953,0.085,173,158.984,62.133,0.119,0.003
45,4,0,6.256,65.884,0.09,175,158.157,63.412,0.118,0.003
46,8,0,6.256,68.209,0.094,180,157.024,65.495,0.12,0.003
47,3,0,6.628,69.186,0.096,179,156.096,71.037,0.122,0.003
48,10,0,7.209,77.163,0.113,187,148.374,81.0,0.131,0.003
49,8,0,7.256,80.302,0.12,192,146.315,84.446,0.135,0.003
50,2,0,7.442,77.698,0.116,190,148.028,83.7,0.132,0.004
51,7,0,7.419,77.698,0.113,196,147.973,86.763,0.135,0.004
52,4,0,7.651,77.837,0.115,198,147.598,87.85,0.134,0.004
53,6,0,7.698,77.837,0.112,202,147.369,91.483,0.136,0.004
54,2,0,7.884,78.116,0.112,203,146.963,94.207,0.137,0.004
55,5,0,7.977,79.07,0.115,204,146.658,96.298,0.138,0.005
56,6,0,8.116,80.14,0.115,209,146.101,100.282,0.141,0.005
57,5,0,8.256,80.395,0.113,212,145.629,105.086,0.144,0.005
58,5,0,8.302,80.395,0.111,215,145.523,106.668,0.146,0.005
59,7,0,8.512,82.186,0.115,218,144.871,111.578,0.149,0.006
60,8,0,8.837,87.047,0.126,224,141.934,118.096,0.153,0.006
61,1,0,8.698,87.512,0.13,221,142.438,114.887,0.151,0.006
62,6,0,8.605,87.512,0.127,225,141.502,116.67,0.154,0.006
63,6,0,8.605,88.07,0.127,228,141.255,117.373,0.155,0.006
64,5,0,8.837,88.698,0.127,231,141.207,124.226,0.159,0.007
65,3,0,9.047,88.791,0.128,230,141.137,125.889,0.158,0.007
66,7,0,9.0,88.442,0.126,235,141.138,126.337,0.16,0.007
67,3,0,9.233,88.442,0.128,235,140.636,128.603,0.158,0.007
68,6,0,9.419,89.395,0.13,238,140.388,132.247,0.16,0.008
69,6,0,9.558,92.698,0.135,242,139.889,137.463,0.166,0.009
70,5,0,10.07,94.372,0.14,244,139.265,144.569,0.168,0.011
71,8,0,10.116,95.093,0.137,252,138.832,151.627,0.173,0.011
72,8,0,10.023,98.14,0.148,257,138.731,154.175,0.176,0.012
73,5,0,10.256,99.093,0.153,257,137.674,159.469,0.175,0.012
74,6,0,10.488,100.605,0.159,258,137.407,164.339,0.175,0.013
75,7,0,11.0,101.605,0.16,262,136.775,174.553,0.178,0.015
76,5,0,11.047,101.698,0.16,264,136.699,178.71,0.179,0.015
77,5,0,11.209,101.791,0.16,266,136.572,181.117,0.179,0.016
78,5,0,11.605,101.605,0.16,268,136.3,186.07,0.178,0.018
79,3,0,11.698,101.605,0.159,268,136.226,188.109,0.179,0.019
80,3,0,11.512,101.605,0.157,271,136.282,185.239,0.18,0.018
81,2,0,11.814,101.628,0.163,269,136.399,184.375,0.175,0.018
82,3,0,11.884,101.907,0.165,269,136.423,187.165,0.174,0.019
83,8,0,12.023,102.093,0.163,275,136.21,195.134,0.177,0.02
84,2,0,11.977,102.767,0.164,275,136.175,194.436,0.178,0.02
85,6,0,11.93,104.302,0.165,279,135.619,199.54,0.183,0.021
86,5,0,11.837,104.721,0.164,282,135.288,205.063,0.186,0.021
87,5,0,11.86,106.093,0.169,281,135.342,207.952,0.187,0.021
88,4,0,11.86,106.837,0.167,284,135.188,209.966,0.191,0.022
89,9,0,11.651,109.674,0.173,291,135.155,211.464,0.196,0.023
90,5,0,11.837,109.884,0.175,292,135.258,213.192,0.195,0.024
91,3,0,12.07,110.488,0.181,290,135.165,215.372,0.193,0.025
92,5,0,12.023,110.884,0.18,290,135.321,216.167,0.195,0.025
93,5,0,11.93,111.186,0.181,288,135.153,215.231,0.196,0.025
94,5,0,12.116,113.186,0.185,290,134.721,218.169,0.199,0.027
95,5,0,12.535,114.698,0.191,292,134.269,226.754,0.2,0.031
96,1,0,12.535,114.698,0.193,289,134.371,227.293,0.198,0.03
97,5,0,12.767,116.628,0.203,291,134.25,232.041,0.199,0.032
98,3,0,12.907,118.581,0.21,290,134.135,233.77,0.2,0.034
99,5,0,12.953,118.581,0.209,292,134.24,234.649,0.2,0.035
100,5,0,13.047,120.837,0.214,295,133.863,241.553,0.205,0.038
101,4,0,10.628,122.93,0.225,295,135.747,197.025,0.206,0.02
102,7,0,10.953,125.349,0.234,299,135.34,207.987,0.21,0.023
103,4,0,11.233,125.349,0.236,297,135.183,212.493,0.208,0.024
104,4,0,11.558,127.535,0.243,296,134.826,219.303,0.21,0.027
105,5,0,11.651,127.535,0.243,297,134.69,220.03,0.21,0.027
106,4,0,11.605,128.558,0.25,295,134.577,220.352,0.208,0.026
107,2,0,11.907,128.558,0.252,293,134.533,224.255,0.206,0.028
108,8,0,12.233,128.558,0.252,297,134.383,232.072,0.207,0.031
109,2,0,12.372,128.93,0.256,294,134.375,230.77,0.204,0.031
110,3,0,12.605,129.093,0.258,293,134.337,234.795,0.203,0.033
111,5,0,13.116,130.698,0.265,294,134.051,244.705,0.203,0.038
112,6,0,13.116,130.698,0.26,298,133.709,251.883,0.208,0.04
113,7,0,13.465,130.698,0.262,300,133.607,257.489,0.207,0.044
114,2,0,13.721,130.698,0.264,296,133.406,259.637,0.205,0.046
115,5,0,13.744,130.698,0.266,296,133.807,256.267,0.202,0.045
116,6,0,13.744,130.698,0.265,298,133.79,256.897,0.204,0.046
117,4,0,13.907,130.698,0.27,298,133.948,251.22,0.199,0.045
118,2,0,14.14,130.698,0.271,295,133.906,251.658,0.197,0.047
119,8,0,14.209,131.326,0.27,301,133.702,258.878,0.201,0.05
120,4,0,14.163,131.326,0.271,302,133.726,257.435,0.201,0.049
121,4,0,14.023,131.605,0.274,301,134.013,251.676,0.199,0.047
122,9,0,13.93,133.116,0.274,307,133.713,260.986,0.207,0.051
123,5,0,14.163,133.116,0.274,307,133.578,266.551,0.208,0.054
124,6,0,14.395,135.326,0.281,308,133.28,273.009,0.209,0.059
125,4,0,14.395,135.326,0.282,308,133.293,271.106,0.208,0.058
126,5,0,14.488,136.07,0.285,312,133.18,274.569,0.209,0.06
127,4,0,14.581,134.698,0.281,313,133.175,274.477,0.207,0.06
128,9,0,14.674,138.698,0.295,317,133.039,282.013,0.211,0.065
129,8,0,14.674,139.186,0.297,321,133.303,284.643,0.212,0.066
130,5,0,14.814,139.186,0.296,323,133.206,286.608,0.212,0.069
131,6,0,14.767,139.837,0.296,328,133.175,288.7,0.216,0.072
132,7,0,14.814,140.581,0.298,332,133.099,291.104,0.218,0.075
133,6,0,14.698,140.581,0.295,336,133.0,296.105,0.221,0.075
134,5,0,14.651,140.581,0.297,335,133.144,291.145,0.219,0.072
135,6,0,14.744,140.581,0.293,340,132.942,301.339,0.224,0.079
136,5,0,14.698,140.581,0.291,340,132.865,300.748,0.226,0.08
137,4,0,14.837,141.419,0.293,341,132.748,307.271,0.227,0.084
138,5,0,14.605,141.419,0.294,343,132.761,303.935,0.227,0.079
139,8,0,14.651,143.093,0.3,350,132.657,307.816,0.232,0.085
140,7,0,14.744,143.093,0.301,352,132.638,308.058,0.231,0.086
141,8,0,15.116,147.14,0.314,358,131.513,320.017,0.235,0.098
142,5,0,15.302,147.14,0.315,360,131.405,327.605,0.237,0.105
143,11,0,15.884,148.186,0.318,361,129.385,341.54,0.237,0.117
144,7,0,15.884,148.326,0.317,365,129.278,342.676,0.24,0.12
145,5,0,16.093,150.581,0.322,364,129.323,352.312,0.241,0.13
146,7,0,15.86,150.581,0.322,366,129.314,346.824,0.241,0.122
147,6,0,16.186,153.0,0.327,368,129.137,355.313,0.242,0.134
148,5,0,16.419,153.744,0.329,369,107.453,358.203,0.243,0.076
149,5,0,16.372,156.767,0.332,369,131.003,359.977,0.244,0.152
150,8,0,16.465,157.0,0.331,373,130.945,360.791,0.244,0.157
151,2,0,16.651,157.209,0.333,369,130.94,362.306,0.243,0.161
152,11,0,16.674,158.326,0.33,375,130.7,373.168,0.25,0.176
153,2,0,16.767,158.488,0.331,373,130.709,371.68,0.249,0.178
154,2,0,16.86,158.488,0.333,369,130.823,364.645,0.245,0.175
155,4,0,16.907,159.163,0.333,369,130.826,365.967,0.245,0.177
156,4,0,17.0,158.186,0.329,369,130.811,367.331,0.244,0.179
157,8,0,17.372,159.86,0.336,369,130.349,385.294,0.25,0.207
158,4,0,17.465,159.953,0.334,371,130.247,391.313,0.253,0.221
159,5,0,17.512,162.419,0.342,373,130.063,399.174,0.255,0.226
160,4,0,18.023,169.488,0.361,368,130.013,407.858,0.252,0.246
161,5,0,18.07,172.953,0.363,364,130.094,408.243,0.249,0.241
162,1,0,18.07,172.86,0.365,359,130.218,398.334,0.245,0.233
163,3,0,18.07,172.86,0.367,355,130.379,389.509,0.24,0.22
164,4,0,18.209,172.86,0.37,350,130.384,389.802,0.236,0.218
165,4,0,18.302,172.86,0.372,351,130.47,389.941,0.238,0.228
166,4,0,18.721,172.86,0.374,349,130.521,397.317,0.235,0.243
167,2,0,18.953,172.86,0.375,347,130.521,397.347,0.233,0.252
168,4,0,18.814,172.953,0.375,347,130.559,396.828,0.235,0.25
169,5,0,19.093,172.953,0.374,350,130.137,407.728,0.238,0.272
170,5,0,18.953,172.953,0.371,355,130.09,412.553,0.241,0.272
171,2,0,18.953,172.953,0.372,353,130.133,410.835,0.24,0.271
172,3,0,19.0,172.953,0.371,350,130.404,404.173,0.238,0.269
173,8,0,18.86,172.953,0.384,350,130.496,407.249,0.24,0.266
174,3,0,19.0,172.953,0.382,349,130.451,408.572,0.24,0.275
175,5,0,19.093,173.07,0.386,353,130.409,413.453,0.243,0.289
176,2,0,18.86,173.07,0.387,349,130.533,401.204,0.24,0.266
177,5,0,18.581,173.163,0.388,345,130.461,396.899,0.238,0.245
178,6,0,18.442,173.163,0.389,344,130.556,393.38,0.238,0.237
179,6,0,18.209,172.884,0.388,345,130.756,388.152,0.238,0.224
180,2,0,18.395,169.674,0.39,339,130.585,387.318,0.234,0.224
181,5,0,18.488,171.442,0.397,337,130.519,387.395,0.235,0.23
182,7,0,18.488,171.442,0.396,340,130.376,391.367,0.237,0.236
183,2,0,18.442,171.442,0.396,337,130.546,385.256,0.234,0.226
184,10,0,18.302,174.605,0.395,345,130.489,386.648,0.236,0.224
185,8,0,18.488,174.605,0.395,351,130.345,395.699,0.239,0.24
186,2,0,18.256,174.605,0.395,349,130.52,390.687,0.236,0.22
187,7,0,18.488,180.977,0.398,352,130.282,398.186,0.239,0.239
188,5,0,18.209,180.977,0.399,352,130.417,392.454,0.238,0.223
189,3,0,18.256,180.977,0.401,349,130.556,392.321,0.236,0.222
190,8,0,18.302,179.791,0.394,353,130.437,401.384,0.24,0.234
191,1,0,18.302,179.791,0.394,354,130.429,402.614,0.241,0.235
192,6,0,18.302,179.837,0.396,356,130.31,409.593,0.245,0.245
193,6,0,18.349,179.93,0.394,361,130.05,423.305,0.25,0.262
194,7,0,18.419,180.093,0.395,365,129.846,428.505,0.253,0.274
195,8,0,18.512,181.977,0.396,364,129.752,432.495,0.254,0.281
196,5,0,18.651,181.977,0.396,363,129.71,439.421,0.254,0.29
197,2,0,18.884,181.977,0.399,362,129.66,447.564,0.254,0.306
198,7,0,18.837,184.0,0.403,362,129.683,443.228,0.254,0.301
199,4,0,18.698,184.0,0.404,364,129.693,439.175,0.255,0.295
200,2,0,18.837,184.651,0.407,366,129.616,445.687,0.259,0.317
201,2,0,14.721,185.907,0.383,365,130.916,350.865,0.26,0.12
202,5,0,14.628,185.907,0.385,366,130.878,349.426,0.261,0.118
203,4,0,14.651,185.907,0.384,369,130.859,358.243,0.263,0.122
204,5,0,14.837,185.907,0.383,370,130.691,362.727,0.265,0.131
205,6,0,15.023,185.907,0.388,374,130.607,368.721,0.267,0.141
206,5,0,15.302,185.907,0.391,371,130.688,373.256,0.263,0.145
207,4,0,15.581,185.791,0.395,372,130.546,381.83,0.264,0.158
208,4,0,15.814,185.791,0.397,374,130.532,386.662,0.265,0.169
209,3,0,15.907,185.791,0.4,376,130.501,391.072,0.266,0.176
210,12,0,15.907,185.791,0.398,383,130.422,391.133,0.268,0.178
211,6,0,15.953,183.744,0.4,383,130.526,388.414,0.263,0.172
212,3,0,16.14,183.744,0.402,380,130.621,384.98,0.258,0.17
213,5,0,16.186,183.744,0.401,384,130.567,387.474,0.26,0.175
214,1,0,16.279,183.744,0.403,378,130.63,387.672,0.257,0.172
215,1,0,16.628,183.744,0.406,369,130.77,383.284,0.251,0.176
216,2,0,16.674,183.744,0.407,367,130.896,380.72,0.25,0.176
217,5,0,17.07,183.744,0.409,363,130.975,381.063,0.245,0.186
218,4,0,17.302,183.744,0.409,362,130.952,385.572,0.245,0.196
219,7,0,17.256,183.744,0.409,362,130.823,384.418,0.246,0.196
220,4,0,17.07,183.744,0.409,364,130.846,385.81,0.247,0.189
221,6,0,17.07,186.302,0.409,367,130.744,391.503,0.251,0.197
222,5,0,16.884,186.302,0.409,370,130.712,389.174,0.253,0.194
223,3,0,17.302,186.302,0.408,362,130.823,390.89,0.249,0.204
224,5,0,17.558,186.512,0.409,355,130.662,387.397,0.246,0.208
225,7,0,17.488,186.558,0.408,358,130.893,389.78,0.247,0.211
226,10,0,17.349,186.558,0.406,364,130.839,390.662,0.251,0.211
227,5,0,17.488,186.558,0.407,368,130.538,400.382,0.253,0.223
228,5,0,17.721,186.558,0.415,368,130.356,412.591,0.255,0.24
229,4,0,17.721,186.558,0.415,370,130.233,417.122,0.258,0.248
230,4,0,17.907,186.558,0.414,367,130.232,417.572,0.256,0.252
231,2,0,18.047,186.558,0.413,364,130.249,420.063,0.255,0.258
232,3,0,18.419,186.558,0.414,361,130.083,425.244,0.253,0.274
233,6,0,18.186,186.558,0.415,362,130.055,414.038,0.252,0.257
234,2,0,18.233,186.581,0.416,362,130.136,414.782,0.253,0.263
235,1,0,18.302,186.512,0.417,359,130.143,414.331,0.252,0.264
236,1,0,18.256,186.512,0.415,355,130.388,409.671,0.249,0.255
237,5,0,18.488,186.512,0.418,354,130.284,412.81,0.249,0.269
238,3,0,18.465,186.233,0.415,351,130.348,409.182,0.248,0.265
239,3,0,18.605,186.233,0.416,350,130.297,414.1,0.249,0.276
240,4,0,18.674,186.233,0.415,353,130.303,417.118,0.25,0.281
241,6,0,18.628,186.326,0.415,356,130.265,418.417,0.252,0.284
242,8,0,18.488,186.326,0.413,358,130.224,415.726,0.252,0.276
243,4,0,18.488,186.326,0.419,358,130.218,416.984,0.253,0.279
244,8,0,18.581,186.326,0.41,360,130.164,422.526,0.254,0.288
245,3,0,18.837,186.326,0.411,356,130.12,424.699,0.249,0.289
246,6,0,18.837,186.326,0.411,356,130.131,425.105,0.25,0.293
247,10,0,18.814,186.326,0.408,366,130.021,433.71,0.256,0.307
248,7,0,18.884,186.326,0.407,371,129.839,439.452,0.258,0.318
249,7,0,18.953,186.326,0.407,374,129.919,442.461,0.256,0.318
250,6,0,19.186,187.163,0.408,376,129.816,447.681,0.257,0.336
251,5,0,19.326,187.326,0.407,376,129.674,452.368,0.258,0.348
252,5,0,19.186,187.512,0.41,375,129.736,447.939,0.256,0.332
253,4,0,19.047,187.512,0.412,374,129.878,444.022,0.256,0.324
254,3,0,19.093,187.512,0.41,375,129.923,448.118,0.259,0.336
255,7,0,19.186,187.512,0.405,381,129.795,462.84,0.264,0.358
256,6,0,19.767,187.512,0.412,377,129.802,461.921,0.259,0.383
257,3,0,19.581,187.512,0.412,375,129.801,457.276,0.258,0.366
258,3,1,19.581,187.512,0.411,373,129.849,457.616,0.255,0.358
259,2,0,19.628,187.512,0.411,372,129.849,458.812,0.255,0.361
260,3,0,19.372,188.326,0.411,370,129.989,450.829,0.254,0.34
261,7,0,19.558,188.488,0.412,372,129.908,458.877,0.255,0.354
262,3,0,19.605,188.488,0.412,372,129.912,458.088,0.254,0.356
263,8,0,19.581,188.674,0.412,375,129.775,461.911,0.257,0.364
264,3,0,19.581,188.674,0.412,378,129.732,462.549,0.259,0.37
265,2,1,19.767,188.674,0.415,373,129.757,464.165,0.256,0.372
266,5,1,19.721,188.674,0.414,372,129.729,466.402,0.258,0.376
267,5,1,20.047,188.674,0.415,372,129.692,472.966,0.258,0.399
268,7,1,19.977,188.674,0.414,371,129.764,473.165,0.256,0.39
269,4,0,19.884,188.302,0.414,367,129.799,467.767,0.255,0.38
270,3,0,19.837,188.302,0.415,364,129.815,466.384,0.254,0.371
271,5,0,19.884,188.302,0.42,363,129.759,469.548,0.256,0.38
272,3,0,19.93,188.302,0.42,360,129.797,468.589,0.253,0.374
273,9,0,20.093,188.302,0.415,360,129.834,465.049,0.25,0.377
274,5,0,20.279,188.302,0.416,362,129.766,472.072,0.252,0.395
275,4,0,19.953,188.302,0.416,359,129.946,457.881,0.249,0.363
276,3,0,20.047,188.302,0.419,359,129.922,458.18,0.25,0.375
277,7,0,19.86,188.302,0.417,363,129.906,455.899,0.253,0.37
278,6,0,19.721,188.302,0.417,365,129.9,450.15,0.252,0.357
279,6,0,19.721,188.302,0.416,370,129.789,459.84,0.258,0.376
280,5,0,19.674,188.302,0.417,371,129.823,459.379,0.257,0.369
281,5,0,19.674,188.302,0.417,368,129.96,457.368,0.257,0.37
282,6,1,19.721,188.465,0.415,371,129.771,467.458,0.261,0.388
283,0,0,19.767,187.558,0.417,363,129.819,462.289,0.258,0.379
284,2,0,19.767,187.558,0.418,358,129.892,453.244,0.254,0.367
285,5,0,19.907,187.558,0.417,353,129.996,454.767,0.249,0.361
286,7,0,20.093,187.14,0.416,356,129.834,460.253,0.25,0.376
287,7,0,20.0,187.14,0.416,360,129.862,462.01,0.252,0.376
288,4,0,20.093,187.512,0.417,360,129.728,464.035,0.252,0.384
289,6,0,20.14,187.512,0.417,358,129.58,463.869,0.254,0.391
290,8,1,20.186,187.512,0.417,358,129.587,463.818,0.253,0.392
291,3,0,20.14,187.512,0.416,355,129.621,461.572,0.253,0.388
292,6,0,20.093,190.023,0.417,356,129.733,457.819,0.252,0.382
293,3,0,20.0,190.023,0.418,356,129.689,457.302,0.253,0.379
294,0,0,20.0,190.023,0.419,351,129.859,451.61,0.25,0.369
295,5,0,20.047,190.023,0.418,352,129.762,455.598,0.251,0.376
296,4,0,20.047,190.023,0.419,355,129.709,457.663,0.253,0.384
297,8,0,19.837,189.0,0.42,357,129.842,450.326,0.252,0.365
298,4,0,19.326,189.0,0.417,356,129.976,430.103,0.247,0.313
299,4,0,19.302,189.0,0.419,352,129.962,428.162,0.247,0.313
300,8,0,18.977,189.302,0.417,355,129.961,419.646,0.247,0.291
301,5,0,15.233,187.767,0.407,352,130.547,345.354,0.246,0.114
302,6,0,15.302,187.558,0.405,356,130.447,354.162,0.249,0.12
303,3,0,15.093,187.698,0.406,356,130.53,347.787,0.248,0.113
304,4,0,15.163,187.698,0.408,357,130.512,349.403,0.248,0.114
305,6,0,15.07,187.698,0.408,361,130.46,349.83,0.251,0.116
306,3,0,15.116,187.698,0.408,364,130.413,351.521,0.253,0.12
307,4,0,15.256,189.395,0.41,365,130.309,361.387,0.256,0.129
308,2,0,15.395,189.395,0.412,360,130.476,354.867,0.251,0.127
309,5,0,15.326,189.186,0.409,363,130.442,353.052,0.252,0.125
310,2,0,15.558,189.186,0.411,361,130.477,353.719,0.247,0.126
311,6,0,15.744,189.186,0.41,366,130.403,360.662,0.25,0.136
312,3,0,15.791,189.372,0.408,367,130.313,365.519,0.252,0.142
313,7,0,15.698,189.721,0.412,369,130.291,366.934,0.256,0.145
314,6,0,15.651,189.535,0.413,373,130.253,368.036,0.257,0.145
315,7,0,15.721,189.163,0.414,374,130.194,371.795,0.258,0.149
316,6,0,15.953,188.535,0.411,377,130.088,383.783,0.261,0.165
317,4,0,15.953,188.535,0.411,377,130.099,382.03,0.261,0.164
318,6,0,16.163,188.535,0.418,378,130.154,382.416,0.26,0.172
319,3,0,16.209,188.535,0.418,378,130.148,385.538,0.26,0.175
320,2,0,16.163,188.535,0.417,376,130.271,381.502,0.258,0.169
321,2,0,16.395,188.535,0.415,372,130.279,383.28,0.256,0.175
322,8,0,16.814,189.791,0.416,376,130.14,393.824,0.26,0.202
323,6,0,16.814,189.791,0.419,378,130.079,400.68,0.263,0.209
324,3,0,16.907,189.791,0.417,375,130.054,403.199,0.261,0.21
325,4,0,17.279,189.791,0.417,374,130.012,405.764,0.259,0.225
326,9,0,17.279,190.837,0.415,383,129.891,415.93,0.265,0.238
327,5,0,17.558,190.837,0.421,386,129.825,425.673,0.267,0.26
328,4,0,17.535,190.907,0.423,386,129.732,422.066,0.265,0.253
329,5,0,18.0,190.907,0.424,387,129.55,438.88,0.267,0.285
330,6,0,18.093,190.907,0.424,389,129.478,441.658,0.267,0.291
331,4,0,18.0,190.907,0.423,391,129.471,443.504,0.268,0.29
332,4,0,18.419,190.395,0.427,388,129.398,451.407,0.267,0.312
333,3,0,18.302,190.395,0.427,386,129.413,451.207,0.267,0.306
334,6,0,18.395,190.395,0.427,390,129.194,459.892,0.271,0.322
335,12,0,18.512,190.465,0.423,395,129.141,467.019,0.273,0.336
336,5,0,18.512,190.465,0.423,397,129.184,470.838,0.273,0.338
337,6,0,18.465,190.465,0.434,401,129.086,472.823,0.276,0.343
338,11,0,18.372,190.465,0.435,401,129.135,469.714,0.274,0.33
339,4,0,18.605,190.465,0.435,399,129.108,474.416,0.274,0.344
340,4,0,18.698,189.209,0.434,396,129.175,473.733,0.271,0.344
341,6,0,19.116,188.581,0.435,395,129.07,484.727,0.272,0.376
342,7,0,19.07,188.581,0.432,396,129.122,482.093,0.27,0.367
343,2,0,18.884,188.581,0.431,393,129.238,473.65,0.268,0.346
344,6,0,18.837,188.581,0.432,394,129.296,473.718,0.269,0.348
345,7,0,19.023,188.581,0.428,399,129.147,483.906,0.274,0.376
346,6,0,18.93,188.581,0.427,402,129.065,484.594,0.276,0.374
347,5,1,18.837,188.488,0.427,403,129.084,483.537,0.276,0.369
348,7,0,19.093,188.488,0.428,402,129.047,487.656,0.274,0.382
349,7,0,19.326,188.488,0.429,403,128.942,494.634,0.276,0.405
350,5,0,19.512,188.488,0.431,403,128.927,497.531,0.276,0.417
351,3,0,19.558,188.488,0.43,402,128.856,499.306,0.277,0.424
352,4,0,19.837,188.674,0.432,401,128.816,504.949,0.276,0.443
353,2,0,19.884,188.674,0.43,398,128.876,497.204,0.274,0.437
354,3,0,20.07,185.977,0.431,394,128.942,499.638,0.27,0.438
355,6,0,20.209,185.977,0.431,397,128.873,502.541,0.27,0.451
356,6,0,19.977,186.86,0.428,395,129.001,490.076,0.265,0.415
357,7,0,20.163,186.535,0.43,396,128.977,499.883,0.267,0.436
358,6,0,20.186,186.535,0.432,392,129.097,495.334,0.261,0.417
359,10,0,20.209,187.023,0.433,394,128.918,504.584,0.267,0.437
360,4,0,20.116,185.302,0.431,390,129.0,495.184,0.262,0.414
361,2,0,20.256,185.302,0.431,388,128.995,497.277,0.261,0.42
362,9,0,19.977,185.302,0.429,395,128.983,491.853,0.265,0.413
363,5,0,20.023,185.14,0.429,396,128.964,492.449,0.264,0.415
364,2,0,20.395,185.14,0.434,395,128.836,499.795,0.265,0.446
365,6,1,20.535,186.023,0.435,399,128.676,511.052,0.27,0.474
366,6,0,20.628,187.698,0.438,399,128.513,515.057,0.272,0.486
367,9,1,20.581,188.651,0.438,400,128.52,513.543,0.273,0.486
368,11,1,20.791,188.651,0.445,404,128.4,530.428,0.277,0.516
369,5,0,20.605,188.651,0.443,407,128.351,529.585,0.281,0.516
370,4,0,20.698,188.86,0.444,406,128.291,533.187,0.28,0.52
371,4,0,20.465,188.86,0.439,408,128.274,536.126,0.282,0.509
372,4,2,20.651,188.023,0.441,406,128.234,534.388,0.28,0.516
373,8,0,20.651,188.023,0.442,412,128.152,544.629,0.285,0.534
374,8,1,20.512,188.023,0.445,417,128.176,543.694,0.286,0.527
375,4,0,20.628,187.302,0.446,412,128.281,537.304,0.281,0.517
376,6,0,20.442,187.116,0.446,414,128.24,539.31,0.283,0.511
377,6,0,20.419,187.116,0.447,417,128.228,538.353,0.284,0.512
378,6,0,20.233,187.116,0.446,421,128.204,535.681,0.286,0.504
379,3,0,20.233,187.116,0.446,421,128.174,536.083,0.287,0.509
380,5,0,20.047,187.256,0.447,421,128.173,538.232,0.289,0.501
381,6,1,19.953,188.977,0.446,422,128.256,536.819,0.289,0.495
382,9,2,20.0,189.651,0.441,420,128.451,520.122,0.281,0.471
383,5,0,19.907,189.837,0.44,420,128.409,518.894,0.283,0.468
384,7,0,19.628,189.651,0.441,422,129.186,514.43,0.283,0.454
385,5,0,19.721,189.651,0.442,420,129.153,516.22,0.284,0.463
386,3,1,19.721,189.651,0.441,418,129.17,511.377,0.282,0.457
387,3,0,19.907,190.419,0.444,417,129.124,516.338,0.281,0.468
388,3,0,20.047,190.419,0.445,417,129.148,517.774,0.279,0.473
389,8,0,19.86,190.163,0.445,424,129.056,523.502,0.285,0.478
390,6,0,19.628,190.326,0.441,422,129.084,515.167,0.284,0.458
391,8,0,19.581,190.791,0.447,425,128.983,517.663,0.287,0.464
392,3,0,19.488,190.791,0.444,422,129.072,511.981,0.284,0.445
393,6,0,19.372,191.605,0.444,425,129.065,510.288,0.284,0.439
394,2,1,19.395,191.605,0.445,419,129.123,502.078,0.281,0.43
395,3,0,19.395,191.605,0.446,414,129.225,495.454,0.277,0.414
396,3,0,19.488,191.605,0.445,413,129.233,496.566,0.276,0.418
397,11,0,19.558,191.651,0.447,419,129.099,506.676,0.28,0.437
398,2,0,19.977,191.651,0.447,413,129.091,514.483,0.276,0.456
399,5,0,20.256,192.186,0.449,410,129.074,523.491,0.276,0.475
400,5,0,20.256,192.186,0.449,409,129.118,514.48,0.274,0.47
401,4,0,15.953,193.651,0.426,410,130.009,406.25,0.276,0.196
402,9,0,16.512,195.209,0.433,414,129.624,426.278,0.282,0.239
403,3,0,16.884,195.209,0.437,411,129.641,426.92,0.28,0.255
404,3,0,17.07,192.93,0.436,408,129.586,434.511,0.28,0.266
405,2,0,17.116,192.93,0.436,407,129.595,436.118,0.279,0.267
406,6,0,17.349,193.14,0.433,406,129.461,443.059,0.279,0.279
407,2,0,17.372,193.14,0.432,406,129.46,447.776,0.28,0.285
408,9,0,17.233,192.767,0.431,412,129.37,452.165,0.284,0.287
409,5,0,17.163,192.767,0.43,411,129.361,450.811,0.282,0.276
410,6,0,17.395,192.767,0.433,409,129.358,450.343,0.28,0.285
411,5,0,17.302,193.209,0.434,408,129.383,452.709,0.28,0.28
412,6,0,17.535,193.209,0.436,408,129.336,452.793,0.279,0.29
413,6,0,17.767,193.209,0.435,411,129.302,459.862,0.278,0.305
414,4,0,17.953,193.209,0.437,410,129.254,464.784,0.277,0.312
415,3,0,18.0,193.209,0.436,409,129.259,463.849,0.276,0.312
416,7,0,18.14,193.209,0.438,413,129.104,479.755,0.283,0.345
417,3,0,18.372,193.209,0.437,412,129.028,487.345,0.285,0.365
418,4,1,18.419,193.209,0.438,408,129.019,487.358,0.284,0.366
419,0,0,18.419,193.209,0.438,403,129.013,488.651,0.283,0.361
420,6,0,18.279,193.209,0.437,408,128.94,493.691,0.286,0.364
421,5,0,18.395,193.209,0.438,409,128.919,498.178,0.287,0.372
422,6,0,18.488,193.209,0.438,413,128.828,501.323,0.29,0.39
423,5,0,18.512,190.86,0.439,412,128.824,503.394,0.291,0.394
424,2,1,18.837,190.86,0.441,408,128.869,500.793,0.287,0.405
425,4,0,19.0,190.86,0.443,407,128.881,506.553,0.286,0.414
426,7,0,19.093,190.86,0.443,412,128.827,516.159,0.288,0.43
427,8,1,19.186,190.186,0.443,411,128.853,509.657,0.286,0.43
428,3,0,18.93,189.767,0.444,406,129.045,500.463,0.281,0.393
429,3,0,19.093,189.767,0.444,404,129.046,502.846,0.281,0.405
430,3,0,19.233,189.767,0.442,406,129.008,508.603,0.283,0.424
431,3,0,19.326,189.767,0.441,404,128.99,505.639,0.283,0.43
432,3,0,19.233,189.767,0.442,403,128.999,503.468,0.283,0.423
433,0,0,19.372,189.767,0.444,399,129.051,498.872,0.28,0.424
434,9,0,19.0,189.767,0.441,405,129.052,500.431,0.284,0.408
435,6,0,19.14,189.767,0.441,407,129.01,504.217,0.285,0.424
436,5,0,19.186,189.767,0.438,406,129.032,503.584,0.282,0.417
437,7,0,19.326,189.767,0.437,406,128.978,516.29,0.286,0.439
438,10,1,19.233,190.07,0.436,413,128.962,520.944,0.29,0.447
439,3,0,19.233,190.07,0.433,410,129.054,511.069,0.287,0.436
440,3,0,19.953,190.07,0.435,405,128.949,525.035,0.283,0.477
441,6,0,19.953,190.07,0.439,407,128.92,528.244,0.284,0.483
442,2,0,19.86,190.07,0.438,403,128.963,521.281,0.281,0.465
443,4,0,19.767,190.674,0.439,402,129.023,513.923,0.279,0.451
444,5,0,19.814,190.674,0.44,401,129.19,508.037,0.275,0.44
445,2,0,19.907,190.674,0.44,395,129.255,502.052,0.27,0.431
446,2,0,20.0,190.674,0.439,393,129.265,502.728,0.27,0.436
447,5,0,19.953,190.674,0.435,391,129.285,500.056,0.271,0.435
448,4,0,19.814,190.674,0.434,394,129.273,501.794,0.273,0.432
449,6,0,19.814,190.674,0.432,397,129.185,506.733,0.276,0.442
450,6,0,19.884,190.674,0.439,400,129.126,514.036,0.278,0.457
451,7,0,19.884,190.674,0.439,405,128.984,525.789,0.284,0.475
452,4,0,19.93,190.674,0.441,406,128.959,531.502,0.285,0.483
453,7,0,19.744,190.535,0.441,407,129.023,521.603,0.284,0.467
454,4,0,19.837,190.535,0.442,408,129.075,522.597,0.284,0.474
455,13,0,19.744,190.535,0.439,416,129.017,530.582,0.288,0.482
456,3,0,19.884,190.535,0.44,417,128.974,531.413,0.287,0.488
457,2,0,20.07,190.535,0.44,416,128.957,535.895,0.286,0.5
458,4,0,20.163,190.535,0.44,417,128.944,537.85,0.287,0.509
459,4,0,20.372,188.628,0.441,416,128.81,543.325,0.29,0.533
460,6,0,20.186,188.628,0.442,416,128.874,540.557,0.289,0.517
461,5,0,20.419,188.535,0.443,412,128.886,538.671,0.285,0.522
462,8,0,20.326,188.535,0.442,415,128.926,535.906,0.285,0.514
463,8,1,20.163,191.047,0.439,417,128.82,543.976,0.292,0.526
464,3,0,20.233,190.349,0.44,414,128.784,546.408,0.292,0.53
465,7,0,20.442,190.349,0.441,418,128.623,560.551,0.296,0.56
466,7,0,20.86,190.349,0.444,419,128.461,580.179,0.3,0.607
467,5,0,20.86,190.349,0.444,420,128.494,579.715,0.3,0.606
468,6,1,20.767,190.349,0.443,419,128.465,577.34,0.301,0.603
469,3,0,20.628,190.349,0.44,419,128.482,571.193,0.299,0.585
470,0,0,20.581,190.349,0.438,417,128.584,561.635,0.297,0.576
471,7,1,20.674,190.349,0.442,414,128.488,571.032,0.299,0.588
472,7,0,20.256,190.349,0.438,419,128.485,562.337,0.3,0.56
473,8,0,20.302,190.349,0.438,425,128.431,567.108,0.303,0.573
474,4,0,20.209,190.349,0.436,427,128.379,570.661,0.306,0.578
475,1,0,20.116,190.349,0.436,424,128.399,568.995,0.306,0.57
476,4,0,20.116,190.349,0.435,420,128.33,563.772,0.305,0.565
477,4,0,19.837,190.535,0.435,419,128.424,558.156,0.304,0.54
478,5,0,19.907,190.186,0.436,418,128.362,562.423,0.304,0.545
479,2,0,20.0,190.186,0.436,417,128.307,567.582,0.303,0.551
480,5,1,20.233,190.186,0.436,419,128.295,575.047,0.303,0.567
481,3,0,20.349,190.442,0.435,417,128.318,577.268,0.301,0.57
482,6,0,20.395,190.442,0.435,422,128.233,584.688,0.306,0.592
483,4,0,20.419,190.442,0.437,418,128.235,582.729,0.308,0.599
484,6,0,20.512,190.349,0.437,417,128.183,582.995,0.308,0.607
485,8,2,20.512,189.86,0.44,413,128.249,572.946,0.303,0.589
486,7,0,20.465,189.86,0.444,419,128.15,583.843,0.307,0.598
487,4,1,20.535,189.86,0.445,421,128.154,586.202,0.307,0.605
488,9,0,20.512,189.977,0.445,427,128.105,593.901,0.312,0.618
489,5,0,20.791,189.86,0.445,427,128.051,604.81,0.313,0.642
490,4,0,21.093,189.163,0.445,428,128.072,613.747,0.312,0.66
491,4,0,21.279,189.163,0.447,425,128.099,619.273,0.309,0.664
492,3,0,21.233,189.163,0.444,426,128.113,618.272,0.309,0.662
493,2,0,21.279,189.163,0.444,422,128.135,614.209,0.308,0.66
494,8,0,21.233,189.86,0.451,426,127.975,626.237,0.314,0.677
495,3,0,21.419,189.86,0.45,427,127.954,634.332,0.316,0.695
496,1,0,21.651,189.86,0.449,423,128.046,628.545,0.311,0.695
497,6,0,21.651,189.86,0.445,424,128.016,630.707,0.312,0.697
498,3,0,21.512,189.86,0.443,421,128.071,622.408,0.31,0.683
499,4,0,21.698,189.86,0.444,416,128.094,625.31,0.308,0.688
500,6,1,21.837,189.86,0.443,417,128.035,629.516,0.309,0.7
501,4,0,17.558,190.372,0.423,416,128.795,500.78,0.306,0.378
502,4,0,17.698,190.372,0.423,416,128.802,509.47,0.307,0.39
503,3,0,17.884,190.209,0.425,411,128.861,509.876,0.303,0.391
504,1,0,17.837,188.488,0.427,408,128.912,505.127,0.299,0.375
505,4,0,17.93,188.488,0.428,407,128.932,501.775,0.298,0.376
506,2,0,17.93,188.488,0.429,405,128.985,501.976,0.297,0.375
507,4,0,18.349,188.488,0.432,397,128.995,513.669,0.293,0.391
508,5,0,18.581,189.395,0.438,399,128.986,520.368,0.293,0.411
509,7,0,18.698,190.14,0.438,402,128.979,517.777,0.293,0.417
510,7,0,18.814,190.14,0.437,404,128.907,525.596,0.294,0.43
511,4,0,18.814,190.14,0.439,405,128.86,525.583,0.295,0.433
512,5,0,19.093,191.488,0.436,405,128.856,527.133,0.294,0.452
513,7,0,19.372,190.535,0.437,406,128.842,529.779,0.293,0.469
514,8,0,19.465,189.558,0.439,405,128.914,527.226,0.292,0.474
515,4,0,19.698,189.558,0.44,402,128.941,533.946,0.29,0.484
516,4,0,19.628,189.558,0.44,403,128.902,531.916,0.291,0.482
517,3,0,19.86,189.558,0.441,402,128.865,535.779,0.291,0.499
518,6,0,19.907,189.558,0.442,403,128.822,538.055,0.293,0.51
519,5,0,19.93,188.419,0.444,399,128.8,535.522,0.291,0.506
520,4,0,19.977,188.419,0.444,400,128.798,537.183,0.292,0.511
521,5,0,20.14,190.093,0.443,397,128.831,540.418,0.291,0.522
522,6,0,20.209,190.093,0.445,397,128.889,539.937,0.291,0.528
523,3,0,20.302,190.744,0.447,395,128.906,544.874,0.29,0.531
524,9,0,20.256,190.744,0.445,400,128.866,547.638,0.293,0.536
525,5,0,20.023,190.86,0.444,403,128.838,544.11,0.294,0.524
526,4,0,19.953,193.605,0.445,403,128.996,537.901,0.294,0.518
527,4,0,19.907,193.605,0.444,402,129.033,535.463,0.291,0.504
528,5,0,19.977,193.605,0.446,403,129.025,538.071,0.292,0.513
529,9,0,20.163,193.605,0.444,406,128.929,543.18,0.293,0.532
530,6,0,20.163,193.605,0.444,407,129.02,541.58,0.291,0.526
531,5,0,20.256,192.814,0.445,406,129.114,539.655,0.29,0.53
532,4,1,20.256,192.814,0.443,406,129.197,537.684,0.291,0.532
533,6,0,20.326,192.814,0.44,404,129.108,543.712,0.291,0.539
534,5,0,20.279,192.814,0.442,403,129.145,540.823,0.291,0.533
535,3,0,20.326,192.814,0.442,401,129.146,542.654,0.291,0.538
536,7,1,20.512,192.814,0.443,401,129.118,544.131,0.289,0.543
537,5,0,20.884,192.814,0.444,403,129.076,560.048,0.291,0.58
538,3,0,20.791,192.837,0.446,401,129.031,557.563,0.287,0.557
539,6,0,20.93,193.116,0.445,403,129.035,562.347,0.289,0.575
540,2,0,21.116,193.116,0.446,399,129.074,560.574,0.286,0.578
541,7,0,21.163,193.302,0.447,402,129.075,568.655,0.288,0.589
542,5,0,21.163,193.302,0.448,402,129.147,567.175,0.286,0.585
543,5,1,21.512,193.302,0.45,403,129.063,576.276,0.287,0.612
544,13,1,21.605,193.302,0.447,410,128.805,593.802,0.297,0.651
545,12,1,22.0,193.791,0.449,416,128.531,625.538,0.304,0.699
546,7,1,21.837,193.791,0.45,414,128.511,619.262,0.304,0.689
547,6,0,21.93,193.791,0.45,414,128.539,622.628,0.302,0.69
548,5,0,21.907,193.791,0.452,412,128.543,620.015,0.303,0.689
549,3,0,22.093,193.791,0.45,410,128.515,626.431,0.303,0.703
550,3,0,22.0,193.791,0.45,408,128.568,614.58,0.299,0.685
551,1,0,22.163,193.791,0.451,402,128.617,615.241,0.295,0.684
552,2,0,22.163,193.791,0.451,404,128.609,615.271,0.296,0.685
553,3,1,22.302,193.791,0.453,399,128.688,607.718,0.292,0.684
554,6,0,22.442,193.791,0.456,400,128.643,618.922,0.294,0.699
555,5,1,22.767,193.791,0.453,395,128.542,624.118,0.292,0.712
556,13,0,22.814,193.907,0.453,402,128.472,633.784,0.296,0.726
557,7,1,22.814,194.0,0.452,406,128.468,636.326,0.297,0.729
558,3,0,22.581,194.0,0.45,404,128.5,624.947,0.295,0.709
559,2,0,22.767,194.0,0.45,400,128.6,617.602,0.29,0.708
560,6,0,22.581,194.0,0.449,402,128.542,615.424,0.292,0.7
561,7,0,22.628,194.0,0.45,403,128.481,624.604,0.293,0.706
562,4,0,22.907,194.0,0.452,400,128.375,629.024,0.292,0.719
563,3,0,22.535,194.0,0.452,399,128.391,616.865,0.291,0.694
564,6,0,22.302,192.814,0.451,397,128.377,607.824,0.29,0.676
565,3,0,21.977,192.814,0.447,395,128.496,597.433,0.287,0.643
566,4,0,22.023,192.814,0.446,392,128.536,587.62,0.284,0.636
567,2,0,21.884,192.814,0.443,388,128.588,583.661,0.281,0.616
568,4,0,21.884,193.023,0.443,392,128.525,588.371,0.286,0.631
569,4,0,21.791,193.023,0.441,391,128.515,591.346,0.286,0.626
570,3,0,21.837,193.023,0.443,392,128.518,587.392,0.285,0.624
571,4,0,21.744,193.023,0.443,392,128.552,585.477,0.283,0.614
572,8,0,21.884,193.023,0.443,397,128.398,608.895,0.291,0.648
573,8,0,22.023,193.023,0.443,401,128.378,619.01,0.293,0.665
574,2,0,22.209,193.023,0.445,396,128.467,614.728,0.288,0.662
575,11,0,22.047,191.698,0.444,404,128.42,612.554,0.291,0.662
576,3,0,22.047,191.698,0.446,405,128.42,611.205,0.291,0.662
577,7,0,21.907,191.93,0.444,403,128.485,607.031,0.29,0.648
578,4,0,21.721,191.93,0.445,403,128.536,601.818,0.29,0.635
579,6,0,21.698,191.93,0.444,404,128.516,603.65,0.29,0.633
580,10,0,21.512,192.744,0.442,409,128.46,602.805,0.292,0.624
581,5,0,21.791,193.953,0.441,409,128.32,616.964,0.294,0.652
582,4,0,22.302,193.209,0.445,404,128.38,619.151,0.287,0.666
583,5,0,21.791,191.581,0.441,398,128.505,597.768,0.283,0.616
584,4,0,21.744,191.581,0.441,398,128.569,595.35,0.283,0.611
585,13,0,21.465,191.581,0.442,410,128.477,602.945,0.292,0.624
586,1,0,21.698,191.581,0.443,404,128.569,597.53,0.287,0.622
587,7,0,21.558,192.279,0.444,406,128.618,594.021,0.29,0.622
588,5,0,21.791,192.395,0.446,408,128.59,604.009,0.291,0.644
589,6,0,21.93,192.395,0.447,409,128.556,609.229,0.292,0.656
590,1,0,21.837,192.395,0.448,406,128.621,606.167,0.29,0.645
591,5,0,21.651,192.791,0.448,406,128.657,601.981,0.29,0.632
592,3,0,21.884,192.791,0.45,405,128.665,606.439,0.288,0.641
593,2,0,21.977,193.884,0.453,403,128.697,609.649,0.288,0.649
594,4,0,21.791,193.698,0.453,402,128.689,601.36,0.289,0.638
595,8,0,21.977,193.698,0.457,405,128.56,612.739,0.293,0.663
596,6,0,21.953,194.116,0.455,408,128.493,625.945,0.294,0.665
597,7,0,21.977,194.116,0.455,411,128.451,631.354,0.297,0.674
598,5,0,22.163,194.116,0.456,409,128.451,633.226,0.296,0.684
599,5,0,22.233,194.116,0.458,411,128.397,637.824,0.298,0.695
600,3,1,22.233,194.116,0.456,407,128.437,635.417,0.295,0.686
601,4,0,17.442,192.093,0.432,408,129.148,494.476,0.295,0.336
602,7,0,17.442,192.093,0.43,409,129.115,494.252,0.296,0.338
603,1,0,17.535,192.093,0.431,407,129.154,492.601,0.294,0.337
604,5,0,17.674,192.279,0.431,407,129.132,497.129,0.294,0.347
605,5,0,18.0,192.279,0.431,403,129.15,500.428,0.29,0.359
606,0,0,18.0,192.279,0.433,397,129.231,493.713,0.287,0.346
607,4,0,17.953,192.395,0.43,395,129.445,482.995,0.284,0.337
608,7,0,18.395,193.605,0.43,397,129.32,498.72,0.286,0.373
609,3,0,18.674,193.605,0.427,393,129.294,499.623,0.285,0.39
610,4,0,18.907,193.605,0.431,390,129.28,507.43,0.285,0.408
611,6,0,18.86,193.605,0.429,394,129.228,511.947,0.287,0.412
612,3,0,19.372,193.605,0.429,388,129.295,515.158,0.282,0.431
613,6,1,19.419,193.605,0.427,389,129.255,515.709,0.282,0.436
614,2,0,19.372,193.605,0.428,389,129.268,514.511,0.282,0.432
615,9,0,19.605,193.605,0.427,390,129.303,521.279,0.281,0.448
616,5,0,19.605,193.605,0.428,389,129.309,517.291,0.281,0.445
617,2,0,19.628,193.605,0.428,388,129.361,516.966,0.28,0.446
618,5,0,19.628,193.605,0.425,389,129.401,522.448,0.282,0.454
619,8,0,19.767,193.047,0.426,391,129.287,525.184,0.283,0.467
620,8,0,19.953,193.047,0.428,390,129.35,523.916,0.283,0.481
621,5,0,19.907,191.837,0.425,388,129.505,517.778,0.278,0.46
622,10,1,19.814,191.837,0.429,392,129.706,508.721,0.278,0.455
623,8,0,19.721,191.837,0.427,398,129.571,517.253,0.283,0.466
624,3,0,19.767,191.837,0.427,398,129.579,519.893,0.283,0.469
625,6,0,19.674,191.837,0.425,401,129.587,518.237,0.284,0.465
626,0,0,20.0,191.837,0.427,395,129.645,521.211,0.28,0.476
627,2,0,20.0,191.837,0.428,388,129.747,514.28,0.276,0.464
628,4,0,20.186,194.256,0.428,390,129.731,520.471,0.277,0.479
629,3,0,20.14,194.256,0.429,393,129.714,521.469,0.278,0.48
630,4,0,20.372,194.256,0.43,393,129.653,525.266,0.279,0.5
631,8,0,20.093,192.837,0.429,395,129.677,516.689,0.279,0.48
632,2,0,20.0,192.837,0.43,393,129.726,510.829,0.277,0.466
633,8,0,19.837,192.395,0.43,391,129.825,506.955,0.274,0.443
634,5,0,19.651,192.395,0.428,393,129.911,501.501,0.274,0.43
635,5,0,19.558,190.884,0.426,395,129.947,502.467,0.273,0.419
636,5,0,19.465,191.07,0.424,399,129.895,502.888,0.276,0.423
637,6,0,19.279,189.744,0.425,401,129.883,498.8,0.277,0.413
638,7,0,19.372,191.884,0.423,404,129.876,504.82,0.281,0.432
639,3,1,19.419,191.884,0.424,401,129.931,496.796,0.277,0.423
640,8,1,19.326,191.884,0.423,403,129.981,495.136,0.278,0.418
641,3,0,19.14,191.884,0.424,403,130.067,490.174,0.275,0.395
642,3,1,19.0,192.047,0.424,404,130.084,484.386,0.275,0.384
643,5,0,18.721,192.047,0.422,406,130.082,476.943,0.275,0.365
644,8,0,18.86,192.047,0.42,410,129.991,485.505,0.277,0.381
645,6,0,18.767,192.837,0.418,412,129.978,488.94,0.28,0.383
646,5,0,18.814,192.837,0.418,412,130.039,485.646,0.278,0.382
647,4,0,18.953,192.837,0.42,412,129.952,487.73,0.277,0.39
648,5,0,19.07,192.837,0.421,412,129.771,490.397,0.277,0.395
649,4,0,18.884,192.047,0.421,414,129.817,486.65,0.277,0.38
650,3,0,18.721,191.698,0.424,411,129.895,477.523,0.273,0.358
651,0,0,18.628,191.698,0.424,405,129.994,464.254,0.268,0.333
652,4,0,18.628,191.698,0.425,405,130.003,462.104,0.267,0.332
653,2,0,18.581,191.698,0.425,404,130.017,459.885,0.267,0.327
654,8,0,18.767,192.256,0.425,407,128.185,464.939,0.268,0.332
655,4,0,18.674,192.256,0.424,408,128.153,465.934,0.27,0.329
656,5,0,18.442,191.698,0.422,405,130.165,446.51,0.262,0.303
657,7,0,18.302,191.698,0.421,410,130.13,443.417,0.263,0.298
658,6,0,18.581,191.698,0.425,410,130.076,451.443,0.264,0.32
659,2,0,18.628,191.698,0.425,410,130.08,451.84,0.264,0.322
660,4,0,18.814,191.698,0.429,408,130.044,456.939,0.265,0.339
661,3,0,18.907,191.698,0.43,408,130.151,456.412,0.263,0.339
662,5,0,19.186,191.698,0.431,403,130.214,459.623,0.261,0.351
663,6,0,19.326,192.628,0.431,404,130.108,456.373,0.26,0.356
664,5,0,19.279,192.628,0.431,403,130.158,453.364,0.258,0.347
665,3,0,19.465,192.326,0.43,399,130.137,454.674,0.256,0.355
666,4,0,19.512,192.535,0.43,399,130.116,453.705,0.256,0.358
667,9,0,19.605,192.535,0.429,405,130.074,467.217,0.261,0.382
668,3,0,19.791,192.535,0.429,405,130.045,471.161,0.262,0.398
669,5,0,19.767,191.907,0.431,402,130.217,462.394,0.257,0.379
670,3,0,19.767,191.907,0.432,399,130.264,454.574,0.254,0.37
671,7,0,19.814,191.907,0.432,401,130.262,454.749,0.253,0.371
672,5,0,19.907,191.907,0.432,402,130.211,459.532,0.254,0.38
673,1,0,19.814,192.093,0.428,399,130.438,450.764,0.251,0.364
674,5,0,19.907,192.093,0.431,397,130.461,454.607,0.252,0.374
675,6,0,20.279,192.279,0.433,391,130.428,458.323,0.249,0.391
676,7,0,20.372,192.907,0.434,394,130.232,467.379,0.254,0.413
677,4,0,20.326,192.907,0.436,394,130.365,462.277,0.252,0.405
678,2,0,20.326,192.907,0.434,390,130.417,457.618,0.249,0.396
679,7,0,20.047,192.907,0.434,392,130.403,460.093,0.252,0.386
680,2,0,20.14,192.767,0.435,391,130.395,462.84,0.252,0.391
681,4,0,20.116,192.767,0.434,389,130.547,448.604,0.247,0.374
682,5,0,20.163,192.767,0.434,387,130.571,446.838,0.246,0.372
683,4,0,20.023,192.767,0.435,389,130.554,444.285,0.246,0.365
684,7,0,19.977,192.907,0.435,389,130.513,444.952,0.247,0.362
685,4,0,20.07,192.907,0.435,389,130.532,446.418,0.245,0.364
686,6,0,20.163,192.907,0.434,390,130.606,446.968,0.245,0.372
687,2,0,20.256,192.535,0.437,387,130.692,442.343,0.241,0.364
688,4,0,19.977,192.535,0.434,385,130.908,438.966,0.24,0.343
689,0,0,20.023,192.535,0.434,381,130.925,434.718,0.239,0.343
690,7,0,19.907,192.535,0.434,385,130.935,433.899,0.239,0.335
691,4,0,19.86,192.395,0.433,383,130.944,429.65,0.237,0.324
692,1,0,19.721,192.395,0.434,379,131.046,421.038,0.233,0.304
693,4,0,19.698,192.395,0.434,375,131.118,412.485,0.231,0.295
694,5,0,19.558,192.395,0.431,375,131.074,412.048,0.232,0.288
695,8,0,19.488,192.395,0.429,377,131.114,417.169,0.236,0.298
696,5,0,19.349,192.395,0.423,378,131.198,414.592,0.236,0.291
697,4,0,19.349,192.093,0.423,376,131.218,412.447,0.236,0.288
698,3,0,19.233,190.14,0.425,372,131.409,399.796,0.232,0.271
699,7,0,19.209,190.558,0.425,371,131.619,395.744,0.229,0.262
700,4,0,18.884,190.558,0.426,370,131.704,379.268,0.227,0.238
701,3,0,14.977,189.558,0.408,370,132.575,302.854,0.224,0.083
702,1,0,14.977,189.395,0.408,369,132.575,302.73,0.223,0.083
703,3,0,15.163,189.581,0.408,366,132.401,307.945,0.224,0.088
704,5,0,15.302,189.581,0.405,367,132.115,318.382,0.228,0.095
705,4,0,15.256,189.581,0.404,368,132.011,320.284,0.23,0.097
706,3,0,15.14,187.558,0.402,363,132.194,315.056,0.227,0.09
707,3,0,15.186,188.279,0.402,361,132.296,316.159,0.227,0.091
708,6,0,15.535,187.349,0.408,360,132.056,321.788,0.226,0.099
709,4,0,15.535,187.349,0.402,358,132.098,320.928,0.225,0.098
710,7,0,15.605,186.535,0.397,360,131.993,328.205,0.227,0.103
711,10,0,15.837,186.535,0.397,367,131.673,334.85,0.231,0.114
712,8,0,15.744,186.535,0.396,371,131.532,340.817,0.235,0.117
713,4,0,15.791,186.535,0.396,370,131.555,338.526,0.234,0.117
714,4,0,15.86,188.326,0.395,372,131.556,341.648,0.237,0.123
715,4,0,16.047,188.233,0.4,373,131.44,345.414,0.237,0.129
716,7,0,16.349,188.233,0.402,371,131.29,352.811,0.238,0.141
717,4,0,16.302,188.465,0.402,372,131.245,355.116,0.24,0.143
718,8,0,16.186,188.465,0.403,375,131.164,361.623,0.245,0.147
719,2,0,16.233,188.465,0.403,373,131.174,362.459,0.244,0.147
720,7,0,16.326,188.465,0.4,375,131.046,373.044,0.248,0.159
721,3,0,16.419,188.093,0.402,372,131.13,367.925,0.245,0.156
722,6,0,16.372,188.093,0.401,374,131.12,375.353,0.246,0.157
723,6,0,16.326,188.465,0.401,375,131.153,375.662,0.246,0.156
724,4,0,16.302,188.442,0.402,375,131.029,378.341,0.251,0.163
725,4,0,16.535,188.442,0.402,376,130.822,393.055,0.255,0.181
726,5,0,16.628,188.326,0.403,377,130.774,395.81,0.254,0.184
727,8,0,16.86,188.907,0.404,378,130.653,404.436,0.258,0.203
728,7,0,17.186,189.093,0.401,380,130.546,410.564,0.258,0.221
729,6,0,17.465,189.86,0.403,375,130.456,419.34,0.257,0.232
730,8,0,17.419,189.86,0.401,377,130.375,418.427,0.259,0.233
731,5,0,17.279,189.395,0.403,372,130.552,408.293,0.253,0.212
732,8,0,17.279,189.395,0.407,380,130.412,420.533,0.26,0.23
733,7,1,17.14,189.395,0.405,381,130.404,415.222,0.261,0.224
734,10,1,17.186,191.581,0.405,385,130.351,416.377,0.26,0.224
735,9,0,17.047,193.209,0.404,388,130.38,411.702,0.261,0.217
736,5,0,16.977,192.535,0.405,388,130.355,410.455,0.26,0.212
737,5,0,17.023,192.535,0.41,389,130.238,417.76,0.264,0.224
738,5,0,17.256,192.535,0.411,393,130.146,424.757,0.267,0.243
739,6,0,17.302,192.535,0.409,391,130.201,423.119,0.263,0.236
740,7,0,17.302,192.721,0.409,392,130.223,425.884,0.265,0.241
741,6,0,17.209,192.721,0.404,395,130.17,427.997,0.267,0.242
742,8,0,17.256,191.186,0.404,399,130.026,435.185,0.269,0.249
743,11,0,17.512,192.791,0.403,404,129.874,445.379,0.269,0.265
744,1,0,17.512,192.791,0.402,401,129.875,437.931,0.268,0.26
745,6,0,17.698,192.791,0.4,403,129.719,448.541,0.27,0.277
746,8,0,18.023,192.651,0.406,403,129.555,459.963,0.271,0.3
747,2,0,18.395,192.651,0.407,397,129.549,467.662,0.269,0.318
748,5,0,18.488,191.163,0.408,397,129.672,463.64,0.266,0.317
749,8,0,18.558,191.86,0.405,398,129.703,474.711,0.268,0.327
750,4,0,18.674,191.86,0.406,396,129.727,470.76,0.266,0.327
751,8,0,18.86,191.86,0.404,401,129.629,483.754,0.269,0.35
752,5,0,19.047,191.86,0.404,404,129.552,492.468,0.27,0.367
753,2,0,19.326,191.86,0.408,399,129.598,486.735,0.265,0.369
754,7,0,19.256,191.86,0.416,403,129.43,495.716,0.27,0.381
755,7,1,19.256,192.744,0.413,399,129.398,490.778,0.268,0.375
756,6,0,19.395,192.744,0.415,399,129.426,487.043,0.266,0.377
757,8,0,19.488,192.977,0.417,401,129.346,494.086,0.268,0.392
758,4,0,19.721,192.721,0.425,400,129.24,503.728,0.27,0.417
759,3,0,19.721,192.721,0.425,400,129.245,504.72,0.269,0.413
760,5,0,20.0,192.907,0.423,404,129.112,516.414,0.273,0.444
761,6,0,20.093,192.907,0.422,404,129.02,525.704,0.275,0.46
762,3,0,20.116,193.302,0.421,401,129.04,517.859,0.273,0.455
763,7,0,19.907,193.326,0.417,400,129.071,512.711,0.272,0.433
764,5,0,19.674,193.326,0.417,402,129.081,507.536,0.272,0.418
765,6,0,19.674,193.419,0.419,402,129.081,508.177,0.272,0.419
766,8,0,19.674,193.233,0.418,405,129.024,517.989,0.274,0.425
767,3,0,19.628,193.233,0.417,405,129.024,517.703,0.275,0.424
768,4,0,19.628,192.86,0.42,404,129.003,517.152,0.276,0.427
769,4,0,19.628,193.023,0.419,403,128.969,519.784,0.277,0.43
770,2,0,20.023,193.837,0.419,401,128.941,528.091,0.277,0.459
771,5,0,20.163,193.837,0.423,399,128.966,520.713,0.274,0.462
772,6,0,20.0,193.837,0.425,401,128.986,522.273,0.275,0.452
773,5,0,19.767,193.837,0.425,401,129.008,517.752,0.276,0.437
774,6,0,19.744,193.837,0.419,401,129.088,512.439,0.274,0.43
775,4,0,20.023,193.837,0.421,397,129.063,515.471,0.272,0.443
776,5,0,20.0,193.837,0.42,399,129.028,516.342,0.273,0.447
777,4,0,20.14,193.837,0.429,398,128.993,528.339,0.275,0.465
778,4,0,20.326,193.837,0.428,398,128.987,536.184,0.275,0.479
779,7,0,20.279,193.674,0.428,400,128.965,536.199,0.276,0.478
780,4,0,20.233,193.674,0.429,399,128.997,534.257,0.275,0.472
781,6,0,20.233,193.674,0.429,400,128.969,535.527,0.276,0.475
782,2,0,20.14,193.674,0.428,402,128.942,534.435,0.278,0.472
783,5,0,20.093,193.674,0.428,406,128.91,537.066,0.28,0.476
784,4,0,20.279,193.674,0.429,404,128.94,538.292,0.278,0.486
785,3,0,20.279,193.674,0.428,402,128.912,536.418,0.277,0.483
786,7,0,20.372,193.674,0.43,404,128.794,541.503,0.281,0.503
787,6,1,20.814,193.767,0.433,404,128.733,550.365,0.28,0.532
788,4,0,20.767,193.767,0.433,404,128.773,546.563,0.279,0.523
789,6,0,20.767,193.767,0.435,407,128.716,557.234,0.281,0.533
790,5,0,21.0,193.767,0.436,405,128.711,563.734,0.281,0.549
791,4,0,20.814,193.349,0.435,403,128.783,552.69,0.279,0.527
792,6,0,21.023,192.535,0.44,400,128.733,559.282,0.277,0.536
793,2,0,21.209,192.535,0.439,397,128.683,560.51,0.277,0.551
794,7,0,21.512,192.535,0.446,397,128.639,568.827,0.278,0.576
795,7,0,21.488,192.535,0.447,402,128.549,578.262,0.283,0.592
796,4,0,21.581,192.535,0.447,404,128.517,584.266,0.285,0.606
797,1,0,21.628,192.535,0.448,398,128.66,570.101,0.279,0.591
798,9,1,21.814,192.535,0.45,400,128.697,577.404,0.28,0.607
799,3,0,21.814,192.535,0.45,397,128.701,572.095,0.278,0.601
800,6,0,21.721,192.535,0.445,401,128.676,570.615,0.28,0.6
801,6,0,17.372,193.372,0.423,399,129.681,441.0,0.277,0.276
802,1,0,17.512,193.372,0.423,398,129.655,442.863,0.276,0.283
803,8,0,17.791,193.512,0.424,400,129.594,449.13,0.278,0.307
804,4,0,18.07,191.512,0.422,397,129.628,453.089,0.277,0.322
805,3,0,18.302,191.512,0.423,395,129.476,460.502,0.279,0.345
806,6,0,18.512,191.674,0.425,396,129.479,471.395,0.281,0.365
807,4,0,18.651,191.977,0.428,390,129.416,471.838,0.28,0.372
808,6,0,18.791,191.767,0.432,390,129.465,476.272,0.281,0.384
809,2,0,18.651,191.767,0.433,386,129.574,465.088,0.278,0.365
810,5,0,18.651,191.767,0.433,388,129.474,474.599,0.282,0.379
811,4,1,18.814,191.744,0.434,387,129.455,477.435,0.281,0.387
812,8,0,18.721,191.744,0.435,390,129.395,479.626,0.284,0.392
813,1,0,18.628,191.744,0.437,385,129.468,474.544,0.282,0.377
814,6,1,18.488,191.744,0.438,387,129.474,470.965,0.283,0.371
815,9,0,18.744,191.744,0.437,393,129.401,480.147,0.286,0.398
816,0,0,18.93,191.744,0.436,386,129.465,478.976,0.281,0.396
817,5,0,18.674,190.209,0.436,387,129.534,464.131,0.279,0.37
818,4,0,18.581,190.209,0.435,387,129.689,459.746,0.275,0.353
819,5,0,18.791,190.302,0.436,387,129.595,467.434,0.276,0.37
820,7,0,18.884,190.977,0.437,390,129.522,474.49,0.277,0.38
821,7,0,18.884,190.977,0.438,396,129.496,475.837,0.28,0.39
822,4,0,18.977,190.977,0.44,389,129.624,471.182,0.275,0.378
823,6,0,19.116,190.977,0.442,391,129.57,477.549,0.275,0.388
824,6,0,19.023,190.977,0.442,389,129.719,471.599,0.272,0.375
825,6,0,18.884,189.233,0.444,387,127.722,466.804,0.272,0.35
826,2,0,19.023,189.233,0.44,380,127.819,460.56,0.267,0.342
827,6,0,19.047,191.744,0.44,383,127.794,464.637,0.271,0.357
828,4,0,19.093,191.744,0.439,385,127.757,467.183,0.271,0.36
829,5,0,19.116,191.744,0.439,387,127.665,475.935,0.273,0.368
830,3,0,19.256,191.256,0.441,382,127.617,473.022,0.269,0.365
831,8,0,19.395,191.256,0.442,382,127.618,475.003,0.27,0.378
832,4,0,19.581,191.488,0.437,382,127.587,476.926,0.268,0.383
833,4,1,19.605,191.488,0.437,381,127.675,472.705,0.265,0.377
834,5,0,19.465,191.488,0.436,383,127.659,471.638,0.267,0.372
835,7,1,19.605,191.488,0.436,385,127.649,474.027,0.268,0.385
836,3,0,19.512,191.395,0.436,386,127.524,475.082,0.269,0.384
837,2,0,19.605,191.395,0.436,383,127.52,476.167,0.269,0.387
838,2,0,19.744,191.395,0.437,380,127.543,476.403,0.266,0.39
839,10,1,19.837,191.558,0.436,387,127.328,489.029,0.273,0.42
840,6,0,20.163,191.558,0.439,387,127.4,488.323,0.269,0.429
841,5,0,20.209,191.558,0.438,390,127.325,489.226,0.27,0.438
842,7,0,20.209,191.558,0.435,393,127.284,494.199,0.273,0.446
843,5,1,20.163,191.558,0.439,393,127.166,497.235,0.275,0.451
844,1,0,19.977,191.558,0.437,389,127.209,490.597,0.273,0.43
845,4,0,20.023,191.558,0.437,392,127.173,494.862,0.276,0.441
846,3,0,20.07,191.558,0.438,390,127.154,495.832,0.275,0.444
847,5,0,19.651,191.558,0.435,392,127.289,488.573,0.276,0.414
848,5,0,19.372,191.558,0.434,393,127.376,482.435,0.277,0.399
849,6,0,19.256,188.814,0.434,396,127.373,482.03,0.278,0.392
850,5,0,19.349,188.814,0.435,397,127.401,481.332,0.276,0.393
851,5,0,19.209,188.814,0.435,402,127.381,480.29,0.278,0.391
852,6,0,19.349,188.814,0.434,403,127.307,484.505,0.279,0.403
853,4,0,19.395,188.814,0.432,404,127.283,490.791,0.281,0.413
854,7,0,19.581,188.814,0.432,403,127.277,488.932,0.279,0.42
855,4,0,20.0,188.814,0.435,403,127.1,508.603,0.281,0.459
856,6,0,20.093,188.628,0.435,402,127.097,509.005,0.282,0.469
857,6,1,19.953,188.628,0.433,404,127.064,506.635,0.283,0.463
858,6,0,20.0,188.442,0.432,406,127.046,509.309,0.283,0.465
859,6,0,19.86,188.279,0.432,407,127.107,508.037,0.283,0.455
860,3,0,19.767,187.884,0.437,399,127.255,491.24,0.276,0.423
861,5,0,19.581,187.884,0.436,401,127.236,489.315,0.278,0.415
862,3,0,19.791,187.977,0.437,397,127.337,487.322,0.274,0.418
863,9,0,19.349,188.442,0.438,403,126.24,480.266,0.279,0.394
864,7,0,19.186,188.07,0.434,406,126.12,481.732,0.282,0.393
865,4,0,19.186,188.535,0.434,402,126.228,479.035,0.281,0.389
866,8,0,19.163,191.395,0.432,403,126.285,482.069,0.281,0.389
867,8,0,19.116,191.279,0.437,397,126.335,469.687,0.276,0.367
868,2,0,19.023,191.279,0.437,394,126.441,466.617,0.274,0.356
869,4,0,18.93,191.163,0.435,393,126.46,462.225,0.273,0.345
870,4,0,18.93,193.14,0.438,393,126.319,465.652,0.273,0.345
871,5,0,19.163,193.093,0.44,392,126.367,473.723,0.274,0.364
872,5,0,19.116,193.093,0.441,391,126.367,474.117,0.274,0.362
873,4,0,19.116,193.093,0.442,389,126.401,465.512,0.272,0.354
874,2,0,19.395,193.093,0.442,387,126.276,474.302,0.271,0.372
875,3,0,19.442,192.698,0.441,385,126.299,475.734,0.268,0.365
876,2,0,19.651,192.791,0.442,385,126.232,480.824,0.269,0.381
877,3,0,19.674,192.791,0.442,381,126.375,477.823,0.266,0.374
878,4,0,19.581,192.791,0.443,376,126.463,468.733,0.263,0.359
879,7,0,19.512,192.977,0.443,377,126.455,466.463,0.262,0.35
880,6,0,19.628,193.465,0.444,379,126.438,466.509,0.261,0.355
881,9,0,19.419,193.465,0.443,386,126.385,464.251,0.264,0.35
882,6,0,19.512,194.326,0.444,388,127.546,474.781,0.267,0.375
883,13,0,19.628,194.326,0.447,394,127.42,484.491,0.27,0.394
884,1,0,19.535,194.326,0.439,387,127.511,475.919,0.267,0.376
885,5,0,19.256,193.767,0.439,385,127.573,468.251,0.267,0.358
886,2,0,19.209,193.767,0.437,385,127.612,467.256,0.266,0.351
887,7,0,19.256,193.767,0.438,385,127.44,473.364,0.269,0.364
888,4,0,19.372,193.767,0.44,379,127.596,466.707,0.265,0.36
889,1,0,19.419,192.442,0.442,370,127.854,443.96,0.254,0.327
890,4,0,19.488,192.442,0.441,369,127.933,444.692,0.253,0.329
891,2,0,19.488,192.442,0.442,368,127.884,444.712,0.254,0.332
892,1,0,19.442,192.442,0.443,367,127.902,443.25,0.254,0.328
893,4,0,19.233,192.442,0.443,365,128.016,430.699,0.249,0.301
894,6,0,18.977,192.442,0.441,364,128.129,422.059,0.248,0.283
895,3,0,18.884,192.442,0.441,364,128.15,423.448,0.25,0.281
896,9,0,18.837,192.442,0.439,369,128.109,428.155,0.252,0.285
897,2,0,18.651,191.326,0.435,367,128.271,418.236,0.25,0.267
898,7,0,18.605,191.326,0.437,373,128.156,425.964,0.254,0.277
899,9,1,18.512,191.326,0.433,371,128.125,424.625,0.255,0.273
900,5,0,18.512,191.442,0.433,372,128.18,423.432,0.253,0.269
901,8,0,14.605,187.116,0.401,377,129.247,341.818,0.256,0.105
902,5,0,14.651,187.163,0.4,378,129.1,342.589,0.257,0.108
903,7,0,14.698,187.163,0.398,378,129.096,344.63,0.258,0.11
904,2,0,14.837,187.163,0.398,378,129.086,346.689,0.257,0.113
905,3,0,14.93,187.163,0.396,374,129.161,348.151,0.256,0.114
906,7,0,15.256,187.163,0.398,373,129.176,347.652,0.253,0.12
907,12,0,15.349,187.163,0.401,382,129.093,353.726,0.257,0.129
908,5,0,15.488,187.163,0.401,382,129.05,358.393,0.257,0.135
909,5,0,15.791,187.163,0.403,383,129.004,363.927,0.256,0.144
910,6,0,15.86,190.093,0.401,386,128.912,376.766,0.262,0.158
911,4,0,15.721,189.395,0.4,386,128.997,367.961,0.261,0.15
912,5,0,15.86,189.395,0.403,385,128.84,374.273,0.263,0.16
913,4,0,15.721,189.395,0.404,385,128.951,370.043,0.262,0.153
914,4,0,16.047,189.395,0.409,385,128.925,374.921,0.262,0.165
915,6,0,16.302,189.395,0.411,385,128.897,380.505,0.262,0.177
916,5,0,16.349,189.279,0.409,384,128.873,383.232,0.263,0.182
917,2,0,16.535,189.279,0.409,382,128.873,386.553,0.262,0.187
918,8,1,16.767,189.093,0.414,383,128.886,387.96,0.261,0.195
919,4,0,16.674,189.093,0.415,381,128.973,384.863,0.258,0.185
920,7,0,16.814,189.093,0.415,383,128.99,387.95,0.257,0.19
921,2,0,16.814,189.093,0.416,382,129.013,386.184,0.256,0.188
922,4,0,16.93,189.093,0.416,380,129.008,383.022,0.253,0.186
923,3,0,17.023,189.093,0.418,379,129.015,386.461,0.253,0.191
924,2,0,17.209,189.093,0.417,377,129.014,391.934,0.252,0.199
925,6,0,17.186,189.093,0.414,377,129.006,396.403,0.254,0.201
926,10,0,17.302,189.093,0.415,381,128.893,402.352,0.256,0.211
927,5,0,17.419,189.093,0.416,381,128.812,405.336,0.257,0.22
928,5,0,17.302,188.372,0.415,382,128.742,398.699,0.256,0.211
929,3,0,17.581,188.372,0.417,377,128.643,401.729,0.255,0.222
930,3,0,17.953,188.372,0.418,374,128.606,406.92,0.254,0.239
931,3,0,18.186,188.767,0.419,372,128.562,414.051,0.253,0.25
932,6,0,18.07,187.86,0.416,370,128.571,415.995,0.253,0.245
933,7,0,18.349,188.0,0.415,371,128.438,428.349,0.255,0.264
934,5,0,18.163,188.0,0.415,370,128.461,425.531,0.256,0.256
935,6,0,18.302,188.093,0.413,371,128.426,430.862,0.257,0.267
936,3,0,18.535,188.093,0.413,370,128.484,425.947,0.254,0.273
937,5,0,18.442,188.093,0.412,373,128.336,431.636,0.258,0.279
938,5,0,18.349,188.093,0.411,373,128.39,431.624,0.257,0.271
939,7,0,18.419,187.605,0.412,374,128.478,434.979,0.258,0.28
940,10,0,18.465,187.651,0.413,379,128.258,449.812,0.265,0.3
941,3,0,18.721,187.651,0.41,375,128.166,450.822,0.262,0.308
942,6,0,18.581,189.744,0.412,378,128.1,449.388,0.264,0.305
943,5,0,18.535,189.93,0.411,381,128.089,450.081,0.265,0.306
944,4,0,18.814,190.395,0.413,378,128.093,453.907,0.262,0.314
945,3,0,19.023,190.395,0.416,377,128.076,458.294,0.26,0.322
946,3,0,18.837,190.395,0.421,371,128.292,439.37,0.254,0.29
947,5,0,18.791,190.395,0.42,373,128.2,443.421,0.258,0.299
948,5,0,18.953,190.395,0.42,373,128.093,452.431,0.259,0.312
949,1,0,19.047,190.395,0.421,369,128.094,452.18,0.257,0.313
950,4,0,19.093,190.279,0.423,369,128.094,453.647,0.257,0.317
951,6,0,19.14,190.442,0.423,372,128.013,460.846,0.26,0.329
952,5,0,19.488,190.326,0.423,369,127.842,471.538,0.261,0.355
953,3,0,19.395,190.326,0.427,368,127.825,465.826,0.262,0.351
954,9,1,19.721,190.535,0.426,371,127.752,473.588,0.262,0.374
955,1,0,19.721,190.535,0.428,365,127.918,461.465,0.258,0.361
956,6,0,19.721,190.535,0.428,370,127.883,466.181,0.259,0.364
957,2,0,19.721,190.535,0.43,366,127.972,459.028,0.256,0.357
958,6,0,19.884,190.535,0.429,366,127.961,462.631,0.256,0.367
959,5,0,19.744,190.535,0.428,366,128.066,459.088,0.256,0.358
960,5,0,19.791,190.535,0.429,368,128.064,460.811,0.256,0.363
961,2,0,19.698,190.535,0.429,366,128.086,456.687,0.255,0.351
962,5,0,19.605,190.535,0.429,365,128.089,452.271,0.253,0.339
963,4,0,19.791,190.535,0.43,362,128.127,448.857,0.251,0.345
964,7,0,19.837,190.535,0.426,365,128.055,451.084,0.253,0.354
965,9,0,19.86,190.0,0.428,370,127.957,455.294,0.256,0.366
966,3,0,19.814,190.0,0.428,371,127.943,456.557,0.257,0.367
967,5,0,20.0,190.279,0.434,371,127.907,463.309,0.258,0.381
968,4,0,20.093,191.047,0.431,371,127.934,464.264,0.256,0.384
969,1,0,20.093,190.884,0.433,367,128.013,460.961,0.254,0.378
970,12,0,20.163,190.116,0.433,373,127.971,464.872,0.256,0.389
971,1,0,20.163,190.07,0.434,367,128.15,452.196,0.252,0.376
972,5,0,20.256,189.93,0.434,367,128.212,453.861,0.252,0.383
973,10,0,20.093,189.93,0.434,372,128.253,447.589,0.252,0.372
974,6,0,20.14,189.93,0.434,374,128.181,453.92,0.254,0.38
975,7,0,20.209,189.93,0.434,377,128.08,464.645,0.258,0.401
976,5,0,19.907,189.93,0.433,379,127.943,466.078,0.262,0.391
977,5,0,19.93,189.93,0.434,377,127.819,467.207,0.263,0.396
978,4,0,19.837,189.93,0.434,374,127.877,462.526,0.262,0.384
979,8,0,19.558,192.674,0.436,374,128.04,446.457,0.261,0.362
980,3,0,19.465,192.674,0.436,368,128.251,435.369,0.255,0.336
981,2,0,19.465,192.674,0.437,367,128.271,431.437,0.253,0.331
982,7,0,19.209,189.744,0.441,365,128.71,425.11,0.251,0.308
983,5,0,19.233,191.907,0.439,368,128.585,425.947,0.253,0.318
984,4,0,19.186,191.907,0.437,365,128.633,423.189,0.251,0.309
985,6,0,19.0,191.907,0.433,368,128.609,421.106,0.253,0.3
986,1,0,19.093,191.907,0.436,362,128.719,418.392,0.248,0.292
987,3,0,19.233,191.907,0.435,360,128.766,419.862,0.248,0.302
988,7,0,19.465,191.907,0.439,361,128.63,432.162,0.251,0.326
989,4,0,19.349,191.907,0.439,362,128.848,427.063,0.25,0.316
990,6,0,19.395,191.907,0.431,360,128.88,431.289,0.25,0.32
991,5,0,19.372,192.767,0.432,361,128.857,434.193,0.251,0.321
992,2,0,19.326,192.767,0.433,359,128.911,429.303,0.248,0.31
993,1,0,19.256,192.767,0.432,356,128.964,422.978,0.247,0.302
994,4,0,19.349,192.767,0.432,357,129.06,426.339,0.246,0.307
995,8,0,19.395,192.767,0.434,359,128.878,437.179,0.249,0.316
996,2,0,19.628,192.767,0.435,354,128.96,430.805,0.243,0.313
997,3,0,19.581,192.767,0.434,355,128.95,431.055,0.245,0.316
998,9,0,19.837,192.767,0.441,361,128.628,453.597,0.253,0.358
999,5,0,19.744,193.047,0.437,361,128.644,451.209,0.254,0.356
1000,0,0,19.86,192.837,0.435,355,128.852,446.014,0.249,0.348
