1,10,0,0.302,2.093,0.0,10,345.752,0.0,0.007,0.041
2,3,0,0.465,2.535,0.0,13,344.4,0.197,0.009,0.043
3,3,0,0.605,3.651,0.001,16,327.567,0.317,0.011,0.027
4,3,0,0.744,5.512,0.003,19,313.23,0.677,0.014,0.019
5,4,0,0.907,6.674,0.004,23,298.499,1.043,0.016,0.012
6,7,0,1.233,9.628,0.007,29,268.406,2.147,0.022,0.006
7,5,0,1.465,13.977,0.015,34,249.601,3.526,0.027,0.004
8,5,0,1.791,16.163,0.018,38,231.462,4.771,0.03,0.002
9,5,0,1.977,20.047,0.025,42,221.702,5.894,0.035,0.002
10,3,0,2.07,21.14,0.026,45,218.843,6.388,0.037,0.002
11,6,0,2.116,22.0,0.026,51,216.412,6.996,0.039,0.002
12,9,0,2.256,23.419,0.024,59,211.361,9.334,0.046,0.002
13,4,0,2.535,26.535,0.029,63,205.866,11.216,0.051,0.002
14,4,0,2.488,26.535,0.027,67,206.39,11.123,0.052,0.002
15,3,0,2.535,27.07,0.025,70,204.638,12.125,0.056,0.002
16,8,0,2.674,29.953,0.029,77,196.513,13.944,0.06,0.001
17,4,0,2.86,32.116,0.032,81,187.91,15.99,0.064,0.001
18,4,0,2.86,32.628,0.03,85,187.198,16.457,0.067,0.001
19,7,0,2.93,35.256,0.035,91,185.34,18.667,0.071,0.001
20,8,0,2.93,36.86,0.035,98,184.202,19.342,0.075,0.001
21,3,0,3.116,38.233,0.04,98,180.9,20.591,0.075,0.001
22,3,0,3.186,39.326,0.044,98,178.645,21.14,0.074,0.001
23,3,0,3.279,41.326,0.047,101,177.833,22.999,0.077,0.001
24,3,0,3.279,41.326,0.045,104,177.899,23.432,0.079,0.001
25,5,0,3.419,44.163,0.049,108,174.524,24.714,0.084,0.001
26,6,0,3.326,43.953,0.047,113,173.2,25.46,0.086,0.001
27,8,0,3.651,47.372,0.052,119,169.491,29.444,0.092,0.001
28,6,0,3.767,49.628,0.054,125,168.662,31.124,0.096,0.001
29,3,0,3.907,49.884,0.055,127,168.077,33.647,0.097,0.001
30,3,0,4.047,50.605,0.055,130,166.845,35.368,0.099,0.001
31,5,0,4.186,51.605,0.061,130,166.071,35.011,0.096,0.001
32,8,0,4.442,53.488,0.063,137,163.929,39.343,0.1,0.002
33,3,0,4.535,55.953,0.069,139,162.742,41.42,0.103,0.002
34,4,0,4.628,56.302,0.068,143,161.925,43.979,0.105,0.002
35,6,0,4.86,57.233,0.067,148,162.556,47.44,0.109,0.002
36,3,0,4.907,58.256,0.069,151,161.843,49.4,0.111,0.002
37,9,0,5.372,62.047,0.078,157,155.944,56.567,0.115,0.002
38,0,0,5.209,61.279,0.079,154,158.297,53.239,0.112,0.002
39,6,0,5.512,62.767,0.082,157,156.139,56.093,0.114,0.002
40,2,0,5.512,62.767,0.081,159,156.055,56.188,0.115,0.002
41,2,0,5.651,62.767,0.081,161,155.429,57.261,0.115,0.002
42,3,0,5.558,62.209,0.081,162,161.463,54.914,0.113,0.002
43,7,0,5.837,63.791,0.084,168,159.88,58.969,0.116,0.003
44,7,0,5.977,64.953,0.085,173,158.984,62.133,0.119,0.003
45,4,0,6.256,65.884,0.09,175,158.157,63.412,0.118,0.003
46,8,0,6.256,68.209,0.094,180,157.024,65.495,0.12,0.003
47,3,0,6.628,69.186,0.096,179,156.096,71.037,0.122,0.003
48,10,0,7.209,77.163,0.113,187,148.374,81.0,0.131,0.003
49,8,0,7.256,80.302,0.12,192,146.315,84.446,0.135,0.003
50,2,0,7.442,77.698,0.116,190,148.028,83.7,0.132,0.004
51,7,0,7.419,77.698,0.113,196,147.973,86.763,0.135,0.004
52,4,0,7.651,77.837,0.115,198,147.598,87.85,0.134,0.004
53,6,0,7.698,77.837,0.112,202,147.369,91.483,0.136,0.004
54,2,0,7.884,78.116,0.112,203,146.963,94.207,0.137,0.004
55,5,0,7.977,79.07,0.115,204,146.658,96.298,0.138,0.005
56,6,0,8.116,80.14,0.115,209,146.101,100.282,0.141,0.005
57,5,0,8.256,80.395,0.113,212,145.629,105.086,0.144,0.005
58,5,0,8.302,80.395,0.111,215,145.523,106.668,0.146,0.005
59,7,0,8.512,82.186,0.115,218,144.871,111.578,0.149,0.006
60,8,0,8.837,87.047,0.126,224,141.934,118.096,0.153,0.006
61,1,0,8.698,87.512,0.13,221,142.438,114.887,0.151,0.006
62,6,0,8.605,87.512,0.127,225,141.502,116.67,0.154,0.006
63,6,0,8.605,88.07,0.127,228,141.255,117.373,0.155,0.006
64,5,0,8.837,88.698,0.127,231,141.207,124.226,0.159,0.007
65,3,0,9.047,88.791,0.128,230,141.137,125.889,0.158,0.007
66,7,0,9.0,88.442,0.126,235,141.138,126.337,0.16,0.007
67,3,0,9.233,88.442,0.128,235,140.636,128.603,0.158,0.007
68,6,0,9.419,89.395,0.13,238,140.388,132.247,0.16,0.008
69,6,0,9.558,92.698,0.135,242,139.889,137.463,0.166,0.009
70,5,0,10.07,94.372,0.14,244,139.265,144.569,0.168,0.011
71,8,0,10.116,95.093,0.137,252,138.832,151.627,0.173,0.011
72,8,0,10.023,98.14,0.148,257,138.731,154.175,0.176,0.012
73,5,0,10.256,99.093,0.153,257,137.674,159.469,0.175,0.012
74,6,0,10.488,100.605,0.159,258,137.407,164.339,0.175,0.013
75,7,0,11.0,101.605,0.16,262,136.775,174.553,0.178,0.015
76,5,0,11.047,101.698,0.16,264,136.699,178.71,0.179,0.015
77,5,0,11.209,101.791,0.16,266,136.572,181.117,0.179,0.016
78,5,0,11.605,101.605,0.16,268,136.3,186.07,0.178,0.018
79,3,0,11.698,101.605,0.159,268,136.226,188.109,0.179,0.019
80,3,0,11.512,101.605,0.157,271,136.282,185.239,0.18,0.018
81,2,0,11.814,101.628,0.163,269,136.399,184.375,0.175,0.018
82,3,0,11.884,101.907,0.165,269,136.423,187.165,0.174,0.019
83,8,0,12.023,102.093,0.163,275,136.21,195.134,0.177,0.02
84,2,0,11.977,102.767,0.164,275,136.175,194.436,0.178,0.02
85,6,0,11.93,104.302,0.165,279,135.619,199.54,0.183,0.021
86,5,0,11.837,104.721,0.164,282,135.288,205.063,0.186,0.021
87,5,0,11.86,106.093,0.169,281,135.342,207.952,0.187,0.021
88,4,0,11.86,106.837,0.167,284,135.188,209.966,0.191,0.022
89,9,0,11.651,109.674,0.173,291,135.155,211.464,0.196,0.023
90,5,0,11.837,109.884,0.175,292,135.258,213.192,0.195,0.024
91,3,0,12.07,110.488,0.181,290,135.165,215.372,0.193,0.025
92,5,0,12.023,110.884,0.18,290,135.321,216.167,0.195,0.025
93,5,0,11.93,111.186,0.181,288,135.153,215.231,0.196,0.025
94,5,0,12.116,113.186,0.185,290,134.721,218.169,0.199,0.027
95,5,0,12.535,114.698,0.191,292,134.269,226.754,0.2,0.031
96,1,0,12.535,114.698,0.193,289,134.371,227.293,0.198,0.03
97,5,0,12.767,116.628,0.203,291,134.25,232.041,0.199,0.032
98,3,0,12.907,118.581,0.21,290,134.135,233.77,0.2,0.034
99,5,0,12.953,118.581,0.209,292,134.24,234.649,0.2,0.035
100,5,0,13.047,120.837,0.214,295,133.863,241.553,0.205,0.038
101,4,0,12.953,122.419,0.219,295,133.674,242.509,0.206,0.037
102,7,0,13.0,122.953,0.218,299,133.403,250.929,0.211,0.04
103,4,0,13.093,123.023,0.22,297,133.333,249.536,0.209,0.04
104,4,0,13.116,124.209,0.222,296,133.316,254.747,0.211,0.041
105,5,0,13.116,124.907,0.227,297,133.324,254.596,0.211,0.042
106,4,0,13.163,125.651,0.233,295,133.449,254.766,0.209,0.041
107,2,0,13.465,125.651,0.235,293,133.42,255.642,0.207,0.044
108,8,0,13.767,126.628,0.24,297,133.312,265.503,0.208,0.048
109,2,0,13.86,126.628,0.243,294,133.278,262.521,0.206,0.048
110,3,0,13.907,126.186,0.24,293,133.28,263.0,0.206,0.049
111,5,0,14.233,131.977,0.267,294,133.162,271.305,0.205,0.053
112,6,0,14.0,132.721,0.269,298,133.06,277.156,0.21,0.053
113,7,0,14.233,132.721,0.27,300,132.949,278.776,0.208,0.055
114,2,0,14.209,132.721,0.272,296,132.954,273.732,0.206,0.053
115,5,0,14.279,132.884,0.275,296,133.198,268.462,0.204,0.052
116,6,0,14.372,132.907,0.273,298,133.063,268.849,0.205,0.055
117,4,0,14.419,132.256,0.276,298,133.037,264.662,0.2,0.052
118,2,0,14.512,132.256,0.278,295,133.029,261.924,0.199,0.052
119,8,0,14.651,132.605,0.276,301,132.794,272.313,0.203,0.057
120,4,0,14.512,132.605,0.277,302,132.842,269.948,0.202,0.054
121,4,0,14.326,131.93,0.275,301,132.901,261.269,0.2,0.05
122,9,0,14.419,135.279,0.285,307,132.555,273.518,0.208,0.057
123,5,0,14.465,135.791,0.286,307,132.472,275.635,0.209,0.058
124,6,0,14.605,135.791,0.284,308,132.388,277.613,0.21,0.062
125,4,0,14.605,135.977,0.286,308,132.476,276.383,0.209,0.061
126,5,0,14.791,136.209,0.288,312,132.432,279.771,0.21,0.066
127,4,0,14.791,136.395,0.289,313,132.49,277.965,0.208,0.064
128,9,0,14.93,140.047,0.297,317,132.319,289.405,0.213,0.071
129,8,0,14.884,140.651,0.299,321,132.41,287.215,0.215,0.071
130,5,0,14.884,140.651,0.299,323,132.327,286.884,0.215,0.072
131,6,0,15.07,140.651,0.297,328,132.149,291.932,0.218,0.079
132,7,0,15.116,141.14,0.297,332,132.031,297.803,0.221,0.082
133,6,0,15.279,141.372,0.295,336,131.796,308.397,0.224,0.089
134,5,0,15.233,141.372,0.298,335,131.876,306.769,0.222,0.086
135,6,0,15.14,141.721,0.296,340,131.777,313.371,0.227,0.089
136,5,0,15.233,142.0,0.296,340,131.614,317.953,0.228,0.092
137,4,0,15.279,142.0,0.294,341,131.521,321.39,0.23,0.095
138,5,0,15.279,141.674,0.293,343,131.477,321.841,0.23,0.095
139,8,0,15.372,143.581,0.3,350,131.326,329.228,0.234,0.103
140,7,0,15.395,143.86,0.302,352,131.408,328.274,0.233,0.103
141,8,0,15.349,144.884,0.302,358,131.158,330.822,0.238,0.107
142,5,0,15.628,145.163,0.303,360,131.023,341.762,0.239,0.118
143,11,0,16.186,145.256,0.303,361,130.855,347.342,0.239,0.135
144,7,0,16.186,145.256,0.301,365,130.787,353.464,0.242,0.14
145,5,0,16.209,145.07,0.3,364,130.722,357.104,0.242,0.142
146,7,0,16.023,145.163,0.3,366,130.79,353.02,0.243,0.136
147,6,0,16.14,146.674,0.307,368,130.735,355.215,0.244,0.142
148,5,0,16.14,146.674,0.306,369,130.712,355.677,0.245,0.144
149,5,0,16.326,146.395,0.304,369,130.683,364.23,0.247,0.155
150,8,0,16.651,146.581,0.304,373,130.621,372.16,0.248,0.17
151,2,0,16.698,146.651,0.307,369,130.728,371.311,0.246,0.169
152,11,0,16.953,151.302,0.323,375,130.535,380.804,0.252,0.192
153,2,0,17.093,151.302,0.324,373,130.491,384.668,0.251,0.197
154,2,0,16.977,151.302,0.327,369,130.611,377.458,0.247,0.183
155,4,0,17.093,151.837,0.329,369,130.597,383.409,0.247,0.189
156,4,0,17.0,149.767,0.323,369,130.665,380.071,0.246,0.183
157,8,0,17.186,154.302,0.339,369,130.545,388.529,0.252,0.204
158,4,0,17.326,155.419,0.349,371,130.431,405.021,0.255,0.22
159,5,0,17.186,156.581,0.352,373,130.385,403.552,0.257,0.216
160,4,0,17.605,156.279,0.352,368,130.396,411.844,0.254,0.231
161,5,0,17.93,156.721,0.358,364,130.446,414.931,0.251,0.241
162,1,0,18.116,156.721,0.357,359,130.491,415.372,0.247,0.243
163,3,0,18.442,156.721,0.36,355,130.517,412.691,0.243,0.25
164,4,0,18.628,156.907,0.366,350,130.609,412.225,0.239,0.249
165,4,0,18.558,156.767,0.365,351,130.638,412.346,0.241,0.25
166,4,0,18.791,156.767,0.367,349,130.686,411.114,0.237,0.254
167,2,0,18.744,156.767,0.368,347,130.714,408.216,0.235,0.247
168,4,0,18.977,156.767,0.371,347,130.528,415.668,0.237,0.264
169,5,0,18.767,156.86,0.369,350,130.492,417.176,0.239,0.259
170,5,0,18.767,156.86,0.367,355,130.424,421.41,0.242,0.266
171,2,0,18.628,156.86,0.367,353,130.436,416.854,0.242,0.256
172,3,0,18.674,157.023,0.369,350,130.493,414.473,0.24,0.254
173,8,0,18.767,157.86,0.368,350,130.426,417.616,0.241,0.263
174,3,0,18.907,157.86,0.367,349,130.329,421.462,0.242,0.273
175,5,0,18.907,159.047,0.372,353,130.298,422.692,0.245,0.281
176,2,0,18.744,159.047,0.373,349,130.368,412.902,0.241,0.262
177,5,0,18.512,159.047,0.373,345,130.623,408.03,0.24,0.245
178,6,0,18.512,159.93,0.376,344,130.62,402.309,0.239,0.244
179,6,0,18.349,159.93,0.377,345,130.641,397.619,0.239,0.235
180,2,0,18.279,159.93,0.379,339,130.711,391.528,0.235,0.221
181,5,0,18.488,160.721,0.383,337,130.685,394.421,0.236,0.234
182,7,0,18.442,161.093,0.383,340,130.592,395.629,0.239,0.238
183,2,0,18.442,161.07,0.382,337,130.73,392.749,0.236,0.231
184,10,0,18.07,161.209,0.38,345,130.677,389.17,0.239,0.218
185,8,0,18.023,161.233,0.381,351,130.647,396.702,0.241,0.223
186,2,0,17.977,161.558,0.384,349,130.749,389.859,0.238,0.212
187,7,0,17.884,161.744,0.383,352,130.705,394.47,0.241,0.214
188,5,0,17.837,161.744,0.383,352,130.616,392.287,0.24,0.21
189,3,0,18.163,161.744,0.384,349,130.57,395.466,0.239,0.223
190,8,0,18.349,166.302,0.389,353,130.4,406.662,0.244,0.245
191,1,0,18.349,166.302,0.389,354,130.39,407.154,0.244,0.246
192,6,0,18.628,166.721,0.391,356,130.211,421.571,0.247,0.272
193,6,0,18.628,166.721,0.39,361,130.073,426.267,0.252,0.285
194,7,0,18.465,167.047,0.389,365,129.955,432.541,0.256,0.285
195,8,0,18.907,169.977,0.389,364,129.811,445.246,0.258,0.32
196,5,0,18.953,169.977,0.389,363,129.713,449.245,0.26,0.327
197,2,0,19.0,170.884,0.392,362,129.612,454.114,0.26,0.332
198,7,0,18.86,170.884,0.393,362,129.582,450.419,0.26,0.321
199,4,0,18.907,170.884,0.393,364,129.555,456.69,0.261,0.328
200,2,0,19.047,172.186,0.396,366,129.441,462.317,0.266,0.352
201,2,0,18.977,172.186,0.395,365,129.435,461.437,0.266,0.349
202,5,0,18.884,172.186,0.394,366,129.384,462.246,0.267,0.346
203,4,0,18.791,172.186,0.393,369,129.394,467.239,0.269,0.346
204,5,0,18.837,172.884,0.394,370,129.346,469.327,0.271,0.356
205,6,0,18.698,177.814,0.396,374,129.341,468.983,0.274,0.355
206,5,0,18.698,175.953,0.386,371,129.477,458.614,0.27,0.341
207,4,0,18.651,175.953,0.385,372,129.478,460.414,0.271,0.34
208,4,0,18.698,175.953,0.385,374,129.427,463.191,0.271,0.346
209,3,0,18.651,175.953,0.384,376,129.407,463.302,0.273,0.347
210,12,0,18.512,175.605,0.382,383,129.417,461.614,0.274,0.34
211,6,0,18.651,175.674,0.384,383,129.492,459.0,0.27,0.338
212,3,0,18.791,175.488,0.387,380,129.612,455.799,0.264,0.329
213,5,0,18.791,177.372,0.392,384,129.554,458.592,0.265,0.334
214,1,0,18.884,177.372,0.394,378,129.614,455.696,0.262,0.328
215,1,0,19.233,177.372,0.396,369,129.693,449.855,0.256,0.334
216,2,0,19.326,177.372,0.399,367,129.7,450.164,0.255,0.338
217,5,0,19.07,177.372,0.4,363,129.907,434.614,0.251,0.308
218,4,0,19.14,177.372,0.401,362,129.962,435.858,0.249,0.309
219,7,1,19.116,177.372,0.4,361,129.894,439.971,0.251,0.31
220,4,0,19.163,177.372,0.399,363,129.841,443.057,0.252,0.318
221,6,0,19.581,179.581,0.413,366,129.633,462.213,0.256,0.358
222,5,0,19.721,179.581,0.413,369,129.553,468.054,0.259,0.378
223,3,0,19.488,179.581,0.416,361,129.691,453.72,0.253,0.343
224,5,0,19.628,179.023,0.416,354,129.851,450.965,0.249,0.341
225,7,0,19.512,179.023,0.414,357,129.831,451.842,0.251,0.339
226,10,0,19.419,179.023,0.413,363,129.871,455.041,0.254,0.341
227,5,0,19.326,179.023,0.414,367,129.865,454.448,0.256,0.341
228,5,0,19.419,179.302,0.413,367,129.72,467.361,0.259,0.359
229,4,0,19.512,180.558,0.417,369,129.567,474.319,0.263,0.376
230,4,0,19.698,180.372,0.422,366,129.622,473.232,0.261,0.383
231,2,0,19.837,180.814,0.42,363,129.628,472.477,0.26,0.39
232,3,0,20.07,180.814,0.421,360,129.672,475.276,0.257,0.399
233,6,0,19.744,180.814,0.421,361,129.779,466.516,0.257,0.373
234,2,0,19.837,180.814,0.421,361,129.765,467.932,0.257,0.383
235,1,0,19.698,180.814,0.421,358,129.845,462.715,0.257,0.371
236,1,0,19.884,180.814,0.423,354,129.887,457.465,0.253,0.372
237,5,0,19.884,180.814,0.421,353,129.912,458.813,0.253,0.373
238,3,0,19.744,180.814,0.42,350,129.946,453.653,0.252,0.36
239,3,0,19.791,180.814,0.42,349,129.909,461.173,0.254,0.369
240,4,0,19.605,180.628,0.418,352,129.951,456.66,0.254,0.356
241,6,0,19.651,184.465,0.418,355,129.87,464.467,0.257,0.367
242,8,0,19.698,183.279,0.419,357,129.944,468.563,0.255,0.367
243,4,0,19.744,183.279,0.42,357,129.931,470.973,0.255,0.371
244,8,0,19.605,183.279,0.419,359,129.974,466.278,0.256,0.362
245,3,0,19.605,183.279,0.417,355,130.032,453.213,0.251,0.347
246,6,0,19.419,183.279,0.416,355,130.029,450.528,0.252,0.337
247,10,0,19.372,183.349,0.414,365,129.893,460.364,0.257,0.35
248,7,0,19.302,183.488,0.415,370,129.857,462.217,0.26,0.353
249,7,0,19.419,183.488,0.417,373,129.866,461.895,0.258,0.357
250,6,0,19.326,183.488,0.415,375,129.879,459.808,0.259,0.353
251,5,0,19.512,183.488,0.415,375,129.851,463.562,0.259,0.367
252,5,0,19.512,184.0,0.417,374,129.869,460.354,0.258,0.361
253,4,0,19.442,182.395,0.414,373,129.9,459.29,0.258,0.357
254,3,0,19.535,182.674,0.413,374,129.841,469.888,0.261,0.373
255,7,0,19.442,182.674,0.412,380,129.772,472.185,0.265,0.381
256,6,0,19.116,182.814,0.415,376,129.939,452.17,0.26,0.341
257,3,0,19.256,180.628,0.415,374,129.893,453.43,0.259,0.346
258,3,0,19.256,180.628,0.416,373,129.811,450.934,0.259,0.347
259,2,0,19.14,180.628,0.416,372,129.9,449.819,0.259,0.339
260,3,0,19.07,180.628,0.416,370,129.968,449.539,0.257,0.33
261,7,0,19.256,181.535,0.421,372,129.905,454.397,0.259,0.347
262,3,0,19.209,181.535,0.421,372,129.92,451.541,0.258,0.342
263,8,0,19.419,182.884,0.419,375,129.77,466.011,0.263,0.371
264,3,0,19.326,182.884,0.419,378,129.749,465.947,0.265,0.37
265,2,1,19.512,182.884,0.419,373,129.769,462.672,0.261,0.372
266,5,0,19.791,183.14,0.418,373,129.629,479.592,0.265,0.405
267,5,1,19.907,186.07,0.419,373,129.664,482.857,0.265,0.413
268,7,1,20.256,186.279,0.42,372,129.645,489.053,0.263,0.435
269,4,0,20.372,186.419,0.416,368,129.626,492.271,0.263,0.441
270,3,0,20.302,186.442,0.417,365,129.7,486.867,0.261,0.431
271,5,0,20.14,187.465,0.422,364,129.637,487.158,0.263,0.425
272,3,0,20.093,187.465,0.42,361,129.718,480.231,0.26,0.412
273,9,0,19.953,187.465,0.421,362,129.724,472.34,0.259,0.397
274,5,0,19.767,187.581,0.42,364,129.736,477.561,0.261,0.391
275,4,0,19.767,186.581,0.421,361,129.81,470.081,0.259,0.385
276,3,0,19.767,186.581,0.424,361,129.772,472.2,0.261,0.389
277,7,0,19.86,186.581,0.422,365,129.787,479.648,0.264,0.407
278,6,0,19.535,186.767,0.422,367,129.793,469.885,0.263,0.381
279,6,0,19.302,187.14,0.425,372,129.68,473.014,0.269,0.383
280,5,0,19.395,187.14,0.426,373,129.75,469.44,0.267,0.383
281,5,0,19.395,187.558,0.426,370,128.338,470.693,0.267,0.373
282,6,0,19.674,187.558,0.426,374,128.153,486.184,0.274,0.417
283,0,0,19.767,187.558,0.428,366,128.311,483.748,0.27,0.409
284,2,0,20.0,187.558,0.429,361,128.358,480.176,0.266,0.414
285,5,0,20.023,187.558,0.431,356,128.605,467.701,0.26,0.395
286,7,0,19.884,187.558,0.435,359,128.563,467.106,0.26,0.385
287,7,0,19.884,187.558,0.435,363,128.517,476.594,0.262,0.394
288,4,0,19.744,187.558,0.431,363,128.477,475.079,0.264,0.388
289,6,1,20.07,187.558,0.433,360,128.436,479.108,0.264,0.412
290,8,0,20.279,187.558,0.436,361,128.273,485.219,0.265,0.433
291,3,0,20.372,187.558,0.436,358,128.263,487.391,0.265,0.439
292,6,0,20.465,188.465,0.435,359,128.297,488.428,0.264,0.441
293,3,0,20.419,188.465,0.435,359,128.252,488.799,0.265,0.442
294,0,0,20.512,188.465,0.436,354,128.295,482.959,0.262,0.437
295,5,0,20.465,188.465,0.432,354,128.322,484.457,0.261,0.432
296,4,0,20.372,188.465,0.432,357,128.326,484.881,0.263,0.433
297,8,0,20.279,188.465,0.433,359,128.374,480.593,0.262,0.42
298,4,0,20.326,188.465,0.435,358,128.499,473.447,0.257,0.406
299,4,0,20.047,186.698,0.436,354,128.468,470.148,0.258,0.389
300,8,0,19.814,188.767,0.437,357,128.485,464.445,0.258,0.372
301,5,0,19.674,188.767,0.436,354,128.592,458.867,0.255,0.353
302,6,0,19.721,189.395,0.434,358,128.395,465.641,0.258,0.366
303,3,0,19.837,189.395,0.434,358,128.384,467.515,0.257,0.371
304,4,0,19.698,189.767,0.435,359,128.461,461.165,0.256,0.357
305,6,0,19.628,189.767,0.435,363,128.378,468.078,0.259,0.363
306,3,0,19.628,189.767,0.436,366,128.353,470.924,0.261,0.369
307,4,0,19.674,189.767,0.441,367,128.338,476.351,0.263,0.38
308,2,0,19.674,189.767,0.441,360,128.605,460.584,0.254,0.352
309,5,0,19.628,189.767,0.441,363,128.586,461.271,0.255,0.35
310,2,0,19.581,189.767,0.439,362,128.741,456.121,0.252,0.337
311,6,0,19.628,189.767,0.439,367,128.69,461.037,0.254,0.348
312,3,0,19.488,189.767,0.438,368,128.662,462.19,0.257,0.347
313,7,0,19.419,191.721,0.437,370,128.6,465.692,0.261,0.355
314,6,0,19.186,191.721,0.436,374,128.565,463.203,0.262,0.341
315,7,0,19.279,191.302,0.435,375,129.937,468.111,0.262,0.36
316,6,0,19.628,191.535,0.434,378,129.846,479.878,0.265,0.395
317,4,0,19.535,191.535,0.434,378,129.821,476.687,0.265,0.387
318,6,1,19.372,191.535,0.434,378,129.918,470.39,0.262,0.368
319,3,0,19.372,191.535,0.433,378,129.873,470.152,0.263,0.368
320,2,0,19.233,191.419,0.431,376,130.0,460.417,0.26,0.351
321,2,0,19.419,191.419,0.431,372,130.032,458.487,0.258,0.358
322,8,0,19.372,191.419,0.432,376,129.962,462.709,0.261,0.364
323,6,1,19.186,191.419,0.431,377,129.993,459.174,0.263,0.357
324,3,0,19.186,191.279,0.432,374,130.016,460.285,0.262,0.352
325,4,0,19.372,191.279,0.434,373,130.052,463.899,0.26,0.36
326,9,0,19.326,191.279,0.432,382,129.914,471.07,0.266,0.376
327,5,0,19.419,189.93,0.432,385,129.863,478.113,0.267,0.387
328,4,0,19.442,189.93,0.433,385,129.854,479.366,0.266,0.384
329,5,0,19.628,189.93,0.433,386,129.799,486.613,0.267,0.402
330,6,0,19.721,189.93,0.432,388,129.821,488.108,0.267,0.408
331,4,0,19.488,189.93,0.431,390,129.844,483.848,0.268,0.395
332,4,0,19.721,189.93,0.435,387,129.87,483.331,0.267,0.408
333,3,0,19.628,189.93,0.434,385,129.881,487.189,0.267,0.403
334,6,0,19.488,189.93,0.433,389,129.771,486.472,0.271,0.405
335,12,0,19.767,189.93,0.429,394,129.583,503.023,0.274,0.434
336,5,0,19.535,189.93,0.428,396,129.606,495.343,0.274,0.418
337,6,0,19.442,189.93,0.429,400,129.565,497.12,0.276,0.418
338,11,0,19.442,190.302,0.429,400,129.611,500.137,0.274,0.41
339,4,0,19.721,190.535,0.43,397,129.581,497.577,0.272,0.425
340,4,0,19.767,190.535,0.431,394,129.528,496.825,0.271,0.424
341,6,0,19.884,190.093,0.426,393,129.397,505.045,0.271,0.434
342,7,0,19.744,190.093,0.422,394,129.5,494.484,0.27,0.419
343,2,0,20.163,190.093,0.428,391,129.534,501.198,0.268,0.444
344,6,0,20.302,192.209,0.428,392,129.494,507.202,0.269,0.459
345,7,0,20.372,190.256,0.426,397,129.365,520.449,0.273,0.479
346,6,0,20.372,190.349,0.424,400,129.337,519.839,0.275,0.482
347,5,1,20.279,190.349,0.423,401,129.345,520.461,0.275,0.478
348,7,0,20.0,190.791,0.426,400,129.394,513.605,0.272,0.446
349,7,0,19.907,190.93,0.428,401,129.322,509.833,0.275,0.448
350,5,0,20.14,190.93,0.428,401,129.266,515.361,0.275,0.464
351,3,0,20.093,190.93,0.427,400,129.268,512.808,0.276,0.466
352,4,0,19.907,190.93,0.427,399,129.277,505.484,0.275,0.447
353,2,0,20.023,191.07,0.431,396,129.308,502.103,0.272,0.446
354,3,0,20.349,190.93,0.43,392,129.354,504.321,0.269,0.459
355,6,0,20.163,190.93,0.431,395,129.339,507.319,0.269,0.447
356,6,0,19.884,190.93,0.424,394,129.517,494.707,0.265,0.413
357,7,1,20.116,191.581,0.425,394,127.513,500.434,0.267,0.42
358,6,0,20.186,191.093,0.428,390,127.602,495.715,0.261,0.406
359,10,0,20.093,192.116,0.427,392,127.583,502.83,0.267,0.419
360,4,0,19.953,192.116,0.424,388,127.762,492.828,0.262,0.391
361,2,0,19.907,192.116,0.422,386,127.881,487.447,0.26,0.381
362,9,0,19.721,192.116,0.422,393,127.793,491.013,0.263,0.38
363,5,0,19.628,192.116,0.423,394,127.876,485.978,0.263,0.372
364,2,0,19.674,192.116,0.421,393,127.854,487.322,0.264,0.379
365,6,1,19.721,192.116,0.423,397,127.707,492.458,0.269,0.399
366,6,0,19.86,192.279,0.419,397,127.508,500.214,0.271,0.415
367,9,1,19.814,194.0,0.424,398,127.398,500.696,0.273,0.417
368,11,1,20.07,194.349,0.424,402,127.255,513.289,0.277,0.449
369,5,1,19.884,194.349,0.423,404,127.214,513.281,0.279,0.444
370,4,0,19.651,194.349,0.426,403,127.309,508.044,0.278,0.425
371,4,0,19.535,194.349,0.424,405,127.291,507.79,0.28,0.42
372,4,2,19.721,194.349,0.424,403,127.314,508.734,0.277,0.426
373,8,0,19.814,194.349,0.424,409,127.156,517.96,0.283,0.45
374,8,1,19.814,194.349,0.424,414,127.118,517.799,0.284,0.455
375,4,0,19.814,194.349,0.426,409,127.163,511.671,0.279,0.438
376,6,0,19.628,194.349,0.424,411,127.159,510.042,0.281,0.431
377,6,0,19.674,194.349,0.423,414,127.118,511.796,0.282,0.437
378,6,0,19.86,194.349,0.422,418,127.021,518.395,0.284,0.457
379,3,0,19.814,194.349,0.423,418,127.021,519.463,0.285,0.458
380,5,0,19.93,194.488,0.422,418,126.96,527.443,0.287,0.473
381,6,1,19.977,194.488,0.428,419,126.959,527.192,0.286,0.476
382,9,2,19.814,194.488,0.431,417,127.081,506.787,0.28,0.44
383,5,0,19.721,194.628,0.43,417,127.089,506.703,0.281,0.436
384,7,0,19.651,195.14,0.432,419,127.118,505.048,0.281,0.434
385,5,1,20.023,195.14,0.431,416,127.055,512.898,0.282,0.463
386,3,1,19.884,195.14,0.425,414,127.137,509.509,0.28,0.445
387,3,0,20.209,195.14,0.426,413,127.09,514.438,0.279,0.467
388,3,0,20.163,195.14,0.425,413,127.185,509.06,0.277,0.459
389,8,0,19.93,195.326,0.423,420,127.11,512.744,0.282,0.458
390,6,0,19.744,195.326,0.422,418,127.084,505.457,0.281,0.44
391,8,0,19.628,195.326,0.422,421,127.02,505.63,0.284,0.441
392,3,0,20.07,195.326,0.426,418,126.969,515.107,0.281,0.462
393,6,0,20.116,195.326,0.426,421,126.945,519.088,0.281,0.468
394,2,0,20.14,195.326,0.429,416,126.978,515.328,0.28,0.465
395,3,0,20.093,195.326,0.434,411,127.073,499.778,0.275,0.442
396,3,0,20.163,195.326,0.433,410,127.066,500.406,0.274,0.444
397,11,0,20.395,195.326,0.432,415,126.972,512.759,0.276,0.469
398,2,0,20.767,195.326,0.433,409,126.992,515.179,0.272,0.484
399,5,0,20.674,195.326,0.432,406,127.04,510.424,0.271,0.474
400,5,0,20.674,195.14,0.432,405,127.089,505.196,0.27,0.469
401,4,0,20.721,195.0,0.432,406,127.017,510.829,0.271,0.477
402,9,0,20.791,195.0,0.433,410,126.853,518.245,0.276,0.5
403,3,0,20.93,195.116,0.435,407,126.931,516.767,0.274,0.503
404,3,0,20.93,195.116,0.435,404,126.898,519.222,0.274,0.505
405,2,0,21.0,195.116,0.435,403,126.906,520.626,0.274,0.508
406,6,0,20.605,195.116,0.431,402,127.008,510.129,0.272,0.473
407,2,0,20.558,195.116,0.432,402,127.005,513.958,0.274,0.475
408,9,0,20.209,195.116,0.427,408,127.047,508.932,0.277,0.461
409,5,0,20.256,195.116,0.422,407,127.027,509.304,0.275,0.458
410,6,0,20.186,195.116,0.42,405,127.037,507.084,0.274,0.448
411,5,0,20.558,195.116,0.421,404,126.934,519.146,0.274,0.476
412,6,0,20.558,195.116,0.421,403,127.018,511.185,0.271,0.466
413,6,0,20.698,195.116,0.42,406,126.982,517.981,0.271,0.476
414,4,0,20.651,195.116,0.42,405,127.004,513.916,0.27,0.468
415,3,0,20.581,194.023,0.419,404,127.049,508.92,0.268,0.455
416,7,1,20.395,194.023,0.417,407,126.979,508.929,0.273,0.458
417,3,0,20.209,194.023,0.416,406,126.963,505.799,0.274,0.447
418,4,0,20.535,193.791,0.418,403,126.955,512.952,0.274,0.472
419,0,0,20.674,193.791,0.418,398,126.944,516.804,0.272,0.478
420,6,0,20.674,193.791,0.418,403,126.893,519.739,0.276,0.49
421,5,0,20.721,193.907,0.419,404,126.869,522.287,0.276,0.493
422,6,0,20.837,193.907,0.42,408,126.839,530.729,0.278,0.512
423,5,0,20.605,193.907,0.418,407,126.876,529.424,0.279,0.497
424,2,0,20.698,193.907,0.423,404,126.92,523.977,0.277,0.496
425,4,0,20.837,193.907,0.425,403,126.915,529.812,0.276,0.502
426,7,0,20.558,193.907,0.424,408,126.889,527.614,0.278,0.49
427,8,0,20.698,193.907,0.427,408,126.978,525.349,0.277,0.496
428,3,0,20.558,193.814,0.428,403,127.172,516.74,0.271,0.465
429,3,0,20.651,193.814,0.426,401,127.138,519.65,0.271,0.472
430,3,0,20.791,193.814,0.424,403,127.052,525.933,0.273,0.492
431,3,0,20.884,193.814,0.426,401,127.037,525.019,0.272,0.496
432,3,0,20.884,193.814,0.427,400,126.98,524.015,0.273,0.497
433,0,0,20.767,193.209,0.426,396,127.051,514.275,0.27,0.477
434,9,1,20.953,193.209,0.426,401,126.99,522.508,0.271,0.495
435,6,0,21.233,193.07,0.427,402,126.954,531.077,0.27,0.515
436,5,0,21.326,192.953,0.428,401,126.982,529.333,0.268,0.513
437,7,0,21.07,192.953,0.425,401,126.957,534.518,0.272,0.507
438,10,0,20.977,192.953,0.421,409,126.853,540.7,0.278,0.521
439,3,0,20.884,192.953,0.422,406,126.911,529.548,0.275,0.505
440,3,0,20.488,192.814,0.419,401,127.01,518.721,0.271,0.461
441,6,0,20.535,192.814,0.419,403,127.019,523.338,0.273,0.471
442,2,0,20.628,192.93,0.423,399,127.073,520.534,0.27,0.466
443,4,0,20.395,192.93,0.425,398,127.101,512.219,0.269,0.444
444,5,0,20.256,192.837,0.423,398,127.205,508.206,0.266,0.426
445,2,0,20.349,192.837,0.424,392,127.295,499.689,0.262,0.419
446,2,0,20.256,192.837,0.424,390,127.32,493.625,0.261,0.409
447,5,0,20.209,191.907,0.427,388,127.356,491.89,0.261,0.403
448,4,0,20.163,191.907,0.426,391,127.314,497.567,0.263,0.408
449,6,0,20.233,191.907,0.423,394,127.226,506.354,0.266,0.423
450,6,0,20.186,191.907,0.419,397,127.167,510.877,0.269,0.429
451,7,0,20.372,192.07,0.431,402,127.012,527.384,0.273,0.459
452,4,0,20.233,192.07,0.431,403,127.002,528.351,0.275,0.454
453,7,0,20.186,191.419,0.431,404,129.039,525.37,0.274,0.463
454,4,0,20.0,191.419,0.426,405,129.097,520.366,0.273,0.448
455,13,0,20.093,191.837,0.427,413,129.063,535.258,0.278,0.47
456,3,0,20.047,191.837,0.428,414,129.105,534.069,0.276,0.462
457,2,0,20.279,191.837,0.429,413,129.093,538.227,0.276,0.477
458,4,0,20.233,191.744,0.427,414,129.087,540.179,0.277,0.477
459,4,0,20.279,191.744,0.431,413,129.082,540.465,0.278,0.488
460,6,0,20.442,191.93,0.433,413,129.1,543.695,0.277,0.496
461,5,0,20.488,191.93,0.435,409,129.304,540.724,0.274,0.488
462,8,0,20.628,191.93,0.435,412,129.242,543.088,0.274,0.498
463,8,0,20.86,192.419,0.436,415,129.113,562.633,0.281,0.541
464,3,0,20.953,192.419,0.435,412,129.11,564.949,0.28,0.548
465,7,0,21.047,192.674,0.437,416,128.988,579.193,0.285,0.572
466,7,1,21.279,193.326,0.438,416,128.846,590.163,0.288,0.599
467,5,0,21.558,193.326,0.439,417,128.746,595.531,0.288,0.617
468,6,2,21.488,193.14,0.44,415,128.758,592.464,0.287,0.61
469,3,0,21.535,193.14,0.44,416,128.752,594.119,0.288,0.616
470,0,0,21.628,193.14,0.44,414,128.782,595.414,0.287,0.618
471,7,1,21.791,193.023,0.439,411,128.674,603.52,0.288,0.635
472,7,0,21.791,193.023,0.439,416,128.633,612.981,0.29,0.64
473,8,0,21.512,193.209,0.438,422,128.591,611.605,0.293,0.631
474,4,1,21.698,193.209,0.438,423,128.469,614.904,0.295,0.648
475,1,0,21.744,193.209,0.438,420,128.478,613.826,0.294,0.65
476,4,0,21.651,193.023,0.441,416,128.511,614.289,0.293,0.64
477,4,0,21.512,193.023,0.439,415,128.539,610.077,0.292,0.627
478,5,0,21.558,193.07,0.437,414,128.511,612.879,0.293,0.631
479,2,0,21.581,191.953,0.437,413,128.512,613.081,0.292,0.631
480,5,0,21.651,191.674,0.435,416,128.497,616.801,0.293,0.639
481,3,0,21.372,191.744,0.434,414,128.57,608.378,0.291,0.613
482,6,0,21.372,192.023,0.437,419,128.472,613.497,0.296,0.631
483,4,0,21.651,192.302,0.437,414,128.475,621.164,0.296,0.65
484,6,0,21.651,192.302,0.436,413,128.439,626.215,0.297,0.653
485,8,2,21.674,192.302,0.436,410,128.52,617.067,0.293,0.64
486,7,0,21.581,192.302,0.435,416,128.405,623.042,0.296,0.645
487,4,1,21.535,192.302,0.435,417,128.436,614.836,0.296,0.64
488,9,1,21.14,192.302,0.431,422,128.435,615.459,0.299,0.622
489,5,0,20.977,190.791,0.429,422,128.482,609.222,0.3,0.613
490,4,0,21.023,190.791,0.43,422,128.509,608.276,0.298,0.61
491,4,1,20.837,190.093,0.432,418,128.557,593.859,0.294,0.583
492,3,0,20.791,189.907,0.435,419,128.544,592.229,0.294,0.58
493,2,0,20.837,189.512,0.436,415,128.558,590.743,0.292,0.577
494,8,0,21.302,190.512,0.433,419,128.392,613.715,0.299,0.633
495,3,0,21.349,190.814,0.432,420,128.386,616.763,0.3,0.641
496,1,0,20.977,190.814,0.431,417,128.482,596.042,0.298,0.608
497,6,0,20.791,190.814,0.429,418,128.479,592.399,0.299,0.597
498,3,0,20.837,190.814,0.425,415,128.483,587.483,0.297,0.595
499,4,0,20.837,190.884,0.427,410,128.546,589.421,0.294,0.585
500,6,0,21.023,190.884,0.427,412,128.492,597.036,0.297,0.607
501,4,0,20.884,190.837,0.427,411,128.5,589.974,0.297,0.598
502,4,0,20.605,190.837,0.426,411,128.551,591.102,0.298,0.58
503,3,0,20.535,190.163,0.428,406,128.623,586.618,0.295,0.565
504,1,0,20.674,190.163,0.43,403,128.63,585.289,0.292,0.564
505,4,0,20.488,190.163,0.429,402,128.656,575.591,0.291,0.546
506,2,0,20.442,190.163,0.429,400,128.684,569.241,0.29,0.539
507,4,0,20.953,190.116,0.432,392,128.639,585.462,0.286,0.566
508,5,0,21.0,190.116,0.433,394,128.604,588.314,0.288,0.574
509,7,0,20.93,190.14,0.435,397,128.624,583.182,0.288,0.568
510,7,0,21.279,190.721,0.436,399,128.541,596.317,0.289,0.597
511,4,0,21.186,190.721,0.433,400,128.525,595.142,0.29,0.596
512,5,0,21.326,191.721,0.433,400,128.55,596.762,0.289,0.602
513,7,0,21.326,191.884,0.434,401,128.561,597.193,0.289,0.601
514,8,1,21.093,191.884,0.435,400,128.684,589.425,0.288,0.581
515,4,0,21.14,191.884,0.432,397,128.706,588.655,0.286,0.577
516,4,0,21.256,191.884,0.432,398,128.648,594.116,0.287,0.592
517,3,0,21.302,191.884,0.432,397,128.671,596.462,0.287,0.596
518,6,0,21.256,191.884,0.429,399,128.631,594.235,0.291,0.603
519,5,0,21.442,191.721,0.432,395,128.639,591.371,0.288,0.609
520,4,0,21.256,191.326,0.432,396,128.641,587.635,0.289,0.598
521,5,0,21.395,191.326,0.434,393,128.724,587.677,0.287,0.603
522,6,1,21.419,191.326,0.436,392,128.828,587.482,0.286,0.601
523,3,0,21.814,191.326,0.438,390,128.791,586.759,0.285,0.625
524,9,0,21.721,192.465,0.438,395,128.737,591.086,0.286,0.624
525,5,0,21.674,192.465,0.441,398,128.707,594.633,0.288,0.625
526,4,0,21.767,192.465,0.443,398,128.814,586.878,0.286,0.626
527,4,0,21.605,192.465,0.443,397,128.854,580.477,0.284,0.609
528,5,0,21.651,192.419,0.44,398,128.801,585.397,0.285,0.616
529,9,0,21.698,192.256,0.439,401,128.792,586.202,0.286,0.621
530,6,0,21.884,191.93,0.439,402,128.85,587.76,0.284,0.628
531,5,1,22.023,192.791,0.444,400,128.932,585.105,0.282,0.633
532,4,1,22.023,192.791,0.443,401,128.874,591.945,0.284,0.638
533,6,0,21.814,192.791,0.441,399,128.973,586.989,0.285,0.626
534,5,0,21.767,192.791,0.443,398,128.975,589.505,0.285,0.623
535,3,0,22.047,192.791,0.443,396,128.935,596.383,0.285,0.643
536,7,1,22.07,192.791,0.444,396,128.819,595.756,0.282,0.635
537,5,0,22.093,192.814,0.445,398,128.761,598.069,0.284,0.641
538,3,0,22.186,192.814,0.446,396,128.809,588.707,0.28,0.635
539,6,0,22.047,192.814,0.443,398,128.839,591.31,0.282,0.633
540,2,0,22.047,192.814,0.442,394,128.878,581.534,0.279,0.622
541,7,0,22.047,192.814,0.442,397,128.891,592.407,0.281,0.63
542,5,0,22.14,192.814,0.443,397,128.932,591.545,0.28,0.633
543,5,1,22.163,192.349,0.443,398,128.928,593.325,0.28,0.636
544,13,0,22.209,192.349,0.441,406,128.685,609.304,0.291,0.675
545,12,1,22.116,192.349,0.44,412,128.55,625.12,0.297,0.686
546,7,1,22.07,192.349,0.444,410,128.486,626.083,0.298,0.686
547,6,0,21.977,192.349,0.443,411,128.519,624.477,0.297,0.677
548,5,0,21.93,192.349,0.444,409,128.642,619.534,0.297,0.672
549,3,0,21.977,192.349,0.44,407,128.668,618.898,0.297,0.676
550,3,0,21.977,192.349,0.44,405,128.752,612.984,0.293,0.664
551,1,0,22.116,192.349,0.442,399,128.806,612.915,0.289,0.662
552,2,0,22.047,192.349,0.442,401,128.815,611.966,0.29,0.659
553,3,0,22.0,192.349,0.444,397,128.755,608.284,0.289,0.652
554,6,1,22.0,192.349,0.443,398,128.709,608.999,0.29,0.657
555,5,0,22.279,192.349,0.442,394,128.721,611.234,0.289,0.673
556,13,0,22.326,192.465,0.443,401,128.662,619.719,0.292,0.686
557,7,0,22.093,192.465,0.438,406,128.694,613.859,0.294,0.675
558,3,0,22.14,192.465,0.439,404,128.738,608.83,0.292,0.673
559,2,0,22.186,192.465,0.437,401,128.772,606.259,0.289,0.668
560,6,0,21.814,192.465,0.432,403,128.782,595.834,0.289,0.64
561,7,0,21.907,192.581,0.432,405,128.704,599.289,0.292,0.656
562,4,0,21.86,192.581,0.432,402,128.812,591.962,0.289,0.645
563,3,1,21.814,192.581,0.429,400,128.855,583.29,0.287,0.633
564,6,0,21.535,192.581,0.43,398,128.891,570.712,0.286,0.608
565,3,0,21.442,192.581,0.43,396,129.008,561.048,0.281,0.587
566,4,0,21.628,192.581,0.43,393,129.045,555.889,0.278,0.59
567,2,0,21.302,192.581,0.43,389,129.141,545.999,0.275,0.556
568,4,0,21.349,192.581,0.43,393,129.08,552.572,0.28,0.576
569,4,0,21.372,192.581,0.435,392,129.021,558.26,0.28,0.578
570,3,0,21.302,192.581,0.437,393,129.077,554.695,0.279,0.567
571,4,0,21.163,192.581,0.437,393,129.101,550.873,0.277,0.552
572,8,0,21.302,192.721,0.44,398,128.973,565.956,0.284,0.586
573,8,0,21.302,192.721,0.438,402,128.852,577.211,0.287,0.596
574,2,0,21.349,192.721,0.439,397,128.974,570.559,0.282,0.582
575,11,0,21.163,192.721,0.438,405,128.941,567.541,0.285,0.58
576,3,1,21.07,191.907,0.438,405,128.965,562.749,0.284,0.568
577,7,0,21.07,191.93,0.437,403,129.06,561.192,0.282,0.561
578,4,0,21.116,191.953,0.44,403,129.123,561.759,0.281,0.563
579,6,0,20.977,191.953,0.436,404,129.166,561.663,0.281,0.553
580,10,0,20.791,191.953,0.436,409,129.127,560.371,0.283,0.545
581,5,0,20.977,191.953,0.437,409,129.047,576.162,0.286,0.567
582,4,0,21.116,191.953,0.439,404,129.128,569.618,0.28,0.559
583,5,0,21.07,191.419,0.441,399,129.246,562.854,0.276,0.543
584,4,0,21.023,191.535,0.442,399,129.331,558.93,0.276,0.538
585,13,0,21.209,191.767,0.443,411,129.14,585.528,0.286,0.587
586,1,0,21.442,191.767,0.446,406,129.299,578.895,0.281,0.589
587,7,0,21.442,191.767,0.443,408,129.092,588.75,0.284,0.599
588,5,0,21.349,191.767,0.441,410,129.164,586.319,0.285,0.594
589,6,0,21.349,191.767,0.44,411,129.1,581.408,0.284,0.592
590,1,0,21.349,191.767,0.439,408,129.182,575.512,0.283,0.587
591,5,0,21.628,191.767,0.44,409,129.117,591.65,0.285,0.614
592,3,0,21.581,191.767,0.44,408,129.171,589.01,0.283,0.606
593,2,0,21.721,191.767,0.439,406,129.196,592.308,0.283,0.614
594,4,0,21.302,191.744,0.438,405,129.256,579.404,0.283,0.586
595,8,1,21.581,191.744,0.439,407,129.178,590.882,0.285,0.613
596,6,0,21.558,191.907,0.44,410,129.077,595.372,0.288,0.619
597,7,0,21.791,191.907,0.443,413,128.956,602.324,0.29,0.642
598,5,0,21.86,191.907,0.445,410,128.883,601.405,0.288,0.639
599,5,0,21.628,191.953,0.444,412,128.878,601.673,0.29,0.63
600,3,0,21.488,192.256,0.441,409,128.886,592.183,0.289,0.618
601,4,0,21.535,192.256,0.443,410,128.897,590.968,0.289,0.621
602,7,0,21.674,192.256,0.445,411,128.859,596.868,0.289,0.629
603,1,0,21.767,192.233,0.446,409,128.919,594.798,0.287,0.63
604,5,0,21.814,192.233,0.446,409,128.935,596.057,0.287,0.633
605,5,0,21.86,192.116,0.45,406,128.954,593.962,0.285,0.631
606,0,0,22.047,192.116,0.45,400,129.052,589.995,0.282,0.634
607,4,0,21.953,192.07,0.451,398,129.172,580.639,0.28,0.622
608,7,0,22.0,192.047,0.451,398,129.19,583.095,0.279,0.624
609,3,0,22.0,191.744,0.451,394,129.205,579.613,0.278,0.62
610,4,0,22.14,191.86,0.45,391,129.2,574.941,0.277,0.625
611,6,0,22.186,191.86,0.448,395,129.166,577.284,0.279,0.635
612,3,0,22.047,191.372,0.45,389,129.305,569.969,0.273,0.604
613,6,0,21.953,191.372,0.45,391,129.305,571.157,0.275,0.605
614,2,0,21.907,191.512,0.451,390,129.446,567.779,0.273,0.595
615,9,0,21.488,191.512,0.451,391,129.587,548.994,0.272,0.56
616,5,0,21.465,191.674,0.448,390,129.786,541.981,0.27,0.554
617,2,0,21.419,191.674,0.446,388,129.803,536.705,0.268,0.543
618,5,0,21.581,191.395,0.447,389,129.604,545.735,0.27,0.562
619,8,0,21.744,191.395,0.446,391,129.493,551.292,0.271,0.578
620,8,0,21.93,191.395,0.449,390,129.398,561.728,0.272,0.594
621,5,0,21.791,191.395,0.451,388,129.467,549.489,0.268,0.568
622,10,0,21.651,191.395,0.447,393,129.626,550.894,0.269,0.564
623,8,0,21.605,191.721,0.447,399,129.521,561.281,0.274,0.577
624,3,0,21.512,191.767,0.447,399,129.569,552.605,0.273,0.568
625,6,0,21.465,191.767,0.447,402,129.609,560.653,0.274,0.568
626,0,0,21.698,191.767,0.446,396,129.64,557.85,0.27,0.572
627,2,0,21.698,191.767,0.448,389,129.869,545.995,0.266,0.56
628,4,0,21.698,191.767,0.448,391,129.949,544.514,0.267,0.561
629,3,0,21.465,191.767,0.447,394,129.958,547.812,0.268,0.549
630,4,0,21.651,191.767,0.446,394,129.877,550.71,0.269,0.566
631,8,0,21.651,191.721,0.448,396,129.766,553.253,0.27,0.568
632,2,0,21.605,191.721,0.449,394,129.909,547.172,0.268,0.559
633,8,0,21.628,192.233,0.448,392,129.82,543.535,0.266,0.554
634,5,0,21.628,192.233,0.447,394,129.807,542.354,0.267,0.556
635,5,0,21.349,192.233,0.448,396,129.854,531.827,0.266,0.532
636,5,0,21.395,192.233,0.448,400,129.803,541.095,0.269,0.545
637,6,0,21.349,192.233,0.446,401,130.0,538.041,0.269,0.545
638,7,0,21.209,192.233,0.445,404,130.031,533.919,0.272,0.544
639,3,1,21.395,192.233,0.447,401,130.098,535.536,0.268,0.545
640,8,0,20.907,192.233,0.444,404,130.411,522.783,0.271,0.52
641,3,0,21.0,192.233,0.443,404,130.425,522.619,0.269,0.52
642,3,0,21.047,192.233,0.443,406,130.358,524.267,0.271,0.53
643,5,0,20.907,192.233,0.441,408,130.378,519.177,0.271,0.519
644,8,0,20.628,192.233,0.44,411,130.375,513.181,0.271,0.496
645,6,0,20.535,192.233,0.441,413,130.33,513.502,0.274,0.5
646,5,0,20.581,192.023,0.442,413,130.41,512.263,0.272,0.498
647,4,0,20.953,192.023,0.442,413,130.333,518.748,0.271,0.523
648,5,0,20.953,192.93,0.442,413,129.971,520.273,0.271,0.521
649,4,0,20.977,193.023,0.443,415,129.978,522.477,0.271,0.522
650,3,0,20.791,193.023,0.443,412,130.331,506.864,0.267,0.496
651,0,0,20.698,193.023,0.444,406,130.524,498.602,0.262,0.471
652,4,0,20.791,193.023,0.445,406,130.488,498.329,0.261,0.476
653,2,0,20.698,193.023,0.445,405,130.511,490.097,0.261,0.467
654,8,0,20.977,193.581,0.443,408,128.628,498.162,0.263,0.479
655,4,0,21.116,193.581,0.442,409,128.587,503.626,0.264,0.495
656,5,0,20.372,193.023,0.436,406,130.622,474.281,0.257,0.427
657,7,0,20.442,193.256,0.435,411,130.608,476.639,0.258,0.438
658,6,1,20.209,193.256,0.435,410,130.673,475.424,0.259,0.424
659,2,0,20.116,193.256,0.435,410,130.682,473.588,0.259,0.416
660,4,0,20.256,193.256,0.436,408,130.658,477.655,0.261,0.434
661,3,0,20.14,192.744,0.437,408,130.714,473.515,0.259,0.418
662,5,0,19.884,192.744,0.436,403,130.887,462.143,0.257,0.394
663,6,0,19.814,192.744,0.436,404,130.981,455.548,0.256,0.385
664,5,0,20.047,193.326,0.436,403,130.967,455.715,0.255,0.398
665,3,0,20.256,193.326,0.435,399,130.952,459.875,0.253,0.407
666,4,0,20.116,193.326,0.435,399,131.004,454.566,0.253,0.397
667,9,0,20.023,193.326,0.435,405,130.967,461.613,0.256,0.403
668,3,0,19.907,193.326,0.435,405,130.972,458.969,0.257,0.396
669,5,0,20.0,193.326,0.436,403,130.983,455.705,0.255,0.396
670,3,0,20.047,193.326,0.436,400,130.998,455.827,0.252,0.391
671,7,0,20.233,193.372,0.436,402,130.933,462.226,0.252,0.402
672,5,0,20.256,193.372,0.438,403,130.891,463.281,0.253,0.407
673,1,0,20.395,193.372,0.438,400,130.935,461.08,0.25,0.409
674,5,0,20.581,193.372,0.439,398,130.934,468.049,0.252,0.428
675,6,0,20.674,193.233,0.441,392,130.937,465.413,0.249,0.425
676,7,0,20.605,193.233,0.438,395,130.834,471.082,0.254,0.437
677,4,0,20.698,193.372,0.433,395,130.87,471.985,0.253,0.439
678,2,0,20.837,193.372,0.433,391,130.888,469.693,0.25,0.441
679,7,0,20.93,193.372,0.432,393,130.793,475.727,0.253,0.458
680,2,0,20.884,193.372,0.432,392,130.807,475.992,0.253,0.454
681,4,0,20.953,193.372,0.434,390,130.884,464.839,0.248,0.442
682,5,0,20.907,193.372,0.434,388,131.369,461.861,0.247,0.441
683,4,0,20.86,193.372,0.433,390,131.361,461.438,0.248,0.44
684,7,0,20.837,193.512,0.432,390,131.405,458.938,0.248,0.437
685,4,0,20.977,193.512,0.431,390,131.402,460.081,0.247,0.444
686,6,0,20.791,193.512,0.431,391,131.386,455.2,0.247,0.431
687,2,0,20.744,192.93,0.433,388,131.488,448.87,0.243,0.414
688,4,0,20.953,193.209,0.433,386,131.482,454.491,0.243,0.428
689,0,0,20.953,193.209,0.434,382,131.501,451.391,0.241,0.423
690,7,0,20.907,193.209,0.432,386,131.575,440.68,0.24,0.414
691,4,0,20.767,193.07,0.433,384,131.657,436.181,0.236,0.392
692,1,0,20.767,192.372,0.432,380,131.783,428.366,0.232,0.378
693,4,0,21.023,192.372,0.433,376,131.839,432.452,0.229,0.388
694,5,0,21.023,192.372,0.435,377,131.619,434.687,0.232,0.396
695,8,0,20.744,192.372,0.435,379,131.687,435.977,0.236,0.391
696,5,0,20.721,192.372,0.434,379,131.729,429.601,0.235,0.384
697,4,0,20.535,192.209,0.437,377,131.732,423.111,0.234,0.368
698,3,0,20.535,191.814,0.438,373,131.82,413.098,0.231,0.357
699,7,0,20.442,189.093,0.432,372,132.635,401.063,0.227,0.345
700,4,0,20.744,189.093,0.432,371,132.635,405.652,0.225,0.361
701,3,0,20.698,188.814,0.432,371,132.622,404.245,0.223,0.349
702,1,0,20.651,188.814,0.432,370,132.626,403.035,0.223,0.344
703,3,0,20.326,188.814,0.427,367,132.725,393.703,0.222,0.322
704,5,0,20.465,188.953,0.43,368,132.586,401.609,0.226,0.344
705,4,0,20.465,188.953,0.43,369,132.505,408.998,0.228,0.349
706,3,0,20.186,188.953,0.422,364,132.709,395.887,0.225,0.321
707,3,0,20.233,188.953,0.421,362,132.676,396.384,0.225,0.325
708,6,0,19.977,189.186,0.421,361,132.67,390.534,0.225,0.306
709,4,0,19.977,189.512,0.419,359,132.649,394.262,0.224,0.303
710,7,0,19.93,189.512,0.417,361,132.524,397.914,0.226,0.306
711,10,0,19.884,188.814,0.417,368,132.404,405.551,0.231,0.316
712,8,0,19.884,188.814,0.416,372,132.31,415.673,0.234,0.327
713,4,0,19.977,188.814,0.417,371,132.385,412.808,0.233,0.331
714,4,0,19.744,188.814,0.418,373,132.356,415.537,0.235,0.321
715,4,0,19.791,188.814,0.42,374,132.329,416.787,0.236,0.326
716,7,0,19.953,188.884,0.423,372,131.768,422.319,0.236,0.334
717,4,0,20.0,188.884,0.422,373,131.718,428.102,0.238,0.343
718,8,0,20.186,189.047,0.423,376,131.338,441.895,0.242,0.367
719,2,0,20.163,189.047,0.425,374,131.43,433.589,0.24,0.36
720,7,0,20.209,189.233,0.423,376,131.332,446.943,0.244,0.376
721,3,0,20.349,189.233,0.421,373,131.269,449.15,0.241,0.377
722,6,0,20.209,188.907,0.42,375,131.509,449.112,0.242,0.371
723,6,0,19.93,188.907,0.42,376,131.485,445.472,0.243,0.353
724,4,0,20.116,191.884,0.421,376,130.965,460.317,0.248,0.379
725,4,0,20.395,191.884,0.421,377,130.812,469.528,0.251,0.41
726,5,0,20.442,191.884,0.421,378,130.77,470.324,0.251,0.413
727,8,0,20.535,191.884,0.424,379,130.485,478.838,0.254,0.43
728,7,0,20.558,191.884,0.426,381,130.484,478.934,0.255,0.435
729,6,0,20.512,192.744,0.426,376,130.401,481.514,0.255,0.429
730,8,0,20.326,192.744,0.426,378,130.431,478.594,0.256,0.419
731,5,0,19.907,192.744,0.423,373,130.769,455.904,0.251,0.373
732,8,0,19.977,192.744,0.424,381,130.673,468.378,0.257,0.4
733,7,0,19.93,192.744,0.429,383,130.572,476.697,0.26,0.404
734,10,1,19.86,192.744,0.428,387,130.373,475.559,0.26,0.399
735,9,0,20.14,192.419,0.428,390,130.125,483.201,0.261,0.42
736,5,0,20.093,192.419,0.428,390,130.186,480.971,0.261,0.417
737,5,0,20.558,192.419,0.431,391,130.071,496.192,0.265,0.467
738,5,0,20.558,192.419,0.431,395,130.026,498.221,0.267,0.476
739,6,0,20.326,192.349,0.425,393,130.103,487.81,0.264,0.447
740,7,0,20.419,192.349,0.426,394,130.001,492.954,0.266,0.461
741,6,0,20.605,192.488,0.425,397,129.83,504.832,0.269,0.483
742,8,0,20.372,192.488,0.423,400,129.832,499.488,0.268,0.464
743,11,0,20.488,192.488,0.419,405,129.881,503.469,0.269,0.475
744,1,0,20.395,192.488,0.42,402,129.95,494.27,0.268,0.464
745,6,0,20.349,192.488,0.418,404,129.92,500.848,0.269,0.466
746,8,0,20.442,192.488,0.418,404,129.878,508.664,0.271,0.478
747,2,0,20.791,192.535,0.421,398,129.841,516.735,0.27,0.501
748,5,0,20.698,192.535,0.424,398,129.976,510.709,0.268,0.488
749,8,0,20.791,192.698,0.425,399,129.919,519.871,0.269,0.499
750,4,0,20.837,192.698,0.424,397,129.977,511.451,0.266,0.493
751,8,0,20.651,192.698,0.423,402,129.935,514.51,0.269,0.488
752,5,0,20.372,192.698,0.423,405,129.931,508.33,0.27,0.47
753,2,0,20.372,192.698,0.424,400,130.017,496.494,0.264,0.451
754,7,0,20.279,192.698,0.422,404,129.888,503.427,0.27,0.463
755,7,1,20.093,192.698,0.419,400,129.902,496.75,0.269,0.444
756,6,0,19.814,191.953,0.417,400,130.081,484.597,0.266,0.414
757,8,0,19.953,192.256,0.423,402,130.08,494.162,0.269,0.436
758,4,0,20.093,192.116,0.426,401,129.989,501.113,0.271,0.454
759,3,0,20.233,192.116,0.427,401,130.004,503.115,0.27,0.459
760,5,0,20.326,192.116,0.426,405,129.928,512.086,0.273,0.478
761,6,0,20.419,192.116,0.43,405,129.81,522.55,0.275,0.491
762,3,0,20.07,192.116,0.429,402,129.938,502.336,0.273,0.457
763,7,0,19.837,192.116,0.431,401,129.965,495.202,0.271,0.433
764,5,0,19.651,192.116,0.428,403,129.952,493.553,0.271,0.421
765,6,0,19.674,192.116,0.427,403,129.819,492.806,0.271,0.421
766,8,0,19.767,192.116,0.428,406,129.718,506.776,0.274,0.438
767,3,0,19.953,192.791,0.428,406,129.576,511.882,0.276,0.455
768,4,0,20.14,193.023,0.429,405,129.568,515.433,0.276,0.472
769,4,0,20.279,193.023,0.425,404,129.641,519.593,0.277,0.486
770,2,0,20.512,192.791,0.429,402,129.629,523.788,0.277,0.505
771,5,0,20.512,192.93,0.429,400,129.705,513.497,0.274,0.495
772,6,0,20.349,192.93,0.431,402,129.87,508.081,0.275,0.487
773,5,0,20.581,192.93,0.435,402,129.685,521.504,0.276,0.506
774,6,0,20.256,192.93,0.435,402,129.791,510.253,0.274,0.476
775,4,0,20.302,192.93,0.435,398,129.841,507.318,0.272,0.473
776,5,0,20.256,192.93,0.434,400,129.758,509.245,0.274,0.474
777,4,0,20.488,192.93,0.436,399,129.729,515.247,0.276,0.499
778,4,0,20.395,192.93,0.436,399,129.744,515.685,0.276,0.491
779,7,0,20.256,191.977,0.437,400,129.85,513.354,0.275,0.478
780,4,0,20.535,191.977,0.438,399,129.856,519.723,0.274,0.497
781,6,0,20.535,191.977,0.436,400,129.834,528.334,0.275,0.501
782,2,0,20.535,191.977,0.435,402,129.817,530.47,0.276,0.505
783,5,0,20.535,191.977,0.435,406,129.764,533.658,0.278,0.512
784,4,0,20.256,191.977,0.429,404,129.963,522.924,0.276,0.485
785,3,0,20.233,191.977,0.43,402,129.983,521.222,0.275,0.48
786,7,0,20.581,191.977,0.428,404,129.898,531.751,0.278,0.517
787,6,1,20.721,191.977,0.432,404,129.895,534.096,0.278,0.527
788,4,0,20.953,191.977,0.434,404,129.778,538.26,0.276,0.535
789,6,0,21.186,192.163,0.435,408,129.622,557.196,0.281,0.573
790,5,0,21.233,192.163,0.438,406,129.632,561.134,0.282,0.579
791,4,0,21.512,192.163,0.437,404,129.564,562.729,0.28,0.593
792,6,0,21.419,192.163,0.433,401,129.559,559.171,0.279,0.582
793,2,0,21.698,192.163,0.437,398,129.406,561.219,0.28,0.603
794,7,0,21.977,192.163,0.439,398,129.395,567.612,0.28,0.626
795,7,1,21.977,192.163,0.442,402,129.316,578.22,0.284,0.64
796,4,0,21.86,192.163,0.442,404,129.297,577.974,0.286,0.638
797,1,0,21.814,192.163,0.443,398,129.484,567.762,0.281,0.618
798,9,0,21.837,192.163,0.441,401,129.4,569.132,0.284,0.63
799,3,0,22.116,192.535,0.445,398,129.322,573.661,0.283,0.645
800,6,0,22.047,192.535,0.446,402,129.259,571.16,0.284,0.644
801,6,0,22.047,192.047,0.446,400,129.235,566.084,0.282,0.635
802,1,0,22.14,192.047,0.446,399,129.202,568.134,0.281,0.64
803,8,0,21.953,192.047,0.447,401,129.145,566.613,0.284,0.635
804,4,0,21.86,192.047,0.449,398,129.328,561.098,0.282,0.624
805,3,0,22.0,192.047,0.447,396,129.21,568.106,0.284,0.64
806,6,0,21.837,191.395,0.445,397,129.13,569.319,0.285,0.631
807,4,0,21.628,191.605,0.445,391,129.094,559.645,0.284,0.612
808,6,1,21.674,192.07,0.445,390,129.235,558.383,0.283,0.613
809,2,0,21.674,192.07,0.446,386,129.301,552.698,0.28,0.603
810,5,0,21.953,192.07,0.444,388,129.151,562.577,0.284,0.636
811,4,0,22.209,192.07,0.445,388,129.106,567.97,0.284,0.655
812,8,1,22.279,192.628,0.444,390,129.048,571.097,0.287,0.667
813,1,0,22.14,192.628,0.445,385,129.169,561.999,0.284,0.65
814,6,1,22.0,192.628,0.444,387,129.154,562.278,0.286,0.645
815,9,1,21.953,192.628,0.442,392,129.047,571.116,0.288,0.647
816,0,0,22.372,192.628,0.444,385,129.083,569.554,0.283,0.661
817,5,0,22.279,192.628,0.446,387,129.129,565.402,0.282,0.652
818,4,0,22.279,192.628,0.446,388,129.153,563.292,0.281,0.649
819,5,0,22.326,192.628,0.446,388,129.137,565.345,0.282,0.655
820,7,0,22.326,192.628,0.448,391,129.152,568.965,0.283,0.66
821,7,0,22.14,192.721,0.445,397,129.098,572.602,0.286,0.656
822,4,0,22.14,192.721,0.445,391,129.205,561.566,0.281,0.641
823,6,0,22.279,192.721,0.448,393,129.137,566.0,0.282,0.651
824,6,0,22.14,192.721,0.449,391,129.235,558.392,0.279,0.633
825,6,1,22.349,192.721,0.449,388,129.214,561.59,0.278,0.643
826,2,0,22.209,192.628,0.447,381,129.378,543.281,0.272,0.615
827,6,0,21.977,192.628,0.446,384,129.343,547.442,0.276,0.61
828,4,0,21.837,192.628,0.446,386,129.349,545.839,0.276,0.599
829,5,0,21.698,192.256,0.446,388,129.34,546.481,0.277,0.595
830,3,0,21.651,192.256,0.447,383,129.478,537.336,0.273,0.576
831,8,0,21.535,192.256,0.444,383,129.448,537.695,0.275,0.576
832,4,0,21.628,192.256,0.445,383,129.43,538.405,0.273,0.575
833,4,0,21.581,192.256,0.45,383,129.42,539.99,0.273,0.572
834,5,0,21.488,191.674,0.449,385,129.372,540.127,0.275,0.571
835,7,1,21.465,191.674,0.448,387,129.342,539.879,0.276,0.572
836,3,0,21.326,191.674,0.45,388,129.218,539.041,0.278,0.567
837,2,0,21.326,191.674,0.451,385,129.206,539.654,0.277,0.565
838,2,0,21.279,191.256,0.451,382,129.252,532.665,0.275,0.555
839,10,1,21.233,191.256,0.449,389,129.17,543.597,0.281,0.571
840,6,0,21.558,191.256,0.451,389,129.205,541.085,0.276,0.579
841,5,0,21.372,190.628,0.449,392,129.133,542.268,0.279,0.573
842,7,0,21.442,190.628,0.45,395,129.104,545.092,0.28,0.585
843,5,1,21.209,190.628,0.449,395,129.112,538.416,0.282,0.571
844,1,0,21.116,190.628,0.45,391,129.136,535.375,0.28,0.557
845,4,0,21.023,190.628,0.45,394,129.109,533.775,0.282,0.558
846,3,0,21.023,190.628,0.45,392,129.101,531.872,0.282,0.557
847,5,0,21.047,190.628,0.452,394,129.095,533.385,0.282,0.56
848,5,0,21.186,190.628,0.449,395,129.035,537.42,0.284,0.576
849,6,0,21.419,190.628,0.451,397,129.029,540.84,0.283,0.591
850,5,0,21.279,190.814,0.452,398,129.057,535.328,0.282,0.576
851,5,0,21.279,190.814,0.452,403,129.02,537.355,0.284,0.583
852,6,0,20.953,190.814,0.451,404,129.067,535.116,0.285,0.562
853,4,0,21.023,191.093,0.45,405,128.991,543.369,0.286,0.573
854,7,0,21.465,190.791,0.451,404,128.954,546.024,0.285,0.602
855,4,1,21.581,190.465,0.451,403,128.915,551.598,0.285,0.611
856,6,0,21.884,190.465,0.45,402,128.805,560.291,0.286,0.635
857,6,0,21.744,190.465,0.449,405,128.776,561.88,0.289,0.635
858,6,0,21.791,190.465,0.448,407,128.752,565.076,0.289,0.638
859,6,0,22.07,190.953,0.448,408,128.694,577.032,0.289,0.659
860,3,0,21.884,190.953,0.44,400,128.938,551.797,0.281,0.618
861,5,0,21.837,191.093,0.44,402,128.989,554.815,0.284,0.626
862,3,0,21.86,190.558,0.439,398,129.084,544.678,0.28,0.613
863,9,0,22.14,190.837,0.438,404,128.08,559.596,0.286,0.646
864,7,1,22.14,190.953,0.438,405,128.131,559.669,0.285,0.646
865,4,0,22.186,190.953,0.44,401,128.119,558.97,0.285,0.647
866,8,0,22.163,191.209,0.445,401,128.13,560.501,0.283,0.641
867,8,0,22.349,191.209,0.444,395,128.16,548.73,0.278,0.636
868,2,0,22.442,191.209,0.444,392,128.148,551.348,0.276,0.637
869,4,0,22.116,191.209,0.444,391,128.197,539.617,0.274,0.607
870,4,0,22.07,191.047,0.444,391,128.117,540.284,0.275,0.604
871,5,0,22.07,191.047,0.448,390,128.102,542.769,0.275,0.606
872,5,0,22.07,191.047,0.448,389,128.027,546.999,0.276,0.608
873,4,0,21.884,191.047,0.449,387,128.106,536.047,0.274,0.586
874,2,0,21.767,191.047,0.449,385,128.274,530.764,0.273,0.578
875,3,0,21.814,191.047,0.445,383,128.331,525.604,0.27,0.569
876,2,0,21.814,191.977,0.443,383,128.35,524.367,0.271,0.572
877,3,0,22.047,191.791,0.445,379,128.393,528.226,0.267,0.578
878,4,0,21.744,191.465,0.449,374,128.472,511.462,0.264,0.544
879,7,0,21.605,191.465,0.449,374,128.583,504.023,0.261,0.523
880,6,0,21.349,191.465,0.448,376,128.626,495.159,0.26,0.498
881,9,0,21.209,191.465,0.446,383,128.588,495.194,0.263,0.498
882,6,0,21.023,191.186,0.447,385,129.43,496.841,0.265,0.497
883,13,0,20.744,191.465,0.447,391,129.467,496.278,0.267,0.486
884,1,0,20.651,191.465,0.443,384,129.552,484.26,0.264,0.467
885,5,0,20.744,191.465,0.442,382,129.547,485.247,0.264,0.474
886,2,0,20.93,191.651,0.442,382,129.579,487.492,0.262,0.483
887,7,0,20.698,191.651,0.442,382,129.386,488.199,0.265,0.474
888,4,0,20.767,191.814,0.442,376,129.356,485.542,0.263,0.469
889,1,0,20.674,190.0,0.443,368,129.663,465.455,0.254,0.432
890,4,0,20.488,190.0,0.44,367,129.727,452.655,0.252,0.413
891,2,0,20.512,188.791,0.439,366,129.625,461.696,0.254,0.419
892,1,0,20.512,188.791,0.439,365,129.636,460.765,0.254,0.419
893,4,0,20.372,188.791,0.439,363,129.794,450.66,0.249,0.393
894,6,0,20.535,189.698,0.441,362,129.806,453.73,0.249,0.405
895,3,0,20.581,189.698,0.442,362,129.77,459.983,0.25,0.412
896,9,0,20.465,189.698,0.441,367,129.769,459.486,0.252,0.41
897,2,0,20.419,189.512,0.44,365,129.901,455.17,0.249,0.399
898,7,0,20.349,189.512,0.44,371,129.819,464.028,0.254,0.408
899,9,0,20.349,189.651,0.444,370,129.767,462.647,0.255,0.414
900,5,0,20.488,189.651,0.443,372,129.739,466.875,0.256,0.425
901,8,0,20.233,189.14,0.444,377,129.788,462.762,0.256,0.409
902,5,0,20.279,189.14,0.445,378,129.736,464.84,0.258,0.417
903,7,1,20.14,189.14,0.443,378,129.764,464.621,0.258,0.407
904,2,0,20.047,189.14,0.444,378,129.783,461.174,0.257,0.398
905,3,0,19.814,189.14,0.445,374,129.926,455.713,0.255,0.374
906,7,0,19.814,189.14,0.445,374,129.958,457.588,0.254,0.372
907,12,0,19.953,189.535,0.443,383,129.887,462.816,0.257,0.392
908,5,0,19.837,189.302,0.442,383,129.915,463.682,0.258,0.385
909,5,0,19.744,189.512,0.443,384,129.96,460.277,0.256,0.374
910,6,0,19.744,189.512,0.441,387,129.824,470.087,0.262,0.392
911,4,0,19.651,189.837,0.442,387,129.846,467.986,0.261,0.384
912,5,0,19.279,189.837,0.436,386,129.975,464.198,0.263,0.364
913,4,0,19.0,189.837,0.433,386,130.121,457.431,0.263,0.345
914,4,0,18.767,189.837,0.432,386,130.241,452.977,0.261,0.323
915,6,0,19.0,189.837,0.439,386,130.176,457.444,0.262,0.341
916,5,0,19.186,189.837,0.438,385,130.087,465.569,0.263,0.358
917,2,0,19.186,189.837,0.438,383,130.102,463.139,0.262,0.353
918,8,0,19.233,189.837,0.437,385,130.348,460.991,0.261,0.357
919,4,0,19.186,189.837,0.438,383,130.359,452.457,0.259,0.345
920,7,0,19.419,188.535,0.439,385,130.208,465.344,0.259,0.36
921,2,0,19.395,188.535,0.438,384,130.222,459.892,0.258,0.357
922,4,0,19.558,188.535,0.437,382,130.284,460.661,0.254,0.356
923,3,0,19.558,188.535,0.436,381,130.292,461.889,0.255,0.358
924,2,0,19.581,188.535,0.437,379,130.282,463.217,0.254,0.357
925,6,0,19.767,188.535,0.436,379,130.177,472.548,0.256,0.377
926,10,0,19.674,189.535,0.434,383,130.1,479.247,0.259,0.38
927,5,0,19.698,189.535,0.434,383,130.195,479.457,0.26,0.386
928,5,0,19.605,189.535,0.434,384,130.223,476.297,0.26,0.378
929,3,0,19.744,189.535,0.435,379,130.197,476.045,0.258,0.383
930,3,0,20.07,189.535,0.436,376,130.137,481.144,0.257,0.403
931,3,0,20.116,189.535,0.437,374,130.043,483.09,0.256,0.402
932,6,0,20.256,189.674,0.436,372,129.943,489.102,0.257,0.415
933,7,0,20.302,189.674,0.436,373,129.955,498.11,0.259,0.426
934,5,0,20.349,189.674,0.436,372,129.891,502.354,0.261,0.435
935,6,0,20.256,189.674,0.436,373,129.854,503.124,0.263,0.435
936,3,0,20.163,189.721,0.437,373,129.929,498.808,0.262,0.424
937,5,0,20.163,189.721,0.436,376,129.708,508.973,0.266,0.439
938,5,0,20.302,189.674,0.437,376,129.741,504.952,0.265,0.445
939,7,0,20.302,189.814,0.438,377,129.884,505.138,0.266,0.45
940,10,0,20.442,189.628,0.438,382,129.628,521.96,0.272,0.481
941,3,0,20.372,189.628,0.436,378,129.748,515.31,0.269,0.465
942,6,0,20.116,189.628,0.432,381,129.691,509.158,0.271,0.452
943,5,0,20.14,189.628,0.433,384,129.685,514.986,0.272,0.458
944,4,0,20.047,189.628,0.435,381,129.711,503.586,0.268,0.437
945,3,0,20.372,189.628,0.436,380,129.721,508.513,0.266,0.453
946,3,0,20.698,189.628,0.437,374,129.763,506.307,0.26,0.457
947,5,0,20.884,191.163,0.439,376,129.683,514.824,0.264,0.484
948,5,0,20.93,191.163,0.438,376,129.66,517.908,0.265,0.492
949,1,0,20.651,191.163,0.438,372,129.729,506.476,0.263,0.464
950,4,0,20.465,191.047,0.438,372,129.768,500.52,0.263,0.45
951,6,0,20.372,191.047,0.438,375,129.732,506.024,0.266,0.454
952,5,0,20.372,191.047,0.438,372,129.827,512.038,0.267,0.457
953,3,0,20.14,191.209,0.435,371,129.78,508.9,0.269,0.446
954,9,1,20.0,191.209,0.429,374,129.698,505.342,0.271,0.443
955,1,0,19.674,191.209,0.43,368,129.823,482.128,0.266,0.403
956,6,0,19.628,191.209,0.431,373,129.752,486.963,0.267,0.402
957,2,0,19.372,191.209,0.43,369,129.815,471.876,0.265,0.375
958,6,0,19.349,189.744,0.43,369,129.89,469.297,0.264,0.373
959,5,0,19.14,187.837,0.429,369,129.968,466.499,0.264,0.356
960,5,0,19.279,187.837,0.429,371,129.939,471.137,0.265,0.369
961,2,0,19.372,187.977,0.43,369,129.937,471.477,0.263,0.371
962,5,0,19.209,188.116,0.431,368,130.011,464.337,0.262,0.354
963,4,0,19.163,187.953,0.428,365,130.163,454.839,0.259,0.343
964,7,1,19.07,188.163,0.432,367,130.077,452.471,0.26,0.338
965,9,0,19.023,188.884,0.431,372,129.99,460.932,0.263,0.346
966,3,0,18.93,189.0,0.43,373,129.964,460.727,0.265,0.344
967,5,0,19.116,188.744,0.432,373,129.874,467.997,0.266,0.362
968,4,0,19.163,188.744,0.431,373,129.877,470.123,0.265,0.36
969,1,0,19.116,188.744,0.432,369,130.009,464.915,0.263,0.351
970,12,0,19.023,188.837,0.431,375,129.942,464.197,0.265,0.35
971,1,0,19.256,188.814,0.43,369,130.021,463.327,0.261,0.355
972,5,0,19.209,188.651,0.429,369,130.079,461.389,0.261,0.352
973,10,0,19.163,188.791,0.429,374,130.091,462.048,0.261,0.35
974,6,0,18.93,187.465,0.428,376,130.162,459.358,0.261,0.334
975,7,0,18.93,187.465,0.428,379,130.063,464.747,0.266,0.348
976,5,0,19.07,187.465,0.427,381,129.888,478.751,0.27,0.371
977,5,0,19.116,187.465,0.426,379,129.891,478.962,0.27,0.376
978,4,0,18.884,186.907,0.426,376,130.007,466.47,0.269,0.354
979,8,0,18.814,186.977,0.426,376,130.022,459.152,0.267,0.345
980,3,0,18.628,186.977,0.423,370,130.156,448.62,0.262,0.315
981,2,0,18.628,186.977,0.424,369,130.186,443.087,0.26,0.309
982,7,0,18.349,186.977,0.428,367,130.365,428.298,0.257,0.283
983,5,0,18.302,187.163,0.429,370,130.352,426.465,0.259,0.287
984,4,0,18.279,187.163,0.43,367,130.411,426.072,0.257,0.28
985,6,0,18.14,187.163,0.431,370,130.418,423.97,0.259,0.277
986,1,0,18.209,187.163,0.433,364,130.428,416.553,0.254,0.265
987,3,0,18.163,187.302,0.433,362,130.417,415.236,0.254,0.263
988,7,0,18.116,187.302,0.432,363,130.365,424.079,0.256,0.266
989,4,0,18.186,187.302,0.432,364,130.48,422.537,0.255,0.268
990,6,0,18.419,187.209,0.432,362,130.431,427.137,0.255,0.283
991,5,0,18.395,186.628,0.433,363,130.37,428.449,0.256,0.285
992,2,0,18.395,186.628,0.432,361,130.416,425.456,0.254,0.279
993,1,0,18.186,186.628,0.432,358,130.532,415.253,0.253,0.261
994,4,0,18.326,186.628,0.434,359,130.475,419.342,0.251,0.266
995,8,0,18.279,187.558,0.432,361,130.516,423.884,0.254,0.27
996,2,0,18.186,187.558,0.429,356,130.674,416.195,0.247,0.247
997,3,0,18.326,189.86,0.429,357,130.605,422.522,0.249,0.26
998,9,0,18.558,189.86,0.429,363,130.312,441.877,0.257,0.295
999,5,0,18.372,189.86,0.425,363,130.296,437.287,0.258,0.288
1000,0,0,18.791,189.86,0.427,357,130.383,435.293,0.253,0.299
