1,10,0,0.302,2.093,0.0,10,345.752,0.0,0.007,0.041
2,3,0,0.465,2.535,0.0,13,344.4,0.197,0.009,0.043
3,3,0,0.605,3.651,0.001,16,327.567,0.317,0.011,0.027
4,3,0,0.744,5.512,0.003,19,313.23,0.677,0.014,0.019
5,4,0,0.907,6.674,0.004,23,298.499,1.043,0.016,0.012
6,7,0,1.233,9.628,0.007,29,268.406,2.147,0.022,0.006
7,5,0,1.465,13.977,0.015,34,249.601,3.526,0.027,0.004
8,5,0,1.791,16.163,0.018,38,231.462,4.771,0.03,0.002
9,5,0,1.977,20.047,0.025,42,221.702,5.894,0.035,0.002
10,3,0,2.07,21.14,0.026,45,218.843,6.388,0.037,0.002
11,6,0,2.116,22.0,0.026,51,216.412,6.996,0.039,0.002
12,9,0,2.256,23.419,0.024,59,211.361,9.334,0.046,0.002
13,4,0,2.535,26.535,0.029,63,205.866,11.216,0.051,0.002
14,4,0,2.488,26.535,0.027,67,206.39,11.123,0.052,0.002
15,3,0,2.535,27.07,0.025,70,204.638,12.125,0.056,0.002
16,8,0,2.674,29.953,0.029,77,196.513,13.944,0.06,0.001
17,4,0,2.86,32.116,0.032,81,187.91,15.99,0.064,0.001
18,4,0,2.86,32.628,0.03,85,187.198,16.457,0.067,0.001
19,7,0,2.93,35.256,0.035,91,185.34,18.667,0.071,0.001
20,8,0,2.93,36.86,0.035,98,184.202,19.342,0.075,0.001
21,3,0,3.116,38.233,0.04,98,180.9,20.591,0.075,0.001
22,3,0,3.186,39.326,0.044,98,178.645,21.14,0.074,0.001
23,3,0,3.279,41.326,0.047,101,177.833,22.999,0.077,0.001
24,3,0,3.279,41.326,0.045,104,177.899,23.432,0.079,0.001
25,5,0,3.419,44.163,0.049,108,174.524,24.714,0.084,0.001
26,6,0,3.326,43.953,0.047,113,173.2,25.46,0.086,0.001
27,8,0,3.651,47.372,0.052,119,169.491,29.444,0.092,0.001
28,6,0,3.767,49.628,0.054,125,168.662,31.124,0.096,0.001
29,3,0,3.907,49.884,0.055,127,168.077,33.647,0.097,0.001
30,3,0,4.047,50.605,0.055,130,166.845,35.368,0.099,0.001
31,5,0,4.186,51.605,0.061,130,166.071,35.011,0.096,0.001
32,8,0,4.442,53.488,0.063,137,163.929,39.343,0.1,0.002
33,3,0,4.535,55.953,0.069,139,162.742,41.42,0.103,0.002
34,4,0,4.628,56.302,0.068,143,161.925,43.979,0.105,0.002
35,6,0,4.86,57.233,0.067,148,162.556,47.44,0.109,0.002
36,3,0,4.907,58.256,0.069,151,161.843,49.4,0.111,0.002
37,9,0,5.372,62.047,0.078,157,155.944,56.567,0.115,0.002
38,0,0,5.209,61.279,0.079,154,158.297,53.239,0.112,0.002
39,6,0,5.512,62.767,0.082,157,156.139,56.093,0.114,0.002
40,2,0,5.512,62.767,0.081,159,156.055,56.188,0.115,0.002
41,2,0,5.651,62.767,0.081,161,155.429,57.261,0.115,0.002
42,3,0,5.558,62.209,0.081,162,161.463,54.914,0.113,0.002
43,7,0,5.837,63.791,0.084,168,159.88,58.969,0.116,0.003
44,7,0,5.977,64.953,0.085,173,158.984,62.133,0.119,0.003
45,4,0,6.256,65.884,0.09,175,158.157,63.412,0.118,0.003
46,8,0,6.256,68.209,0.094,180,157.024,65.495,0.12,0.003
47,3,0,6.628,69.186,0.096,179,156.096,71.037,0.122,0.003
48,10,0,7.209,77.163,0.113,187,148.374,81.0,0.131,0.003
49,8,0,7.256,80.302,0.12,192,146.315,84.446,0.135,0.003
50,2,0,7.442,77.698,0.116,190,148.028,83.7,0.132,0.004
51,7,0,7.419,77.698,0.113,196,147.973,86.763,0.135,0.004
52,4,0,7.651,77.837,0.115,198,147.598,87.85,0.134,0.004
53,6,0,7.698,77.837,0.112,202,147.369,91.483,0.136,0.004
54,2,0,7.884,78.116,0.112,203,146.963,94.207,0.137,0.004
55,5,0,7.977,79.07,0.115,204,146.658,96.298,0.138,0.005
56,6,0,8.116,80.14,0.115,209,146.101,100.282,0.141,0.005
57,5,0,8.256,80.395,0.113,212,145.629,105.086,0.144,0.005
58,5,0,8.302,80.395,0.111,215,145.523,106.668,0.146,0.005
59,7,0,8.512,82.186,0.115,218,144.871,111.578,0.149,0.006
60,8,0,8.837,87.047,0.126,224,141.934,118.096,0.153,0.006
61,1,0,8.698,87.512,0.13,221,142.438,114.887,0.151,0.006
62,6,0,8.605,87.512,0.127,225,141.502,116.67,0.154,0.006
63,6,0,8.605,88.07,0.127,228,141.255,117.373,0.155,0.006
64,5,0,8.837,88.698,0.127,231,141.207,124.226,0.159,0.007
65,3,0,9.047,88.791,0.128,230,141.137,125.889,0.158,0.007
66,7,0,9.0,88.442,0.126,235,141.138,126.337,0.16,0.007
67,3,0,9.233,88.442,0.128,235,140.636,128.603,0.158,0.007
68,6,0,9.419,89.395,0.13,238,140.388,132.247,0.16,0.008
69,6,0,9.558,92.698,0.135,242,139.889,137.463,0.166,0.009
70,5,0,10.07,94.372,0.14,244,139.265,144.569,0.168,0.011
71,8,0,10.116,95.093,0.137,252,138.832,151.627,0.173,0.011
72,8,0,10.023,98.14,0.148,257,138.731,154.175,0.176,0.012
73,5,0,10.256,99.093,0.153,257,137.674,159.469,0.175,0.012
74,6,0,10.488,100.605,0.159,258,137.407,164.339,0.175,0.013
75,7,0,11.0,101.605,0.16,262,136.775,174.553,0.178,0.015
76,5,0,11.047,101.698,0.16,264,136.699,178.71,0.179,0.015
77,5,0,11.209,101.791,0.16,266,136.572,181.117,0.179,0.016
78,5,0,11.605,101.605,0.16,268,136.3,186.07,0.178,0.018
79,3,0,11.698,101.605,0.159,268,136.226,188.109,0.179,0.019
80,3,0,11.512,101.605,0.157,271,136.282,185.239,0.18,0.018
81,2,0,11.814,101.628,0.163,269,136.399,184.375,0.175,0.018
82,3,0,11.884,101.907,0.165,269,136.423,187.165,0.174,0.019
83,8,0,12.023,102.093,0.163,275,136.21,195.134,0.177,0.02
84,2,0,11.977,102.767,0.164,275,136.175,194.436,0.178,0.02
85,6,0,11.93,104.302,0.165,279,135.619,199.54,0.183,0.021
86,5,0,11.837,104.721,0.164,282,135.288,205.063,0.186,0.021
87,5,0,11.86,106.093,0.169,281,135.342,207.952,0.187,0.021
88,4,0,11.86,106.837,0.167,284,135.188,209.966,0.191,0.022
89,9,0,11.651,109.674,0.173,291,135.155,211.464,0.196,0.023
90,5,0,11.837,109.884,0.175,292,135.258,213.192,0.195,0.024
91,3,0,12.07,110.488,0.181,290,135.165,215.372,0.193,0.025
92,5,0,12.023,110.884,0.18,290,135.321,216.167,0.195,0.025
93,5,0,11.93,111.186,0.181,288,135.153,215.231,0.196,0.025
94,5,0,12.116,113.186,0.185,290,134.721,218.169,0.199,0.027
95,5,0,12.535,114.698,0.191,292,134.269,226.754,0.2,0.031
96,1,0,12.535,114.698,0.193,289,134.371,227.293,0.198,0.03
97,5,0,12.767,116.628,0.203,291,134.25,232.041,0.199,0.032
98,3,0,12.907,118.581,0.21,290,134.135,233.77,0.2,0.034
99,5,0,12.953,118.581,0.209,292,134.24,234.649,0.2,0.035
100,5,0,13.047,120.837,0.214,295,133.863,241.553,0.205,0.038
101,4,0,10.395,119.326,0.204,295,135.157,199.58,0.205,0.018
102,7,0,10.628,119.977,0.202,299,134.832,203.837,0.209,0.02
103,4,0,10.419,120.023,0.203,297,134.923,200.466,0.208,0.018
104,4,0,10.977,121.0,0.206,296,134.451,211.547,0.209,0.022
105,5,0,11.349,121.651,0.21,297,134.291,217.409,0.209,0.024
106,4,0,11.302,122.395,0.216,295,134.508,213.253,0.207,0.023
107,2,0,11.372,122.395,0.218,293,134.546,213.09,0.205,0.023
108,8,0,11.442,123.349,0.223,297,134.463,213.628,0.206,0.024
109,2,0,11.814,123.674,0.228,294,134.263,219.217,0.204,0.026
110,3,0,11.953,123.837,0.229,293,134.248,221.327,0.203,0.027
111,5,0,12.512,127.047,0.247,294,133.924,232.943,0.202,0.031
112,6,0,12.186,129.116,0.251,298,133.828,235.277,0.207,0.03
113,7,0,12.279,129.116,0.252,300,133.788,235.335,0.206,0.03
114,2,0,12.349,129.116,0.254,296,133.774,237.457,0.204,0.03
115,5,0,12.349,129.116,0.256,296,133.873,235.235,0.202,0.029
116,6,0,12.442,131.488,0.266,298,133.912,236.585,0.204,0.031
117,4,0,12.674,131.512,0.272,298,134.012,232.396,0.198,0.031
118,2,0,12.814,131.512,0.273,295,133.973,235.119,0.197,0.032
119,8,0,12.907,131.512,0.269,301,133.784,243.724,0.201,0.034
120,4,0,12.907,131.651,0.271,302,133.798,242.341,0.201,0.034
121,4,0,12.721,131.651,0.272,301,134.006,233.354,0.199,0.032
122,9,0,12.814,133.814,0.275,307,133.65,249.037,0.208,0.037
123,5,0,12.721,133.953,0.275,307,133.69,248.242,0.208,0.036
124,6,0,12.953,135.674,0.281,308,133.605,250.485,0.21,0.04
125,4,0,13.186,135.674,0.283,308,133.545,254.256,0.209,0.041
126,5,0,13.233,134.558,0.276,312,133.388,256.89,0.211,0.043
127,4,0,13.465,134.163,0.277,313,133.295,258.359,0.208,0.044
128,9,0,13.419,137.233,0.288,317,133.117,260.643,0.212,0.046
129,8,0,13.372,137.488,0.288,321,132.887,260.571,0.214,0.046
130,5,0,13.395,137.488,0.287,323,132.848,260.607,0.214,0.047
131,6,0,13.395,139.419,0.293,328,132.716,262.112,0.218,0.049
132,7,0,13.535,140.14,0.294,332,132.484,272.944,0.22,0.052
133,6,0,13.837,140.14,0.291,336,132.256,286.283,0.224,0.06
134,5,0,13.93,140.023,0.293,335,132.324,285.352,0.222,0.059
135,6,0,14.023,140.023,0.29,340,132.088,294.006,0.227,0.065
136,5,0,14.07,140.023,0.288,340,131.951,300.246,0.23,0.068
137,4,0,14.302,141.116,0.291,341,131.817,306.139,0.231,0.074
138,5,0,14.581,141.698,0.295,343,131.724,312.051,0.231,0.08
139,8,0,14.512,144.093,0.304,350,131.635,318.179,0.235,0.083
140,7,0,14.674,144.116,0.305,352,131.787,321.191,0.235,0.086
141,8,0,14.721,144.721,0.305,358,131.659,325.438,0.239,0.092
142,5,0,14.814,145.023,0.304,360,131.46,334.418,0.241,0.097
143,11,0,14.837,145.674,0.308,361,131.488,334.17,0.241,0.098
144,7,0,14.837,145.674,0.307,365,131.386,337.715,0.244,0.101
145,5,0,15.07,145.674,0.305,364,131.204,344.963,0.245,0.109
146,7,0,14.93,145.884,0.306,366,131.217,343.777,0.245,0.105
147,6,0,15.0,146.047,0.305,368,131.16,348.286,0.247,0.109
148,5,0,14.953,146.233,0.304,369,131.136,349.225,0.247,0.109
149,5,0,15.093,147.163,0.308,369,131.028,352.762,0.249,0.115
150,8,0,15.279,147.163,0.307,373,130.93,356.409,0.25,0.122
151,2,0,15.488,147.279,0.31,369,130.922,360.658,0.248,0.126
152,11,0,15.581,151.209,0.326,375,130.829,372.642,0.254,0.14
153,2,0,15.628,151.209,0.326,373,130.809,373.878,0.254,0.141
154,2,0,15.767,151.209,0.329,369,130.886,369.376,0.251,0.141
155,4,0,15.884,151.767,0.333,369,130.873,371.897,0.251,0.145
156,4,0,15.837,151.581,0.331,369,130.961,369.307,0.249,0.141
157,8,0,16.023,152.86,0.336,369,130.881,383.527,0.254,0.158
158,4,0,16.116,152.86,0.333,371,130.63,388.588,0.258,0.168
159,5,0,16.163,153.372,0.335,373,130.583,395.022,0.26,0.174
160,4,0,16.442,155.651,0.34,368,130.644,398.781,0.257,0.18
161,5,0,16.721,155.651,0.343,364,130.503,404.315,0.254,0.185
162,1,0,17.093,155.651,0.345,359,130.516,404.973,0.25,0.196
163,3,0,17.279,155.651,0.348,355,130.633,398.417,0.245,0.194
164,4,0,17.651,154.302,0.348,350,130.661,406.527,0.241,0.202
165,4,0,17.419,154.302,0.347,351,130.71,400.409,0.243,0.195
166,4,0,17.512,154.302,0.35,349,130.745,398.722,0.239,0.191
167,2,0,17.581,154.302,0.351,347,130.766,397.246,0.237,0.19
168,4,0,17.442,155.791,0.355,347,130.811,394.962,0.238,0.187
169,5,0,17.488,156.558,0.357,350,130.727,400.212,0.241,0.195
170,5,0,17.442,156.558,0.355,355,130.663,402.103,0.244,0.199
171,2,0,17.442,156.558,0.356,353,130.718,403.886,0.243,0.197
172,3,0,17.512,156.558,0.357,350,130.728,401.912,0.242,0.197
173,8,0,17.674,157.116,0.363,350,130.651,408.493,0.243,0.209
174,3,0,17.907,162.86,0.372,349,130.599,419.289,0.243,0.221
175,5,0,18.093,162.86,0.371,353,130.459,428.278,0.246,0.238
176,2,0,18.256,162.86,0.373,349,130.528,421.471,0.242,0.236
177,5,0,18.163,163.0,0.374,345,130.545,419.295,0.241,0.227
178,6,0,18.372,164.628,0.384,344,130.539,423.71,0.24,0.238
179,6,0,18.209,163.837,0.381,345,130.627,420.529,0.24,0.228
180,2,0,17.86,163.837,0.382,339,130.77,405.637,0.236,0.203
181,5,0,18.186,163.837,0.382,337,130.738,413.175,0.237,0.221
182,7,0,18.209,164.163,0.382,340,130.535,420.513,0.239,0.227
183,2,0,18.116,164.163,0.38,337,130.595,413.758,0.238,0.218
184,10,0,18.116,165.488,0.381,345,130.475,419.828,0.24,0.224
185,8,0,18.163,166.326,0.382,351,130.378,426.07,0.243,0.233
186,2,0,17.744,160.698,0.372,349,130.594,416.228,0.24,0.205
187,7,0,17.581,160.884,0.371,352,130.531,414.184,0.243,0.203
188,5,0,17.721,160.884,0.372,352,130.515,415.138,0.243,0.21
189,3,0,17.953,160.884,0.373,349,130.548,419.656,0.241,0.217
190,8,0,18.233,165.674,0.372,353,130.334,429.337,0.246,0.244
191,1,0,18.233,165.674,0.371,354,130.326,430.234,0.246,0.245
192,6,0,18.279,166.465,0.373,356,130.208,442.343,0.251,0.259
193,6,0,18.279,166.465,0.37,361,130.078,453.994,0.256,0.274
194,7,0,18.326,166.465,0.367,365,129.974,456.236,0.259,0.285
195,8,0,18.884,165.535,0.37,364,129.819,472.506,0.26,0.324
196,5,0,19.093,171.116,0.369,363,129.745,476.196,0.261,0.34
197,2,0,19.163,171.116,0.369,362,129.719,478.283,0.261,0.345
198,7,0,19.256,172.0,0.37,362,129.704,479.339,0.26,0.35
199,4,0,19.395,172.0,0.37,364,129.673,481.65,0.261,0.363
200,2,1,19.302,172.0,0.37,365,129.654,482.82,0.263,0.363
201,2,0,15.256,175.256,0.365,364,130.387,382.3,0.263,0.142
202,5,0,15.395,175.256,0.365,365,130.39,384.589,0.263,0.148
203,4,0,15.488,175.256,0.364,368,130.323,389.696,0.265,0.155
204,5,0,15.535,175.256,0.363,369,130.322,390.647,0.267,0.16
205,6,0,15.488,175.256,0.36,373,130.236,395.42,0.269,0.162
206,5,0,15.953,175.256,0.369,370,130.174,400.103,0.265,0.174
207,4,0,15.86,175.628,0.369,371,130.181,398.048,0.266,0.171
208,4,0,15.953,175.535,0.369,373,130.186,399.249,0.267,0.177
209,3,0,15.86,175.535,0.369,375,130.178,399.6,0.268,0.175
210,12,0,15.977,175.698,0.372,382,130.115,404.76,0.269,0.182
211,6,0,16.163,175.698,0.374,382,130.174,402.199,0.265,0.183
212,3,0,16.488,175.512,0.376,379,130.265,403.324,0.26,0.187
213,5,0,16.535,175.628,0.377,383,130.149,408.738,0.261,0.192
214,1,0,16.907,174.674,0.376,377,130.224,410.875,0.258,0.203
215,1,0,17.116,174.674,0.38,368,130.444,402.48,0.252,0.202
216,2,0,16.93,174.674,0.382,366,130.46,400.124,0.252,0.192
217,5,0,16.767,174.535,0.382,362,130.663,392.176,0.249,0.178
218,4,0,16.767,174.535,0.383,361,130.734,390.575,0.248,0.176
219,7,0,16.837,174.674,0.383,361,130.715,393.236,0.249,0.182
220,4,0,16.651,174.674,0.381,363,130.719,391.773,0.251,0.177
221,6,0,16.86,174.86,0.384,366,130.57,403.785,0.255,0.195
222,5,0,16.674,174.86,0.383,369,130.549,404.094,0.257,0.191
223,3,0,17.0,174.698,0.384,361,130.661,402.111,0.252,0.197
224,5,0,16.907,174.698,0.382,354,130.81,393.061,0.248,0.183
225,7,0,17.023,174.698,0.381,357,130.775,398.37,0.25,0.194
226,10,0,17.14,174.698,0.386,363,130.552,402.634,0.253,0.206
227,5,0,17.279,174.791,0.385,367,130.417,413.741,0.255,0.217
228,5,0,17.186,174.93,0.383,367,130.317,415.411,0.259,0.221
229,4,0,17.047,175.093,0.381,369,130.251,420.402,0.262,0.221
230,4,0,17.256,175.093,0.387,366,130.307,414.498,0.259,0.225
231,2,0,17.581,175.093,0.387,363,130.26,420.187,0.259,0.241
232,3,0,17.674,175.093,0.388,360,130.311,422.088,0.257,0.242
233,6,0,17.907,175.093,0.387,361,130.309,426.619,0.255,0.252
234,2,0,17.791,175.093,0.386,361,130.221,425.088,0.257,0.248
235,1,0,17.558,175.093,0.386,358,130.253,419.53,0.256,0.233
236,1,0,17.814,172.116,0.388,354,130.268,417.274,0.253,0.239
237,5,0,17.837,172.07,0.39,353,130.271,419.128,0.253,0.241
238,3,0,18.116,172.07,0.39,350,130.261,425.256,0.252,0.255
239,3,0,18.209,172.07,0.39,349,130.236,428.915,0.254,0.265
240,4,0,18.116,172.07,0.39,352,130.267,426.231,0.254,0.26
241,6,0,17.977,172.07,0.386,355,130.15,430.68,0.257,0.258
242,8,0,18.07,169.884,0.388,357,130.186,433.0,0.255,0.261
243,4,0,18.163,169.884,0.392,357,130.234,434.42,0.255,0.266
244,8,0,18.372,169.884,0.389,359,130.121,440.977,0.256,0.28
245,3,0,18.093,169.884,0.392,355,130.288,424.394,0.251,0.249
246,6,0,18.279,169.837,0.392,355,130.241,429.203,0.252,0.262
247,10,0,18.279,169.837,0.389,365,130.134,438.345,0.257,0.277
248,7,0,18.233,170.07,0.389,370,130.07,439.797,0.259,0.281
249,7,0,18.326,170.07,0.39,373,130.149,439.903,0.257,0.281
250,6,0,18.326,170.14,0.388,375,130.104,442.147,0.258,0.282
251,5,0,18.419,170.14,0.389,375,130.143,446.441,0.258,0.29
252,5,0,18.651,169.953,0.389,374,130.173,448.164,0.256,0.299
253,4,0,18.465,170.488,0.394,373,130.267,445.206,0.258,0.293
254,3,0,18.512,170.767,0.392,374,130.226,452.081,0.26,0.303
255,7,0,18.744,170.767,0.395,380,129.97,461.653,0.265,0.333
256,6,0,18.767,170.628,0.4,376,130.136,454.487,0.259,0.315
257,3,0,18.814,170.628,0.4,374,130.235,457.789,0.258,0.317
258,3,0,18.907,170.256,0.4,373,130.13,458.936,0.258,0.322
259,2,0,18.721,170.256,0.4,372,130.333,453.058,0.258,0.311
260,3,0,18.698,170.163,0.401,370,130.406,452.143,0.257,0.305
261,7,0,18.744,170.163,0.4,372,130.365,453.698,0.257,0.31
262,3,0,18.628,170.163,0.4,372,130.389,449.698,0.257,0.301
263,8,0,18.767,170.163,0.401,375,130.09,461.097,0.261,0.32
264,3,0,18.767,170.163,0.4,378,130.048,463.518,0.262,0.326
265,2,0,18.651,170.163,0.4,374,130.104,452.342,0.26,0.311
266,5,0,18.605,170.302,0.399,374,130.033,462.715,0.264,0.321
267,5,0,18.744,170.302,0.398,375,129.975,465.917,0.265,0.333
268,7,0,19.047,170.302,0.4,375,130.011,471.575,0.265,0.354
269,4,0,19.023,170.302,0.402,371,129.953,472.49,0.265,0.35
270,3,0,19.163,170.07,0.402,368,129.999,473.853,0.263,0.354
271,5,0,19.0,170.07,0.403,367,129.973,474.684,0.264,0.348
272,3,0,19.047,170.07,0.404,364,130.019,471.722,0.261,0.342
273,9,0,19.07,170.07,0.404,364,130.057,465.908,0.26,0.339
274,5,0,19.07,170.07,0.404,366,130.034,471.118,0.261,0.341
275,4,0,19.302,170.07,0.404,363,130.098,468.278,0.258,0.348
276,3,0,19.209,168.233,0.394,362,130.093,466.33,0.257,0.34
277,7,0,19.256,168.0,0.395,366,130.092,470.63,0.26,0.352
278,6,0,19.023,168.0,0.395,368,130.087,465.737,0.26,0.335
279,6,0,19.116,168.372,0.397,373,129.876,480.792,0.266,0.36
280,5,0,18.977,168.372,0.399,374,130.018,480.189,0.264,0.345
281,5,0,18.837,168.488,0.398,371,129.97,473.58,0.264,0.336
282,6,1,18.884,171.837,0.402,374,129.881,484.195,0.268,0.353
283,0,0,18.791,171.837,0.404,366,130.027,472.306,0.265,0.336
284,2,0,18.558,171.837,0.405,361,130.218,460.849,0.261,0.309
285,5,0,18.907,171.837,0.409,356,130.341,458.06,0.256,0.316
286,7,0,19.14,172.209,0.409,359,130.227,465.151,0.257,0.337
287,7,0,19.14,172.326,0.409,363,130.272,470.435,0.26,0.344
288,4,0,19.209,173.884,0.412,363,130.209,471.363,0.26,0.351
289,6,0,19.256,175.0,0.414,361,130.206,478.978,0.262,0.359
290,8,0,19.023,175.744,0.416,362,130.057,474.76,0.264,0.347
291,3,0,18.93,175.744,0.416,359,130.051,474.491,0.263,0.34
292,6,0,19.116,175.628,0.417,360,130.055,475.127,0.262,0.35
293,3,0,19.163,175.628,0.416,360,129.972,478.896,0.263,0.355
294,0,0,19.302,175.628,0.417,355,130.033,474.58,0.259,0.353
295,5,0,19.395,175.512,0.423,355,130.081,473.377,0.258,0.355
296,4,0,19.349,176.0,0.422,358,130.033,475.156,0.26,0.359
297,8,0,19.302,175.93,0.421,360,129.975,468.56,0.259,0.351
298,4,0,19.349,175.93,0.42,359,130.159,457.268,0.253,0.337
299,4,0,19.512,175.93,0.419,355,130.162,461.454,0.253,0.349
300,8,0,19.442,176.07,0.417,358,130.143,462.728,0.253,0.343
301,5,0,16.093,177.279,0.4,355,131.096,382.953,0.25,0.154
302,6,0,15.953,177.279,0.398,359,131.007,386.27,0.254,0.155
303,3,0,16.14,179.419,0.399,359,131.002,389.342,0.253,0.161
304,4,0,15.953,178.419,0.398,360,131.006,379.074,0.253,0.152
305,6,0,15.953,178.512,0.398,364,130.941,383.854,0.257,0.159
306,3,0,15.907,178.512,0.397,367,130.914,384.266,0.258,0.161
307,4,0,16.093,178.512,0.403,368,130.868,396.349,0.26,0.173
308,2,0,16.349,177.233,0.404,361,130.979,387.032,0.251,0.166
309,5,0,16.372,178.581,0.407,364,130.874,392.255,0.252,0.167
310,2,0,16.419,178.581,0.409,362,130.931,386.829,0.247,0.161
311,6,0,16.372,178.744,0.411,367,130.876,387.42,0.25,0.164
312,3,0,16.419,178.744,0.411,368,130.813,394.392,0.253,0.171
313,7,0,16.698,178.744,0.417,370,130.739,401.1,0.256,0.191
314,6,0,16.605,178.744,0.417,374,130.697,399.326,0.257,0.188
315,7,0,16.698,178.884,0.42,375,130.751,402.016,0.258,0.196
316,6,0,16.837,179.558,0.421,378,130.657,413.97,0.263,0.213
317,4,0,16.93,179.372,0.422,378,130.621,415.906,0.262,0.217
318,6,1,16.698,179.372,0.423,378,130.727,404.01,0.259,0.198
319,3,0,16.744,179.372,0.423,378,130.709,406.03,0.259,0.2
320,2,0,16.93,179.372,0.424,376,130.767,403.216,0.257,0.206
321,2,0,16.884,179.372,0.424,372,130.8,400.207,0.255,0.198
322,8,0,16.977,179.372,0.422,376,130.711,401.583,0.259,0.211
323,6,0,17.186,179.372,0.421,378,130.535,413.472,0.262,0.229
324,3,0,17.093,179.372,0.423,375,130.67,409.626,0.259,0.218
325,4,0,16.93,179.512,0.424,374,130.803,401.211,0.257,0.206
326,9,0,16.977,179.93,0.423,383,130.543,413.489,0.264,0.223
327,5,0,17.047,179.93,0.421,386,130.462,420.29,0.266,0.231
328,4,0,16.953,180.093,0.42,386,130.514,422.198,0.264,0.223
329,5,0,17.395,181.512,0.425,387,130.434,434.486,0.265,0.249
330,6,0,17.349,181.465,0.426,389,130.484,437.932,0.265,0.248
331,4,0,17.349,181.465,0.425,391,130.446,440.544,0.267,0.252
332,4,0,17.628,182.326,0.424,388,130.441,445.699,0.266,0.265
333,3,0,17.814,182.326,0.424,386,130.414,450.623,0.266,0.278
334,6,0,17.535,182.581,0.423,390,130.211,446.936,0.27,0.272
335,12,0,17.209,182.186,0.421,395,130.204,441.975,0.271,0.253
336,5,0,17.256,182.186,0.421,397,130.264,443.81,0.271,0.256
337,6,0,17.395,182.186,0.421,401,130.216,451.425,0.273,0.269
338,11,0,17.488,181.465,0.416,401,130.207,446.713,0.27,0.268
339,4,0,17.628,181.465,0.416,398,130.051,447.612,0.27,0.274
340,4,0,17.86,181.465,0.417,395,130.02,454.758,0.268,0.283
341,6,0,18.512,183.465,0.424,394,129.758,474.751,0.27,0.33
342,7,0,18.837,183.465,0.425,395,129.719,483.015,0.268,0.347
343,2,0,18.651,181.721,0.421,392,129.858,471.734,0.265,0.326
344,6,0,18.558,183.256,0.424,393,129.821,471.228,0.267,0.326
345,7,0,18.605,183.256,0.419,398,129.696,477.388,0.272,0.343
346,6,0,18.419,183.256,0.419,401,129.85,471.884,0.273,0.335
347,5,0,18.419,183.256,0.418,403,129.942,476.386,0.275,0.343
348,7,0,18.512,183.256,0.414,402,129.787,473.627,0.273,0.343
349,7,0,18.744,183.419,0.416,403,129.583,483.5,0.276,0.365
350,5,0,18.744,183.419,0.416,403,129.56,482.699,0.276,0.365
351,3,0,19.07,183.419,0.416,402,129.431,490.93,0.277,0.392
352,4,0,19.488,183.419,0.418,401,129.39,501.463,0.277,0.422
353,2,0,19.721,183.419,0.419,398,129.416,502.402,0.274,0.43
354,3,0,19.349,183.326,0.419,394,129.548,486.64,0.271,0.391
355,6,0,19.116,183.326,0.417,397,129.561,478.212,0.271,0.374
356,6,0,19.488,183.326,0.419,395,129.662,474.001,0.264,0.379
357,7,0,19.488,184.116,0.42,396,129.616,480.556,0.266,0.386
358,6,0,19.233,182.744,0.419,392,129.881,464.055,0.26,0.349
359,10,0,19.535,182.744,0.419,394,129.751,477.757,0.264,0.384
360,4,0,19.326,182.744,0.413,390,129.859,470.08,0.259,0.353
361,2,0,19.326,182.884,0.412,388,129.805,467.657,0.259,0.351
362,9,0,19.279,182.884,0.413,395,129.722,468.329,0.263,0.362
363,5,0,19.395,182.884,0.412,396,129.72,469.066,0.262,0.366
364,2,0,19.605,182.465,0.415,395,129.619,475.401,0.263,0.384
365,6,1,19.558,182.953,0.416,399,129.518,487.13,0.268,0.398
366,6,0,19.93,182.953,0.419,399,129.415,497.558,0.271,0.436
367,9,1,19.93,182.953,0.419,400,129.395,501.846,0.272,0.439
368,11,1,19.86,183.233,0.418,404,129.309,504.38,0.275,0.446
369,5,1,19.814,183.233,0.417,406,129.258,510.596,0.278,0.451
370,4,0,19.953,183.233,0.418,405,129.304,511.359,0.277,0.46
371,4,0,20.047,183.233,0.422,407,129.275,520.492,0.279,0.473
372,4,2,20.279,183.512,0.424,405,129.277,523.983,0.277,0.485
373,8,1,20.233,183.512,0.425,410,129.175,524.845,0.28,0.491
374,8,0,20.186,183.512,0.423,416,129.129,526.896,0.283,0.497
375,4,0,19.953,183.512,0.423,411,129.228,515.998,0.279,0.464
376,6,0,19.907,183.628,0.421,413,129.147,516.903,0.281,0.469
377,6,0,19.953,183.628,0.422,416,129.145,521.881,0.282,0.475
378,6,0,20.326,183.628,0.422,420,129.044,536.649,0.283,0.509
379,3,0,20.605,183.628,0.421,420,128.957,548.742,0.285,0.536
380,5,0,20.605,183.628,0.421,420,128.93,552.15,0.287,0.543
381,6,1,20.651,183.698,0.422,421,128.96,548.585,0.286,0.545
382,9,2,20.721,183.698,0.424,419,128.996,540.616,0.28,0.528
383,5,0,20.744,183.698,0.424,419,129.009,540.925,0.28,0.53
384,7,0,20.558,183.698,0.424,421,129.083,536.619,0.28,0.516
385,5,0,20.674,184.07,0.428,419,128.997,541.175,0.282,0.53
386,3,1,20.721,184.07,0.429,417,129.027,540.49,0.28,0.527
387,3,0,20.767,184.07,0.43,416,129.079,541.169,0.279,0.528
388,3,0,20.953,184.07,0.431,416,129.201,536.554,0.277,0.536
389,8,0,20.977,184.07,0.43,423,129.144,549.968,0.281,0.552
390,6,0,20.837,183.349,0.422,421,129.149,542.482,0.28,0.537
391,8,0,21.07,184.977,0.425,424,129.068,552.839,0.283,0.565
392,3,0,20.674,185.395,0.425,421,129.189,537.484,0.28,0.525
393,6,0,20.674,185.395,0.425,424,129.152,540.325,0.281,0.529
394,2,0,20.581,185.395,0.426,419,129.209,536.129,0.28,0.517
395,3,0,20.628,188.977,0.427,414,129.284,525.209,0.276,0.507
396,3,0,20.721,188.977,0.427,413,129.273,527.052,0.275,0.511
397,11,1,20.814,188.977,0.427,417,129.224,533.198,0.275,0.518
398,2,0,20.674,188.977,0.427,411,129.299,527.716,0.272,0.495
399,5,0,20.837,188.977,0.427,408,129.29,520.427,0.27,0.501
400,5,0,21.023,188.977,0.429,407,129.236,524.321,0.268,0.507
401,4,0,16.698,188.767,0.416,408,130.056,413.759,0.266,0.21
402,9,0,16.698,188.814,0.417,412,130.144,418.042,0.271,0.223
403,3,0,17.116,188.814,0.418,409,130.125,425.609,0.268,0.24
404,3,0,16.884,188.721,0.419,406,130.19,422.672,0.268,0.227
405,2,0,16.837,188.721,0.417,405,130.214,419.145,0.267,0.222
406,6,0,17.116,188.721,0.418,404,130.167,421.366,0.266,0.233
407,2,0,17.116,188.721,0.42,404,130.158,426.96,0.267,0.237
408,9,0,17.372,188.721,0.419,410,129.993,434.164,0.271,0.26
409,5,0,17.674,188.721,0.42,409,129.981,439.483,0.269,0.274
410,6,0,17.488,188.721,0.414,407,130.004,434.802,0.268,0.26
411,5,0,17.465,189.512,0.418,406,129.937,437.766,0.267,0.257
412,6,0,17.651,189.512,0.421,405,130.075,438.894,0.264,0.26
413,6,0,17.698,189.512,0.419,409,129.947,443.203,0.266,0.268
414,4,0,17.791,189.512,0.42,408,129.944,443.801,0.265,0.269
415,3,0,18.07,189.512,0.422,407,129.96,448.163,0.263,0.281
416,7,0,18.395,189.512,0.424,411,129.775,469.343,0.269,0.32
417,3,0,18.395,189.512,0.424,410,129.694,470.402,0.27,0.324
418,4,0,18.721,189.512,0.428,407,129.595,479.857,0.271,0.347
419,0,0,18.86,189.512,0.428,402,129.588,480.907,0.27,0.353
420,6,0,19.0,189.512,0.43,407,129.503,489.114,0.273,0.375
421,5,0,18.953,189.023,0.429,408,129.505,486.288,0.274,0.372
422,6,0,18.907,189.023,0.428,412,129.472,486.254,0.276,0.379
423,5,0,18.767,189.023,0.428,411,129.479,489.765,0.277,0.372
424,2,1,18.907,189.023,0.427,407,129.482,483.031,0.273,0.368
425,4,0,19.116,189.023,0.429,406,129.482,488.474,0.272,0.379
426,7,0,19.07,189.186,0.428,411,129.401,489.887,0.275,0.386
427,8,0,19.209,189.186,0.428,411,129.384,490.18,0.274,0.393
428,3,0,19.163,189.186,0.427,406,129.61,481.235,0.269,0.373
429,3,0,19.442,189.279,0.427,404,129.582,487.464,0.269,0.393
430,3,0,19.581,189.279,0.425,406,129.463,497.826,0.272,0.412
431,3,0,19.884,189.279,0.424,404,129.42,502.261,0.271,0.432
432,3,0,20.209,189.279,0.426,403,129.4,508.405,0.271,0.458
433,0,0,20.535,189.279,0.428,399,129.402,509.136,0.268,0.471
434,9,0,20.535,189.279,0.427,405,129.308,511.537,0.271,0.482
435,6,0,20.581,187.0,0.427,407,129.257,521.57,0.272,0.49
436,5,0,20.628,186.465,0.428,406,129.294,516.439,0.27,0.485
437,7,0,20.721,186.465,0.43,406,129.209,527.638,0.273,0.504
438,10,0,20.535,187.186,0.432,414,129.11,531.185,0.279,0.51
439,3,0,20.395,189.628,0.432,411,129.164,521.508,0.276,0.488
440,3,0,20.535,189.628,0.429,406,129.251,523.655,0.272,0.484
441,6,0,20.442,189.628,0.43,408,129.242,526.821,0.273,0.483
442,2,0,20.674,189.977,0.431,404,129.2,523.768,0.27,0.49
443,4,0,20.721,189.465,0.433,403,129.228,525.643,0.269,0.489
444,5,0,20.884,189.744,0.434,403,129.215,527.798,0.267,0.494
445,2,0,20.884,189.744,0.435,397,129.352,520.54,0.263,0.48
446,2,0,20.791,189.744,0.436,395,129.429,516.085,0.262,0.471
447,5,0,20.628,191.209,0.435,393,129.444,507.877,0.262,0.456
448,4,0,20.651,191.209,0.435,396,129.417,516.285,0.264,0.468
449,6,0,20.698,191.209,0.436,399,129.312,522.961,0.268,0.483
450,6,0,20.465,191.209,0.439,402,129.279,526.191,0.271,0.476
451,7,1,20.512,191.209,0.436,407,129.156,533.511,0.276,0.496
452,4,0,20.465,191.209,0.436,408,129.071,540.623,0.278,0.5
453,7,0,20.698,191.209,0.438,409,129.054,547.789,0.278,0.518
454,4,1,20.372,191.209,0.438,409,129.149,532.887,0.276,0.486
455,13,0,19.977,191.209,0.432,417,129.166,540.3,0.281,0.474
456,3,0,19.93,191.256,0.432,418,129.194,537.193,0.28,0.466
457,2,0,19.953,191.256,0.432,417,129.211,537.687,0.279,0.466
458,4,0,19.767,191.256,0.431,418,129.223,533.747,0.28,0.454
459,4,0,19.907,191.256,0.43,417,129.179,539.298,0.282,0.473
460,6,0,20.047,191.256,0.431,417,129.186,541.521,0.281,0.48
461,5,0,20.233,191.256,0.432,414,129.206,549.327,0.28,0.489
462,8,0,20.047,191.163,0.43,417,129.28,544.701,0.28,0.477
463,8,1,20.419,191.163,0.445,419,129.125,567.126,0.287,0.529
464,3,0,20.651,191.163,0.445,416,129.096,574.945,0.287,0.547
465,7,1,20.791,191.163,0.444,419,129.028,588.82,0.29,0.568
466,7,1,21.07,191.419,0.446,419,128.99,604.262,0.292,0.598
467,5,0,21.209,191.419,0.445,420,128.962,609.332,0.292,0.607
468,6,0,21.302,189.953,0.445,420,128.944,610.31,0.295,0.623
469,3,0,21.256,189.953,0.444,420,128.977,608.748,0.293,0.615
470,0,0,21.395,189.953,0.445,418,129.003,609.465,0.292,0.621
471,7,2,21.512,189.953,0.445,414,129.012,615.354,0.292,0.629
472,7,0,21.419,189.953,0.445,419,129.007,616.146,0.293,0.628
473,8,0,21.279,189.953,0.446,425,128.917,619.349,0.296,0.627
474,4,0,21.233,191.07,0.45,427,128.743,619.403,0.299,0.633
475,1,1,21.14,191.07,0.449,423,128.842,615.522,0.298,0.623
476,4,0,21.395,191.07,0.449,419,128.773,626.481,0.298,0.642
477,4,0,21.116,191.07,0.449,418,128.853,617.354,0.297,0.619
478,5,2,21.279,191.674,0.45,415,128.88,623.228,0.297,0.628
479,2,0,21.326,192.0,0.451,414,128.84,623.502,0.295,0.627
480,5,1,21.186,192.093,0.449,416,128.851,613.549,0.295,0.615
481,3,0,21.186,192.093,0.446,414,128.879,610.412,0.293,0.609
482,6,0,21.465,192.093,0.452,419,128.635,628.319,0.299,0.647
483,4,0,21.721,191.907,0.455,414,128.608,634.086,0.298,0.663
484,6,0,21.837,191.907,0.453,413,128.597,638.058,0.298,0.672
485,8,2,21.558,191.558,0.451,409,128.726,621.114,0.293,0.636
486,7,0,21.651,191.558,0.45,415,128.633,634.923,0.297,0.654
487,4,1,21.419,191.558,0.449,417,128.64,629.779,0.298,0.641
488,9,0,21.233,191.558,0.45,423,128.624,629.979,0.302,0.641
489,5,1,21.488,191.558,0.45,422,128.582,642.723,0.302,0.658
490,4,0,21.558,190.581,0.451,422,128.64,638.86,0.3,0.658
491,4,0,21.93,190.581,0.451,419,128.63,648.748,0.298,0.678
492,3,0,21.791,190.581,0.451,420,128.65,645.682,0.299,0.67
493,2,0,21.605,190.581,0.452,416,128.731,632.883,0.298,0.653
494,8,1,21.372,189.465,0.45,419,128.651,636.004,0.302,0.652
495,3,0,21.419,189.465,0.45,420,128.649,640.603,0.304,0.66
496,1,0,21.279,189.791,0.443,415,128.843,622.845,0.297,0.628
497,6,0,21.256,189.791,0.446,416,128.873,624.848,0.297,0.628
498,3,0,21.628,189.791,0.447,413,128.867,630.983,0.295,0.649
499,4,0,21.814,189.791,0.445,408,128.916,628.896,0.293,0.653
500,6,0,21.721,189.791,0.446,410,128.891,623.602,0.295,0.653
501,4,0,17.674,192.767,0.42,409,129.797,510.596,0.293,0.348
502,4,0,17.953,192.767,0.424,409,129.625,518.1,0.294,0.369
503,3,0,17.814,192.767,0.418,404,129.737,512.799,0.289,0.346
504,1,0,17.814,191.14,0.417,402,129.679,510.636,0.288,0.342
505,4,0,17.86,191.14,0.418,400,129.721,506.781,0.285,0.335
506,2,0,18.047,191.14,0.419,398,129.666,511.915,0.284,0.345
507,4,0,18.233,191.14,0.418,390,129.724,507.138,0.28,0.343
508,5,0,18.047,190.419,0.418,392,129.689,500.89,0.281,0.334
509,7,0,18.186,190.419,0.42,395,129.703,502.983,0.281,0.345
510,7,0,18.465,191.581,0.42,397,129.52,518.755,0.283,0.368
511,4,0,18.419,191.581,0.42,398,129.457,518.905,0.284,0.37
512,5,0,18.326,191.581,0.423,399,129.51,514.324,0.285,0.366
513,7,0,18.558,191.581,0.427,402,129.389,523.95,0.288,0.393
514,8,0,18.605,191.581,0.426,402,129.564,527.012,0.287,0.396
515,4,0,18.698,191.302,0.427,399,129.67,527.666,0.285,0.396
516,4,0,18.651,191.302,0.425,400,129.65,528.062,0.287,0.397
517,3,0,18.512,191.302,0.422,399,129.63,525.042,0.287,0.387
518,6,0,18.605,191.302,0.432,400,129.683,524.154,0.288,0.399
519,5,0,19.116,191.302,0.435,396,129.664,532.145,0.286,0.432
520,4,0,19.07,192.349,0.438,396,129.688,532.153,0.285,0.424
521,5,0,19.116,192.349,0.434,393,129.602,527.45,0.284,0.423
522,6,0,19.209,192.349,0.433,393,129.648,529.238,0.284,0.43
523,3,0,19.209,192.349,0.432,391,129.726,526.294,0.283,0.426
524,9,0,19.209,192.349,0.437,397,129.648,536.514,0.286,0.438
525,5,0,19.395,192.349,0.431,400,129.569,549.613,0.289,0.46
526,4,0,19.535,192.349,0.438,400,129.598,549.681,0.287,0.467
527,4,0,19.767,192.349,0.439,399,129.619,549.59,0.286,0.479
528,5,0,19.744,192.349,0.443,400,129.62,556.828,0.287,0.482
529,9,0,19.605,192.349,0.443,403,129.687,555.11,0.287,0.473
530,6,0,19.512,192.349,0.442,404,129.717,544.157,0.286,0.46
531,5,0,19.512,193.744,0.441,403,129.865,540.034,0.284,0.457
532,4,0,19.605,193.744,0.445,404,129.824,543.733,0.287,0.472
533,6,0,19.837,193.814,0.446,402,129.678,552.116,0.287,0.491
534,5,1,19.93,193.814,0.446,400,129.719,554.054,0.286,0.493
535,3,0,19.837,193.744,0.445,397,129.749,549.656,0.284,0.48
536,7,0,19.814,193.744,0.445,398,129.674,545.901,0.284,0.476
537,5,0,19.814,193.744,0.445,400,129.635,547.473,0.286,0.483
538,3,0,19.953,193.744,0.451,399,129.644,549.655,0.284,0.486
539,6,0,19.512,193.744,0.451,401,129.773,537.121,0.286,0.461
540,2,0,19.605,193.744,0.45,397,129.798,537.996,0.283,0.457
541,7,0,19.605,194.14,0.45,400,129.906,536.344,0.284,0.464
542,5,0,19.465,194.14,0.45,400,130.038,531.619,0.283,0.449
543,5,0,19.535,194.14,0.449,402,129.922,538.459,0.285,0.462
544,13,0,19.698,194.14,0.448,410,129.576,564.593,0.296,0.512
545,12,0,19.581,194.14,0.448,417,129.317,575.051,0.303,0.526
546,7,1,19.721,194.14,0.452,415,129.222,583.274,0.305,0.542
547,6,0,19.674,194.14,0.453,415,129.249,577.371,0.303,0.532
548,5,1,19.512,194.14,0.453,412,129.328,565.517,0.3,0.511
549,3,0,19.698,194.14,0.454,411,129.221,571.457,0.302,0.53
550,3,0,19.698,194.14,0.453,410,129.306,570.095,0.3,0.525
551,1,0,19.767,194.14,0.454,404,129.352,564.089,0.297,0.518
552,2,0,19.767,194.14,0.454,406,129.338,565.156,0.297,0.519
553,3,1,19.907,194.14,0.454,401,129.371,561.65,0.294,0.519
554,6,1,20.0,194.14,0.454,401,129.398,565.566,0.295,0.529
555,5,1,20.326,194.14,0.454,396,129.268,568.309,0.293,0.547
556,13,0,20.442,194.14,0.452,403,129.097,587.528,0.297,0.567
557,7,0,20.488,194.326,0.454,408,129.045,592.836,0.299,0.579
558,3,0,20.674,194.326,0.454,406,129.053,595.416,0.297,0.587
559,2,0,20.814,192.465,0.452,403,129.114,597.681,0.295,0.591
560,6,0,20.535,192.465,0.459,405,129.09,593.76,0.296,0.57
561,7,0,20.674,192.465,0.459,406,129.042,598.451,0.297,0.584
562,4,0,20.721,192.465,0.462,403,129.093,598.166,0.294,0.579
563,3,1,20.721,192.465,0.463,401,129.14,585.502,0.291,0.57
564,6,0,20.814,192.465,0.461,400,129.012,589.428,0.292,0.579
565,3,0,20.721,192.465,0.457,398,129.247,582.343,0.288,0.559
566,4,0,20.488,192.07,0.453,395,129.356,572.352,0.285,0.531
567,2,0,20.605,192.07,0.45,391,129.423,569.469,0.282,0.529
568,4,0,20.744,192.07,0.45,395,129.267,581.557,0.287,0.556
569,4,0,20.419,192.07,0.45,394,129.248,572.261,0.287,0.532
570,3,0,20.512,192.07,0.449,395,129.247,575.235,0.286,0.533
571,4,0,20.512,192.07,0.451,395,129.261,575.355,0.284,0.529
572,8,0,20.279,192.07,0.451,400,129.132,572.463,0.29,0.532
573,8,0,20.326,192.07,0.452,404,129.029,579.372,0.293,0.544
574,2,0,20.326,192.07,0.451,399,129.12,567.619,0.288,0.525
575,11,0,20.093,192.07,0.451,407,129.072,561.543,0.291,0.52
576,3,0,19.86,192.07,0.448,408,129.093,554.199,0.291,0.503
577,7,0,20.163,192.07,0.449,406,129.072,561.638,0.29,0.521
578,4,0,20.163,192.07,0.449,406,129.077,562.335,0.29,0.523
579,6,0,20.0,192.07,0.448,407,129.088,560.553,0.291,0.511
580,10,0,19.791,192.07,0.445,412,129.067,564.698,0.292,0.501
581,5,0,20.07,192.07,0.452,412,128.877,579.821,0.296,0.533
582,4,0,20.116,192.07,0.453,407,128.937,566.789,0.29,0.517
583,5,0,20.442,192.07,0.448,401,129.003,572.009,0.285,0.524
584,4,0,20.349,192.07,0.448,401,128.989,569.648,0.285,0.515
585,13,0,20.442,192.07,0.444,413,128.873,590.042,0.294,0.555
586,1,0,20.605,191.023,0.442,408,128.91,583.885,0.29,0.553
587,7,0,20.512,191.023,0.442,409,128.877,586.818,0.291,0.551
588,5,0,20.651,191.023,0.445,411,128.879,592.888,0.292,0.565
589,6,0,20.744,191.023,0.445,412,128.902,595.273,0.292,0.573
590,1,0,20.605,191.023,0.445,409,128.894,587.046,0.291,0.557
591,5,0,20.512,191.023,0.445,409,128.916,587.351,0.291,0.552
592,3,0,20.558,191.023,0.443,407,128.955,578.739,0.288,0.543
593,2,0,20.558,191.093,0.443,405,128.984,579.719,0.287,0.54
594,4,0,20.512,191.093,0.446,403,129.026,577.941,0.287,0.535
595,8,1,20.442,191.093,0.446,405,129.021,572.156,0.288,0.533
596,6,0,20.488,191.093,0.447,408,128.992,576.655,0.287,0.536
597,7,0,20.674,191.093,0.448,411,128.893,583.291,0.29,0.56
598,5,0,20.721,191.093,0.449,409,128.911,579.031,0.289,0.558
599,5,1,20.814,191.093,0.45,410,128.878,581.853,0.289,0.567
600,3,0,20.907,191.093,0.452,408,128.873,582.122,0.29,0.576
601,4,0,16.907,188.093,0.431,409,129.246,456.827,0.289,0.282
602,7,0,17.047,188.093,0.436,410,129.173,457.497,0.289,0.29
603,1,0,17.047,188.093,0.437,408,129.202,455.182,0.287,0.283
604,5,0,17.256,190.558,0.438,408,129.139,462.724,0.288,0.299
605,5,0,17.116,190.558,0.439,405,129.2,458.558,0.286,0.285
606,0,0,17.209,190.558,0.438,399,129.349,450.04,0.282,0.28
607,4,0,17.442,190.558,0.439,397,129.352,452.543,0.28,0.289
608,7,0,17.535,191.442,0.436,398,129.389,454.247,0.28,0.296
609,3,0,17.628,191.442,0.437,395,129.309,455.17,0.281,0.305
610,4,0,17.488,191.442,0.434,392,129.374,452.537,0.281,0.296
611,6,0,17.395,191.442,0.433,396,129.291,450.75,0.284,0.298
612,3,0,17.442,191.442,0.437,390,129.44,442.675,0.277,0.281
613,6,0,17.628,191.442,0.436,392,129.362,448.992,0.279,0.297
614,2,0,17.628,191.512,0.435,391,129.397,448.268,0.277,0.292
615,9,0,17.674,191.535,0.437,392,129.407,451.652,0.277,0.296
616,5,0,17.674,191.535,0.437,391,129.459,449.053,0.276,0.293
617,2,0,17.535,191.535,0.438,389,129.532,443.131,0.274,0.278
618,5,0,17.767,191.535,0.437,390,129.511,451.04,0.276,0.297
619,8,0,17.977,191.535,0.44,392,129.434,458.09,0.277,0.315
620,8,0,18.302,191.535,0.438,391,129.36,466.647,0.278,0.339
621,5,0,18.395,191.535,0.438,389,129.511,461.536,0.273,0.33
622,10,0,18.674,191.535,0.439,394,129.517,469.342,0.274,0.353
623,8,0,18.628,191.535,0.436,400,129.378,474.854,0.279,0.365
624,3,0,18.767,191.535,0.436,400,129.363,478.584,0.279,0.375
625,6,0,18.767,191.535,0.434,403,129.359,478.279,0.28,0.378
626,0,0,18.907,191.535,0.434,397,129.415,476.712,0.276,0.376
627,2,0,18.721,191.535,0.434,390,129.569,465.028,0.272,0.351
628,4,0,18.628,191.535,0.435,391,129.595,460.064,0.271,0.34
629,3,0,18.674,191.535,0.434,394,129.556,463.411,0.272,0.348
630,4,0,18.628,191.535,0.432,394,129.545,460.662,0.273,0.347
631,8,0,18.767,191.535,0.432,396,129.589,463.5,0.273,0.357
632,2,0,18.581,191.535,0.431,394,129.735,457.971,0.271,0.34
633,8,0,18.884,192.0,0.433,392,129.705,461.46,0.27,0.357
634,5,0,18.744,192.0,0.434,394,129.713,456.176,0.27,0.348
635,5,0,18.93,192.0,0.437,396,129.643,462.581,0.269,0.356
636,5,0,18.907,192.093,0.436,400,129.596,464.741,0.272,0.363
637,6,0,18.907,192.093,0.432,401,129.701,462.819,0.272,0.366
638,7,0,18.767,192.093,0.434,404,129.636,465.65,0.276,0.367
639,3,0,18.953,192.093,0.435,402,129.679,463.08,0.273,0.373
640,8,0,18.884,192.093,0.433,405,129.628,468.193,0.275,0.372
641,3,0,19.023,192.093,0.434,405,129.631,464.32,0.273,0.376
642,3,0,19.163,192.093,0.434,407,129.607,473.886,0.274,0.391
643,5,0,19.163,192.419,0.433,409,129.595,473.288,0.275,0.392
644,8,0,19.116,192.093,0.434,412,129.552,474.216,0.275,0.389
645,6,0,19.163,192.581,0.433,414,129.536,479.988,0.277,0.399
646,5,1,19.07,192.581,0.43,413,129.699,469.344,0.274,0.382
647,4,0,18.93,192.581,0.432,413,129.743,463.764,0.273,0.369
648,5,0,19.093,192.093,0.438,413,129.694,467.592,0.274,0.384
649,4,0,19.186,192.093,0.438,415,129.663,469.202,0.273,0.39
650,3,0,18.953,192.093,0.433,412,129.806,461.28,0.27,0.362
651,0,0,19.233,192.093,0.435,406,129.886,455.589,0.264,0.363
652,4,0,19.256,192.093,0.436,406,129.892,453.762,0.263,0.361
653,2,0,19.209,192.093,0.436,405,129.92,450.375,0.262,0.356
654,8,0,19.767,192.093,0.435,408,129.73,468.064,0.264,0.402
655,4,0,19.767,192.093,0.436,409,129.718,468.62,0.265,0.404
656,5,0,19.628,192.093,0.438,406,129.941,451.382,0.258,0.372
657,7,0,19.488,192.093,0.437,411,129.912,451.664,0.261,0.371
658,6,1,19.674,192.093,0.438,410,129.87,461.256,0.261,0.385
659,2,0,19.581,191.907,0.437,410,129.918,454.314,0.261,0.377
660,4,0,19.628,192.86,0.44,408,129.837,462.288,0.262,0.385
661,3,0,19.535,192.86,0.439,408,129.948,451.489,0.26,0.371
662,5,0,19.581,192.86,0.437,403,130.066,452.437,0.258,0.369
663,6,0,19.651,192.86,0.438,404,130.11,457.073,0.257,0.372
664,5,0,19.442,192.86,0.436,403,130.324,442.61,0.255,0.349
665,3,0,19.605,191.907,0.434,399,130.305,446.036,0.253,0.353
666,4,0,19.512,191.907,0.434,399,130.317,441.184,0.253,0.347
667,9,0,19.512,191.907,0.441,405,130.112,449.677,0.257,0.362
668,3,0,19.465,191.953,0.441,405,130.101,451.09,0.258,0.36
669,5,0,19.651,191.953,0.439,403,130.133,448.972,0.255,0.365
670,3,0,19.791,191.953,0.441,400,130.149,449.677,0.253,0.367
671,7,0,19.791,191.953,0.43,402,130.2,450.407,0.252,0.364
672,5,0,19.698,191.953,0.427,403,130.176,448.66,0.253,0.36
673,1,0,19.791,191.953,0.428,400,130.318,444.532,0.25,0.358
674,5,0,20.163,191.953,0.432,398,130.261,460.311,0.252,0.391
675,6,0,20.488,191.953,0.432,392,130.194,467.508,0.25,0.409
676,7,0,20.442,192.279,0.432,395,130.11,473.747,0.254,0.42
677,4,0,20.302,192.279,0.432,395,130.254,466.71,0.253,0.408
678,2,0,20.163,192.163,0.432,391,130.343,460.898,0.251,0.39
679,7,0,19.884,192.163,0.432,393,130.289,456.246,0.255,0.381
680,2,0,19.884,192.326,0.432,392,130.279,457.423,0.254,0.38
681,4,0,19.698,192.326,0.429,390,130.365,447.777,0.25,0.352
682,5,0,19.605,191.279,0.428,388,130.457,435.335,0.248,0.339
683,4,0,19.465,191.279,0.427,390,130.554,433.475,0.249,0.333
684,7,0,19.744,191.279,0.429,390,130.523,439.671,0.248,0.351
685,4,0,19.326,191.047,0.429,390,130.604,432.141,0.247,0.318
686,6,0,19.093,191.047,0.429,391,130.564,425.531,0.247,0.303
687,2,0,19.047,190.86,0.429,388,130.663,421.621,0.243,0.288
688,4,0,19.14,190.86,0.428,387,130.579,426.303,0.245,0.298
689,0,0,19.233,190.86,0.429,383,130.584,426.973,0.243,0.3
690,7,0,19.233,191.0,0.429,387,130.582,425.696,0.242,0.297
691,4,0,19.558,191.0,0.432,385,130.521,432.682,0.241,0.313
692,1,0,19.93,191.0,0.433,381,130.556,433.26,0.237,0.327
693,4,0,20.07,189.302,0.432,377,130.628,436.312,0.235,0.33
694,5,0,20.07,189.302,0.431,378,130.52,440.56,0.238,0.339
695,8,0,20.419,189.302,0.431,380,130.326,458.11,0.242,0.378
696,5,0,20.419,189.302,0.428,380,130.403,455.048,0.242,0.376
697,4,0,20.558,189.302,0.431,378,130.393,453.783,0.241,0.384
698,3,0,20.884,189.302,0.43,374,130.413,452.542,0.238,0.396
699,7,0,20.605,189.302,0.428,373,130.574,447.659,0.236,0.373
700,4,0,20.581,189.302,0.429,372,130.586,436.741,0.234,0.363
701,3,0,16.419,188.512,0.415,372,131.83,358.006,0.231,0.134
702,1,0,16.419,188.512,0.415,371,131.831,357.604,0.231,0.133
703,3,0,16.279,188.512,0.414,368,131.972,353.333,0.231,0.13
704,5,0,16.186,188.512,0.411,369,131.864,360.731,0.235,0.133
705,4,0,16.047,188.512,0.409,370,131.812,362.545,0.237,0.132
706,3,0,16.256,190.767,0.409,365,131.843,362.121,0.235,0.134
707,3,0,16.535,191.093,0.412,362,131.839,363.886,0.233,0.142
708,6,0,16.628,191.093,0.413,361,131.827,364.893,0.232,0.144
709,4,0,16.674,191.093,0.415,359,132.048,362.531,0.231,0.144
710,7,0,16.674,191.093,0.414,361,132.002,365.476,0.232,0.146
711,10,0,16.558,193.326,0.417,368,132.011,371.105,0.236,0.149
712,8,0,16.488,193.326,0.414,372,131.972,373.391,0.239,0.152
713,4,0,16.581,193.326,0.416,371,132.01,375.191,0.238,0.154
714,4,0,16.721,193.326,0.415,373,131.846,379.403,0.24,0.163
715,4,0,16.814,193.326,0.415,374,131.773,382.527,0.241,0.168
716,7,0,17.419,193.628,0.415,372,131.788,402.321,0.242,0.198
717,4,0,17.279,193.628,0.414,373,131.793,404.41,0.243,0.195
718,8,0,17.163,193.628,0.414,376,131.585,403.735,0.247,0.198
719,2,0,17.116,193.628,0.415,374,131.528,402.173,0.245,0.191
720,7,0,17.581,193.628,0.417,376,131.287,422.294,0.249,0.223
721,3,0,17.814,193.628,0.418,373,131.118,422.288,0.246,0.227
722,6,0,17.884,193.628,0.417,376,130.922,431.671,0.249,0.237
723,6,0,17.977,193.628,0.412,377,130.875,435.472,0.25,0.245
724,4,0,18.163,193.628,0.408,377,130.885,447.006,0.254,0.267
725,4,0,18.442,193.628,0.415,378,130.741,456.568,0.258,0.296
726,5,0,18.814,193.628,0.416,379,130.733,467.413,0.258,0.319
727,8,0,18.721,193.628,0.416,380,130.762,470.14,0.261,0.324
728,7,0,18.395,193.628,0.414,382,130.761,461.483,0.262,0.305
729,6,0,18.233,192.233,0.416,377,130.8,447.431,0.26,0.289
730,8,0,18.186,192.233,0.416,379,130.691,453.541,0.262,0.29
731,5,0,18.279,192.233,0.417,374,130.796,444.01,0.256,0.28
732,8,0,18.279,192.233,0.419,382,130.618,454.68,0.263,0.3
733,7,1,18.256,192.395,0.423,383,130.505,453.208,0.264,0.301
734,10,1,17.837,192.209,0.424,387,130.375,446.106,0.265,0.275
735,9,0,18.163,192.558,0.427,390,130.332,449.16,0.264,0.294
736,5,0,18.442,192.558,0.427,390,130.277,456.768,0.265,0.312
737,5,0,18.767,192.558,0.427,391,130.043,473.278,0.27,0.349
738,5,0,18.884,192.558,0.426,395,129.986,478.53,0.272,0.366
739,6,0,18.93,192.558,0.422,393,130.129,475.039,0.268,0.358
740,7,0,18.907,192.558,0.422,394,130.165,480.199,0.271,0.364
741,6,0,18.814,192.558,0.42,397,130.119,481.376,0.273,0.365
742,8,0,18.721,192.558,0.418,400,130.078,479.702,0.274,0.363
743,11,0,18.767,192.558,0.418,405,129.966,483.132,0.275,0.368
744,1,0,18.814,192.558,0.419,402,130.041,478.426,0.274,0.367
745,6,0,18.86,193.233,0.418,404,129.965,488.572,0.277,0.38
746,8,0,18.674,193.233,0.419,404,129.956,483.758,0.277,0.368
747,2,0,19.186,193.233,0.419,398,129.792,495.292,0.276,0.4
748,5,0,19.349,193.233,0.421,398,129.806,493.741,0.274,0.404
749,8,0,19.465,193.233,0.423,399,129.759,507.249,0.275,0.417
750,4,0,19.628,193.233,0.425,397,129.831,502.194,0.272,0.42
751,8,0,19.628,193.233,0.423,402,129.748,511.108,0.277,0.436
752,5,0,19.744,193.233,0.425,405,129.761,516.882,0.278,0.45
753,2,0,20.07,193.233,0.427,400,129.815,512.342,0.273,0.456
754,7,0,20.209,193.233,0.431,404,129.469,525.886,0.279,0.487
755,7,0,20.465,193.233,0.434,401,129.542,532.469,0.278,0.503
756,6,0,20.326,194.186,0.435,401,129.524,530.77,0.276,0.486
757,8,0,20.442,194.186,0.434,403,129.472,535.048,0.278,0.503
758,4,0,20.628,193.233,0.437,402,129.394,542.256,0.28,0.524
759,3,0,20.581,193.233,0.437,402,129.406,541.546,0.279,0.517
760,5,0,20.698,193.233,0.436,406,129.337,553.077,0.283,0.539
761,6,0,20.465,193.233,0.434,406,129.248,549.397,0.285,0.527
762,3,0,20.628,193.233,0.435,403,129.271,552.076,0.283,0.533
763,7,0,20.721,193.233,0.438,402,129.27,544.87,0.281,0.534
764,5,0,20.674,193.233,0.438,404,129.272,542.785,0.281,0.529
765,6,0,20.581,193.233,0.437,404,129.364,543.151,0.281,0.523
766,8,0,20.628,193.233,0.437,407,129.263,551.26,0.284,0.537
767,3,0,20.674,193.233,0.436,407,129.175,555.425,0.285,0.543
768,4,0,20.767,193.233,0.438,406,129.183,557.723,0.285,0.552
769,4,0,20.86,193.233,0.437,405,129.113,558.538,0.286,0.562
770,2,0,20.674,193.233,0.439,403,129.127,551.555,0.287,0.549
771,5,0,20.628,192.86,0.44,401,129.184,543.096,0.284,0.535
772,6,1,20.767,192.86,0.441,402,129.158,544.461,0.283,0.542
773,5,0,20.628,192.86,0.44,402,129.205,544.36,0.284,0.536
774,6,0,20.488,192.86,0.438,402,129.321,531.547,0.282,0.518
775,4,0,20.721,193.0,0.439,398,129.296,536.025,0.279,0.527
776,5,0,20.628,193.0,0.439,400,129.272,534.603,0.281,0.526
777,4,0,21.023,193.0,0.44,399,129.151,551.117,0.284,0.567
778,4,0,20.93,193.0,0.439,399,129.123,550.612,0.284,0.561
779,7,0,20.837,193.0,0.438,400,129.12,551.674,0.285,0.555
780,4,0,20.93,192.651,0.438,399,129.123,551.181,0.283,0.556
781,6,0,20.791,192.651,0.437,400,129.092,550.887,0.284,0.549
782,2,0,20.744,192.651,0.436,402,129.076,552.204,0.286,0.55
783,5,0,20.674,192.651,0.435,406,129.079,551.832,0.287,0.55
784,4,0,20.721,192.651,0.437,404,129.212,549.344,0.285,0.546
785,3,0,20.721,192.651,0.438,402,129.181,547.609,0.284,0.545
786,7,0,20.744,192.767,0.44,404,129.181,549.502,0.287,0.557
787,6,0,20.884,193.116,0.443,405,129.178,550.032,0.288,0.569
788,4,0,20.93,193.116,0.442,405,129.19,551.952,0.286,0.568
789,6,1,20.93,193.116,0.442,408,129.123,554.032,0.289,0.577
790,5,0,20.93,193.116,0.444,406,129.226,554.123,0.288,0.573
791,4,0,20.977,193.116,0.444,404,129.243,554.778,0.286,0.571
792,6,0,21.023,193.116,0.448,401,129.223,554.651,0.285,0.569
793,2,1,21.163,193.116,0.448,397,129.217,553.299,0.283,0.574
794,7,0,21.233,193.442,0.448,397,129.236,553.624,0.284,0.583
795,7,0,21.186,193.442,0.447,402,129.162,561.505,0.289,0.598
796,4,0,21.14,193.442,0.446,404,129.137,564.51,0.291,0.601
797,1,0,21.326,193.302,0.448,398,129.248,556.16,0.286,0.597
798,9,0,21.512,193.419,0.446,401,129.175,571.791,0.289,0.621
799,3,0,21.465,193.279,0.446,398,129.204,569.352,0.288,0.613
800,6,0,21.558,193.279,0.451,403,129.116,576.015,0.292,0.633
801,6,0,17.581,193.372,0.432,401,129.484,466.204,0.287,0.32
802,1,0,17.628,193.372,0.431,400,129.52,467.339,0.286,0.322
803,8,0,17.907,193.651,0.431,402,129.331,479.099,0.289,0.348
804,4,0,18.372,193.837,0.435,399,129.382,481.492,0.287,0.375
805,3,0,18.605,191.698,0.435,397,129.264,492.152,0.289,0.399
806,6,0,18.419,191.698,0.434,398,129.242,489.931,0.29,0.39
807,4,0,18.488,191.512,0.434,392,129.178,491.787,0.29,0.391
808,6,0,18.674,191.512,0.433,392,129.161,493.102,0.29,0.406
809,2,0,18.628,190.116,0.435,388,129.27,482.69,0.286,0.391
810,5,0,18.791,191.605,0.433,390,129.147,494.395,0.291,0.419
811,4,0,19.279,191.605,0.437,390,129.052,507.138,0.291,0.456
812,8,0,19.186,191.605,0.438,393,128.972,512.634,0.295,0.464
813,1,0,19.233,191.605,0.439,388,129.058,504.971,0.292,0.455
814,6,1,19.512,191.605,0.439,390,128.995,511.465,0.293,0.481
815,9,0,19.698,191.605,0.444,396,128.963,525.208,0.297,0.508
816,0,0,19.977,191.605,0.445,389,128.982,522.378,0.291,0.51
817,5,0,20.047,191.744,0.446,390,129.069,520.29,0.289,0.507
818,4,0,20.0,191.744,0.447,389,129.152,509.729,0.283,0.485
819,5,0,20.047,191.767,0.448,389,129.15,512.486,0.284,0.491
820,7,0,19.93,192.372,0.447,392,129.205,510.113,0.285,0.485
821,7,0,19.698,192.372,0.444,398,129.208,509.31,0.288,0.477
822,4,0,19.651,192.372,0.442,392,129.392,498.479,0.282,0.455
823,6,1,19.744,192.372,0.445,393,129.326,499.16,0.281,0.459
824,6,0,19.628,192.372,0.446,391,129.441,485.64,0.279,0.442
825,6,1,19.744,192.372,0.445,388,129.45,487.705,0.277,0.445
826,2,0,19.698,191.86,0.446,381,129.593,475.892,0.272,0.422
827,6,0,19.837,191.86,0.444,384,129.525,484.409,0.275,0.445
828,4,0,19.977,191.86,0.444,386,129.516,488.363,0.275,0.456
829,5,0,19.837,191.86,0.443,388,129.489,487.732,0.276,0.449
830,3,0,20.163,192.047,0.442,383,129.482,488.299,0.272,0.458
831,8,0,20.023,193.465,0.445,383,129.612,485.635,0.273,0.453
832,4,0,20.256,193.465,0.446,383,129.63,487.852,0.271,0.462
833,4,1,20.395,193.465,0.446,382,129.643,487.877,0.269,0.465
834,5,0,20.395,193.465,0.445,384,129.675,490.56,0.27,0.471
835,7,0,20.442,193.465,0.444,387,129.643,493.703,0.272,0.481
836,3,0,20.209,193.465,0.443,388,129.662,490.345,0.273,0.468
837,2,0,20.395,193.465,0.443,385,129.612,494.138,0.272,0.479
838,2,0,20.256,193.465,0.444,382,129.651,485.76,0.271,0.461
839,10,1,20.256,193.465,0.444,389,129.485,500.694,0.277,0.482
840,6,0,20.116,193.465,0.442,389,129.618,488.904,0.273,0.457
841,5,0,20.023,193.465,0.441,392,129.59,491.541,0.274,0.456
842,7,0,19.953,193.465,0.441,395,129.54,496.075,0.276,0.458
843,5,1,20.047,193.465,0.444,395,129.522,498.571,0.277,0.469
844,1,0,20.047,193.465,0.445,391,129.544,498.096,0.275,0.462
845,4,0,20.0,193.465,0.444,394,129.506,498.734,0.278,0.466
846,3,0,19.884,193.116,0.443,392,129.414,494.281,0.277,0.455
847,5,0,19.884,193.116,0.443,394,129.41,493.124,0.278,0.456
848,5,0,20.0,193.116,0.442,395,129.29,494.536,0.279,0.47
849,6,0,20.047,193.116,0.442,398,129.296,499.087,0.28,0.479
850,5,0,20.186,193.116,0.442,399,129.273,504.005,0.28,0.486
851,5,0,20.233,193.116,0.441,404,129.239,511.543,0.282,0.497
852,6,0,20.186,193.116,0.442,405,129.222,512.838,0.283,0.5
853,4,0,20.093,193.116,0.437,406,129.183,511.55,0.285,0.499
854,7,0,20.163,193.116,0.438,405,129.185,512.421,0.284,0.498
855,4,0,20.163,193.977,0.442,405,129.071,515.309,0.286,0.506
856,6,0,20.163,193.977,0.442,404,129.037,515.156,0.287,0.508
857,6,1,20.07,193.977,0.441,406,128.973,521.394,0.289,0.508
858,6,0,20.116,192.674,0.441,408,128.961,516.692,0.287,0.507
859,6,0,20.256,192.767,0.442,409,128.886,527.432,0.288,0.52
860,3,0,20.349,192.767,0.437,401,128.965,515.679,0.281,0.503
861,5,0,20.209,192.767,0.437,403,128.952,516.685,0.284,0.5
862,3,0,20.256,192.767,0.438,399,129.043,510.005,0.279,0.488
863,9,0,20.047,193.535,0.435,405,128.96,511.618,0.284,0.489
864,7,0,20.047,193.535,0.438,407,128.909,517.162,0.287,0.499
865,4,0,20.233,193.535,0.441,403,128.888,520.381,0.285,0.508
866,8,0,20.233,193.535,0.44,403,128.947,520.578,0.284,0.502
867,8,0,20.651,193.535,0.443,397,128.994,517.072,0.278,0.513
868,2,0,20.558,193.535,0.44,394,129.047,513.037,0.276,0.502
869,4,0,20.558,193.535,0.435,393,129.051,507.388,0.275,0.498
870,4,0,20.558,193.535,0.435,393,128.99,507.183,0.276,0.498
871,5,0,20.93,193.535,0.437,392,128.887,517.407,0.276,0.529
872,5,0,20.953,192.302,0.439,391,128.902,519.53,0.277,0.532
873,4,0,21.093,190.256,0.437,389,128.919,513.68,0.274,0.533
874,2,0,21.14,190.256,0.437,387,128.905,514.936,0.274,0.535
875,3,0,21.233,190.256,0.436,385,128.947,514.76,0.27,0.53
876,2,0,21.326,190.256,0.435,385,128.918,516.693,0.271,0.539
877,3,0,21.326,190.256,0.436,381,128.947,513.939,0.268,0.53
878,4,0,21.279,190.419,0.437,376,128.984,504.287,0.266,0.517
879,7,0,21.209,190.419,0.438,376,129.007,500.044,0.263,0.502
880,6,0,21.163,190.419,0.439,378,129.01,496.635,0.262,0.494
881,9,0,20.93,190.419,0.438,385,128.968,496.237,0.265,0.489
882,6,0,21.116,190.419,0.437,387,128.874,508.007,0.268,0.514
883,13,0,21.047,190.558,0.443,393,128.854,510.464,0.271,0.518
884,1,0,21.186,190.558,0.444,386,128.866,510.386,0.268,0.518
885,5,0,21.256,189.977,0.443,384,128.813,514.36,0.27,0.528
886,2,0,21.163,189.977,0.443,384,128.869,511.053,0.268,0.517
887,7,0,20.977,189.977,0.442,384,128.799,517.388,0.272,0.516
888,4,0,21.186,189.977,0.442,378,128.875,517.023,0.268,0.518
889,1,0,21.047,188.186,0.441,369,129.138,489.002,0.257,0.469
890,4,0,20.884,188.767,0.441,368,129.257,478.006,0.255,0.45
891,2,0,21.07,188.767,0.441,367,129.223,484.421,0.256,0.469
892,1,0,21.116,188.767,0.441,366,129.223,484.301,0.256,0.473
893,4,0,20.953,188.767,0.441,364,129.334,474.105,0.252,0.444
894,6,0,20.86,188.628,0.439,363,129.382,469.014,0.251,0.435
895,3,0,20.674,188.628,0.438,363,129.369,468.169,0.252,0.424
896,9,0,20.814,188.628,0.439,368,129.338,471.4,0.254,0.441
897,2,0,20.674,188.628,0.438,366,129.424,464.773,0.252,0.422
898,7,0,20.535,188.791,0.438,372,129.302,472.412,0.257,0.43
899,9,0,20.116,190.209,0.439,371,129.48,466.59,0.259,0.406
900,5,0,20.163,190.209,0.44,373,129.443,468.6,0.26,0.413
901,8,0,16.233,189.698,0.396,378,130.278,386.635,0.262,0.179
902,5,0,16.186,189.698,0.396,379,130.342,388.114,0.263,0.18
903,7,0,16.395,189.698,0.398,379,130.312,394.195,0.263,0.19
904,2,0,16.488,189.698,0.399,379,130.311,395.156,0.262,0.193
905,3,0,16.721,189.884,0.4,375,130.319,394.947,0.261,0.201
906,7,0,16.674,188.605,0.402,374,130.463,387.766,0.257,0.192
907,12,0,17.093,188.744,0.407,383,130.35,398.293,0.261,0.22
908,5,0,17.163,189.047,0.407,383,130.333,400.648,0.261,0.225
909,5,0,16.977,189.047,0.406,385,130.346,397.504,0.262,0.217
910,6,0,17.023,189.047,0.403,388,130.239,408.966,0.268,0.233
911,4,0,17.163,189.047,0.404,388,130.233,412.805,0.267,0.239
912,5,0,17.465,189.372,0.405,387,129.985,421.022,0.269,0.261
913,4,0,17.558,189.372,0.404,387,129.972,422.271,0.268,0.263
914,4,0,17.558,189.372,0.405,387,129.975,421.598,0.267,0.261
915,6,0,17.814,189.605,0.407,386,129.987,426.887,0.266,0.274
916,5,0,17.814,190.116,0.406,385,129.929,427.988,0.267,0.278
917,2,0,17.953,190.116,0.407,383,129.954,429.979,0.266,0.282
918,8,0,17.721,190.116,0.408,385,130.025,422.912,0.265,0.267
919,4,0,17.628,190.116,0.408,383,130.117,416.446,0.263,0.254
920,7,0,17.512,190.116,0.409,385,130.194,409.929,0.261,0.245
921,2,0,17.605,190.116,0.41,384,130.195,410.749,0.261,0.248
922,4,0,17.465,189.93,0.41,382,130.31,404.356,0.257,0.231
923,3,0,17.512,189.93,0.409,381,130.344,407.57,0.258,0.235
924,2,0,17.535,189.93,0.409,379,130.339,407.968,0.257,0.235
925,6,0,17.488,189.93,0.407,379,130.282,409.84,0.259,0.236
926,10,0,17.721,189.93,0.41,383,130.034,422.342,0.262,0.257
927,5,0,17.674,189.93,0.41,383,130.017,422.808,0.263,0.257
928,5,0,17.814,189.93,0.411,384,129.982,425.093,0.263,0.264
929,3,0,17.581,189.93,0.407,379,130.055,416.11,0.261,0.246
930,3,0,17.721,189.93,0.412,376,130.119,415.472,0.26,0.252
931,3,0,17.767,189.93,0.406,374,130.108,418.522,0.259,0.252
932,6,0,17.698,189.93,0.406,372,130.13,416.89,0.259,0.249
933,7,0,18.163,192.465,0.406,373,129.987,432.274,0.26,0.279
934,5,0,18.14,192.465,0.413,372,129.964,437.987,0.261,0.281
935,6,0,18.326,192.465,0.411,373,129.877,447.647,0.264,0.299
936,3,0,18.372,192.465,0.412,373,129.891,447.399,0.263,0.299
937,5,0,18.372,192.465,0.412,376,129.787,453.5,0.267,0.312
938,5,0,18.419,190.233,0.41,376,129.79,452.807,0.266,0.312
939,7,0,18.558,190.233,0.41,377,129.762,457.33,0.267,0.325
940,10,0,18.558,189.512,0.408,382,129.66,472.239,0.273,0.342
941,3,0,18.651,189.512,0.403,378,129.677,467.853,0.27,0.34
942,6,0,18.698,189.512,0.402,381,129.563,471.698,0.272,0.348
943,5,0,18.86,189.512,0.409,384,129.533,483.017,0.273,0.365
944,4,0,18.953,189.628,0.41,381,129.68,478.492,0.269,0.359
945,3,0,19.186,189.628,0.413,380,129.571,481.281,0.267,0.368
946,3,0,19.279,189.442,0.418,374,129.647,473.362,0.261,0.356
947,5,0,19.326,189.442,0.419,376,129.553,477.578,0.265,0.37
948,5,0,19.233,189.442,0.418,376,129.54,480.138,0.266,0.367
949,1,0,19.186,189.442,0.419,372,129.596,473.173,0.264,0.358
950,4,0,19.302,189.442,0.421,372,129.599,475.638,0.264,0.366
951,6,0,19.558,189.442,0.422,375,129.485,489.511,0.268,0.397
952,5,0,19.279,189.326,0.42,372,129.48,483.454,0.269,0.38
953,3,0,19.372,189.326,0.42,371,129.422,487.468,0.27,0.39
954,9,0,19.512,189.465,0.423,374,129.355,492.364,0.272,0.408
955,1,0,19.488,189.465,0.425,368,129.487,483.161,0.267,0.389
956,6,0,19.442,189.465,0.425,373,129.475,482.645,0.268,0.389
957,2,0,19.419,189.465,0.424,369,129.554,475.459,0.266,0.381
958,6,0,19.279,189.465,0.428,369,129.496,469.952,0.266,0.371
959,5,0,19.302,189.465,0.428,369,129.527,476.569,0.267,0.374
960,5,0,19.372,189.465,0.431,371,129.505,478.775,0.268,0.382
961,2,0,19.512,189.465,0.432,369,129.502,480.917,0.266,0.388
962,5,0,19.465,189.651,0.433,368,129.556,472.653,0.264,0.377
963,4,0,19.372,189.488,0.431,365,129.637,462.95,0.261,0.361
964,7,0,19.186,189.767,0.431,368,129.596,461.935,0.263,0.353
965,9,0,19.372,189.907,0.431,373,129.442,473.863,0.266,0.377
966,3,0,19.372,189.907,0.431,374,129.411,476.126,0.268,0.382
967,5,0,19.605,192.884,0.433,374,129.297,486.545,0.269,0.402
968,4,0,19.674,192.884,0.434,374,129.304,487.531,0.268,0.404
969,1,0,19.581,192.884,0.434,370,129.41,481.362,0.266,0.391
970,12,0,19.419,192.884,0.434,376,129.323,483.394,0.268,0.386
971,1,0,19.279,192.884,0.434,370,129.428,471.183,0.264,0.363
972,5,0,19.465,192.884,0.434,370,129.437,476.977,0.264,0.378
973,10,0,19.465,192.884,0.433,375,129.441,475.028,0.265,0.378
974,6,0,19.372,192.884,0.433,377,129.362,479.286,0.266,0.375
975,7,0,19.349,193.279,0.432,380,129.211,484.115,0.27,0.387
976,5,0,19.279,193.419,0.43,382,129.072,495.237,0.274,0.394
977,5,0,19.372,193.419,0.424,380,129.055,494.269,0.274,0.402
978,4,0,19.419,193.419,0.424,377,129.11,488.644,0.273,0.4
979,8,0,19.349,193.279,0.424,377,129.181,481.667,0.272,0.393
980,3,0,19.395,193.279,0.425,371,129.353,474.263,0.266,0.377
981,2,0,19.302,193.279,0.426,370,129.434,468.623,0.264,0.363
982,7,0,19.465,193.279,0.427,368,129.524,472.171,0.262,0.368
983,5,0,19.465,193.279,0.427,371,129.462,471.684,0.264,0.376
984,4,0,19.233,193.279,0.421,368,129.532,462.683,0.261,0.351
985,6,0,19.14,193.279,0.422,371,129.517,461.349,0.262,0.347
986,1,0,19.209,192.977,0.422,365,129.537,455.918,0.257,0.335
987,3,0,19.07,192.977,0.422,363,129.612,451.473,0.257,0.325
988,7,0,19.209,192.977,0.422,364,129.548,457.461,0.259,0.342
989,4,0,19.395,192.977,0.425,365,129.512,461.488,0.259,0.353
990,6,0,19.372,192.651,0.428,363,129.495,463.938,0.259,0.354
991,5,0,19.279,192.744,0.431,364,129.456,469.096,0.261,0.352
992,2,0,19.326,192.744,0.431,362,129.52,463.926,0.259,0.348
993,1,0,19.419,192.744,0.431,359,129.58,464.064,0.257,0.349
994,4,0,19.326,192.744,0.43,360,129.68,464.517,0.256,0.341
995,8,0,19.233,192.744,0.429,362,129.663,468.703,0.259,0.343
996,2,0,19.279,192.86,0.43,357,129.791,456.72,0.252,0.326
997,3,0,19.209,192.605,0.429,358,129.77,457.507,0.254,0.326
998,9,0,19.093,192.605,0.431,364,129.681,466.91,0.262,0.344
999,5,0,18.953,192.372,0.431,364,129.784,460.535,0.262,0.336
1000,0,0,19.326,192.372,0.433,358,129.864,461.024,0.257,0.345
