1,10,0,0.571,2.381,0.0,10,231.548,0.0,0.008,0.001
2,3,0,0.762,3.619,0.002,13,227.889,0.0,0.011,0.001
3,3,0,1.048,5.476,0.004,16,209.535,0.016,0.015,0.001
4,3,0,1.238,8.476,0.008,19,197.564,0.089,0.021,0.001
5,4,0,1.667,10.429,0.009,23,174.61,0.214,0.026,0.0
6,7,0,2.238,15.952,0.015,29,152.671,0.463,0.039,0.0
7,5,0,2.524,19.952,0.021,34,139.654,0.743,0.046,0.0
8,5,0,2.952,24.0,0.033,38,126.593,0.971,0.05,0.0
9,5,0,3.524,31.857,0.054,42,104.632,1.333,0.06,0.0
10,3,0,3.81,35.381,0.063,45,101.712,1.551,0.064,0.0
11,6,0,3.571,36.524,0.06,51,110.847,1.548,0.07,0.0
12,9,0,3.857,41.905,0.066,59,91.504,2.006,0.082,0.0
13,4,0,4.0,43.905,0.065,63,87.704,2.249,0.089,0.0
14,4,0,4.095,45.238,0.065,67,86.572,2.327,0.092,0.0
15,3,0,4.19,45.714,0.062,70,80.517,2.492,0.096,0.0
16,8,0,4.905,52.905,0.085,77,66.807,3.202,0.103,0.0
17,4,0,5.286,61.0,0.109,81,59.937,4.007,0.112,0.0
18,4,0,5.571,63.238,0.109,85,57.018,4.45,0.119,0.0
19,7,0,6.095,68.81,0.119,91,46.845,5.935,0.13,0.0
20,8,0,6.667,73.381,0.128,98,41.462,6.867,0.138,0.0
21,3,0,6.952,75.857,0.141,98,42.285,7.047,0.138,0.0
22,3,0,7.238,77.952,0.152,98,40.231,7.5,0.138,0.0
23,3,0,7.429,80.286,0.159,101,38.771,8.132,0.142,0.0
24,3,0,7.429,80.571,0.156,104,38.153,8.121,0.145,0.0
25,5,0,7.714,87.857,0.177,108,35.096,8.683,0.156,0.0
26,6,0,7.524,89.19,0.176,113,34.394,8.664,0.161,0.0
27,8,0,8.286,97.667,0.199,119,30.425,10.009,0.174,0.0
28,6,0,8.476,100.857,0.201,125,28.651,11.189,0.183,0.0
29,3,0,8.476,102.048,0.204,127,27.867,11.828,0.186,0.0
30,3,0,8.381,102.667,0.202,130,27.821,11.835,0.189,0.0
31,5,0,9.048,103.143,0.208,130,25.182,12.641,0.187,0.0
32,8,0,9.429,110.571,0.238,137,22.916,12.968,0.195,0.0
33,3,0,9.905,115.476,0.256,139,21.297,14.105,0.2,0.0
34,4,0,10.286,120.19,0.277,143,20.156,15.064,0.204,0.0
35,6,0,10.857,126.571,0.303,148,18.76,16.517,0.214,0.001
36,3,0,10.857,127.048,0.3,151,18.322,17.119,0.218,0.001
37,9,0,11.429,127.048,0.284,157,17.499,19.515,0.228,0.001
38,0,0,11.619,127.048,0.291,154,17.553,19.256,0.224,0.001
39,6,0,12.19,127.714,0.293,157,17.363,20.08,0.225,0.001
40,2,0,12.095,128.571,0.293,159,17.326,20.237,0.229,0.001
41,2,0,12.095,128.571,0.292,161,17.132,20.268,0.229,0.001
42,3,0,12.19,128.571,0.294,162,17.295,20.489,0.228,0.001
43,7,0,12.095,124.667,0.258,168,17.069,20.886,0.234,0.001
44,7,0,12.19,127.81,0.27,173,17.473,21.722,0.24,0.001
45,4,0,12.571,130.81,0.292,175,16.705,22.749,0.238,0.001
46,8,0,12.81,133.476,0.298,180,15.898,23.003,0.245,0.001
47,3,0,13.095,133.714,0.296,179,15.087,23.598,0.247,0.001
48,10,0,13.571,141.619,0.326,187,13.293,24.972,0.261,0.002
49,8,0,14.524,151.381,0.38,192,11.127,29.284,0.27,0.003
50,2,0,15.095,151.381,0.391,190,11.022,29.681,0.264,0.003
51,7,0,15.19,152.095,0.382,196,10.613,30.794,0.272,0.003
52,4,0,15.19,152.238,0.387,198,10.625,31.327,0.271,0.003
53,6,0,15.667,153.476,0.391,202,10.069,33.2,0.275,0.004
54,2,0,15.571,154.048,0.393,203,10.066,33.022,0.276,0.004
55,5,0,16.048,157.381,0.421,204,9.866,33.095,0.277,0.005
56,6,0,16.048,158.429,0.418,209,9.621,33.645,0.282,0.005
57,5,0,16.476,161.143,0.434,212,9.318,34.613,0.286,0.006
58,5,0,16.952,162.952,0.436,215,8.766,37.508,0.294,0.008
59,7,0,17.238,164.476,0.44,218,8.571,39.04,0.297,0.009
60,8,0,17.619,167.143,0.451,224,8.289,39.614,0.302,0.011
61,1,0,17.81,168.762,0.473,221,8.382,39.327,0.297,0.011
62,6,0,17.619,168.952,0.464,225,8.101,39.566,0.302,0.011
63,6,0,17.524,169.381,0.463,228,8.041,39.565,0.306,0.011
64,5,0,18.0,171.667,0.475,231,7.784,41.255,0.312,0.014
65,3,0,18.0,171.667,0.473,230,7.762,41.645,0.313,0.014
66,7,0,18.095,173.048,0.482,235,7.7,42.039,0.314,0.015
67,3,0,18.381,175.048,0.496,235,7.569,43.496,0.315,0.016
68,6,0,19.238,181.524,0.526,238,7.197,45.01,0.319,0.022
69,6,0,19.714,189.0,0.572,242,6.565,48.355,0.328,0.028
70,5,0,20.19,191.905,0.583,244,6.128,50.107,0.333,0.035
71,8,0,20.571,193.0,0.586,252,5.722,52.003,0.343,0.044
72,8,0,20.857,199.238,0.614,257,5.475,53.629,0.348,0.051
73,5,0,20.571,200.524,0.634,257,5.507,53.313,0.347,0.046
74,6,0,20.667,202.143,0.647,258,5.414,53.682,0.349,0.049
75,7,0,20.524,204.476,0.653,262,5.321,53.511,0.354,0.05
76,5,0,20.429,204.476,0.645,264,4.988,54.675,0.358,0.051
77,5,0,20.429,204.476,0.638,266,4.903,54.488,0.36,0.052
78,5,0,20.905,204.524,0.646,268,4.808,55.127,0.357,0.058
79,3,0,20.905,205.667,0.641,268,4.749,54.761,0.361,0.061
80,3,0,20.81,206.762,0.641,271,4.711,55.419,0.364,0.062
81,2,0,20.476,206.762,0.633,269,4.886,53.839,0.357,0.051
82,3,0,20.952,208.429,0.652,269,4.809,54.133,0.355,0.057
83,8,0,20.762,210.667,0.669,275,4.75,54.792,0.361,0.058
84,2,0,20.762,210.952,0.672,275,4.745,54.575,0.361,0.058
85,6,0,20.667,212.571,0.67,279,4.531,55.844,0.37,0.064
86,5,0,20.857,217.095,0.656,282,4.38,57.69,0.376,0.073
87,5,0,21.429,218.571,0.669,281,3.971,61.142,0.382,0.091
88,4,0,21.524,220.0,0.663,284,3.799,62.512,0.391,0.106
89,9,0,22.524,225.857,0.67,291,3.473,67.238,0.401,0.157
90,5,0,23.0,225.619,0.684,292,3.416,67.904,0.402,0.179
91,3,0,23.524,225.905,0.692,290,3.428,68.593,0.399,0.197
92,5,1,23.619,225.905,0.687,289,3.47,67.456,0.401,0.206
93,5,1,24.048,226.048,0.683,286,3.389,68.718,0.397,0.219
94,5,0,24.524,226.381,0.688,288,3.478,68.4,0.399,0.252
95,5,0,24.905,226.381,0.687,290,3.326,69.646,0.404,0.29
96,1,0,25.0,226.381,0.691,287,3.519,68.075,0.401,0.287
97,5,0,25.19,228.0,0.72,289,3.613,68.163,0.403,0.305
98,3,0,25.952,230.952,0.732,288,3.47,70.635,0.406,0.367
99,5,0,26.048,231.095,0.733,290,3.442,70.743,0.407,0.378
100,5,1,26.143,231.095,0.733,292,3.325,70.908,0.412,0.402
101,4,0,20.952,234.714,0.701,292,3.568,59.801,0.415,0.122
102,7,0,21.238,234.714,0.701,296,3.331,61.455,0.42,0.14
103,4,1,22.0,234.714,0.712,293,3.356,62.55,0.414,0.16
104,4,1,22.571,235.048,0.722,291,3.343,63.978,0.413,0.182
105,5,0,23.81,235.048,0.75,292,3.117,67.07,0.416,0.255
106,4,2,23.81,234.429,0.751,288,3.169,66.793,0.41,0.238
107,2,0,24.571,234.429,0.76,286,3.155,69.433,0.406,0.272
108,8,0,24.952,234.429,0.761,290,2.975,71.175,0.411,0.311
109,2,0,25.0,234.429,0.758,287,2.946,73.051,0.408,0.305
110,3,0,24.81,234.429,0.756,286,3.045,72.083,0.406,0.285
111,5,0,24.714,234.333,0.761,287,2.894,74.046,0.407,0.283
112,6,0,24.905,234.714,0.765,291,2.773,75.444,0.412,0.309
113,7,0,25.333,234.714,0.768,293,2.884,75.34,0.405,0.318
114,2,0,25.429,234.714,0.77,289,2.996,74.718,0.402,0.313
115,5,0,25.762,234.714,0.772,289,3.042,75.268,0.4,0.33
116,6,0,24.905,234.714,0.766,291,3.044,73.125,0.405,0.289
117,4,0,24.905,234.714,0.765,291,3.128,72.521,0.398,0.27
118,2,0,25.095,235.19,0.763,288,3.233,71.55,0.394,0.271
119,8,0,25.0,235.19,0.76,294,3.008,72.507,0.408,0.304
120,4,0,25.0,235.19,0.762,295,3.022,72.132,0.409,0.307
121,4,0,25.286,235.19,0.766,295,3.009,72.748,0.407,0.32
122,9,2,25.19,235.19,0.76,299,2.834,74.595,0.416,0.342
123,5,0,25.476,235.19,0.762,299,2.809,74.895,0.419,0.372
124,6,0,25.714,235.19,0.76,300,2.856,74.648,0.42,0.394
125,4,1,25.619,235.19,0.76,299,3.058,72.841,0.414,0.368
126,5,1,25.81,235.19,0.757,302,2.997,73.884,0.414,0.382
127,4,0,25.619,235.19,0.754,305,3.017,73.346,0.417,0.376
128,9,2,25.905,235.19,0.756,307,2.831,75.96,0.42,0.406
129,8,2,25.905,235.19,0.754,309,2.853,75.296,0.42,0.408
130,5,0,26.571,235.19,0.753,311,2.676,77.736,0.422,0.464
131,6,3,26.952,235.19,0.758,313,2.627,78.739,0.423,0.498
132,7,1,27.143,235.19,0.755,316,2.438,81.445,0.429,0.533
133,6,2,27.238,235.429,0.755,318,2.415,82.061,0.43,0.546
134,5,0,27.429,235.429,0.75,317,2.341,84.323,0.43,0.559
135,6,1,27.143,235.429,0.755,321,2.223,85.222,0.437,0.56
136,5,0,27.524,235.619,0.764,321,2.287,84.86,0.432,0.574
137,4,1,27.714,235.333,0.773,321,2.162,87.261,0.435,0.598
138,5,0,27.714,235.333,0.775,324,2.164,86.767,0.435,0.596
139,8,2,27.81,235.333,0.777,329,2.103,88.325,0.438,0.615
140,7,1,28.952,235.333,0.784,330,2.101,90.72,0.434,0.682
141,8,0,29.048,235.333,0.776,336,1.992,92.468,0.443,0.715
142,5,1,28.857,235.333,0.764,337,1.922,92.482,0.445,0.708
143,11,4,29.524,235.333,0.77,334,1.971,91.792,0.439,0.733
144,7,1,29.619,235.333,0.769,337,1.877,93.237,0.445,0.754
145,5,1,30.476,235.714,0.784,336,1.783,95.229,0.447,0.806
146,7,1,30.286,236.095,0.776,338,1.74,94.745,0.449,0.799
147,6,2,30.667,236.095,0.782,339,1.681,97.381,0.449,0.818
148,5,1,31.238,236.095,0.791,339,1.67,98.948,0.449,0.844
149,5,1,30.857,234.952,0.787,338,1.751,95.736,0.447,0.822
150,8,1,30.667,234.952,0.775,341,1.765,94.622,0.449,0.819
151,2,0,31.048,234.952,0.791,338,1.753,96.301,0.449,0.836
152,11,2,31.286,235.857,0.788,343,1.586,99.062,0.456,0.858
153,2,0,31.476,236.19,0.79,341,1.604,99.384,0.454,0.861
154,2,0,31.381,236.19,0.78,338,1.717,96.615,0.444,0.84
155,4,0,31.667,235.524,0.779,338,1.675,97.958,0.444,0.851
156,4,1,31.952,235.524,0.786,339,1.676,98.705,0.443,0.86
157,8,5,31.857,236.19,0.787,334,1.77,96.405,0.439,0.85
158,4,2,31.905,236.19,0.789,334,1.731,96.534,0.442,0.856
159,5,1,31.333,236.19,0.785,335,1.741,94.36,0.441,0.831
160,4,1,32.476,236.19,0.788,332,1.754,96.1,0.437,0.869
161,5,0,33.143,235.524,0.785,328,1.718,99.066,0.432,0.884
162,1,0,32.857,235.524,0.779,323,1.792,96.199,0.426,0.864
163,3,0,32.952,236.143,0.791,321,1.86,95.592,0.422,0.861
164,4,1,32.667,236.143,0.785,315,2.006,94.134,0.411,0.829
165,4,0,32.429,235.762,0.788,316,2.037,92.712,0.413,0.823
166,4,0,32.333,235.762,0.79,314,2.063,90.626,0.411,0.813
167,2,0,32.238,235.762,0.783,313,2.109,90.011,0.408,0.804
168,4,1,32.048,234.619,0.786,312,2.132,89.794,0.407,0.792
169,5,0,31.714,234.619,0.785,315,2.126,88.953,0.41,0.781
170,5,0,31.714,234.619,0.789,320,2.015,89.994,0.419,0.801
171,2,0,31.952,234.619,0.789,319,2.002,91.049,0.419,0.813
172,3,0,32.143,234.619,0.796,316,2.015,91.119,0.417,0.818
173,8,0,32.619,235.619,0.794,317,2.041,92.95,0.416,0.838
174,3,1,32.429,235.619,0.794,316,2.119,92.677,0.412,0.822
175,5,1,32.571,235.619,0.795,319,2.08,94.045,0.415,0.833
176,2,0,32.571,235.619,0.795,316,2.13,93.497,0.408,0.82
177,5,1,32.857,235.714,0.802,311,2.266,92.796,0.402,0.819
178,6,1,32.667,235.714,0.798,310,2.295,91.308,0.4,0.806
179,6,1,32.762,235.714,0.789,310,2.368,92.122,0.395,0.798
180,2,0,32.857,235.714,0.789,304,2.506,89.635,0.389,0.79
181,5,0,32.952,235.714,0.79,302,2.591,89.842,0.386,0.787
182,7,1,32.857,235.81,0.791,305,2.54,90.136,0.389,0.79
183,2,0,32.857,235.81,0.792,304,2.611,89.53,0.386,0.785
184,10,0,32.095,235.81,0.797,312,2.475,89.586,0.394,0.761
185,8,0,32.19,235.0,0.799,318,2.256,94.525,0.399,0.778
186,2,0,32.0,235.0,0.8,317,2.311,93.818,0.396,0.76
187,7,0,31.81,234.905,0.793,322,2.11,95.267,0.407,0.778
188,5,0,32.095,234.905,0.79,323,2.141,96.335,0.406,0.791
189,3,1,32.571,234.905,0.791,319,2.159,97.23,0.402,0.805
190,8,2,32.571,234.905,0.798,322,2.053,99.916,0.407,0.817
191,1,0,32.571,234.905,0.797,323,2.038,100.07,0.408,0.819
192,6,1,32.857,234.905,0.793,324,1.971,101.959,0.411,0.837
193,6,1,33.143,236.048,0.791,328,1.881,105.302,0.418,0.861
194,7,0,33.429,236.048,0.798,332,1.825,108.449,0.421,0.876
195,8,3,34.476,237.619,0.817,329,1.713,112.245,0.422,0.908
196,5,3,34.333,237.619,0.821,325,1.811,110.286,0.416,0.897
197,2,1,34.048,237.619,0.802,323,1.822,109.518,0.414,0.886
198,7,0,33.667,237.619,0.803,324,1.834,109.399,0.414,0.873
199,4,0,33.619,237.619,0.801,327,1.773,109.217,0.418,0.877
200,2,2,33.619,237.619,0.801,327,1.773,109.217,0.418,0.877
201,2,0,27.19,235.857,0.725,326,2.278,82.84,0.418,0.496
202,5,0,27.095,235.857,0.73,327,2.323,80.837,0.418,0.487
203,4,1,27.286,235.857,0.728,329,2.287,81.545,0.42,0.509
204,5,0,27.048,235.857,0.723,331,2.215,81.494,0.426,0.514
205,6,0,26.952,235.857,0.724,335,2.138,81.591,0.43,0.52
206,5,0,27.81,235.857,0.743,333,2.177,85.565,0.424,0.566
207,4,0,27.905,235.857,0.741,334,2.081,87.636,0.428,0.587
208,4,0,28.476,236.81,0.747,336,1.997,88.987,0.431,0.638
209,3,0,28.667,236.81,0.743,338,1.918,89.687,0.434,0.662
210,12,2,28.857,236.81,0.744,344,1.761,90.804,0.441,0.695
211,6,0,28.857,236.81,0.74,345,1.795,89.255,0.439,0.688
212,3,0,28.19,236.81,0.742,344,1.9,87.214,0.434,0.628
213,5,0,28.095,236.81,0.743,348,1.874,87.811,0.436,0.626
214,1,0,28.381,236.81,0.741,342,1.939,88.06,0.43,0.626
215,1,0,28.762,236.81,0.742,333,2.072,87.956,0.419,0.616
216,2,0,28.857,236.81,0.743,333,2.085,87.84,0.419,0.623
217,5,0,29.143,236.81,0.742,332,2.144,88.17,0.414,0.629
218,4,0,29.571,236.762,0.745,331,2.143,90.136,0.412,0.653
219,7,1,29.381,236.333,0.739,331,2.127,90.588,0.415,0.649
220,4,0,29.762,236.333,0.743,334,2.029,93.065,0.418,0.685
221,6,0,30.048,236.333,0.737,337,1.931,94.025,0.424,0.72
222,5,0,30.143,236.333,0.739,340,1.862,94.78,0.429,0.741
223,3,0,30.714,236.333,0.746,334,1.88,96.147,0.425,0.762
224,5,1,30.619,236.333,0.743,327,2.005,95.471,0.42,0.744
225,7,0,30.429,236.429,0.745,330,1.939,93.729,0.424,0.745
226,10,1,30.429,235.905,0.746,335,1.892,93.371,0.427,0.753
227,5,0,30.0,235.905,0.744,339,1.849,93.002,0.432,0.74
228,5,1,30.095,235.857,0.757,338,1.786,93.066,0.435,0.754
229,4,2,30.19,235.857,0.754,338,1.731,94.865,0.436,0.763
230,4,2,30.0,235.19,0.752,335,1.78,93.106,0.434,0.745
231,2,1,30.381,235.19,0.752,331,1.799,93.186,0.431,0.759
232,3,0,30.571,235.19,0.758,328,1.891,93.696,0.425,0.754
233,6,0,30.286,235.571,0.758,330,1.925,93.147,0.426,0.742
234,2,0,30.762,235.905,0.758,330,1.878,94.604,0.428,0.773
235,1,0,30.952,235.762,0.762,327,1.922,93.397,0.425,0.777
236,1,0,31.333,235.762,0.763,324,1.962,91.846,0.425,0.797
237,5,2,31.333,235.762,0.764,322,1.946,92.364,0.425,0.798
238,3,2,31.143,235.762,0.767,317,2.152,88.506,0.415,0.763
239,3,0,31.238,235.762,0.77,316,2.066,90.821,0.417,0.772
240,4,0,31.143,235.762,0.768,319,2.065,90.21,0.418,0.771
241,6,0,31.238,235.952,0.767,322,2.005,91.015,0.419,0.778
242,8,1,31.762,236.333,0.778,324,1.901,94.806,0.422,0.81
243,4,1,32.286,236.333,0.779,323,1.969,96.266,0.414,0.818
244,8,1,32.048,236.333,0.776,325,1.887,97.139,0.418,0.816
245,3,0,32.429,236.333,0.779,323,1.921,98.398,0.416,0.828
246,6,1,33.095,236.286,0.777,322,1.949,98.684,0.414,0.852
247,10,1,32.524,236.286,0.77,331,1.816,99.072,0.424,0.848
248,7,0,32.429,236.333,0.771,336,1.764,100.47,0.427,0.849
249,7,1,32.429,236.333,0.773,338,1.782,99.529,0.426,0.847
250,6,0,32.667,236.333,0.778,341,1.729,101.863,0.429,0.863
251,5,2,32.857,236.333,0.781,339,1.761,101.196,0.425,0.863
252,5,1,32.667,236.19,0.787,339,1.731,101.096,0.426,0.856
253,4,1,32.381,236.429,0.788,337,1.812,100.979,0.422,0.839
254,3,2,32.381,236.429,0.788,336,1.816,100.979,0.422,0.839
255,7,0,32.762,236.429,0.781,342,1.655,104.05,0.432,0.871
256,6,2,33.0,236.429,0.794,337,1.874,103.575,0.418,0.855
257,3,0,33.19,236.429,0.792,335,1.895,104.708,0.416,0.86
258,3,0,33.714,236.619,0.792,335,1.84,105.979,0.417,0.879
259,2,0,33.238,236.619,0.786,334,1.87,104.979,0.418,0.864
260,3,0,32.667,235.048,0.783,332,1.979,103.928,0.413,0.833
261,7,0,33.143,236.429,0.783,334,1.888,108.357,0.418,0.862
262,3,0,33.048,236.429,0.785,334,1.94,106.081,0.414,0.851
263,8,2,33.571,236.429,0.783,335,1.851,108.212,0.418,0.876
264,3,0,33.571,236.429,0.782,338,1.806,108.709,0.421,0.88
265,2,0,34.143,234.905,0.791,334,1.847,109.046,0.416,0.892
266,5,4,34.429,234.905,0.792,330,1.867,109.361,0.415,0.898
267,5,0,34.143,235.619,0.79,331,1.856,109.429,0.418,0.895
268,7,1,34.619,236.667,0.79,331,1.808,110.803,0.423,0.914
269,4,1,34.19,236.667,0.788,326,1.904,107.985,0.419,0.898
270,3,1,34.476,236.667,0.789,323,1.917,107.271,0.415,0.9
271,5,1,34.667,236.667,0.79,321,1.859,110.923,0.417,0.908
272,3,0,34.381,236.667,0.786,319,1.883,110.683,0.416,0.899
273,9,1,34.19,236.19,0.79,320,1.932,108.226,0.416,0.893
274,5,1,34.286,236.19,0.787,321,1.867,111.163,0.42,0.901
275,4,0,34.095,236.19,0.787,319,1.921,109.22,0.417,0.891
276,3,0,34.0,236.19,0.781,319,1.911,109.006,0.416,0.887
277,7,0,33.714,236.19,0.778,324,1.932,108.065,0.418,0.882
278,6,1,33.714,236.19,0.778,325,1.954,107.942,0.416,0.878
279,6,0,33.81,236.19,0.782,330,1.758,110.593,0.427,0.897
280,5,0,34.286,236.19,0.784,332,1.696,112.1,0.427,0.91
281,5,0,33.762,236.429,0.772,330,1.781,109.06,0.427,0.895
282,6,2,34.143,236.429,0.779,332,1.731,111.056,0.429,0.909
283,0,0,34.238,236.429,0.78,324,1.787,109.914,0.422,0.902
284,2,0,34.143,235.143,0.783,319,1.855,108.303,0.416,0.892
285,5,0,34.048,235.143,0.783,315,2.083,103.173,0.399,0.862
286,7,3,33.762,235.143,0.788,316,2.067,102.426,0.401,0.855
287,7,1,33.476,235.905,0.785,319,2.02,104.438,0.404,0.849
288,4,1,33.095,235.905,0.779,319,2.062,102.05,0.403,0.832
289,6,1,33.81,235.905,0.786,318,1.97,104.731,0.407,0.866
290,8,0,33.81,235.905,0.783,320,1.924,104.89,0.411,0.873
291,3,0,33.619,235.762,0.786,317,1.977,105.286,0.41,0.865
292,6,0,33.571,235.762,0.787,319,1.99,105.787,0.408,0.86
293,3,1,33.619,235.429,0.785,319,1.987,105.026,0.408,0.861
294,0,0,33.714,235.429,0.786,314,2.06,103.87,0.402,0.854
295,5,0,33.619,235.429,0.779,315,2.093,103.523,0.401,0.849
296,4,1,33.429,235.429,0.778,317,2.088,103.451,0.402,0.844
297,8,1,33.238,235.429,0.77,318,2.134,103.848,0.399,0.83
298,4,0,33.381,235.429,0.771,318,2.209,102.852,0.393,0.823
299,4,1,34.048,235.429,0.779,313,2.155,105.285,0.392,0.851
300,8,1,33.19,235.429,0.777,315,2.251,103.601,0.391,0.811
301,5,0,27.19,236.143,0.722,312,2.832,79.071,0.39,0.398
302,6,0,27.476,236.143,0.715,316,2.621,82.022,0.397,0.442
303,3,0,28.048,237.333,0.716,316,2.655,83.571,0.395,0.481
304,4,0,28.333,237.333,0.723,317,2.65,83.076,0.394,0.498
305,6,0,28.714,237.333,0.72,321,2.501,85.658,0.4,0.549
306,3,0,28.714,237.333,0.715,324,2.423,86.205,0.404,0.562
307,4,2,28.81,237.333,0.719,323,2.507,84.303,0.4,0.558
308,2,0,28.81,237.238,0.725,317,2.68,81.702,0.391,0.526
309,5,0,29.0,237.238,0.721,320,2.612,82.967,0.393,0.548
310,2,0,29.19,237.238,0.726,319,2.703,82.843,0.388,0.543
311,6,0,29.0,237.238,0.731,324,2.569,83.308,0.394,0.549
312,3,0,29.19,237.238,0.751,325,2.418,84.185,0.401,0.588
313,7,0,29.095,237.238,0.749,328,2.309,83.77,0.408,0.605
314,6,0,29.095,237.238,0.754,332,2.336,84.619,0.407,0.602
315,7,0,29.0,237.238,0.76,333,2.248,85.519,0.413,0.614
316,6,1,28.81,237.238,0.757,335,2.236,85.026,0.415,0.608
317,4,0,29.381,237.238,0.759,335,2.205,85.928,0.413,0.644
318,6,1,29.19,237.238,0.762,336,2.27,83.845,0.411,0.622
319,3,0,29.095,236.714,0.77,337,2.343,84.021,0.407,0.604
320,2,0,29.095,237.0,0.772,336,2.417,82.534,0.406,0.599
321,2,0,29.571,237.0,0.79,333,2.324,84.599,0.405,0.631
322,8,0,30.238,237.0,0.792,338,2.229,86.298,0.409,0.689
323,6,0,30.714,237.0,0.796,340,2.082,89.021,0.415,0.738
324,3,0,30.619,237.0,0.796,337,2.146,87.917,0.412,0.721
325,4,0,30.714,237.0,0.793,336,2.146,88.631,0.409,0.719
326,9,0,31.0,237.0,0.8,345,1.862,94.318,0.423,0.773
327,5,0,31.476,237.333,0.798,348,1.777,96.857,0.425,0.804
328,4,0,31.667,237.333,0.803,348,1.695,98.299,0.428,0.819
329,5,2,31.667,237.333,0.801,348,1.676,98.112,0.429,0.82
330,6,2,31.476,237.333,0.798,349,1.641,98.957,0.432,0.818
331,4,0,31.667,237.333,0.795,351,1.609,98.852,0.434,0.832
332,4,0,31.381,236.952,0.787,348,1.682,99.926,0.428,0.806
333,3,0,31.238,236.952,0.783,346,1.691,99.193,0.429,0.8
334,6,0,31.619,236.952,0.79,350,1.577,103.658,0.436,0.833
335,12,1,31.238,236.952,0.78,355,1.514,103.861,0.44,0.824
336,5,0,31.143,236.952,0.775,358,1.473,104.725,0.443,0.826
337,6,0,31.238,237.095,0.783,362,1.377,105.239,0.449,0.841
338,11,1,32.571,237.095,0.802,364,1.316,107.745,0.45,0.892
339,4,0,32.857,237.095,0.806,362,1.374,109.191,0.447,0.895
340,4,0,32.952,237.667,0.8,359,1.408,109.716,0.443,0.893
341,6,1,32.667,236.619,0.799,358,1.451,109.202,0.441,0.882
342,7,0,33.048,237.238,0.8,359,1.448,109.823,0.441,0.893
343,2,1,33.048,237.238,0.811,356,1.496,109.443,0.44,0.891
344,6,0,33.286,237.238,0.811,358,1.429,111.268,0.445,0.904
345,7,2,33.19,237.238,0.809,361,1.366,114.292,0.449,0.908
346,6,0,33.095,237.238,0.804,365,1.286,114.544,0.454,0.911
347,5,0,32.905,237.381,0.804,367,1.291,114.09,0.455,0.907
348,7,1,32.905,237.381,0.806,367,1.289,113.521,0.452,0.903
349,7,1,33.19,237.381,0.802,368,1.212,113.726,0.458,0.918
350,5,1,33.286,237.381,0.804,367,1.247,112.979,0.455,0.916
351,3,1,33.286,237.381,0.805,365,1.241,114.386,0.455,0.917
352,4,0,33.286,237.381,0.795,365,1.261,113.125,0.454,0.916
353,2,0,33.381,237.381,0.795,363,1.274,113.016,0.452,0.916
354,3,0,33.857,237.381,0.801,360,1.284,114.06,0.45,0.925
355,6,0,33.667,237.381,0.79,363,1.289,112.507,0.45,0.92
356,6,1,33.667,237.381,0.789,361,1.354,111.702,0.448,0.918
357,7,1,33.762,237.381,0.797,362,1.282,112.679,0.453,0.926
358,6,1,34.286,237.381,0.803,359,1.339,113.29,0.445,0.929
359,10,1,34.381,237.381,0.808,360,1.278,114.542,0.449,0.934
360,4,1,34.19,237.381,0.799,356,1.398,113.123,0.441,0.922
361,2,0,34.571,237.381,0.802,354,1.423,111.935,0.437,0.926
362,9,0,34.571,237.381,0.815,361,1.337,113.418,0.443,0.932
363,5,1,34.476,237.381,0.818,362,1.357,113.896,0.441,0.929
364,2,1,34.381,237.381,0.813,360,1.361,113.876,0.442,0.927
365,6,3,34.19,237.381,0.814,362,1.277,113.559,0.448,0.93
366,6,1,34.476,237.381,0.812,363,1.22,114.791,0.452,0.939
367,9,3,34.333,236.667,0.829,362,1.231,114.781,0.45,0.934
368,11,3,34.524,236.524,0.83,364,1.225,114.836,0.45,0.938
369,5,2,34.524,236.524,0.826,365,1.222,114.082,0.452,0.939
370,4,1,35.048,236.619,0.826,363,1.275,114.071,0.444,0.942
371,4,1,35.0,236.619,0.828,364,1.262,114.928,0.445,0.942
372,4,3,35.19,236.619,0.812,361,1.372,112.024,0.438,0.939
373,8,0,35.19,236.619,0.809,367,1.288,113.349,0.446,0.946
374,8,1,35.095,236.619,0.813,373,1.231,114.001,0.451,0.948
375,4,2,35.286,236.619,0.812,367,1.339,110.678,0.445,0.946
376,6,1,35.0,236.619,0.813,368,1.351,109.339,0.445,0.942
377,6,0,35.095,236.619,0.809,372,1.337,109.592,0.448,0.946
378,6,1,35.095,236.619,0.809,375,1.304,110.841,0.45,0.948
379,3,0,35.0,236.857,0.808,375,1.343,110.239,0.45,0.946
380,5,0,34.524,236.952,0.814,376,1.312,108.375,0.452,0.939
381,6,1,34.429,236.952,0.81,378,1.269,109.411,0.456,0.941
382,9,2,34.762,236.952,0.804,376,1.396,106.663,0.447,0.939
383,5,0,34.952,236.952,0.8,377,1.34,108.606,0.45,0.945
384,7,0,35.095,237.0,0.798,379,1.302,107.915,0.452,0.949
385,5,1,34.619,237.0,0.806,376,1.331,107.129,0.45,0.939
386,3,1,34.333,237.0,0.813,374,1.391,106.448,0.444,0.928
387,3,0,34.143,237.0,0.811,373,1.446,105.206,0.441,0.921
388,3,0,34.524,237.0,0.812,372,1.493,105.257,0.435,0.924
389,8,1,35.0,237.0,0.805,378,1.352,107.668,0.446,0.943
390,6,0,35.619,237.0,0.81,377,1.328,110.661,0.445,0.952
391,8,3,35.524,237.0,0.815,377,1.347,110.825,0.446,0.951
392,3,0,35.143,237.0,0.818,374,1.438,107.876,0.442,0.942
393,6,0,34.762,237.81,0.817,377,1.497,105.937,0.443,0.936
394,2,1,35.048,237.81,0.82,371,1.509,106.393,0.439,0.938
395,3,0,34.714,237.81,0.81,369,1.535,105.556,0.436,0.929
396,3,0,35.048,237.81,0.816,368,1.542,107.41,0.434,0.933
397,11,2,34.667,237.333,0.819,373,1.451,109.273,0.437,0.929
398,2,0,34.905,237.333,0.822,368,1.455,108.407,0.435,0.932
399,5,2,35.095,236.095,0.824,364,1.482,108.146,0.431,0.932
400,5,1,35.19,236.095,0.816,362,1.58,106.202,0.425,0.928
401,4,0,28.048,235.571,0.774,363,2.096,86.99,0.426,0.588
402,9,0,29.381,236.714,0.788,367,1.98,89.853,0.432,0.703
403,3,1,29.143,236.714,0.773,363,2.043,88.796,0.427,0.672
404,3,0,29.143,236.714,0.776,361,2.013,89.664,0.428,0.676
405,2,0,29.238,236.714,0.778,360,2.056,89.879,0.426,0.675
406,6,0,29.476,236.714,0.785,360,2.028,91.418,0.428,0.697
407,2,1,29.667,236.714,0.794,359,2.034,91.853,0.428,0.71
408,9,2,29.667,236.714,0.791,364,1.946,94.594,0.431,0.719
409,5,0,29.857,236.714,0.794,364,1.944,94.885,0.43,0.728
410,6,0,30.19,236.714,0.793,364,1.872,97.871,0.432,0.751
411,5,0,30.857,236.714,0.798,364,1.719,100.779,0.435,0.794
412,6,1,30.952,236.714,0.79,362,1.822,97.458,0.429,0.787
413,6,0,30.952,236.714,0.786,367,1.744,98.914,0.435,0.8
414,4,0,30.762,236.714,0.784,367,1.713,100.219,0.437,0.795
415,3,1,31.143,236.714,0.784,366,1.788,100.593,0.432,0.803
416,7,3,31.524,236.714,0.778,367,1.815,100.331,0.432,0.822
417,3,0,31.619,237.667,0.782,366,1.765,101.609,0.435,0.832
418,4,1,31.905,237.619,0.783,362,1.781,101.978,0.434,0.842
419,0,0,32.143,237.619,0.785,357,1.791,101.094,0.432,0.848
420,6,1,32.048,237.619,0.781,361,1.762,101.683,0.435,0.85
421,5,0,31.667,237.619,0.774,362,1.761,101.168,0.438,0.84
422,6,1,31.857,237.619,0.771,366,1.664,102.731,0.445,0.86
423,5,1,32.238,237.19,0.776,364,1.592,102.656,0.444,0.872
424,2,1,32.619,237.19,0.778,361,1.612,102.738,0.441,0.881
425,4,0,32.81,237.19,0.776,360,1.589,103.109,0.441,0.886
426,7,0,33.381,237.19,0.788,366,1.431,107.5,0.452,0.916
427,8,2,33.095,237.19,0.787,364,1.495,107.215,0.448,0.904
428,3,0,33.524,237.19,0.79,360,1.485,108.607,0.442,0.908
429,3,1,33.619,237.19,0.792,358,1.49,108.812,0.44,0.908
430,3,1,33.619,237.19,0.794,360,1.452,109.695,0.444,0.912
431,3,0,33.762,237.19,0.794,359,1.464,108.766,0.443,0.914
432,3,1,33.762,237.19,0.789,358,1.456,109.466,0.444,0.916
433,0,0,33.476,237.19,0.78,354,1.602,105.517,0.436,0.899
434,9,1,33.571,237.762,0.78,359,1.56,105.483,0.441,0.908
435,6,1,33.762,237.381,0.781,360,1.568,105.453,0.439,0.911
436,5,0,33.762,237.381,0.788,361,1.533,106.263,0.44,0.912
437,7,1,33.905,237.381,0.796,360,1.469,108.487,0.442,0.917
438,10,4,33.81,237.381,0.798,364,1.413,108.568,0.446,0.919
439,3,0,33.81,237.381,0.793,363,1.417,108.317,0.445,0.918
440,3,0,34.286,237.381,0.797,359,1.439,109.389,0.44,0.924
441,6,1,34.19,237.381,0.799,360,1.43,109.723,0.441,0.922
442,2,0,34.286,237.381,0.814,357,1.418,110.525,0.441,0.925
443,4,1,33.81,237.381,0.815,355,1.516,108.441,0.437,0.909
444,5,0,33.762,237.381,0.815,356,1.524,107.896,0.435,0.906
445,2,0,33.476,237.381,0.813,350,1.617,106.14,0.427,0.887
446,2,0,33.0,237.381,0.813,348,1.67,103.453,0.426,0.869
447,5,0,32.714,237.381,0.809,346,1.709,101.928,0.424,0.854
448,4,0,32.524,237.381,0.812,349,1.681,102.112,0.427,0.853
449,6,2,32.714,237.381,0.812,350,1.623,103.584,0.431,0.867
450,6,1,32.571,237.381,0.816,352,1.59,103.091,0.435,0.869
451,7,5,32.476,237.381,0.814,353,1.535,103.459,0.439,0.872
452,4,1,32.571,237.381,0.814,353,1.505,103.794,0.44,0.877
453,7,2,32.19,237.381,0.818,352,1.542,104.091,0.435,0.855
454,4,2,32.19,237.381,0.815,352,1.527,104.427,0.436,0.856
455,13,3,32.0,237.381,0.818,357,1.511,104.074,0.439,0.854
456,3,0,32.143,237.381,0.819,358,1.515,104.165,0.438,0.857
457,2,0,32.429,237.381,0.819,357,1.551,104.933,0.435,0.863
458,4,0,32.524,237.857,0.814,358,1.564,105.035,0.436,0.869
459,4,2,32.714,237.81,0.821,355,1.605,103.746,0.434,0.872
460,6,1,32.619,237.81,0.818,354,1.677,102.295,0.43,0.861
461,5,0,32.81,237.81,0.813,351,1.732,103.037,0.426,0.862
462,8,0,32.905,237.81,0.812,354,1.748,101.707,0.426,0.865
463,8,4,32.905,237.81,0.815,353,1.737,102.473,0.427,0.868
464,3,0,33.0,237.81,0.814,350,1.787,101.651,0.424,0.866
465,7,1,32.476,237.81,0.807,353,1.749,103.016,0.429,0.854
466,7,4,33.048,237.81,0.817,351,1.684,106.864,0.428,0.873
467,5,0,33.333,237.81,0.816,352,1.664,106.804,0.427,0.882
468,6,1,33.667,237.81,0.824,352,1.652,106.894,0.43,0.896
469,3,0,33.667,237.81,0.823,353,1.662,107.54,0.43,0.896
470,0,0,33.952,237.81,0.825,351,1.704,107.284,0.427,0.9
471,7,5,34.714,237.81,0.824,344,1.736,107.244,0.42,0.913
472,7,1,34.048,237.81,0.823,349,1.729,107.006,0.425,0.901
473,8,1,34.429,237.81,0.825,354,1.634,109.061,0.431,0.918
474,4,0,34.81,237.81,0.838,356,1.586,109.765,0.435,0.93
475,1,0,35.095,237.81,0.838,353,1.565,110.64,0.435,0.935
476,4,2,35.095,237.81,0.837,349,1.627,110.416,0.43,0.931
477,4,0,35.286,237.81,0.838,349,1.641,109.806,0.43,0.935
478,5,1,35.19,237.81,0.834,348,1.626,109.529,0.433,0.936
479,2,0,35.143,237.81,0.835,348,1.628,108.99,0.433,0.935
480,5,1,35.429,237.81,0.838,351,1.556,109.846,0.436,0.943
481,3,0,35.714,237.81,0.84,349,1.625,110.552,0.432,0.944
482,6,2,35.619,237.524,0.838,352,1.553,112.101,0.437,0.946
483,4,2,36.381,237.524,0.838,347,1.573,112.64,0.432,0.954
484,6,1,36.0,236.905,0.838,345,1.592,109.409,0.432,0.948
485,8,2,36.048,237.333,0.831,342,1.61,108.928,0.428,0.946
486,7,1,35.857,237.333,0.83,347,1.605,109.665,0.431,0.946
487,4,1,35.762,237.333,0.827,350,1.551,110.098,0.436,0.948
488,9,2,35.476,237.333,0.828,355,1.493,110.939,0.441,0.947
489,5,2,35.524,236.857,0.836,353,1.483,111.103,0.441,0.948
490,4,0,35.619,236.857,0.833,356,1.43,112.724,0.445,0.952
491,4,2,35.429,236.286,0.831,352,1.457,109.965,0.441,0.946
492,3,0,35.429,236.286,0.831,353,1.502,109.726,0.439,0.945
493,2,0,35.333,236.286,0.828,350,1.575,109.511,0.435,0.94
494,8,4,35.714,236.286,0.834,350,1.549,111.162,0.436,0.947
495,3,0,35.619,236.286,0.837,351,1.524,110.838,0.439,0.948
496,1,0,35.81,235.524,0.836,347,1.582,110.352,0.43,0.944
497,6,1,35.81,235.524,0.839,348,1.583,111.609,0.43,0.944
498,3,0,36.0,235.524,0.824,345,1.578,112.904,0.427,0.945
499,4,0,36.333,235.524,0.824,342,1.601,113.419,0.426,0.949
500,6,2,36.333,235.524,0.824,342,1.601,112.209,0.425,0.949
501,4,0,29.333,235.381,0.746,341,2.154,90.661,0.424,0.676
502,4,0,30.095,235.381,0.753,342,2.093,93.063,0.429,0.741
503,3,1,30.905,235.381,0.768,338,2.076,93.946,0.424,0.772
504,1,0,30.81,235.381,0.771,337,2.067,93.641,0.425,0.77
505,4,0,31.667,235.238,0.78,335,1.985,95.176,0.426,0.815
506,2,0,31.524,235.238,0.782,334,2.016,94.173,0.423,0.802
507,4,0,31.714,235.238,0.788,327,2.139,92.696,0.415,0.792
508,5,1,31.714,235.238,0.79,329,2.178,91.708,0.415,0.792
509,7,1,31.905,235.238,0.808,332,2.107,92.074,0.419,0.811
510,7,0,32.19,235.238,0.805,334,2.096,93.43,0.42,0.828
511,4,1,32.571,236.667,0.809,334,2.115,92.468,0.42,0.843
512,5,1,32.857,237.238,0.806,334,2.233,91.394,0.414,0.843
513,7,0,32.19,237.238,0.794,337,2.129,90.206,0.422,0.832
514,8,1,32.476,237.238,0.797,338,2.098,90.798,0.423,0.845
515,4,1,32.952,237.238,0.797,335,2.255,90.006,0.416,0.852
516,4,1,33.048,237.238,0.803,335,2.207,91.445,0.416,0.856
517,3,1,33.048,237.238,0.806,333,2.214,90.551,0.415,0.853
518,6,1,33.143,236.952,0.807,334,2.224,90.951,0.415,0.858
519,5,2,33.143,236.952,0.801,330,2.366,90.198,0.405,0.84
520,4,0,32.571,236.952,0.796,330,2.37,88.099,0.406,0.816
521,5,0,32.238,236.952,0.787,327,2.38,86.776,0.402,0.791
522,6,1,32.286,236.952,0.789,329,2.376,87.458,0.404,0.796
523,3,0,32.095,236.952,0.798,328,2.352,87.62,0.402,0.782
524,9,0,31.524,236.952,0.8,335,2.254,87.281,0.411,0.773
525,5,1,31.81,236.952,0.798,337,2.193,88.851,0.413,0.794
526,4,1,32.19,236.952,0.801,337,2.216,88.446,0.413,0.813
527,4,0,31.952,236.952,0.804,338,2.282,88.057,0.411,0.797
528,5,0,32.524,236.952,0.808,340,2.122,90.028,0.419,0.84
529,9,0,32.238,236.952,0.814,346,1.963,92.62,0.431,0.85
530,6,1,32.524,236.952,0.806,347,1.985,93.089,0.426,0.853
531,5,2,32.714,236.952,0.813,344,2.194,89.243,0.417,0.845
532,4,1,33.048,236.952,0.819,345,2.117,90.838,0.42,0.861
533,6,1,33.429,236.952,0.822,342,2.105,91.735,0.417,0.871
534,5,2,33.238,236.952,0.821,340,2.093,91.916,0.417,0.863
535,3,0,33.333,236.952,0.823,337,2.116,91.597,0.413,0.861
536,7,0,33.0,235.19,0.818,340,2.108,91.366,0.415,0.851
537,5,1,33.286,235.19,0.82,341,2.065,91.304,0.418,0.867
538,3,0,33.762,235.19,0.82,340,2.121,90.906,0.412,0.875
539,6,0,33.857,235.619,0.829,343,2.053,92.963,0.418,0.886
540,2,0,34.238,235.619,0.833,339,2.067,92.487,0.413,0.891
541,7,2,34.524,235.619,0.831,340,1.944,95.94,0.417,0.904
542,5,1,34.524,235.619,0.83,340,1.975,94.942,0.416,0.903
543,5,2,34.81,235.619,0.83,340,1.974,94.959,0.414,0.908
544,13,3,34.238,235.619,0.822,346,1.863,96.053,0.424,0.905
545,12,3,34.238,235.619,0.822,350,1.737,98.548,0.43,0.912
546,7,1,34.333,235.619,0.831,348,1.703,99.884,0.428,0.912
547,6,0,33.857,235.619,0.816,349,1.712,96.862,0.427,0.898
548,5,2,33.952,235.619,0.816,346,1.767,96.703,0.421,0.892
549,3,1,33.095,233.857,0.816,344,1.824,94.392,0.419,0.861
550,3,1,32.714,233.857,0.818,341,1.95,92.587,0.411,0.83
551,1,0,32.81,233.857,0.818,335,2.032,91.115,0.404,0.82
552,2,0,32.619,233.857,0.818,337,2.026,90.88,0.405,0.814
553,3,1,32.714,233.857,0.823,332,2.092,90.638,0.399,0.806
554,6,1,33.095,233.857,0.816,334,2.008,92.973,0.404,0.832
555,5,0,32.905,233.667,0.818,333,1.973,93.881,0.407,0.832
556,13,0,32.905,232.143,0.814,341,1.81,97.643,0.417,0.851
557,7,0,33.095,234.905,0.815,346,1.735,101.19,0.423,0.867
558,3,0,33.0,235.286,0.819,345,1.804,101.606,0.419,0.857
559,2,0,33.095,235.286,0.817,343,1.818,100.271,0.418,0.86
560,6,0,32.714,233.571,0.814,345,1.736,99.768,0.423,0.853
561,7,1,32.381,232.667,0.798,345,1.766,100.061,0.421,0.836
562,4,1,32.476,232.667,0.801,342,1.849,98.752,0.415,0.828
563,3,0,32.286,232.667,0.802,342,1.79,100.493,0.416,0.822
564,6,2,32.476,232.667,0.808,340,1.865,98.207,0.414,0.825
565,3,1,32.667,233.524,0.814,338,1.92,99.104,0.411,0.828
566,4,1,32.19,233.524,0.804,335,1.98,95.806,0.407,0.798
567,2,0,32.19,231.952,0.809,332,2.041,94.62,0.404,0.789
568,4,2,32.19,231.952,0.807,334,1.966,94.846,0.406,0.794
569,4,1,32.476,231.952,0.798,332,2.039,95.118,0.401,0.797
570,3,0,32.286,231.952,0.797,335,1.966,95.203,0.406,0.799
571,4,0,32.381,231.952,0.795,336,1.888,98.104,0.408,0.808
572,8,1,32.381,231.952,0.791,340,1.734,99.054,0.417,0.828
573,8,0,32.667,231.952,0.789,344,1.673,99.556,0.419,0.844
574,2,0,32.762,231.571,0.788,341,1.662,100.614,0.419,0.847
575,11,1,32.476,231.952,0.777,348,1.661,100.139,0.423,0.843
576,3,1,32.381,231.952,0.776,349,1.653,100.191,0.424,0.841
577,7,2,32.571,231.952,0.782,347,1.647,101.675,0.423,0.848
578,4,1,32.762,232.81,0.782,346,1.744,99.881,0.419,0.848
579,6,2,32.476,232.952,0.784,346,1.738,100.786,0.42,0.837
580,10,0,32.571,233.667,0.778,352,1.639,103.181,0.426,0.853
581,5,2,33.048,233.667,0.783,350,1.675,103.23,0.422,0.865
582,4,1,33.143,231.905,0.777,345,1.806,101.149,0.414,0.854
583,5,1,33.476,231.524,0.785,340,1.86,101.41,0.409,0.857
584,4,0,33.476,231.524,0.786,340,1.861,100.282,0.407,0.854
585,13,0,33.286,231.952,0.798,352,1.65,105.735,0.423,0.875
586,1,0,33.286,231.952,0.803,347,1.758,103.133,0.416,0.863
587,7,1,34.048,234.952,0.811,347,1.69,105.496,0.42,0.893
588,5,2,34.476,234.952,0.816,348,1.697,105.35,0.419,0.905
589,6,0,34.524,234.952,0.816,350,1.737,105.683,0.422,0.91
590,1,0,34.524,234.619,0.817,347,1.791,104.084,0.418,0.905
591,5,1,34.81,234.619,0.815,347,1.77,104.344,0.417,0.911
592,3,1,34.714,234.619,0.819,346,1.819,103.448,0.415,0.906
593,2,1,34.857,234.619,0.821,343,1.844,103.253,0.412,0.906
594,4,1,35.238,234.857,0.823,342,1.764,104.976,0.414,0.918
595,8,2,35.238,234.857,0.82,343,1.742,105.385,0.417,0.921
596,6,0,35.429,235.524,0.815,347,1.644,107.844,0.424,0.932
597,7,1,35.095,235.524,0.811,350,1.626,107.605,0.428,0.93
598,5,0,35.476,235.333,0.805,348,1.636,109.12,0.428,0.937
599,5,0,35.286,235.333,0.806,350,1.607,109.365,0.431,0.936
600,3,2,35.381,235.333,0.807,345,1.695,107.518,0.424,0.931
601,4,0,28.333,236.238,0.756,348,2.141,92.684,0.431,0.629
602,7,2,28.333,236.238,0.764,348,2.127,92.538,0.431,0.629
603,1,0,28.429,236.238,0.762,347,2.072,92.178,0.433,0.641
604,5,1,28.429,237.143,0.757,347,2.201,90.946,0.43,0.632
605,5,0,29.0,237.143,0.758,345,2.152,93.182,0.428,0.667
606,0,0,29.762,237.143,0.763,340,2.173,93.719,0.423,0.702
607,4,1,29.857,237.143,0.766,338,2.244,92.792,0.419,0.696
608,7,0,30.238,235.619,0.772,340,2.119,95.556,0.425,0.736
609,3,2,30.81,235.619,0.78,335,2.214,94.915,0.415,0.745
610,4,0,31.19,237.19,0.778,333,2.23,95.217,0.413,0.761
611,6,0,31.0,237.19,0.779,337,2.168,94.588,0.415,0.755
612,3,0,30.81,236.619,0.774,331,2.252,94.057,0.408,0.724
613,6,0,31.095,236.905,0.769,334,2.144,95.872,0.413,0.755
614,2,0,31.381,236.905,0.77,334,2.135,97.248,0.412,0.767
615,9,1,31.571,236.905,0.772,335,2.139,97.915,0.412,0.778
616,5,0,31.429,236.905,0.772,335,2.173,97.013,0.412,0.77
617,2,0,32.333,236.905,0.78,333,2.132,98.811,0.408,0.808
618,5,0,32.524,236.905,0.773,334,2.076,100.062,0.413,0.828
619,8,0,33.0,236.905,0.775,336,2.067,100.615,0.415,0.852
620,8,1,33.286,237.19,0.789,336,2.052,103.644,0.42,0.87
621,5,0,33.0,236.905,0.789,335,2.135,99.57,0.415,0.852
622,10,1,33.667,236.905,0.79,341,1.894,104.469,0.425,0.89
623,8,1,33.667,236.905,0.795,346,1.77,106.727,0.433,0.9
624,3,1,33.667,236.905,0.794,345,1.821,105.947,0.429,0.896
625,6,0,33.476,236.905,0.796,348,1.791,106.6,0.433,0.895
626,0,0,33.762,236.905,0.791,342,1.864,105.462,0.426,0.894
627,2,0,33.667,236.905,0.789,335,2.047,104.621,0.416,0.877
628,4,0,33.857,236.905,0.791,336,2.043,105.241,0.415,0.881
629,3,0,33.667,237.048,0.79,339,1.996,105.824,0.419,0.881
630,4,0,33.81,237.048,0.793,339,1.927,104.972,0.418,0.884
631,8,1,34.095,237.571,0.789,340,1.899,105.807,0.417,0.892
632,2,0,33.905,237.571,0.797,338,1.93,105.402,0.415,0.883
633,8,0,34.0,237.571,0.796,339,1.846,105.321,0.417,0.889
634,5,1,34.095,238.381,0.801,340,1.836,105.54,0.417,0.891
635,5,1,34.0,237.571,0.794,341,1.882,105.039,0.414,0.884
636,5,0,33.905,237.571,0.792,345,1.805,106.504,0.42,0.89
637,6,2,34.571,237.571,0.788,344,1.832,106.778,0.417,0.905
638,7,3,34.762,237.571,0.786,345,1.765,108.043,0.419,0.912
639,3,0,34.857,237.571,0.786,344,1.765,107.734,0.417,0.913
640,8,0,35.333,237.571,0.789,347,1.632,109.064,0.425,0.931
641,3,0,35.333,237.571,0.792,347,1.686,109.163,0.422,0.929
642,3,1,35.143,237.571,0.787,348,1.68,108.963,0.424,0.926
643,5,1,34.667,237.571,0.786,350,1.661,108.506,0.424,0.916
644,8,1,34.714,237.571,0.785,355,1.609,110.85,0.429,0.922
645,6,2,34.667,237.571,0.778,355,1.641,108.592,0.426,0.917
646,5,0,34.381,237.238,0.779,357,1.702,108.094,0.426,0.911
647,4,1,34.381,236.524,0.785,356,1.729,107.265,0.42,0.904
648,5,1,34.238,234.952,0.784,356,1.737,105.133,0.417,0.896
649,4,0,34.524,234.952,0.789,358,1.663,106.853,0.42,0.907
650,3,0,35.0,235.667,0.798,356,1.641,108.997,0.418,0.917
651,0,0,35.19,235.667,0.797,351,1.724,106.595,0.411,0.913
652,4,0,34.81,235.333,0.794,351,1.825,103.192,0.409,0.901
653,2,0,34.81,235.333,0.793,350,1.851,103.785,0.406,0.898
654,8,2,35.571,237.143,0.794,354,1.716,108.502,0.414,0.926
655,4,0,35.762,237.143,0.802,355,1.684,110.553,0.417,0.933
656,5,0,36.333,237.143,0.809,356,1.662,111.724,0.417,0.943
657,7,0,36.238,237.143,0.804,361,1.61,112.207,0.423,0.945
658,6,0,36.714,237.143,0.809,361,1.506,114.739,0.425,0.954
659,2,0,37.095,237.143,0.809,361,1.509,115.131,0.424,0.958
660,4,0,36.81,237.143,0.814,359,1.561,113.991,0.422,0.953
661,3,0,36.81,236.095,0.816,360,1.581,112.709,0.419,0.952
662,5,0,36.857,236.095,0.815,356,1.582,111.863,0.418,0.951
663,6,0,36.571,236.095,0.812,358,1.614,110.831,0.418,0.947
664,5,2,36.19,236.095,0.816,357,1.648,110.389,0.417,0.94
665,3,0,36.286,236.095,0.819,355,1.648,109.336,0.415,0.94
666,4,0,36.667,237.0,0.808,355,1.649,111.653,0.417,0.948
667,9,3,37.095,237.0,0.812,358,1.6,115.62,0.42,0.956
668,3,0,37.095,237.0,0.811,358,1.607,115.547,0.421,0.956
669,5,0,36.429,236.524,0.811,357,1.686,111.349,0.417,0.945
670,3,0,37.0,236.524,0.813,355,1.725,111.113,0.413,0.951
671,7,0,36.619,236.524,0.811,358,1.751,111.035,0.415,0.946
672,5,2,36.476,236.524,0.807,358,1.736,110.973,0.416,0.945
673,1,0,36.667,236.524,0.807,356,1.773,110.065,0.413,0.945
674,5,2,36.381,236.524,0.813,353,1.774,108.458,0.415,0.942
675,6,0,36.762,236.524,0.81,348,1.734,109.033,0.411,0.945
676,7,1,36.571,236.524,0.808,350,1.773,108.982,0.414,0.944
677,4,0,36.429,236.524,0.805,350,1.745,108.129,0.415,0.943
678,2,1,36.524,236.524,0.8,345,1.794,106.417,0.409,0.94
679,7,0,36.19,236.524,0.8,347,1.702,107.402,0.414,0.938
680,2,0,36.381,237.857,0.8,346,1.714,109.003,0.414,0.941
681,4,0,36.667,237.857,0.797,347,1.754,107.401,0.412,0.944
682,5,1,36.762,237.857,0.797,346,1.741,106.795,0.413,0.947
683,4,1,36.952,237.857,0.802,347,1.739,107.139,0.415,0.951
684,7,0,36.714,237.857,0.8,347,1.73,107.088,0.415,0.948
685,4,0,36.81,237.857,0.799,348,1.706,107.028,0.416,0.949
686,6,1,36.429,236.524,0.801,349,1.709,105.455,0.417,0.944
687,2,0,36.714,236.524,0.8,348,1.731,105.633,0.415,0.947
688,4,0,36.476,234.667,0.797,346,1.83,101.914,0.414,0.943
689,0,0,36.381,233.571,0.801,342,1.888,100.25,0.41,0.938
690,7,0,36.381,234.81,0.804,346,1.957,99.291,0.406,0.935
691,4,0,36.571,235.0,0.808,344,2.013,98.781,0.401,0.934
692,1,1,36.762,235.0,0.811,341,2.081,97.327,0.394,0.932
693,4,0,36.095,235.0,0.81,337,2.102,97.565,0.394,0.917
694,5,0,36.0,235.0,0.808,338,2.061,97.638,0.398,0.919
695,8,1,36.333,235.0,0.81,339,1.909,99.105,0.406,0.934
696,5,0,36.714,235.0,0.822,340,1.974,98.84,0.405,0.94
697,4,0,36.714,235.0,0.827,339,2.036,98.883,0.4,0.936
698,3,0,36.143,235.0,0.823,336,2.089,96.657,0.399,0.923
699,7,1,36.143,235.0,0.821,337,2.02,98.741,0.402,0.926
700,4,0,36.429,237.429,0.821,337,2.136,99.884,0.397,0.927
701,3,0,29.143,234.81,0.77,339,2.51,82.826,0.399,0.578
702,1,0,29.429,234.81,0.771,338,2.497,83.253,0.398,0.596
703,3,0,29.81,236.524,0.768,335,2.482,84.778,0.4,0.633
704,5,1,29.905,236.524,0.779,337,2.322,87.233,0.408,0.663
705,4,0,30.381,236.524,0.784,338,2.196,90.563,0.412,0.707
706,3,0,30.762,236.429,0.78,333,2.33,88.831,0.405,0.713
707,3,0,30.905,236.429,0.775,333,2.3,89.662,0.407,0.727
708,6,0,31.19,236.143,0.776,334,2.255,90.725,0.407,0.743
709,4,0,31.095,236.143,0.776,333,2.276,90.496,0.406,0.735
710,7,0,31.095,237.524,0.783,336,2.12,92.146,0.414,0.756
711,10,1,31.571,237.524,0.779,342,2.013,96.472,0.42,0.796
712,8,1,31.571,237.524,0.774,345,1.925,97.629,0.425,0.81
713,4,0,31.952,237.524,0.774,345,1.873,100.511,0.428,0.832
714,4,1,32.238,238.19,0.774,346,1.778,101.302,0.432,0.851
715,4,1,32.238,238.19,0.774,346,1.798,101.315,0.432,0.852
716,7,1,32.095,236.429,0.769,343,1.86,97.917,0.427,0.836
717,4,0,32.095,236.429,0.785,344,1.804,99.032,0.431,0.845
718,8,3,32.429,236.429,0.786,344,1.797,98.813,0.435,0.863
719,2,0,32.143,236.429,0.784,342,1.854,96.389,0.432,0.847
720,7,2,31.952,236.429,0.788,343,1.823,96.623,0.432,0.84
721,3,0,32.429,236.048,0.794,340,1.849,99.072,0.427,0.851
722,6,1,32.714,236.048,0.796,341,1.779,100.809,0.428,0.863
723,6,0,32.238,235.762,0.798,343,1.8,99.073,0.428,0.844
724,4,4,32.524,235.762,0.801,339,1.821,99.142,0.426,0.851
725,4,3,32.619,235.762,0.801,338,1.82,98.371,0.425,0.853
726,5,0,32.238,235.762,0.802,340,1.845,96.572,0.425,0.837
727,8,1,32.905,236.952,0.798,340,1.724,101.692,0.431,0.874
728,7,0,32.619,236.952,0.794,342,1.662,100.79,0.435,0.87
729,6,1,32.619,235.429,0.805,337,1.646,101.885,0.434,0.87
730,8,1,32.429,235.429,0.806,339,1.603,101.772,0.439,0.87
731,5,2,32.905,235.429,0.805,333,1.735,99.906,0.427,0.867
732,8,3,33.0,235.429,0.808,338,1.653,101.453,0.433,0.88
733,7,1,33.19,235.429,0.816,339,1.679,100.603,0.431,0.883
734,10,1,32.667,235.429,0.81,346,1.621,100.715,0.438,0.877
735,9,2,32.667,236.286,0.805,348,1.642,98.987,0.437,0.876
736,5,0,33.095,236.286,0.801,348,1.645,101.92,0.435,0.887
737,5,4,33.0,236.286,0.787,346,1.636,102.311,0.431,0.878
738,5,0,33.0,236.619,0.787,350,1.574,102.804,0.436,0.885
739,6,0,33.095,236.619,0.778,349,1.605,101.571,0.435,0.886
740,7,1,33.0,236.619,0.778,349,1.627,100.721,0.435,0.884
741,6,0,33.333,236.619,0.785,352,1.578,103.243,0.439,0.899
742,8,1,33.524,236.619,0.781,355,1.418,105.414,0.447,0.913
743,11,2,33.333,236.619,0.779,361,1.392,104.913,0.45,0.913
744,1,0,33.714,236.619,0.778,359,1.369,106.552,0.451,0.923
745,6,2,33.81,236.619,0.777,360,1.328,107.398,0.453,0.927
746,8,2,34.095,236.286,0.79,358,1.381,108.328,0.448,0.927
747,2,2,34.095,236.286,0.789,350,1.527,105.921,0.437,0.916
748,5,0,33.524,236.286,0.787,352,1.594,103.066,0.435,0.899
749,8,2,33.714,236.286,0.793,352,1.597,102.396,0.435,0.904
750,4,0,34.19,236.286,0.803,351,1.584,102.74,0.433,0.915
751,8,0,34.19,236.381,0.807,356,1.475,104.783,0.444,0.926
752,5,1,34.381,236.381,0.805,358,1.425,107.096,0.446,0.931
753,2,0,34.667,236.381,0.809,355,1.52,104.975,0.44,0.931
754,7,2,34.095,236.381,0.806,357,1.489,104.739,0.444,0.924
755,7,1,34.333,235.714,0.814,354,1.528,105.242,0.442,0.927
756,6,1,34.238,234.238,0.818,355,1.533,103.343,0.439,0.921
757,8,4,34.429,234.762,0.818,354,1.541,103.667,0.439,0.926
758,4,2,34.333,234.238,0.813,352,1.58,103.364,0.437,0.921
759,3,0,34.238,234.238,0.811,354,1.56,103.746,0.438,0.921
760,5,2,34.333,234.476,0.808,356,1.55,104.575,0.438,0.923
761,6,1,34.905,234.381,0.827,355,1.551,104.151,0.44,0.936
762,3,0,34.762,234.381,0.829,354,1.589,104.291,0.439,0.933
763,7,1,34.667,234.952,0.824,352,1.608,103.072,0.435,0.927
764,5,0,34.857,236.238,0.825,355,1.556,105.168,0.438,0.933
765,6,1,34.524,236.048,0.829,354,1.606,103.492,0.435,0.924
766,8,1,34.619,236.048,0.819,356,1.529,105.769,0.439,0.929
767,3,1,34.81,236.048,0.82,355,1.543,106.216,0.435,0.93
768,4,0,33.952,236.048,0.819,354,1.599,104.54,0.435,0.911
769,4,1,34.143,236.619,0.821,352,1.608,105.13,0.433,0.913
770,2,0,34.619,236.619,0.819,350,1.586,106.121,0.432,0.923
771,5,0,34.714,236.619,0.812,349,1.574,106.728,0.431,0.924
772,6,1,34.476,236.619,0.815,350,1.601,106.597,0.429,0.917
773,5,1,34.476,236.619,0.817,351,1.558,107.622,0.431,0.919
774,6,0,34.381,236.619,0.819,352,1.533,108.3,0.433,0.918
775,4,0,34.571,236.619,0.82,349,1.612,107.678,0.425,0.914
776,5,0,34.524,236.619,0.816,351,1.591,108.178,0.428,0.916
777,4,1,34.905,236.619,0.817,349,1.568,109.188,0.428,0.925
778,4,0,35.0,236.619,0.818,349,1.543,110.665,0.428,0.927
779,7,0,34.667,236.619,0.818,352,1.502,110.277,0.432,0.923
780,4,1,34.571,236.619,0.823,350,1.553,107.587,0.429,0.919
781,6,1,33.905,236.619,0.821,351,1.587,105.301,0.431,0.904
782,2,0,33.905,236.619,0.82,353,1.542,106.138,0.434,0.908
783,5,0,33.571,236.619,0.814,357,1.493,105.985,0.44,0.906
784,4,0,33.667,236.619,0.816,355,1.573,104.89,0.434,0.902
785,3,1,34.238,236.619,0.816,352,1.592,105.149,0.432,0.914
786,7,2,34.19,236.238,0.81,352,1.604,103.506,0.432,0.913
787,6,1,34.571,236.619,0.809,352,1.552,105.308,0.436,0.926
788,4,0,34.667,236.143,0.807,352,1.56,105.415,0.434,0.926
789,6,3,34.762,236.143,0.807,353,1.552,105.162,0.434,0.928
790,5,1,35.143,236.143,0.81,351,1.533,107.282,0.435,0.936
791,4,2,34.714,236.143,0.811,348,1.582,104.625,0.433,0.926
792,6,1,34.238,236.0,0.805,344,1.714,100.821,0.425,0.906
793,2,0,34.619,236.0,0.804,341,1.7,101.994,0.423,0.914
794,7,0,34.762,236.0,0.806,343,1.592,102.666,0.431,0.925
795,7,3,34.762,236.095,0.806,345,1.591,101.811,0.431,0.925
796,4,0,34.667,236.095,0.801,347,1.526,103.309,0.438,0.93
797,1,0,34.952,236.095,0.798,342,1.59,101.818,0.43,0.928
798,9,3,35.19,236.095,0.806,342,1.614,101.238,0.428,0.931
799,3,0,35.095,236.476,0.816,339,1.725,100.147,0.424,0.925
800,6,0,35.095,236.476,0.818,344,1.662,101.202,0.428,0.93
801,6,0,28.524,238.81,0.753,342,2.221,81.891,0.42,0.605
802,1,0,28.524,238.81,0.756,343,2.188,82.327,0.422,0.611
803,8,0,28.905,238.81,0.753,345,1.965,86.294,0.432,0.671
804,4,0,29.714,238.81,0.753,343,1.8,90.176,0.436,0.734
805,3,1,30.095,238.238,0.754,340,1.807,90.6,0.432,0.747
806,6,0,30.762,238.238,0.768,342,1.721,93.605,0.436,0.794
807,4,1,30.81,238.238,0.767,335,1.844,92.151,0.43,0.781
808,6,0,31.0,238.238,0.769,335,1.966,89.081,0.427,0.785
809,2,0,31.095,238.238,0.773,332,2.031,88.117,0.423,0.779
810,5,0,31.381,238.238,0.766,334,1.944,90.097,0.43,0.81
811,4,2,31.714,238.238,0.768,333,1.953,90.411,0.429,0.823
812,8,1,31.333,238.238,0.773,335,2.056,87.606,0.427,0.803
813,1,0,31.238,236.952,0.777,330,2.143,86.153,0.422,0.786
814,6,1,31.143,236.952,0.773,332,2.109,86.294,0.426,0.791
815,9,2,31.333,236.952,0.774,336,1.965,88.14,0.434,0.818
816,0,0,31.524,236.952,0.778,330,2.159,85.635,0.425,0.808
817,5,0,31.905,237.286,0.775,333,2.138,86.754,0.426,0.828
818,4,0,32.19,237.286,0.773,334,2.13,86.43,0.424,0.835
819,5,0,32.667,237.286,0.786,334,2.063,88.226,0.424,0.855
820,7,0,33.048,237.286,0.79,337,1.988,89.922,0.427,0.874
821,7,0,32.857,237.571,0.802,343,1.956,90.167,0.432,0.875
822,4,0,33.524,237.571,0.801,338,1.992,91.022,0.427,0.889
823,6,2,33.619,237.571,0.8,340,1.946,91.974,0.428,0.893
824,6,1,32.952,237.571,0.803,339,2.018,90.472,0.425,0.868
825,6,2,33.0,236.667,0.805,336,2.068,88.786,0.421,0.862
826,2,1,33.095,236.667,0.798,330,2.158,87.912,0.414,0.852
827,6,2,33.19,236.333,0.796,331,2.148,87.988,0.415,0.858
828,4,0,33.286,236.714,0.794,334,2.014,90.481,0.42,0.871
829,5,2,33.476,238.0,0.791,335,2.005,90.342,0.423,0.881
830,3,0,33.667,238.0,0.791,332,2.062,89.847,0.418,0.88
831,8,2,33.952,238.0,0.792,332,2.026,90.637,0.42,0.892
832,4,0,33.857,238.0,0.793,333,1.97,92.657,0.42,0.888
833,4,1,33.857,236.714,0.797,332,2.058,90.41,0.412,0.878
834,5,0,33.429,234.857,0.796,334,1.989,91.381,0.415,0.867
835,7,0,33.571,234.857,0.795,337,1.876,93.164,0.421,0.881
836,3,1,33.0,234.857,0.795,337,1.936,91.489,0.421,0.861
837,2,0,33.476,234.857,0.796,335,1.874,93.904,0.423,0.881
838,2,0,33.476,233.381,0.806,333,1.877,92.792,0.421,0.878
839,10,3,33.667,234.905,0.806,338,1.751,96.712,0.426,0.891
840,6,1,33.952,234.905,0.811,338,1.885,94.472,0.42,0.892
841,5,0,33.857,234.905,0.808,341,1.837,95.379,0.427,0.899
842,7,1,33.952,236.381,0.802,344,1.73,96.502,0.434,0.91
843,5,1,34.429,236.381,0.801,344,1.711,97.756,0.433,0.92
844,1,0,34.571,236.381,0.8,340,1.748,97.171,0.429,0.919
845,4,1,34.857,236.095,0.796,342,1.652,100.607,0.433,0.929
846,3,1,35.048,236.095,0.797,339,1.725,99.996,0.429,0.929
847,5,2,35.524,236.095,0.8,339,1.792,99.624,0.424,0.934
848,5,0,35.667,236.095,0.807,340,1.755,100.571,0.427,0.939
849,6,0,35.762,236.095,0.807,344,1.706,100.541,0.434,0.946
850,5,1,35.571,236.095,0.808,344,1.715,99.978,0.433,0.943
851,5,1,35.762,236.095,0.806,348,1.673,101.336,0.436,0.948
852,6,0,35.381,236.095,0.805,349,1.644,99.903,0.438,0.943
853,4,2,35.095,236.095,0.806,348,1.657,98.962,0.437,0.937
854,7,3,36.048,236.095,0.809,344,1.689,100.558,0.429,0.948
855,4,1,36.095,236.095,0.817,343,1.736,99.259,0.429,0.948
856,6,1,35.905,236.095,0.817,341,1.716,100.909,0.428,0.944
857,6,2,36.095,236.095,0.817,343,1.682,102.047,0.43,0.949
858,6,1,36.286,236.095,0.827,347,1.616,103.53,0.434,0.954
859,6,1,36.476,236.095,0.824,349,1.518,105.735,0.441,0.961
860,3,1,36.333,236.095,0.823,345,1.551,105.251,0.438,0.957
861,5,0,35.952,236.095,0.819,347,1.515,105.302,0.443,0.955
862,3,0,35.857,236.095,0.814,344,1.579,103.509,0.441,0.952
863,9,2,35.905,236.095,0.816,348,1.566,103.175,0.444,0.955
864,7,1,35.81,236.333,0.81,350,1.492,104.004,0.446,0.955
865,4,1,36.476,236.333,0.818,345,1.557,103.826,0.44,0.96
866,8,0,36.857,237.0,0.819,347,1.537,104.062,0.443,0.966
867,8,6,36.762,236.81,0.82,337,1.688,102.065,0.43,0.958
868,2,0,36.857,236.81,0.816,334,1.683,102.793,0.427,0.957
869,4,0,36.667,236.619,0.816,334,1.651,102.553,0.425,0.954
870,4,0,36.714,236.619,0.816,335,1.597,103.684,0.427,0.956
871,5,1,35.952,236.619,0.8,333,1.806,96.191,0.422,0.941
872,5,0,35.857,236.81,0.809,332,1.856,95.997,0.421,0.938
873,4,0,36.429,236.81,0.815,331,1.867,96.552,0.42,0.947
874,2,0,36.143,236.81,0.813,329,1.915,94.595,0.42,0.942
875,3,0,36.571,236.81,0.818,328,1.851,97.285,0.42,0.949
876,2,1,36.857,236.81,0.819,327,1.905,96.966,0.418,0.952
877,3,0,37.048,236.81,0.812,323,1.901,96.904,0.418,0.954
878,4,1,36.381,236.81,0.816,317,2.156,91.03,0.407,0.936
879,7,1,36.333,236.81,0.818,318,2.122,91.103,0.407,0.935
880,6,0,36.333,236.81,0.819,320,2.083,91.499,0.407,0.935
881,9,1,36.333,236.81,0.815,326,2.08,91.804,0.411,0.938
882,6,0,36.429,236.81,0.809,328,2.016,93.553,0.414,0.942
883,13,0,37.429,236.81,0.805,335,1.856,100.687,0.422,0.961
884,1,0,37.238,236.81,0.8,330,1.896,99.855,0.418,0.957
885,5,1,37.619,236.81,0.811,329,1.806,102.446,0.418,0.962
886,2,1,37.619,236.81,0.819,328,1.775,103.53,0.418,0.962
887,7,4,36.952,236.81,0.819,325,1.853,101.798,0.414,0.95
888,4,3,36.952,236.81,0.826,319,1.977,99.397,0.403,0.943
889,1,0,36.762,236.81,0.824,314,2.12,96.549,0.395,0.932
890,4,0,37.048,236.81,0.82,313,2.121,96.231,0.395,0.938
891,2,0,36.952,236.81,0.817,313,2.039,97.371,0.397,0.938
892,1,0,36.952,236.81,0.817,312,2.039,97.701,0.397,0.937
893,4,0,36.381,236.571,0.812,310,2.21,95.549,0.386,0.915
894,6,0,36.095,236.571,0.805,309,2.265,93.157,0.383,0.904
895,3,0,35.905,236.571,0.813,309,2.188,94.295,0.386,0.903
896,9,0,36.381,237.238,0.812,314,1.954,100.178,0.4,0.929
897,2,0,35.762,235.333,0.815,312,2.072,96.458,0.394,0.908
898,7,1,35.857,235.333,0.813,317,1.947,99.344,0.4,0.918
899,9,2,36.476,235.333,0.819,315,1.907,101.244,0.405,0.936
900,5,0,36.476,235.333,0.817,317,1.89,100.811,0.405,0.935
901,8,0,28.524,237.381,0.753,323,2.896,77.161,0.404,0.553
902,5,0,29.095,237.381,0.753,324,2.827,78.941,0.407,0.606
903,7,1,29.095,237.381,0.755,327,2.768,79.659,0.41,0.615
904,2,0,28.81,237.381,0.749,327,2.87,77.447,0.409,0.592
905,3,0,29.095,237.381,0.75,324,2.77,79.192,0.408,0.61
906,7,0,29.476,238.048,0.752,324,2.729,80.856,0.407,0.632
907,12,0,30.048,238.048,0.763,334,2.562,81.989,0.415,0.699
908,5,1,30.143,238.048,0.761,333,2.497,83.208,0.414,0.701
909,5,0,30.238,238.048,0.757,334,2.449,84.092,0.415,0.709
910,6,1,31.095,238.048,0.766,336,2.371,87.519,0.419,0.772
911,4,0,30.714,238.048,0.766,337,2.413,85.759,0.421,0.756
912,5,0,30.619,238.048,0.76,336,2.429,85.503,0.42,0.749
913,4,0,30.81,237.905,0.763,336,2.474,84.704,0.419,0.757
914,4,0,30.619,237.333,0.768,337,2.483,84.321,0.419,0.744
915,6,1,30.619,237.333,0.771,336,2.531,83.254,0.42,0.747
916,5,1,31.0,237.333,0.772,334,2.455,83.73,0.419,0.767
917,2,0,30.81,237.333,0.78,332,2.499,83.623,0.417,0.752
918,8,2,30.905,237.333,0.781,335,2.465,84.697,0.417,0.757
919,4,0,30.429,237.333,0.776,334,2.536,82.84,0.413,0.716
920,7,0,30.619,237.333,0.77,336,2.574,83.372,0.408,0.713
921,2,0,30.667,237.333,0.772,336,2.574,82.864,0.407,0.715
922,4,0,30.381,237.333,0.762,334,2.713,82.368,0.399,0.67
923,3,0,30.571,237.333,0.771,333,2.763,82.735,0.396,0.674
924,2,0,30.571,237.333,0.769,331,2.693,83.758,0.397,0.678
925,6,1,31.0,237.905,0.772,330,2.639,87.215,0.398,0.708
926,10,0,31.095,237.905,0.776,334,2.504,87.086,0.403,0.727
927,5,0,31.286,237.905,0.781,334,2.506,86.753,0.406,0.749
928,5,2,31.19,237.095,0.777,335,2.47,86.047,0.407,0.745
929,3,0,31.095,237.095,0.778,330,2.579,86.11,0.402,0.725
930,3,0,31.476,237.095,0.784,329,2.601,86.929,0.399,0.741
931,3,0,31.762,237.095,0.785,328,2.6,87.012,0.398,0.754
932,6,2,32.095,237.095,0.776,325,2.594,88.993,0.397,0.772
933,7,1,32.0,237.095,0.776,326,2.448,92.675,0.402,0.779
934,5,0,32.143,236.286,0.788,325,2.443,93.27,0.404,0.79
935,6,1,32.524,236.286,0.792,325,2.445,92.424,0.403,0.807
936,3,0,32.905,236.286,0.793,325,2.475,91.841,0.401,0.82
937,5,1,33.0,237.476,0.791,327,2.321,95.485,0.407,0.837
938,5,0,32.524,237.619,0.783,328,2.38,93.146,0.409,0.819
939,7,2,32.429,237.619,0.788,328,2.381,94.173,0.412,0.821
940,10,4,32.381,237.619,0.773,330,2.293,94.634,0.414,0.824
941,3,1,32.952,237.619,0.77,325,2.322,95.025,0.409,0.838
942,6,0,32.19,237.619,0.762,328,2.252,95.0,0.412,0.81
943,5,0,32.143,237.619,0.765,331,2.215,94.792,0.414,0.812
944,4,0,32.524,237.619,0.77,329,2.237,96.37,0.408,0.818
945,3,1,32.619,237.619,0.773,329,2.194,97.586,0.409,0.824
946,3,0,32.429,237.19,0.776,325,2.309,95.953,0.403,0.802
947,5,0,32.333,237.19,0.768,327,2.158,99.029,0.41,0.812
948,5,1,32.905,237.19,0.772,326,2.021,103.634,0.413,0.843
949,1,1,33.667,237.19,0.776,322,2.029,105.818,0.409,0.866
950,4,0,33.571,237.19,0.776,323,2.006,105.978,0.414,0.87
951,6,2,33.619,237.19,0.778,324,1.95,104.779,0.416,0.874
952,5,2,34.286,237.19,0.785,319,1.988,104.182,0.409,0.885
953,3,2,34.571,236.81,0.789,316,1.979,104.448,0.405,0.889
954,9,1,34.238,236.81,0.79,320,1.916,102.576,0.413,0.89
955,1,0,34.429,236.81,0.789,316,1.929,103.86,0.411,0.893
956,6,0,34.429,236.81,0.785,322,1.837,106.486,0.417,0.902
957,2,0,34.429,236.81,0.786,319,1.876,106.058,0.414,0.897
958,6,1,34.524,237.048,0.785,319,1.889,106.55,0.414,0.899
959,5,0,35.095,237.048,0.791,319,1.867,110.636,0.415,0.916
960,5,2,35.095,237.238,0.792,319,1.894,109.534,0.415,0.916
961,2,0,35.095,237.238,0.793,317,1.951,108.235,0.41,0.911
962,5,1,35.524,237.238,0.796,315,2.036,107.642,0.404,0.914
963,4,1,35.143,235.667,0.792,311,2.11,102.108,0.397,0.895
964,7,0,34.857,235.667,0.793,315,2.059,102.53,0.403,0.895
965,9,0,34.905,235.905,0.79,322,1.917,105.27,0.413,0.909
966,3,0,35.048,235.905,0.789,323,1.873,106.946,0.415,0.915
967,5,1,35.238,235.905,0.792,323,1.8,108.989,0.417,0.922
968,4,0,35.619,235.905,0.794,324,1.8,110.049,0.417,0.93
969,1,0,35.524,235.667,0.797,320,1.924,105.338,0.411,0.922
970,12,2,35.238,233.143,0.79,325,1.824,105.599,0.413,0.917
971,1,0,35.333,233.095,0.791,320,1.995,101.484,0.405,0.91
972,5,1,34.857,235.81,0.781,320,1.979,99.642,0.407,0.901
973,10,0,35.095,236.714,0.795,326,1.929,100.501,0.41,0.911
974,6,0,35.381,236.714,0.802,328,1.908,101.423,0.412,0.92
975,7,1,34.905,236.714,0.798,330,1.884,99.68,0.417,0.914
976,5,1,34.952,236.714,0.794,331,1.82,101.232,0.421,0.92
977,5,1,35.286,236.714,0.804,329,1.768,101.818,0.421,0.927
978,4,0,35.095,236.714,0.805,327,1.81,100.357,0.419,0.921
979,8,1,35.571,236.714,0.808,327,1.809,101.246,0.419,0.931
980,3,0,35.476,236.714,0.81,321,1.917,99.325,0.407,0.916
981,2,0,34.905,236.714,0.803,321,1.992,97.505,0.404,0.898
982,7,2,34.619,236.714,0.799,319,2.035,96.802,0.4,0.883
983,5,0,34.619,236.143,0.805,323,2.019,95.827,0.405,0.891
984,4,0,35.0,236.143,0.806,320,2.001,96.642,0.401,0.896
985,6,0,34.667,236.381,0.804,324,1.927,97.753,0.407,0.894
986,1,0,34.952,236.381,0.809,318,2.009,97.233,0.397,0.89
987,3,0,35.238,236.381,0.81,316,2.025,96.858,0.396,0.897
988,7,1,35.476,236.381,0.809,316,1.976,98.458,0.399,0.906
989,4,0,35.667,236.095,0.808,318,1.943,100.081,0.4,0.913
990,6,0,34.619,236.095,0.805,317,2.036,97.175,0.398,0.881
991,5,0,34.238,237.048,0.8,318,1.999,96.18,0.401,0.871
992,2,0,33.857,237.048,0.798,316,2.04,95.259,0.399,0.854
993,1,0,34.048,237.048,0.802,314,2.033,95.78,0.398,0.861
994,4,0,34.143,237.048,0.808,315,2.034,97.069,0.398,0.864
995,8,0,34.143,237.048,0.802,317,1.926,100.996,0.402,0.87
996,2,0,34.524,237.286,0.803,316,1.936,100.681,0.4,0.88
997,3,0,34.333,237.286,0.803,317,1.998,98.215,0.401,0.875
998,9,1,33.857,237.286,0.802,322,1.927,98.995,0.409,0.871
999,5,1,33.762,237.286,0.805,322,1.945,97.006,0.409,0.869
1000,0,0,33.381,235.762,0.805,316,2.078,94.659,0.402,0.841
