1,10,0,0.571,2.381,0.0,10,343.504,0.0,0.008,0.043
2,3,0,0.762,3.619,0.002,13,338.565,0.0,0.011,0.04
3,3,0,1.048,5.476,0.002,16,312.542,0.0,0.015,0.02
4,3,0,1.238,8.476,0.005,19,296.248,0.013,0.021,0.014
5,4,0,1.667,10.429,0.006,23,263.514,0.118,0.026,0.006
6,7,0,2.238,15.952,0.01,29,233.207,0.222,0.039,0.003
7,5,0,2.524,19.952,0.014,34,215.035,0.418,0.046,0.002
8,5,0,2.952,24.0,0.022,38,195.203,0.555,0.05,0.001
9,5,0,3.524,31.857,0.036,42,162.589,0.864,0.06,0.001
10,3,0,3.81,35.381,0.042,45,158.804,0.937,0.064,0.001
11,6,0,3.571,36.524,0.04,51,173.93,0.96,0.07,0.001
12,9,0,3.857,41.905,0.043,59,146.478,1.231,0.082,0.001
13,4,0,4.0,43.905,0.042,63,141.52,1.358,0.089,0.001
14,4,0,4.095,45.238,0.043,67,140.311,1.415,0.092,0.001
15,3,0,4.19,45.714,0.04,70,131.682,1.533,0.096,0.0
16,8,0,4.905,52.905,0.055,77,109.841,2.089,0.103,0.0
17,4,0,5.286,61.0,0.071,81,99.665,2.559,0.112,0.0
18,4,0,5.571,63.238,0.07,85,95.559,2.889,0.119,0.0
19,7,0,6.095,68.81,0.077,91,80.539,3.815,0.13,0.0
20,8,0,6.667,73.381,0.082,98,71.661,4.519,0.138,0.0
21,3,0,6.952,75.857,0.09,98,72.729,4.66,0.138,0.0
22,3,0,7.238,77.952,0.097,98,69.129,4.959,0.138,0.0
23,3,0,7.429,80.286,0.101,101,66.766,5.289,0.142,0.0
24,3,0,7.429,80.571,0.099,104,66.078,5.205,0.145,0.0
25,5,0,7.714,87.857,0.112,108,61.867,5.597,0.156,0.0
26,6,0,7.524,89.19,0.11,113,61.199,5.631,0.161,0.0
27,8,0,8.286,97.667,0.124,119,55.276,6.449,0.174,0.0
28,6,0,8.476,100.857,0.125,125,53.093,7.364,0.183,0.0
29,3,0,8.476,102.048,0.127,127,52.108,7.759,0.186,0.0
30,3,0,8.381,102.667,0.125,130,52.314,7.808,0.189,0.0
31,5,0,9.048,103.143,0.129,130,47.378,8.358,0.187,0.0
32,8,0,9.429,110.571,0.146,137,43.727,8.62,0.195,0.001
33,3,0,9.905,115.476,0.157,139,41.175,9.263,0.2,0.001
34,4,0,10.286,120.19,0.17,143,39.305,9.944,0.204,0.001
35,6,0,10.857,126.571,0.183,148,37.035,10.894,0.214,0.001
36,3,0,10.857,127.048,0.181,151,36.39,11.367,0.218,0.001
37,9,0,11.429,127.048,0.169,157,35.48,12.927,0.228,0.001
38,0,0,11.619,127.048,0.174,154,35.317,12.633,0.224,0.001
39,6,0,12.19,127.714,0.176,157,34.887,13.188,0.225,0.002
40,2,0,12.095,128.571,0.175,159,35.012,13.193,0.229,0.002
41,2,0,12.095,128.571,0.174,161,34.695,13.338,0.229,0.002
42,3,0,12.19,128.571,0.176,162,35.16,13.306,0.228,0.002
43,7,0,12.095,124.667,0.154,168,35.418,13.797,0.234,0.002
44,7,0,12.19,127.81,0.16,173,37.553,14.43,0.24,0.002
45,4,0,12.571,130.81,0.173,175,35.785,15.135,0.238,0.002
46,8,0,12.81,133.476,0.175,180,34.21,15.339,0.245,0.002
47,3,0,13.095,133.714,0.174,179,31.519,15.503,0.247,0.003
48,10,0,13.571,141.619,0.188,187,28.737,16.461,0.261,0.003
49,8,0,14.524,151.381,0.217,192,24.593,19.511,0.27,0.004
50,2,0,15.095,151.381,0.223,190,23.836,19.866,0.264,0.005
51,7,0,15.19,152.095,0.218,196,23.482,20.498,0.272,0.005
52,4,0,15.19,152.238,0.22,198,23.226,20.739,0.271,0.005
53,6,0,15.667,153.476,0.22,202,22.27,22.074,0.275,0.006
54,2,0,15.571,154.048,0.222,203,22.237,21.845,0.276,0.006
55,5,0,16.048,157.381,0.236,204,21.778,22.012,0.277,0.007
56,6,0,16.048,158.429,0.233,209,21.528,22.292,0.282,0.008
57,5,0,16.476,161.143,0.239,212,20.899,23.193,0.286,0.009
58,5,0,16.952,162.952,0.239,215,19.869,25.07,0.294,0.011
59,7,0,17.238,164.476,0.24,218,19.474,25.929,0.297,0.013
60,8,0,17.619,167.143,0.245,224,18.936,26.138,0.302,0.015
61,1,0,17.81,168.762,0.257,221,18.915,26.042,0.297,0.015
62,6,0,17.619,168.952,0.251,225,18.529,26.176,0.302,0.015
63,6,0,17.524,169.381,0.249,228,18.627,26.354,0.306,0.016
64,5,0,18.0,171.667,0.252,231,18.119,27.383,0.312,0.019
65,3,0,18.0,171.667,0.251,230,18.114,27.576,0.313,0.02
66,7,0,18.095,173.048,0.255,235,17.946,27.904,0.314,0.02
67,3,0,18.381,175.048,0.263,235,17.685,29.386,0.315,0.022
68,6,0,19.238,181.524,0.283,238,16.778,30.052,0.319,0.03
69,6,0,19.714,189.0,0.303,242,15.731,32.345,0.328,0.038
70,5,0,20.19,191.905,0.31,244,15.032,33.243,0.333,0.046
71,8,0,20.571,193.0,0.305,252,14.374,34.859,0.343,0.057
72,8,0,20.857,199.238,0.322,257,14.048,35.877,0.348,0.067
73,5,0,20.571,200.524,0.331,257,14.179,35.491,0.347,0.06
74,6,0,20.667,202.143,0.336,258,13.998,35.738,0.349,0.064
75,7,0,20.524,204.476,0.341,262,13.878,35.873,0.354,0.065
76,5,0,20.429,204.476,0.337,264,13.427,36.666,0.358,0.066
77,5,0,20.429,204.476,0.335,266,13.25,36.4,0.36,0.068
78,5,0,20.905,204.524,0.339,268,13.022,36.87,0.357,0.074
79,3,0,20.905,205.667,0.34,268,12.917,36.479,0.361,0.078
80,3,0,20.81,206.762,0.342,271,12.889,37.202,0.364,0.079
81,2,0,20.476,206.762,0.35,269,13.17,35.868,0.357,0.066
82,3,0,20.952,208.429,0.36,269,12.872,36.072,0.355,0.073
83,8,0,20.762,210.667,0.365,275,12.875,36.651,0.361,0.074
84,2,0,20.762,210.952,0.367,275,12.876,36.754,0.361,0.074
85,6,0,20.571,212.905,0.366,279,12.622,37.924,0.37,0.079
86,5,0,20.571,214.19,0.364,282,12.299,39.014,0.376,0.085
87,5,0,21.143,215.762,0.367,281,11.621,41.278,0.38,0.103
88,4,0,21.333,219.762,0.375,284,11.271,42.861,0.39,0.123
89,9,0,22.048,225.333,0.39,291,10.488,45.62,0.399,0.164
90,5,0,22.429,226.19,0.395,292,10.246,46.157,0.4,0.182
91,3,0,22.952,226.762,0.401,290,10.146,46.662,0.397,0.199
92,5,0,23.333,229.143,0.406,290,10.062,46.806,0.402,0.231
93,5,0,23.952,230.429,0.412,288,9.637,48.157,0.402,0.264
94,5,0,24.143,232.476,0.419,290,9.736,47.659,0.403,0.281
95,5,0,24.333,233.619,0.425,292,9.731,48.004,0.406,0.3
96,1,0,24.429,233.619,0.427,289,9.888,46.683,0.402,0.297
97,5,0,24.619,234.667,0.429,291,9.959,47.061,0.404,0.315
98,3,0,25.19,235.143,0.43,290,9.701,48.43,0.407,0.362
99,5,0,25.19,235.286,0.428,292,9.636,48.739,0.408,0.366
100,5,0,25.286,237.048,0.428,295,9.495,48.942,0.416,0.401
101,4,0,25.857,238.048,0.43,295,8.978,51.442,0.419,0.452
102,7,0,25.857,238.048,0.427,299,8.655,52.078,0.424,0.467
103,4,0,26.048,239.286,0.437,297,8.91,51.223,0.421,0.472
104,4,0,26.714,241.333,0.449,296,8.752,52.721,0.42,0.518
105,5,0,26.619,244.286,0.464,297,8.756,52.811,0.422,0.517
106,4,0,26.619,246.857,0.476,295,8.552,54.222,0.422,0.517
107,2,0,27.095,246.762,0.479,293,8.401,55.336,0.418,0.54
108,8,0,27.0,246.762,0.475,297,8.326,55.403,0.424,0.551
109,2,0,26.857,246.762,0.477,294,8.352,55.079,0.422,0.534
110,3,0,27.381,245.19,0.469,293,8.219,56.395,0.421,0.569
111,5,0,28.238,248.381,0.484,294,7.899,58.058,0.424,0.641
112,6,0,28.143,248.381,0.477,298,7.727,59.189,0.43,0.653
113,7,0,28.667,248.381,0.485,300,7.809,59.582,0.423,0.668
114,2,0,28.19,248.381,0.489,296,8.027,58.354,0.419,0.623
115,5,0,28.381,248.381,0.491,296,8.198,58.268,0.417,0.629
116,6,0,27.81,249.476,0.492,298,8.104,57.804,0.422,0.605
117,4,0,27.905,249.476,0.498,298,8.18,57.131,0.415,0.589
118,2,0,27.81,249.476,0.504,295,8.47,55.873,0.411,0.568
119,8,0,27.905,250.333,0.498,301,8.093,56.473,0.423,0.616
120,4,0,28.19,250.333,0.499,302,8.071,56.665,0.422,0.634
121,4,0,28.571,250.333,0.504,301,8.028,57.535,0.418,0.646
122,9,0,28.095,251.524,0.496,307,7.813,57.892,0.431,0.653
123,5,0,28.095,252.333,0.497,307,7.663,58.109,0.434,0.665
124,6,0,27.81,252.333,0.497,308,7.836,56.363,0.434,0.644
125,4,0,27.524,253.095,0.505,308,8.03,55.602,0.43,0.612
126,5,0,27.143,253.952,0.509,312,8.159,54.298,0.431,0.588
127,4,0,26.952,253.095,0.509,313,8.349,53.142,0.427,0.561
128,9,0,27.048,262.143,0.537,317,7.768,55.148,0.44,0.608
129,8,0,26.857,262.905,0.538,321,7.808,55.138,0.445,0.613
130,5,0,26.476,263.143,0.538,323,7.846,54.357,0.448,0.594
131,6,0,26.476,263.143,0.53,328,7.675,55.02,0.456,0.623
132,7,0,26.857,265.238,0.535,332,7.396,57.268,0.465,0.678
133,6,0,26.952,268.81,0.548,336,7.191,57.368,0.472,0.704
134,5,0,27.429,270.667,0.557,335,7.072,59.222,0.471,0.73
135,6,0,27.905,271.381,0.554,340,6.699,60.729,0.478,0.774
136,5,0,28.143,270.048,0.551,340,6.705,61.236,0.473,0.776
137,4,0,28.714,270.048,0.546,341,6.339,63.971,0.479,0.816
138,5,0,28.905,269.476,0.548,343,6.33,64.898,0.475,0.816
139,8,0,29.19,270.619,0.543,350,6.049,67.411,0.484,0.847
140,7,0,29.286,270.619,0.543,352,6.074,67.153,0.484,0.851
141,8,0,29.095,273.905,0.551,358,6.135,66.888,0.493,0.859
142,5,0,28.905,273.905,0.547,360,6.122,66.91,0.496,0.858
143,11,0,29.19,277.857,0.571,361,5.934,68.871,0.497,0.869
144,7,0,29.286,277.857,0.568,365,5.703,70.28,0.503,0.882
145,5,0,29.571,278.619,0.571,364,5.619,71.711,0.505,0.893
146,7,0,29.667,278.619,0.573,366,5.714,70.658,0.504,0.895
147,6,0,30.524,283.238,0.599,368,5.575,71.804,0.505,0.919
148,5,0,31.19,283.238,0.599,369,5.456,73.686,0.508,0.935
149,5,0,31.286,284.19,0.606,369,5.641,72.748,0.507,0.936
150,8,0,31.762,284.19,0.606,373,5.446,75.611,0.51,0.947
151,2,0,32.429,283.238,0.601,369,5.261,77.665,0.509,0.955
152,11,0,32.619,288.619,0.62,375,4.719,80.154,0.522,0.964
153,2,0,32.524,288.619,0.621,373,4.81,79.222,0.519,0.962
154,2,0,32.905,288.619,0.63,369,4.92,78.671,0.509,0.961
155,4,0,32.619,290.286,0.641,369,4.916,78.313,0.508,0.957
156,4,0,32.619,291.0,0.65,369,5.037,78.416,0.505,0.955
157,8,0,32.81,293.048,0.656,369,4.983,77.606,0.514,0.962
158,4,0,32.952,294.714,0.66,371,4.839,78.812,0.52,0.967
159,5,0,32.952,294.714,0.657,373,4.796,78.65,0.522,0.967
160,4,0,33.143,294.714,0.659,368,4.802,78.886,0.515,0.966
161,5,0,33.524,295.0,0.664,364,4.819,79.468,0.508,0.967
162,1,0,34.19,295.0,0.669,359,4.821,78.833,0.503,0.971
163,3,0,34.0,295.0,0.675,355,5.064,77.386,0.494,0.965
164,4,0,34.286,295.0,0.682,350,5.142,77.967,0.485,0.964
165,4,0,34.286,295.0,0.682,351,5.155,77.435,0.486,0.964
166,4,0,34.0,294.476,0.681,349,5.292,76.315,0.48,0.958
167,2,0,34.0,294.476,0.686,347,5.347,75.662,0.476,0.955
168,4,0,34.095,294.476,0.687,347,5.187,78.513,0.477,0.957
169,5,0,34.286,294.857,0.689,350,5.162,78.879,0.479,0.961
170,5,0,34.286,295.095,0.686,355,5.057,79.876,0.486,0.964
171,2,0,34.095,295.095,0.687,353,5.119,79.312,0.484,0.961
172,3,0,34.381,296.095,0.692,350,5.115,79.404,0.482,0.963
173,8,0,35.238,299.857,0.708,350,5.179,80.311,0.481,0.971
174,3,0,35.714,299.857,0.71,349,5.142,80.812,0.481,0.975
175,5,0,35.238,299.857,0.707,353,5.089,81.171,0.486,0.973
176,2,0,35.333,299.857,0.711,349,5.26,79.63,0.478,0.971
177,5,0,34.571,301.905,0.72,345,5.485,78.618,0.474,0.961
178,6,0,34.667,303.667,0.729,344,5.432,79.216,0.473,0.962
179,6,0,34.762,303.667,0.731,345,5.394,80.377,0.471,0.962
180,2,0,35.048,303.667,0.734,339,5.496,79.451,0.466,0.962
181,5,0,35.524,303.667,0.735,337,5.475,79.575,0.463,0.966
182,7,0,35.81,304.81,0.736,340,5.241,82.78,0.467,0.971
183,2,0,36.143,304.143,0.736,337,5.319,82.811,0.46,0.971
184,10,0,36.333,304.143,0.733,345,5.127,84.576,0.466,0.974
185,8,0,35.857,304.143,0.73,351,4.977,85.297,0.471,0.972
186,2,0,36.048,304.143,0.733,349,4.996,85.462,0.464,0.971
187,7,0,36.619,306.143,0.741,352,4.77,87.453,0.469,0.977
188,5,0,36.238,304.857,0.738,352,4.874,85.429,0.466,0.974
189,3,0,36.143,304.571,0.734,349,4.911,85.544,0.465,0.972
190,8,0,36.333,305.381,0.739,353,4.794,86.747,0.472,0.976
191,1,0,36.143,305.381,0.739,354,4.788,86.524,0.473,0.975
192,6,0,36.238,306.429,0.741,356,4.638,89.012,0.479,0.978
193,6,0,36.048,306.429,0.735,361,4.531,90.071,0.489,0.98
194,7,0,35.762,306.905,0.735,365,4.485,89.333,0.495,0.98
195,8,0,36.905,306.905,0.733,364,4.267,93.286,0.5,0.986
196,5,0,36.714,308.19,0.737,363,4.217,94.864,0.501,0.986
197,2,0,37.0,312.095,0.756,362,4.168,95.813,0.502,0.987
198,7,0,36.476,312.095,0.762,362,4.218,92.641,0.5,0.985
199,4,0,36.429,312.095,0.761,364,4.164,93.878,0.503,0.985
200,2,0,36.143,312.095,0.761,366,4.067,94.273,0.509,0.985
201,2,0,36.048,312.095,0.76,365,4.033,94.719,0.511,0.985
202,5,0,36.048,312.333,0.763,366,4.086,94.214,0.508,0.984
203,4,0,36.238,313.095,0.769,369,4.032,95.211,0.511,0.986
204,5,0,36.429,313.095,0.767,370,3.942,96.501,0.514,0.987
205,6,0,36.143,313.81,0.769,374,3.909,96.955,0.518,0.987
206,5,0,35.857,314.143,0.772,371,4.124,94.63,0.51,0.984
207,4,0,36.048,314.143,0.773,372,4.016,96.877,0.514,0.986
208,4,0,36.048,318.762,0.779,374,4.029,96.673,0.516,0.986
209,3,0,36.238,318.762,0.778,376,3.974,97.564,0.518,0.987
210,12,0,36.286,321.238,0.784,383,3.92,97.571,0.523,0.988
211,6,0,36.476,321.238,0.789,383,3.997,95.833,0.518,0.988
212,3,0,36.762,321.238,0.792,380,4.167,94.94,0.506,0.987
213,5,0,37.143,321.429,0.791,384,4.086,95.621,0.509,0.989
214,1,0,37.0,321.429,0.793,378,4.201,94.524,0.502,0.987
215,1,0,36.81,321.238,0.789,369,4.44,91.261,0.491,0.984
216,2,0,37.095,321.238,0.791,367,4.514,90.39,0.487,0.985
217,5,0,36.905,321.857,0.789,363,4.943,85.808,0.474,0.981
218,4,0,36.905,321.857,0.789,362,4.955,85.443,0.473,0.98
219,7,0,36.905,321.857,0.791,362,4.941,85.738,0.473,0.98
220,4,0,37.095,321.857,0.79,364,4.895,86.48,0.475,0.982
221,6,0,36.905,324.238,0.782,367,4.78,88.089,0.483,0.983
222,5,0,36.905,324.238,0.785,370,4.722,89.144,0.488,0.984
223,3,0,36.952,320.524,0.778,362,4.892,87.061,0.478,0.982
224,5,0,36.952,323.571,0.78,355,4.905,86.503,0.473,0.981
225,7,0,36.762,330.286,0.781,358,4.859,87.885,0.479,0.981
226,10,0,36.571,330.286,0.779,364,4.699,87.671,0.485,0.982
227,5,0,36.19,330.286,0.776,368,4.562,87.652,0.491,0.981
228,5,0,36.19,330.286,0.778,368,4.408,88.517,0.498,0.983
229,4,0,36.286,333.667,0.781,370,4.257,89.913,0.506,0.985
230,4,0,36.381,333.286,0.781,367,4.26,91.819,0.506,0.986
231,2,0,36.619,333.286,0.78,364,4.279,92.704,0.505,0.986
232,3,0,36.762,333.286,0.778,361,4.344,92.657,0.499,0.986
233,6,0,36.762,332.81,0.782,362,4.406,90.64,0.497,0.985
234,2,0,36.571,332.905,0.781,362,4.434,90.176,0.498,0.985
235,1,0,36.571,332.905,0.782,359,4.433,89.403,0.496,0.984
236,1,0,36.762,334.619,0.791,355,4.496,88.467,0.492,0.984
237,5,0,36.571,336.81,0.79,354,4.421,89.972,0.496,0.984
238,3,0,36.952,337.143,0.79,351,4.411,90.922,0.494,0.986
239,3,0,37.238,337.143,0.792,350,4.325,92.05,0.496,0.987
240,4,0,37.429,337.143,0.792,353,4.295,92.39,0.497,0.988
241,6,0,37.429,337.143,0.792,356,4.237,92.82,0.499,0.988
242,8,0,37.81,337.143,0.795,358,4.071,96.543,0.5,0.99
243,4,0,38.095,337.143,0.794,358,4.088,96.249,0.498,0.99
244,8,0,37.429,337.143,0.787,360,4.082,96.45,0.501,0.989
245,3,0,37.524,337.143,0.787,356,4.224,94.335,0.492,0.987
246,6,0,37.429,337.286,0.786,356,4.184,93.247,0.495,0.988
247,10,0,36.905,337.286,0.781,366,4.041,94.047,0.508,0.988
248,7,0,36.81,337.571,0.781,371,3.999,95.433,0.511,0.988
249,7,0,36.905,337.714,0.778,374,3.916,96.462,0.512,0.989
250,6,0,36.905,337.714,0.778,376,3.912,98.471,0.512,0.988
251,5,0,37.667,341.381,0.777,376,3.7,100.719,0.517,0.992
252,5,0,38.143,341.381,0.781,375,3.751,102.153,0.511,0.992
253,4,0,38.381,341.381,0.779,374,3.649,102.505,0.514,0.993
254,3,0,38.238,341.381,0.779,375,3.586,102.725,0.519,0.993
255,7,0,38.19,341.381,0.781,381,3.493,103.479,0.528,0.994
256,6,0,37.81,341.381,0.777,377,3.685,99.541,0.517,0.992
257,3,0,38.286,341.381,0.778,375,3.62,101.541,0.516,0.993
258,3,0,38.0,341.381,0.772,374,3.694,101.187,0.514,0.992
259,2,0,37.905,341.381,0.77,373,3.693,101.465,0.515,0.992
260,3,0,37.714,341.381,0.772,371,3.798,101.001,0.51,0.991
261,7,0,37.619,341.381,0.771,373,3.791,102.239,0.512,0.991
262,3,0,37.524,341.381,0.766,373,3.839,101.314,0.508,0.99
263,8,0,37.905,343.714,0.762,376,3.663,102.938,0.517,0.992
264,3,0,37.905,343.905,0.761,379,3.623,103.134,0.52,0.992
265,2,0,38.095,346.238,0.761,375,3.67,102.699,0.516,0.992
266,5,0,38.524,346.238,0.774,375,3.512,105.863,0.525,0.994
267,5,0,38.476,346.238,0.783,376,3.468,106.3,0.528,0.994
268,7,0,39.048,346.238,0.786,376,3.382,108.418,0.532,0.996
269,4,0,39.19,344.524,0.786,372,3.392,108.147,0.529,0.995
270,3,0,38.81,344.143,0.791,369,3.452,106.78,0.527,0.995
271,5,0,38.476,344.143,0.784,368,3.395,107.12,0.532,0.995
272,3,0,38.619,344.143,0.786,365,3.411,106.584,0.53,0.995
273,9,0,39.286,344.143,0.79,365,3.493,108.475,0.527,0.996
274,5,0,39.381,344.143,0.787,367,3.39,109.899,0.533,0.996
275,4,0,39.714,341.81,0.787,364,3.416,109.715,0.529,0.996
276,3,0,40.095,341.81,0.792,363,3.436,110.22,0.525,0.996
277,7,0,39.238,341.81,0.792,367,3.563,108.796,0.524,0.995
278,6,0,39.524,341.81,0.802,369,3.554,109.189,0.524,0.996
279,6,0,39.619,343.714,0.801,374,3.308,112.137,0.535,0.996
280,5,0,39.857,343.714,0.802,375,3.329,111.698,0.532,0.997
281,5,0,40.0,346.429,0.799,372,3.436,109.645,0.53,0.997
282,6,0,39.905,346.429,0.796,376,3.309,110.765,0.539,0.997
283,0,0,39.81,346.429,0.799,368,3.421,110.264,0.531,0.996
284,2,0,40.095,346.429,0.802,363,3.513,109.581,0.525,0.996
285,5,0,39.524,346.429,0.809,358,3.797,103.585,0.509,0.995
286,7,0,39.524,346.429,0.808,360,3.708,105.519,0.51,0.995
287,7,0,39.667,346.429,0.805,364,3.612,106.838,0.517,0.995
288,4,0,39.286,346.429,0.804,364,3.719,104.848,0.514,0.995
289,6,0,38.429,346.81,0.813,362,3.829,99.843,0.515,0.993
290,8,0,38.81,346.81,0.816,363,3.757,100.356,0.519,0.994
291,3,0,38.476,346.81,0.816,360,3.756,100.132,0.518,0.994
292,6,0,38.143,346.81,0.816,361,3.852,99.297,0.517,0.993
293,3,0,38.0,346.429,0.814,361,3.942,99.031,0.517,0.992
294,0,0,38.19,346.143,0.816,356,3.998,98.3,0.512,0.992
295,5,0,38.19,346.143,0.814,356,4.015,97.788,0.509,0.992
296,4,0,37.905,346.143,0.813,359,3.965,97.904,0.512,0.992
297,8,0,38.0,346.143,0.808,361,3.925,99.39,0.513,0.992
298,4,0,38.238,346.143,0.81,360,4.015,99.234,0.505,0.992
299,4,0,38.714,346.143,0.814,356,3.899,101.011,0.509,0.993
300,8,0,38.095,346.143,0.814,359,3.911,101.344,0.511,0.992
301,5,0,38.762,346.143,0.814,356,3.904,101.564,0.508,0.993
302,6,0,39.048,346.143,0.812,360,3.748,105.771,0.516,0.994
303,3,0,38.857,346.143,0.807,360,3.786,104.406,0.515,0.994
304,4,0,38.857,343.571,0.806,361,3.782,102.723,0.513,0.994
305,6,0,38.571,344.048,0.804,365,3.784,101.99,0.518,0.994
306,3,0,38.571,344.048,0.804,368,3.755,102.606,0.522,0.994
307,4,0,38.667,345.19,0.798,369,3.706,103.252,0.525,0.994
308,2,0,39.238,345.19,0.802,362,3.807,101.455,0.512,0.994
309,5,0,39.333,345.19,0.799,365,3.755,101.791,0.514,0.995
310,2,0,39.286,345.19,0.796,363,3.882,100.008,0.507,0.994
311,6,0,39.476,345.19,0.796,368,3.752,102.471,0.513,0.995
312,3,0,39.476,345.19,0.792,369,3.663,104.81,0.52,0.995
313,7,0,39.476,345.19,0.787,371,3.603,105.089,0.526,0.996
314,6,0,39.19,345.19,0.783,375,3.61,104.421,0.526,0.995
315,7,0,39.381,345.524,0.779,376,3.55,107.393,0.532,0.996
316,6,0,39.0,345.524,0.775,379,3.516,106.22,0.537,0.996
317,4,0,38.81,345.524,0.775,379,3.589,104.177,0.534,0.995
318,6,0,38.524,344.857,0.785,380,3.531,103.627,0.535,0.995
319,3,0,38.81,344.857,0.786,380,3.6,103.751,0.53,0.995
320,2,0,39.095,344.857,0.789,378,3.674,101.394,0.526,0.995
321,2,0,39.381,345.048,0.801,374,3.683,102.729,0.523,0.995
322,8,0,39.0,345.048,0.801,378,3.687,102.054,0.524,0.995
323,6,0,39.381,345.048,0.801,380,3.51,104.254,0.532,0.996
324,3,0,39.286,345.048,0.803,377,3.658,102.208,0.526,0.996
325,4,0,39.857,345.048,0.8,376,3.643,104.092,0.524,0.996
326,9,0,39.762,345.048,0.799,385,3.442,107.618,0.537,0.997
327,5,0,39.81,346.19,0.798,388,3.429,108.023,0.54,0.997
328,4,0,40.095,346.0,0.793,388,3.381,109.42,0.541,0.997
329,5,0,39.81,346.0,0.792,389,3.342,109.296,0.545,0.997
330,6,0,39.714,346.0,0.787,391,3.32,111.905,0.55,0.997
331,4,0,39.333,346.048,0.786,393,3.316,111.843,0.553,0.997
332,4,0,40.0,346.048,0.785,390,3.351,113.748,0.547,0.997
333,3,0,40.524,346.048,0.785,388,3.315,114.747,0.547,0.998
334,6,0,40.429,346.048,0.781,392,3.209,116.069,0.555,0.998
335,12,0,40.524,346.048,0.776,397,3.148,118.511,0.557,0.998
336,5,0,40.905,346.048,0.777,399,3.122,119.508,0.557,0.998
337,6,0,40.952,346.048,0.782,403,3.026,120.817,0.563,0.998
338,11,0,40.857,345.81,0.787,403,3.151,119.395,0.555,0.998
339,4,0,40.667,345.81,0.794,400,3.263,116.065,0.55,0.998
340,4,0,41.048,345.81,0.791,397,3.212,117.28,0.546,0.998
341,6,0,40.762,345.81,0.809,396,3.186,116.225,0.544,0.998
342,7,0,40.286,345.81,0.81,397,3.184,114.443,0.544,0.997
343,2,0,40.19,345.81,0.808,394,3.319,112.037,0.54,0.997
344,6,0,40.429,345.81,0.806,395,3.237,115.436,0.543,0.998
345,7,0,40.714,345.81,0.81,400,3.034,120.217,0.552,0.998
346,6,0,40.524,345.81,0.81,403,3.012,118.752,0.556,0.998
347,5,0,40.81,345.81,0.81,405,3.008,118.931,0.556,0.998
348,7,0,40.429,345.857,0.81,404,3.061,118.051,0.55,0.998
349,7,0,39.952,343.714,0.814,405,3.122,117.682,0.553,0.998
350,5,0,39.476,344.048,0.812,405,3.233,115.155,0.551,0.997
351,3,0,26.524,331.238,0.647,404,5.091,74.002,0.538,0.837
352,4,0,27.238,324.762,0.649,403,5.104,73.205,0.533,0.857
353,2,0,27.762,324.714,0.651,400,5.117,74.898,0.528,0.867
354,3,0,28.0,324.524,0.656,396,5.16,73.582,0.522,0.867
355,6,0,28.476,324.19,0.662,399,5.043,75.111,0.522,0.882
356,6,0,28.81,325.952,0.683,397,5.114,74.898,0.517,0.885
357,7,0,29.19,326.429,0.686,398,4.863,77.964,0.524,0.906
358,6,0,30.238,326.81,0.695,394,4.942,78.398,0.512,0.918
359,10,0,31.048,326.81,0.69,396,4.75,81.772,0.52,0.942
360,4,0,31.429,327.19,0.698,392,4.783,81.77,0.515,0.944
361,2,0,31.81,327.19,0.703,390,4.832,81.716,0.51,0.947
362,9,0,31.714,327.19,0.697,397,4.807,80.433,0.517,0.95
363,5,0,32.429,327.19,0.708,398,4.758,82.87,0.517,0.959
364,2,0,32.524,327.19,0.705,397,4.698,83.621,0.52,0.962
365,6,0,32.143,329.0,0.71,402,4.523,82.428,0.532,0.964
366,6,0,32.429,329.0,0.7,402,4.494,82.695,0.532,0.967
367,9,0,33.524,329.0,0.706,404,4.178,86.846,0.537,0.978
368,11,0,33.81,329.333,0.709,409,4.064,88.094,0.544,0.981
369,5,0,34.095,331.714,0.71,412,3.869,89.434,0.551,0.985
370,4,0,34.0,331.286,0.713,411,3.915,89.171,0.547,0.983
371,4,0,34.286,332.857,0.714,413,3.878,89.659,0.552,0.986
372,4,0,34.857,336.286,0.728,413,3.778,91.583,0.556,0.989
373,8,0,35.619,336.286,0.732,419,3.591,94.602,0.564,0.992
374,8,0,35.619,336.619,0.731,425,3.506,95.465,0.571,0.993
375,4,0,36.19,337.238,0.75,420,3.481,97.001,0.567,0.994
376,6,0,36.381,337.238,0.751,422,3.377,99.286,0.57,0.994
377,6,0,36.095,337.238,0.748,425,3.397,99.314,0.571,0.994
378,6,0,35.952,337.238,0.748,429,3.31,99.015,0.576,0.994
379,3,0,36.429,337.238,0.748,429,3.291,100.229,0.575,0.995
380,5,0,36.619,336.619,0.743,429,3.248,101.182,0.576,0.995
381,6,0,37.429,337.857,0.736,431,3.138,102.347,0.581,0.996
382,9,0,38.571,340.667,0.756,431,3.042,105.052,0.58,0.997
383,5,0,38.952,340.857,0.751,431,3.024,106.391,0.581,0.998
384,7,0,38.762,340.857,0.748,432,3.06,106.36,0.578,0.998
385,5,0,38.619,341.476,0.753,430,2.975,105.802,0.582,0.998
386,3,0,38.905,341.476,0.76,429,2.962,107.271,0.582,0.998
387,3,0,39.476,341.476,0.759,428,2.95,108.017,0.579,0.998
388,3,0,39.19,341.619,0.76,427,3.076,107.72,0.574,0.998
389,8,0,39.286,341.619,0.761,434,2.894,108.305,0.588,0.998
390,6,0,39.952,342.19,0.756,432,2.876,110.253,0.585,0.998
391,8,1,39.667,342.19,0.751,434,2.844,108.645,0.589,0.998
392,3,0,39.667,342.19,0.741,431,2.856,107.817,0.587,0.998
393,6,0,39.762,342.19,0.74,434,2.845,108.632,0.589,0.998
394,2,0,40.81,343.905,0.765,428,2.795,110.654,0.587,0.999
395,3,0,41.619,343.905,0.771,423,2.826,111.175,0.575,0.999
396,3,0,41.81,343.905,0.769,422,2.819,111.636,0.575,0.999
397,11,0,41.381,342.952,0.781,427,2.775,111.542,0.578,0.999
398,2,0,41.476,342.571,0.791,421,2.797,110.72,0.575,0.999
399,5,0,42.143,342.571,0.794,418,2.722,113.175,0.574,0.999
400,5,0,42.048,342.571,0.801,417,2.743,113.506,0.568,0.999
401,4,0,41.952,342.571,0.8,418,2.735,114.023,0.57,0.999
402,9,0,41.571,342.905,0.794,422,2.719,113.253,0.577,0.999
403,3,0,41.476,343.667,0.797,419,2.686,113.55,0.576,0.999
404,3,0,40.905,344.143,0.79,415,2.766,111.925,0.571,0.999
405,2,0,40.905,343.095,0.791,414,2.807,111.508,0.568,0.998
406,6,1,41.0,343.429,0.793,412,2.855,111.193,0.564,0.998
407,2,1,40.762,343.429,0.792,411,2.867,111.185,0.564,0.998
408,9,0,41.238,340.238,0.799,416,2.819,113.482,0.564,0.999
409,5,0,40.952,340.238,0.797,415,2.89,111.729,0.56,0.998
410,6,0,41.238,343.381,0.799,414,2.833,113.69,0.561,0.998
411,5,1,41.0,343.667,0.793,411,2.869,111.856,0.557,0.998
412,6,0,40.952,343.667,0.795,410,2.886,110.814,0.555,0.998
413,6,0,41.048,343.667,0.796,413,2.871,110.773,0.556,0.998
414,4,0,41.238,343.667,0.797,412,2.894,111.894,0.554,0.998
415,3,1,41.429,343.667,0.8,410,2.983,111.318,0.547,0.998
416,7,1,41.429,344.571,0.807,413,2.984,112.661,0.553,0.998
417,3,0,41.238,344.571,0.803,411,2.976,113.371,0.555,0.998
418,4,0,41.286,344.571,0.802,408,2.886,115.427,0.559,0.998
419,0,0,41.0,344.571,0.802,403,2.931,114.095,0.557,0.998
420,6,0,41.238,346.619,0.801,408,2.834,116.043,0.564,0.999
421,5,0,41.238,346.619,0.797,409,2.815,115.296,0.569,0.999
422,6,0,40.952,346.619,0.799,413,2.764,115.425,0.574,0.999
423,5,0,40.857,346.619,0.803,412,2.77,115.405,0.574,0.999
424,2,0,41.238,346.619,0.804,409,2.754,115.379,0.572,0.999
425,4,0,41.238,346.619,0.804,408,2.752,115.673,0.572,0.999
426,7,0,41.238,346.619,0.805,413,2.713,117.235,0.578,0.999
427,8,0,41.905,346.619,0.811,413,2.59,119.577,0.58,0.999
428,3,0,41.333,346.619,0.8,408,2.649,118.152,0.571,0.999
429,3,0,41.524,346.619,0.814,406,2.663,118.473,0.57,0.999
430,3,1,41.714,346.619,0.816,407,2.593,118.78,0.574,0.999
431,3,1,41.619,346.619,0.813,404,2.704,116.148,0.568,0.999
432,3,0,41.619,346.619,0.819,403,2.697,116.6,0.569,0.999
433,0,0,41.81,343.19,0.82,399,2.78,116.105,0.56,0.999
434,9,0,41.714,343.19,0.816,405,2.695,117.59,0.57,0.999
435,6,0,42.286,342.905,0.816,406,2.658,120.435,0.567,0.999
436,5,0,42.857,342.905,0.819,405,2.622,121.776,0.565,0.999
437,7,0,42.762,342.905,0.814,405,2.538,122.956,0.57,0.999
438,10,1,42.571,344.048,0.812,412,2.423,123.169,0.581,0.999
439,3,0,42.667,344.048,0.814,409,2.496,122.589,0.573,0.999
440,3,0,42.286,344.048,0.816,404,2.517,123.045,0.569,0.999
441,6,0,42.143,344.048,0.817,406,2.511,124.092,0.572,0.999
442,2,0,42.048,344.048,0.81,402,2.55,123.032,0.569,0.999
443,4,0,42.143,344.048,0.819,401,2.546,123.056,0.569,0.999
444,5,0,42.0,344.048,0.815,400,2.691,121.762,0.561,0.999
445,2,0,42.19,344.048,0.816,394,2.769,122.622,0.553,0.999
446,2,0,42.238,344.048,0.818,392,2.751,122.799,0.554,0.999
447,5,0,42.429,344.048,0.818,389,2.822,121.165,0.547,0.999
448,4,0,42.524,344.048,0.817,392,2.77,122.048,0.551,0.999
449,6,0,42.238,344.048,0.812,395,2.68,123.553,0.56,0.999
450,6,1,41.952,343.857,0.81,397,2.626,124.274,0.564,0.999
451,7,2,41.429,346.667,0.806,400,2.541,124.828,0.574,0.999
452,4,0,41.81,346.81,0.814,401,2.451,125.484,0.578,0.999
453,7,0,42.429,346.81,0.818,402,2.416,128.399,0.58,0.999
454,4,0,42.714,346.81,0.817,403,2.407,128.952,0.581,0.999
455,13,3,42.238,346.81,0.816,408,2.427,127.137,0.585,0.999
456,3,0,41.952,346.81,0.813,409,2.456,126.87,0.583,0.999
457,2,0,42.143,346.81,0.815,408,2.462,127.608,0.581,0.999
458,4,0,42.524,346.81,0.813,409,2.438,128.947,0.583,0.999
459,4,1,42.714,346.81,0.812,407,2.392,129.722,0.585,0.999
460,6,1,43.048,346.81,0.814,406,2.443,129.879,0.579,0.999
461,5,0,43.571,346.619,0.818,402,2.515,128.338,0.573,0.999
462,8,0,43.286,346.619,0.816,405,2.531,126.92,0.573,0.999
463,8,2,42.81,346.619,0.815,406,2.46,126.281,0.579,0.999
464,3,0,42.571,346.619,0.818,403,2.49,124.349,0.576,0.999
465,7,1,42.381,346.619,0.815,406,2.437,126.195,0.58,0.999
466,7,3,43.143,345.714,0.814,404,2.434,127.284,0.577,0.999
467,5,0,42.952,346.381,0.814,405,2.503,125.791,0.578,0.999
468,6,0,43.571,346.381,0.818,405,2.458,127.268,0.582,0.999
469,3,0,43.381,346.381,0.818,406,2.472,126.14,0.582,0.999
470,0,0,43.381,346.381,0.819,404,2.534,123.94,0.579,0.999
471,7,3,43.762,346.381,0.819,399,2.509,127.641,0.578,0.999
472,7,0,43.381,346.381,0.816,404,2.452,128.4,0.583,0.999
473,8,0,43.857,346.381,0.814,410,2.321,133.069,0.59,1.0
474,4,0,44.429,346.381,0.812,412,2.294,134.404,0.592,1.0
475,1,0,44.381,346.381,0.812,409,2.31,134.594,0.591,1.0
476,4,1,44.19,346.381,0.813,405,2.4,132.235,0.585,1.0
477,4,0,44.333,345.714,0.809,404,2.483,131.157,0.58,1.0
478,5,0,44.143,342.81,0.804,403,2.465,131.284,0.581,1.0
479,2,0,44.19,342.81,0.805,402,2.477,130.931,0.579,1.0
480,5,0,44.286,342.81,0.81,406,2.41,131.798,0.586,1.0
481,3,0,44.19,342.81,0.81,404,2.461,131.655,0.582,1.0
482,6,1,44.143,344.81,0.81,408,2.395,133.164,0.59,1.0
483,4,1,43.81,343.952,0.804,402,2.55,129.866,0.582,0.999
484,6,0,44.095,343.952,0.812,401,2.514,130.483,0.582,1.0
485,8,1,44.286,343.952,0.818,398,2.544,130.561,0.578,1.0
486,7,1,44.19,343.952,0.815,403,2.522,131.227,0.581,1.0
487,4,0,43.81,343.952,0.814,405,2.543,128.759,0.583,1.0
488,9,0,43.048,343.952,0.811,411,2.493,128.515,0.592,0.999
489,5,0,43.619,343.952,0.82,411,2.371,130.498,0.597,1.0
490,4,0,43.81,343.952,0.825,411,2.411,129.611,0.589,1.0
491,4,0,44.667,343.952,0.828,408,2.364,132.74,0.586,1.0
492,3,0,44.667,343.952,0.829,409,2.378,132.838,0.584,1.0
493,2,0,43.905,343.952,0.826,406,2.544,128.765,0.58,0.999
494,8,1,44.286,345.429,0.83,409,2.467,131.475,0.589,1.0
495,3,0,44.476,345.429,0.829,410,2.437,133.514,0.591,1.0
496,1,0,44.667,345.429,0.831,405,2.545,131.258,0.579,1.0
497,6,0,44.381,345.429,0.832,406,2.588,132.108,0.578,1.0
498,3,0,44.476,345.429,0.828,403,2.591,132.228,0.576,1.0
499,4,0,44.619,343.952,0.828,397,2.681,132.026,0.566,1.0
500,6,1,44.81,343.952,0.827,398,2.63,132.023,0.569,1.0
501,4,0,44.81,343.952,0.826,397,2.587,132.295,0.571,1.0
502,4,0,45.0,343.952,0.829,397,2.516,132.955,0.573,1.0
503,3,0,45.0,343.286,0.827,392,2.543,133.767,0.568,1.0
504,1,0,44.524,343.286,0.821,389,2.59,131.759,0.566,0.999
505,4,0,44.619,343.286,0.834,387,2.562,131.765,0.566,1.0
506,2,0,44.429,342.048,0.835,385,2.599,130.788,0.561,0.999
507,4,0,45.238,341.048,0.839,379,2.661,132.218,0.553,1.0
508,5,0,44.952,341.048,0.84,381,2.648,131.371,0.554,0.999
509,7,0,44.952,341.81,0.843,384,2.61,131.081,0.555,0.999
510,7,0,44.952,341.81,0.843,386,2.594,131.466,0.557,0.999
511,4,0,44.952,341.81,0.846,387,2.578,132.474,0.558,1.0
512,5,0,44.381,341.81,0.845,387,2.682,129.223,0.553,0.999
513,7,0,43.714,342.476,0.841,389,2.628,127.791,0.557,0.999
514,8,0,44.524,342.476,0.844,388,2.678,129.165,0.551,0.999
515,4,0,44.762,341.571,0.839,385,2.808,125.441,0.542,0.999
516,4,0,44.667,341.571,0.832,386,2.776,126.238,0.545,0.999
517,3,0,44.286,341.571,0.83,385,2.755,124.464,0.547,0.999
518,6,0,43.524,341.571,0.831,386,2.8,121.63,0.548,0.999
519,5,0,43.524,340.905,0.832,383,2.898,119.7,0.54,0.999
520,4,0,42.952,343.095,0.831,383,2.906,119.501,0.544,0.999
521,5,1,43.333,343.095,0.834,379,2.983,118.704,0.539,0.999
522,6,0,42.429,342.81,0.824,380,3.111,114.679,0.539,0.999
523,3,0,42.048,342.81,0.823,378,3.18,111.746,0.535,0.998
524,9,0,42.429,342.81,0.823,383,3.115,114.543,0.537,0.999
525,5,0,42.429,342.857,0.822,386,3.074,115.196,0.542,0.999
526,4,0,42.524,342.857,0.826,387,3.0,116.771,0.547,0.999
527,4,0,42.143,342.857,0.829,387,3.061,116.097,0.543,0.999
528,5,0,41.667,339.143,0.83,388,3.098,113.253,0.542,0.998
529,9,0,41.619,341.095,0.828,392,3.066,114.032,0.548,0.998
530,6,0,41.333,342.905,0.832,393,3.156,113.174,0.545,0.998
531,5,0,41.524,342.905,0.835,392,3.224,111.807,0.545,0.998
532,4,0,42.0,342.905,0.836,393,3.201,113.126,0.548,0.999
533,6,0,42.048,342.905,0.837,391,3.164,112.755,0.549,0.999
534,5,1,42.238,342.524,0.841,389,3.11,114.478,0.547,0.999
535,3,0,42.571,342.524,0.84,386,3.127,114.776,0.544,0.999
536,7,0,42.19,342.524,0.836,387,3.231,113.204,0.541,0.999
537,5,0,41.905,344.619,0.835,389,3.19,113.549,0.547,0.999
538,3,0,42.19,344.619,0.831,387,3.251,112.756,0.539,0.998
539,6,0,42.095,346.476,0.829,389,3.205,114.104,0.543,0.999
540,2,0,41.905,346.476,0.826,384,3.289,113.284,0.536,0.998
541,7,0,42.095,348.19,0.828,387,3.14,116.756,0.546,0.999
542,5,0,41.857,348.19,0.827,387,3.191,115.966,0.545,0.998
543,5,0,41.667,348.19,0.826,389,3.159,115.943,0.548,0.998
544,13,0,41.81,348.19,0.828,398,2.875,120.295,0.569,0.999
545,12,2,42.0,348.19,0.83,403,2.685,122.431,0.58,0.999
546,7,1,42.381,348.19,0.837,401,2.681,123.981,0.577,0.999
547,6,0,42.524,347.857,0.838,401,2.75,122.723,0.572,0.999
548,5,0,42.952,347.857,0.848,400,2.712,123.982,0.574,0.999
549,3,1,43.048,347.857,0.849,398,2.724,124.164,0.572,0.999
550,3,0,43.143,346.762,0.85,396,2.726,125.163,0.566,0.999
551,1,0,43.238,346.762,0.85,390,2.821,122.104,0.56,0.999
552,2,0,43.286,346.762,0.85,392,2.813,122.294,0.56,0.999
553,3,0,42.762,346.381,0.845,388,2.877,119.643,0.558,0.999
554,6,0,42.714,346.381,0.847,389,2.864,119.482,0.561,0.999
555,5,0,42.667,346.381,0.845,387,2.846,121.884,0.565,0.999
556,13,0,42.381,346.381,0.842,394,2.834,123.012,0.57,0.999
557,7,1,41.952,347.333,0.84,398,2.772,123.348,0.575,0.999
558,3,0,42.524,347.333,0.84,396,2.812,123.253,0.568,0.999
559,2,0,42.238,347.333,0.838,392,3.003,121.975,0.557,0.999
560,6,0,42.238,347.333,0.837,394,2.975,123.896,0.561,0.999
561,7,1,42.143,347.333,0.836,394,3.005,122.155,0.56,0.999
562,4,0,42.286,347.381,0.837,391,3.012,122.123,0.558,0.999
563,3,0,41.714,347.381,0.835,391,3.005,121.965,0.559,0.999
564,6,0,41.429,347.381,0.83,389,3.122,120.248,0.554,0.998
565,3,0,41.333,347.381,0.83,387,3.203,119.813,0.548,0.998
566,4,0,41.714,347.381,0.83,385,3.175,119.257,0.547,0.998
567,2,0,41.81,347.381,0.83,381,3.271,117.751,0.541,0.998
568,4,0,41.81,347.381,0.829,385,3.167,119.124,0.549,0.999
569,4,1,41.476,347.381,0.821,383,3.303,116.316,0.543,0.998
570,3,0,41.333,347.381,0.816,383,3.342,116.141,0.538,0.998
571,4,0,41.619,347.381,0.816,383,3.351,116.214,0.537,0.998
572,8,0,41.619,347.381,0.823,388,3.147,119.246,0.549,0.998
573,8,0,41.714,347.381,0.822,392,3.111,119.22,0.552,0.999
574,2,0,41.905,347.381,0.822,387,3.173,118.237,0.542,0.998
575,11,0,41.333,347.381,0.823,396,3.063,118.244,0.552,0.998
576,3,0,41.0,347.381,0.824,397,3.088,117.079,0.554,0.998
577,7,0,40.619,346.333,0.821,396,3.063,114.658,0.555,0.998
578,4,0,41.286,346.333,0.827,396,3.015,115.09,0.555,0.998
579,6,1,41.0,346.333,0.826,398,2.934,116.032,0.561,0.998
580,10,0,41.095,346.333,0.83,403,2.865,117.334,0.565,0.999
581,5,1,41.381,346.333,0.831,402,2.781,119.254,0.567,0.999
582,4,0,42.333,346.333,0.838,398,2.774,120.927,0.563,0.999
583,5,0,42.714,346.333,0.846,392,2.906,121.581,0.553,0.999
584,4,0,42.524,346.333,0.845,392,2.898,120.221,0.554,0.999
585,13,0,42.619,346.333,0.841,404,2.651,123.627,0.571,0.999
586,1,0,43.286,346.333,0.841,397,2.801,123.611,0.556,0.999
587,7,0,43.667,346.333,0.836,398,2.703,125.571,0.561,0.999
588,5,1,43.762,346.667,0.833,400,2.652,127.244,0.564,0.999
589,6,0,43.857,346.667,0.834,401,2.673,127.544,0.566,0.999
590,1,0,43.762,346.667,0.835,398,2.739,126.297,0.561,0.999
591,5,0,44.429,346.667,0.84,398,2.602,129.089,0.566,0.999
592,3,0,44.81,346.667,0.843,396,2.654,128.51,0.563,1.0
593,2,0,45.095,347.0,0.843,394,2.637,129.393,0.562,1.0
594,4,0,44.333,344.143,0.836,392,2.676,126.603,0.558,0.999
595,8,0,45.143,344.143,0.838,395,2.552,127.656,0.565,1.0
596,6,0,45.095,345.714,0.839,398,2.478,130.591,0.568,1.0
597,7,0,44.905,345.714,0.834,401,2.467,128.917,0.571,1.0
598,5,0,44.333,347.238,0.831,398,2.603,125.362,0.565,0.999
599,5,0,44.333,347.238,0.831,400,2.561,124.067,0.57,0.999
600,3,0,43.667,347.238,0.828,397,2.642,121.981,0.568,0.999
601,4,0,43.952,347.238,0.831,399,2.647,122.467,0.569,0.999
602,7,0,43.571,347.238,0.83,400,2.631,121.35,0.572,0.999
603,1,0,43.667,347.238,0.83,398,2.638,120.671,0.571,0.999
604,5,0,43.381,346.429,0.833,399,2.629,120.24,0.571,0.999
605,5,0,43.571,346.429,0.836,395,2.703,118.275,0.564,0.999
606,0,0,44.048,346.429,0.839,389,2.803,118.779,0.555,0.999
607,4,0,44.048,346.429,0.839,387,2.885,116.932,0.55,0.999
608,7,0,44.238,346.81,0.842,387,2.875,117.039,0.548,0.999
609,3,0,44.714,346.81,0.843,383,2.898,117.365,0.543,0.999
610,4,0,44.524,346.81,0.845,380,2.955,116.914,0.54,0.999
611,6,0,44.238,346.81,0.843,384,2.97,117.294,0.544,0.999
612,3,0,44.333,346.81,0.841,378,3.135,116.093,0.532,0.999
613,6,0,44.476,347.952,0.837,380,3.151,116.861,0.533,0.999
614,2,0,44.381,347.952,0.837,380,3.158,116.509,0.532,0.999
615,9,0,44.095,347.952,0.837,381,3.211,114.07,0.531,0.999
616,5,0,43.619,347.952,0.838,380,3.286,112.014,0.529,0.999
617,2,0,43.286,347.952,0.84,378,3.397,109.227,0.523,0.999
618,5,0,42.905,347.952,0.838,379,3.341,109.833,0.529,0.999
619,8,0,42.714,347.952,0.839,382,3.32,109.398,0.532,0.999
620,8,0,42.619,347.476,0.841,381,3.282,109.433,0.535,0.999
621,5,0,42.714,347.476,0.846,379,3.395,108.386,0.527,0.998
622,10,0,41.905,347.476,0.82,385,3.335,108.668,0.535,0.998
623,8,0,41.524,345.286,0.818,391,3.263,109.363,0.544,0.998
624,3,0,41.714,345.286,0.818,391,3.26,109.584,0.542,0.998
625,6,0,41.619,345.429,0.814,394,3.229,110.504,0.545,0.998
626,0,0,41.81,345.429,0.814,388,3.317,110.869,0.539,0.998
627,2,0,41.524,345.143,0.808,381,3.528,108.821,0.529,0.998
628,4,0,41.619,345.143,0.808,382,3.509,108.947,0.53,0.998
629,3,0,41.714,345.143,0.807,385,3.454,109.171,0.533,0.998
630,4,0,41.952,345.143,0.805,385,3.486,109.398,0.532,0.998
631,8,0,42.048,345.238,0.805,387,3.429,110.584,0.534,0.998
632,2,0,42.048,345.238,0.806,385,3.43,109.88,0.533,0.998
633,8,0,41.762,345.238,0.819,383,3.458,108.539,0.529,0.998
634,5,0,41.857,345.238,0.818,385,3.497,107.748,0.528,0.998
635,5,0,42.048,345.238,0.822,387,3.417,109.874,0.531,0.998
636,5,0,41.952,345.238,0.82,391,3.329,111.738,0.536,0.998
637,6,0,42.095,344.095,0.824,393,3.25,111.272,0.541,0.998
638,7,0,41.429,344.476,0.819,396,3.182,110.425,0.55,0.998
639,3,0,41.333,344.476,0.819,394,3.22,108.462,0.545,0.998
640,8,0,40.952,347.952,0.815,397,3.217,107.909,0.552,0.998
641,3,0,41.238,347.952,0.816,397,3.23,108.215,0.55,0.998
642,3,0,41.238,347.952,0.814,399,3.152,110.225,0.555,0.998
643,5,0,40.762,347.952,0.815,401,3.195,109.207,0.556,0.998
644,8,0,40.667,347.952,0.817,404,3.187,108.646,0.555,0.998
645,6,0,40.81,347.952,0.815,406,3.157,108.59,0.557,0.998
646,5,0,40.619,347.952,0.819,406,3.177,106.922,0.557,0.998
647,4,0,41.095,347.952,0.821,406,3.096,109.478,0.556,0.998
648,5,0,41.095,347.952,0.821,406,3.048,110.742,0.557,0.998
649,4,0,41.0,347.952,0.818,408,3.044,110.608,0.558,0.998
650,3,0,41.286,348.333,0.819,406,3.059,110.672,0.556,0.998
651,0,0,41.762,344.762,0.821,401,3.15,109.589,0.546,0.998
652,4,0,41.524,344.762,0.819,401,3.235,106.76,0.544,0.998
653,2,0,41.524,344.381,0.82,400,3.258,106.35,0.541,0.998
654,8,1,42.0,344.714,0.824,403,3.191,108.61,0.544,0.998
655,4,0,41.81,344.714,0.821,404,3.208,107.887,0.545,0.998
656,5,0,41.524,344.381,0.816,401,3.411,104.483,0.534,0.998
657,7,0,41.333,344.381,0.817,406,3.354,104.842,0.54,0.998
658,6,0,40.905,344.381,0.823,406,3.304,105.091,0.541,0.998
659,2,0,40.714,344.381,0.82,406,3.272,105.619,0.542,0.998
660,4,0,41.095,344.381,0.821,404,3.308,106.374,0.541,0.998
661,3,0,41.095,344.381,0.822,404,3.448,103.601,0.534,0.998
662,5,0,41.524,348.714,0.814,399,3.474,105.622,0.532,0.998
663,6,0,41.619,348.714,0.815,400,3.488,105.302,0.529,0.998
664,5,0,41.333,348.476,0.808,400,3.42,106.987,0.531,0.998
665,3,0,41.571,348.476,0.805,396,3.508,106.444,0.523,0.998
666,4,0,41.571,348.476,0.805,396,3.516,105.695,0.525,0.998
667,9,0,41.476,348.476,0.8,402,3.397,106.614,0.531,0.998
668,3,0,41.286,348.476,0.8,402,3.393,105.907,0.532,0.998
669,5,0,41.381,348.476,0.799,400,3.436,104.573,0.527,0.998
670,3,0,41.381,348.476,0.8,398,3.51,104.372,0.523,0.998
671,7,0,41.524,348.476,0.799,400,3.517,105.281,0.522,0.998
672,5,0,41.619,348.476,0.796,401,3.439,106.396,0.527,0.998
673,1,0,41.619,348.476,0.796,399,3.5,105.812,0.524,0.998
674,5,1,41.905,348.476,0.798,396,3.452,106.955,0.525,0.998
675,6,0,42.238,348.476,0.8,390,3.418,107.928,0.517,0.998
676,7,0,41.762,348.476,0.798,393,3.395,107.867,0.522,0.998
677,4,0,41.381,348.476,0.796,393,3.416,107.115,0.523,0.998
678,2,0,41.857,348.476,0.798,389,3.445,107.411,0.52,0.998
679,7,0,41.619,348.476,0.798,391,3.361,107.924,0.526,0.998
680,2,0,41.619,348.333,0.798,390,3.37,108.375,0.526,0.998
681,4,0,41.429,348.333,0.796,389,3.508,104.215,0.519,0.997
682,5,0,41.619,348.333,0.798,387,3.53,102.849,0.515,0.997
683,4,0,41.524,348.333,0.799,389,3.452,102.983,0.519,0.997
684,7,0,41.429,348.333,0.799,389,3.49,102.309,0.52,0.997
685,4,0,41.667,347.952,0.803,389,3.479,102.96,0.52,0.998
686,6,0,41.476,347.952,0.801,390,3.511,102.873,0.521,0.998
687,2,0,41.238,347.571,0.805,387,3.658,100.346,0.513,0.997
688,4,0,40.762,347.571,0.807,385,3.758,98.691,0.51,0.996
689,0,0,40.571,347.571,0.803,381,3.864,96.412,0.506,0.996
690,7,0,40.571,347.571,0.809,385,3.841,96.668,0.504,0.996
691,4,0,40.762,347.571,0.811,383,3.897,96.845,0.498,0.996
692,1,0,40.952,347.571,0.813,380,3.994,94.944,0.493,0.996
693,4,0,40.857,347.571,0.814,376,3.956,95.674,0.492,0.995
694,5,0,40.952,347.571,0.815,376,3.933,95.773,0.493,0.996
695,8,0,40.952,347.571,0.813,378,3.725,98.598,0.503,0.996
696,5,0,41.429,347.143,0.814,378,3.758,97.658,0.499,0.997
697,4,0,41.619,347.143,0.813,377,3.735,99.136,0.498,0.997
698,3,0,40.952,347.143,0.813,373,3.861,97.673,0.492,0.996
699,7,0,40.952,347.143,0.813,372,3.958,96.93,0.488,0.995
700,4,0,41.333,347.143,0.814,371,3.997,96.858,0.483,0.996
701,3,0,24.857,350.333,0.656,371,7.732,57.492,0.474,0.564
702,1,0,25.143,350.333,0.657,370,7.617,57.617,0.473,0.581
703,3,0,25.714,350.333,0.657,367,7.332,60.099,0.475,0.631
704,5,0,26.0,350.333,0.66,368,7.051,61.556,0.48,0.665
705,4,0,26.095,350.333,0.656,369,6.901,63.518,0.484,0.684
706,3,0,27.0,350.333,0.661,364,7.047,63.899,0.478,0.726
707,3,0,26.905,350.333,0.668,362,7.241,62.952,0.475,0.711
708,6,0,27.286,350.333,0.669,361,7.117,63.799,0.471,0.721
709,4,0,27.571,350.333,0.674,359,7.274,63.449,0.467,0.728
710,7,0,27.952,350.333,0.671,361,7.069,64.674,0.471,0.763
711,10,0,28.048,350.333,0.686,368,6.844,66.483,0.481,0.791
712,8,0,28.905,350.524,0.687,372,6.341,69.985,0.491,0.849
713,4,0,29.381,350.524,0.7,371,6.306,70.49,0.487,0.861
714,4,0,30.0,348.905,0.7,373,6.056,72.241,0.492,0.888
715,4,0,30.095,348.905,0.695,374,5.975,72.279,0.495,0.896
716,7,0,30.81,348.905,0.698,372,5.777,73.457,0.494,0.913
717,4,0,31.286,348.905,0.697,373,5.549,74.895,0.499,0.929
718,8,0,31.333,348.905,0.703,376,5.395,75.548,0.509,0.938
719,2,0,31.238,348.905,0.705,374,5.431,74.875,0.506,0.934
720,7,0,31.905,348.905,0.711,376,5.265,75.814,0.509,0.948
721,3,0,32.667,348.905,0.716,373,5.198,77.605,0.504,0.955
722,6,0,32.857,348.905,0.715,375,5.064,78.622,0.506,0.959
723,6,0,33.0,348.905,0.718,376,5.178,78.868,0.504,0.959
724,4,0,33.571,348.905,0.719,376,4.937,82.348,0.512,0.969
725,4,0,33.667,348.905,0.717,377,4.792,84.679,0.518,0.973
726,5,0,33.333,340.857,0.719,378,4.914,82.506,0.514,0.968
727,8,0,34.0,341.429,0.72,379,4.713,85.659,0.521,0.976
728,7,0,33.714,341.429,0.719,381,4.684,85.512,0.524,0.975
729,6,0,34.19,341.619,0.723,376,4.688,85.939,0.52,0.977
730,8,0,34.762,341.619,0.722,378,4.53,87.341,0.524,0.982
731,5,0,34.81,341.619,0.725,373,4.719,86.989,0.515,0.98
732,8,0,34.333,342.571,0.728,381,4.544,87.522,0.529,0.981
733,7,0,33.952,342.905,0.731,383,4.483,87.638,0.532,0.979
734,10,0,33.952,342.143,0.733,388,4.384,89.025,0.531,0.979
735,9,0,34.286,342.905,0.74,391,4.362,90.403,0.532,0.981
736,5,0,33.905,342.905,0.742,391,4.479,89.505,0.531,0.979
737,5,0,34.19,341.048,0.751,392,4.324,90.566,0.537,0.982
738,5,0,34.381,341.048,0.748,396,4.269,91.838,0.542,0.984
739,6,0,34.143,341.048,0.75,394,4.325,90.045,0.539,0.982
740,7,0,34.143,341.048,0.753,395,4.317,90.46,0.542,0.983
741,6,0,34.238,341.429,0.75,398,4.211,91.163,0.547,0.985
742,8,0,34.333,341.286,0.749,401,4.031,92.257,0.552,0.986
743,11,0,34.381,342.952,0.748,406,3.952,91.637,0.555,0.987
744,1,0,34.667,342.952,0.749,403,3.918,93.122,0.553,0.987
745,6,0,34.905,342.952,0.748,405,3.924,92.721,0.556,0.989
746,8,0,35.381,343.905,0.755,405,3.911,94.142,0.556,0.99
747,2,0,34.905,343.905,0.761,399,4.003,92.629,0.553,0.988
748,5,0,35.286,343.905,0.765,399,4.008,93.106,0.547,0.989
749,8,0,35.667,344.286,0.77,400,3.9,97.059,0.547,0.99
750,4,0,36.048,344.095,0.772,398,3.885,98.604,0.543,0.991
751,8,0,36.333,344.905,0.769,403,3.741,101.442,0.551,0.992
752,5,0,36.381,344.905,0.767,406,3.633,103.308,0.555,0.993
753,2,0,37.238,344.905,0.773,401,3.672,103.142,0.544,0.994
754,7,0,37.143,344.905,0.773,405,3.579,104.44,0.552,0.994
755,7,0,37.143,342.714,0.765,402,3.758,103.583,0.547,0.994
756,6,0,37.143,342.714,0.759,402,3.848,102.838,0.541,0.993
757,8,0,37.048,343.238,0.755,404,3.667,101.767,0.549,0.994
758,4,0,37.333,343.238,0.757,403,3.656,102.787,0.548,0.994
759,3,0,37.429,343.238,0.756,404,3.655,102.983,0.547,0.994
760,5,0,37.048,343.238,0.753,408,3.643,102.276,0.551,0.994
761,6,0,37.524,343.238,0.75,408,3.456,105.482,0.555,0.995
762,3,0,37.714,343.238,0.754,405,3.505,104.458,0.552,0.995
763,7,0,37.048,343.238,0.759,404,3.587,102.748,0.552,0.994
764,5,0,36.952,343.238,0.762,405,3.641,102.192,0.548,0.993
765,6,0,37.0,343.429,0.762,405,3.621,102.295,0.549,0.993
766,8,0,37.0,344.333,0.769,408,3.507,104.395,0.554,0.994
767,3,0,37.095,344.333,0.767,408,3.472,105.125,0.556,0.994
768,4,0,37.857,344.333,0.768,407,3.405,106.355,0.555,0.995
769,4,0,38.524,346.238,0.774,406,3.36,108.514,0.556,0.996
770,2,0,38.048,342.571,0.765,404,3.466,106.301,0.555,0.996
771,5,0,38.286,343.667,0.765,402,3.532,105.823,0.55,0.996
772,6,0,38.476,344.524,0.777,404,3.502,106.156,0.552,0.996
773,5,0,38.19,344.524,0.775,404,3.473,105.552,0.555,0.996
774,6,0,38.429,346.714,0.774,404,3.5,104.915,0.553,0.996
775,4,0,39.0,346.714,0.78,400,3.512,106.563,0.545,0.996
776,5,0,38.714,346.714,0.781,402,3.483,106.203,0.548,0.996
777,4,0,39.095,346.714,0.78,401,3.372,108.259,0.549,0.997
778,4,0,38.857,346.714,0.779,401,3.386,108.443,0.551,0.996
779,7,0,38.952,347.048,0.775,402,3.434,107.976,0.548,0.996
780,4,0,39.238,346.619,0.773,401,3.421,108.045,0.548,0.997
781,6,0,39.286,346.619,0.771,402,3.343,109.686,0.55,0.997
782,2,0,39.286,346.619,0.77,404,3.294,109.898,0.553,0.997
783,5,0,38.905,346.619,0.774,408,3.244,109.484,0.56,0.997
784,4,0,38.81,346.619,0.777,406,3.355,107.671,0.554,0.997
785,3,0,39.095,346.619,0.778,404,3.299,109.263,0.555,0.997
786,7,1,38.905,347.095,0.776,405,3.296,109.076,0.559,0.997
787,6,0,39.429,348.905,0.778,406,3.195,112.018,0.566,0.998
788,4,0,39.381,348.524,0.78,406,3.198,111.294,0.565,0.997
789,6,0,40.048,348.524,0.785,409,3.103,113.757,0.57,0.998
790,5,0,39.952,348.524,0.784,407,3.09,114.033,0.57,0.998
791,4,0,40.048,348.524,0.782,405,3.121,113.181,0.568,0.998
792,6,0,39.762,348.524,0.779,402,3.114,113.999,0.567,0.998
793,2,0,39.905,348.524,0.78,399,3.124,114.752,0.566,0.998
794,7,0,40.762,348.524,0.781,399,3.07,116.126,0.567,0.998
795,7,0,40.667,349.476,0.78,404,2.99,117.765,0.576,0.999
796,4,0,40.476,349.476,0.776,406,2.941,119.092,0.584,0.999
797,1,0,40.667,349.476,0.782,400,3.075,115.813,0.57,0.998
798,9,0,40.667,349.476,0.784,403,2.98,117.123,0.575,0.999
799,3,0,40.476,349.476,0.789,400,3.037,116.531,0.571,0.998
800,6,0,39.952,349.476,0.787,404,2.991,116.241,0.574,0.998
801,6,0,40.048,349.476,0.79,402,3.063,114.281,0.569,0.998
802,1,0,40.143,349.476,0.791,401,3.065,114.487,0.567,0.998
803,8,0,40.286,349.476,0.79,403,3.006,115.546,0.575,0.998
804,4,0,40.571,349.619,0.79,400,2.964,115.803,0.575,0.999
805,3,0,40.571,349.619,0.787,398,2.911,116.724,0.576,0.999
806,6,0,40.81,349.429,0.786,399,2.878,118.439,0.578,0.999
807,4,0,40.238,349.429,0.789,393,2.937,117.956,0.575,0.998
808,6,0,40.429,349.429,0.794,393,2.925,117.386,0.575,0.998
809,2,0,40.524,349.429,0.799,389,3.069,116.802,0.566,0.998
810,5,0,40.333,349.429,0.795,391,2.951,118.252,0.575,0.998
811,4,0,40.762,349.429,0.79,391,2.858,120.537,0.577,0.999
812,8,0,40.524,348.714,0.79,394,2.872,119.813,0.578,0.999
813,1,0,40.905,348.714,0.791,389,2.915,119.536,0.573,0.999
814,6,1,41.095,348.905,0.791,391,2.833,120.42,0.578,0.999
815,9,0,41.0,348.905,0.793,397,2.63,121.385,0.591,0.999
816,0,0,41.81,348.19,0.8,390,2.708,120.483,0.579,0.999
817,5,0,41.571,348.19,0.805,391,2.837,119.129,0.574,0.999
818,4,0,41.476,348.19,0.803,390,2.91,116.903,0.566,0.999
819,5,0,41.952,348.19,0.806,390,2.898,117.836,0.566,0.999
820,7,0,41.952,348.19,0.802,393,2.877,116.758,0.568,0.999
821,7,0,42.429,348.19,0.8,399,2.75,118.669,0.574,0.999
822,4,0,42.048,348.19,0.798,392,2.933,116.764,0.561,0.999
823,6,0,42.048,348.19,0.801,394,2.857,117.493,0.564,0.999
824,6,1,41.857,348.19,0.804,392,2.945,114.574,0.558,0.999
825,6,0,42.381,347.857,0.808,390,2.977,115.426,0.556,0.999
826,2,0,42.571,347.857,0.812,383,3.125,113.553,0.543,0.999
827,6,0,41.905,347.857,0.809,386,3.07,111.201,0.552,0.999
828,4,0,42.286,346.667,0.812,388,3.056,113.175,0.552,0.999
829,5,1,42.0,346.667,0.812,389,3.07,112.193,0.553,0.999
830,3,0,42.0,346.143,0.799,384,3.256,110.327,0.543,0.998
831,8,0,41.429,346.81,0.797,384,3.36,105.837,0.546,0.998
832,4,0,41.857,347.19,0.797,384,3.34,106.535,0.542,0.998
833,4,1,41.667,347.19,0.792,383,3.477,103.408,0.536,0.998
834,5,0,42.143,347.19,0.793,385,3.405,104.497,0.539,0.998
835,7,0,41.619,347.19,0.791,388,3.313,104.173,0.545,0.998
836,3,0,42.0,347.19,0.798,389,3.208,105.134,0.549,0.999
837,2,0,41.905,347.19,0.792,386,3.224,105.389,0.548,0.999
838,2,0,41.619,347.19,0.79,383,3.408,102.48,0.542,0.998
839,10,1,41.143,347.19,0.787,390,3.299,103.81,0.552,0.998
840,6,0,41.333,347.19,0.791,390,3.345,103.359,0.548,0.998
841,5,0,41.714,347.19,0.793,393,3.247,104.089,0.556,0.999
842,7,0,42.19,347.19,0.792,396,3.142,106.292,0.559,0.999
843,5,0,41.857,347.19,0.791,397,3.157,105.448,0.562,0.999
844,1,0,42.095,347.286,0.793,393,3.188,105.83,0.558,0.999
845,4,0,42.19,347.286,0.794,396,3.124,106.893,0.565,0.999
846,3,0,42.286,347.286,0.793,394,3.134,106.715,0.562,0.999
847,5,1,42.333,346.429,0.794,395,3.148,106.77,0.561,0.999
848,5,1,42.429,346.429,0.794,395,3.129,106.062,0.562,0.999
849,6,1,42.857,346.286,0.791,397,3.088,106.971,0.562,0.999
850,5,0,43.714,346.286,0.798,398,2.936,110.603,0.564,0.999
851,5,0,43.619,346.286,0.797,403,2.874,111.141,0.57,0.999
852,6,0,43.429,346.667,0.796,404,2.859,110.937,0.571,0.999
853,4,1,43.476,347.333,0.796,404,2.861,111.132,0.572,0.999
854,7,0,42.857,347.381,0.789,403,2.992,108.48,0.572,0.999
855,4,0,43.333,347.381,0.79,403,2.981,109.997,0.575,0.999
856,6,0,43.286,347.381,0.796,402,2.887,110.85,0.578,0.999
857,6,0,43.333,347.952,0.805,405,2.812,112.35,0.583,0.999
858,6,0,43.238,347.095,0.805,407,2.802,113.011,0.583,0.999
859,6,0,43.429,347.857,0.817,408,2.657,114.654,0.588,0.999
860,3,0,44.476,347.857,0.818,400,2.791,114.453,0.575,1.0
861,5,0,44.095,347.857,0.817,402,2.771,115.176,0.58,1.0
862,3,0,44.286,347.857,0.816,398,2.794,115.433,0.574,1.0
863,9,0,43.905,347.857,0.813,404,2.708,115.854,0.584,1.0
864,7,0,43.905,347.524,0.814,406,2.632,117.287,0.588,1.0
865,4,1,43.952,347.762,0.817,401,2.708,116.89,0.582,1.0
866,8,0,44.333,347.762,0.809,401,2.74,116.766,0.579,1.0
867,8,0,45.0,347.762,0.819,396,2.739,116.303,0.579,1.0
868,2,0,44.524,347.762,0.821,393,2.802,114.32,0.574,1.0
869,4,0,44.905,347.952,0.827,392,2.821,115.04,0.571,1.0
870,4,0,45.048,347.952,0.827,392,2.847,114.835,0.569,1.0
871,5,1,45.429,347.952,0.825,390,3.003,111.566,0.564,1.0
872,5,0,45.524,347.952,0.826,389,2.913,112.878,0.564,1.0
873,4,0,46.19,347.952,0.829,387,2.884,112.63,0.561,1.0
874,2,0,45.905,347.333,0.826,385,2.895,112.778,0.561,1.0
875,3,0,45.905,347.81,0.825,383,2.909,113.547,0.557,1.0
876,2,0,45.81,347.81,0.825,383,2.924,112.573,0.557,1.0
877,3,0,45.333,348.476,0.817,379,2.967,112.22,0.555,1.0
878,4,0,45.19,348.476,0.823,374,3.095,109.444,0.548,0.999
879,7,0,45.81,348.476,0.82,374,3.08,110.513,0.545,1.0
880,6,0,45.524,348.476,0.82,376,3.032,110.16,0.547,1.0
881,9,0,45.238,348.0,0.824,383,2.941,109.611,0.557,1.0
882,6,0,44.81,348.238,0.821,385,2.923,110.181,0.561,1.0
883,13,0,44.095,348.238,0.81,391,2.883,109.662,0.564,0.999
884,1,0,43.81,348.238,0.811,384,2.98,108.954,0.557,0.999
885,5,0,43.714,348.238,0.816,382,3.062,107.647,0.554,0.999
886,2,0,43.714,348.238,0.815,382,3.026,108.705,0.556,0.999
887,7,0,43.81,348.238,0.824,382,3.092,108.427,0.559,0.999
888,4,0,44.143,348.238,0.824,377,3.109,109.134,0.556,0.999
889,1,0,44.524,348.238,0.829,368,3.37,105.344,0.535,0.999
890,4,0,44.333,348.238,0.83,367,3.384,103.758,0.537,0.999
891,2,0,44.19,347.667,0.829,366,3.345,104.216,0.537,0.999
892,1,0,44.143,347.667,0.828,365,3.347,104.206,0.537,0.999
893,4,0,44.333,347.476,0.831,363,3.494,103.156,0.525,0.999
894,6,0,43.667,347.476,0.83,362,3.667,99.018,0.523,0.999
895,3,0,44.143,347.476,0.835,362,3.536,101.868,0.528,0.999
896,9,0,44.095,349.19,0.834,367,3.406,104.531,0.539,0.999
897,2,0,44.095,349.19,0.835,365,3.487,102.707,0.534,0.999
898,7,0,44.571,349.19,0.839,371,3.327,105.446,0.544,0.999
899,9,0,45.524,349.19,0.839,370,3.252,106.187,0.551,1.0
900,5,0,45.81,349.19,0.839,371,3.253,107.162,0.547,1.0
901,8,0,45.905,349.19,0.845,376,3.212,108.19,0.547,1.0
902,5,0,46.0,348.905,0.84,377,3.164,109.484,0.55,1.0
903,7,0,45.524,348.905,0.841,378,3.216,108.155,0.549,1.0
904,2,0,45.238,348.905,0.841,378,3.304,106.562,0.548,0.999
905,3,0,45.524,348.905,0.841,374,3.284,107.193,0.546,1.0
906,7,0,45.381,348.905,0.839,373,3.323,106.469,0.543,0.999
907,12,0,44.762,348.905,0.837,382,3.288,105.736,0.549,0.999
908,5,1,44.952,348.905,0.838,381,3.285,107.278,0.548,0.999
909,5,0,45.429,348.714,0.839,382,3.199,109.414,0.551,1.0
910,6,0,45.333,348.714,0.835,385,3.13,109.884,0.559,1.0
911,4,0,45.429,348.714,0.835,385,3.196,108.584,0.559,1.0
912,5,0,45.81,348.857,0.837,384,3.219,109.531,0.559,1.0
913,4,0,45.619,348.857,0.833,384,3.26,108.428,0.557,1.0
914,4,0,46.19,348.857,0.837,384,3.253,108.581,0.553,1.0
915,6,0,45.905,348.857,0.83,383,3.269,107.618,0.553,1.0
916,5,0,46.0,348.857,0.836,382,3.233,107.79,0.555,1.0
917,2,0,45.905,348.857,0.838,380,3.349,106.353,0.553,1.0
918,8,0,45.429,348.857,0.83,383,3.388,104.816,0.553,1.0
919,4,0,45.238,348.857,0.832,381,3.624,101.616,0.547,0.999
920,7,0,45.0,348.857,0.834,384,3.601,101.856,0.547,0.999
921,2,0,44.952,347.905,0.834,384,3.593,102.133,0.547,0.999
922,4,0,44.857,347.524,0.833,382,3.627,102.472,0.541,0.999
923,3,0,44.667,348.952,0.833,381,3.653,102.156,0.539,0.999
924,2,0,44.381,348.952,0.832,379,3.643,101.239,0.54,0.999
925,6,0,44.476,348.952,0.829,379,3.38,105.288,0.544,0.999
926,10,0,43.905,348.952,0.828,383,3.35,105.714,0.546,0.999
927,5,1,43.619,348.952,0.828,382,3.427,103.164,0.545,0.999
928,5,0,43.714,348.571,0.832,383,3.427,103.582,0.545,0.999
929,3,0,43.905,348.19,0.834,378,3.538,101.984,0.54,0.999
930,3,0,43.714,348.19,0.828,375,3.65,99.811,0.533,0.999
931,3,0,43.714,348.19,0.83,374,3.539,101.086,0.532,0.999
932,6,0,44.095,348.19,0.83,372,3.353,103.523,0.535,0.999
933,7,0,44.19,348.19,0.829,373,3.254,105.964,0.538,0.999
934,5,0,44.476,347.714,0.831,372,3.242,105.578,0.54,0.999
935,6,0,44.286,347.714,0.829,373,3.21,106.393,0.541,0.999
936,3,0,44.476,347.714,0.83,372,3.433,103.357,0.536,0.999
937,5,0,44.571,347.714,0.832,375,3.262,106.303,0.544,0.999
938,5,0,44.524,347.714,0.834,375,3.28,105.223,0.543,0.999
939,7,0,44.762,347.714,0.832,376,3.065,108.112,0.551,0.999
940,10,1,44.762,346.19,0.837,380,2.954,110.21,0.563,1.0
941,3,0,44.667,346.19,0.838,376,2.98,109.747,0.56,0.999
942,6,0,44.0,346.19,0.838,379,3.017,108.812,0.562,0.999
943,5,0,43.952,346.19,0.837,382,3.067,108.163,0.564,0.999
944,4,0,43.429,346.19,0.835,379,3.258,105.397,0.554,0.999
945,3,0,43.286,346.19,0.839,378,3.276,104.479,0.553,0.999
946,3,0,43.0,346.19,0.839,372,3.575,100.523,0.54,0.999
947,5,0,43.048,346.19,0.838,374,3.377,103.282,0.547,0.999
948,5,0,42.667,346.19,0.838,374,3.416,102.33,0.552,0.999
949,1,0,42.762,346.19,0.839,370,3.442,102.275,0.547,0.999
950,4,0,42.667,346.857,0.84,370,3.596,101.816,0.548,0.999
951,6,0,42.667,346.857,0.843,373,3.386,103.452,0.555,0.999
952,5,0,42.571,346.857,0.844,370,3.451,102.88,0.552,0.999
953,3,0,43.333,346.857,0.844,369,3.368,104.718,0.554,0.999
954,9,1,43.81,346.857,0.846,371,3.183,107.348,0.555,0.999
955,1,0,43.667,346.857,0.845,365,3.376,103.372,0.547,0.999
956,6,0,43.762,347.0,0.847,370,3.304,104.856,0.552,0.999
957,2,0,43.619,347.0,0.846,367,3.366,104.368,0.547,0.999
958,6,0,42.952,344.857,0.841,367,3.463,101.702,0.545,0.999
959,5,0,42.762,344.857,0.838,367,3.472,101.71,0.546,0.999
960,5,0,43.19,344.857,0.838,369,3.413,103.128,0.549,0.999
961,2,0,43.19,344.857,0.836,367,3.486,102.783,0.545,0.999
962,5,0,43.19,344.857,0.838,366,3.523,102.55,0.545,0.999
963,4,0,42.81,344.857,0.837,363,3.772,97.728,0.54,0.999
964,7,0,42.333,344.667,0.839,366,3.749,97.764,0.543,0.999
965,9,0,42.143,344.667,0.836,371,3.826,97.884,0.546,0.999
966,3,0,42.19,344.667,0.836,372,3.746,99.002,0.548,0.999
967,5,0,42.286,344.667,0.836,372,3.646,99.712,0.547,0.999
968,4,0,42.381,344.667,0.837,372,3.699,99.654,0.543,0.999
969,1,0,42.476,344.667,0.839,368,3.788,97.813,0.537,0.999
970,12,0,42.619,346.095,0.84,374,3.744,98.797,0.54,0.999
971,1,0,42.143,345.81,0.834,368,4.163,93.849,0.53,0.998
972,5,0,41.762,345.81,0.828,369,4.151,93.809,0.534,0.998
973,10,0,41.476,345.81,0.827,374,4.143,93.927,0.534,0.998
974,6,0,41.762,345.81,0.83,376,4.057,94.372,0.536,0.998
975,7,0,42.333,347.238,0.831,379,3.721,98.816,0.545,0.999
976,5,0,42.476,347.238,0.828,381,3.559,101.251,0.552,0.999
977,5,1,42.476,347.238,0.83,378,3.75,99.465,0.549,0.999
978,4,0,42.857,347.238,0.829,375,3.764,99.276,0.545,0.999
979,8,0,42.667,347.238,0.831,375,3.805,98.266,0.545,0.999
980,3,0,42.762,347.238,0.831,369,3.854,97.709,0.536,0.999
981,2,0,42.381,347.238,0.832,368,3.946,95.461,0.529,0.998
982,7,1,42.0,346.143,0.826,365,4.131,93.312,0.521,0.998
983,5,0,42.0,346.476,0.824,368,4.144,93.232,0.524,0.998
984,4,0,41.524,345.333,0.827,365,4.175,91.565,0.519,0.998
985,6,0,41.429,345.333,0.828,368,4.173,91.641,0.52,0.998
986,1,0,41.429,345.333,0.826,362,4.231,92.111,0.513,0.997
987,3,0,41.143,344.667,0.827,360,4.225,91.922,0.512,0.997
988,7,1,40.81,346.286,0.826,360,4.233,92.725,0.515,0.997
989,4,0,40.714,346.286,0.826,361,4.396,90.91,0.514,0.997
990,6,0,40.333,345.048,0.828,359,4.47,90.297,0.508,0.996
991,5,0,40.429,345.048,0.827,360,4.46,91.111,0.509,0.996
992,2,0,40.333,345.048,0.826,358,4.483,90.585,0.507,0.996
993,1,0,40.333,344.714,0.827,355,4.486,89.91,0.505,0.996
994,4,0,39.857,344.714,0.822,356,4.469,91.436,0.505,0.995
995,8,0,39.476,345.19,0.811,358,4.517,91.071,0.506,0.994
996,2,0,40.143,345.19,0.815,353,4.651,90.128,0.494,0.995
997,3,0,40.143,345.19,0.814,354,4.658,90.07,0.496,0.995
998,9,0,40.238,344.905,0.807,360,4.434,94.048,0.508,0.996
999,5,0,40.143,344.905,0.807,360,4.447,93.013,0.51,0.996
1000,0,0,40.333,344.905,0.81,354,4.562,91.686,0.502,0.996
