1,10,0,0.571,2.381,0.0,10,343.504,0.0,0.008,0.043
2,3,0,0.762,3.619,0.002,13,338.565,0.0,0.011,0.04
3,3,0,1.048,5.476,0.002,16,312.542,0.0,0.015,0.02
4,3,0,1.238,8.476,0.005,19,296.248,0.013,0.021,0.014
5,4,0,1.667,10.429,0.006,23,263.514,0.118,0.026,0.006
6,7,0,2.238,15.952,0.01,29,233.207,0.222,0.039,0.003
7,5,0,2.524,19.952,0.014,34,215.035,0.418,0.046,0.002
8,5,0,2.952,24.0,0.022,38,195.203,0.555,0.05,0.001
9,5,0,3.524,31.857,0.036,42,162.589,0.864,0.06,0.001
10,3,0,3.81,35.381,0.042,45,158.804,0.937,0.064,0.001
11,6,0,3.571,36.524,0.04,51,173.93,0.96,0.07,0.001
12,9,0,3.857,41.905,0.043,59,146.478,1.231,0.082,0.001
13,4,0,4.0,43.905,0.042,63,141.52,1.358,0.089,0.001
14,4,0,4.095,45.238,0.043,67,140.311,1.415,0.092,0.001
15,3,0,4.19,45.714,0.04,70,131.682,1.533,0.096,0.0
16,8,0,4.905,52.905,0.055,77,109.841,2.089,0.103,0.0
17,4,0,5.286,61.0,0.071,81,99.665,2.559,0.112,0.0
18,4,0,5.571,63.238,0.07,85,95.559,2.889,0.119,0.0
19,7,0,6.095,68.81,0.077,91,80.539,3.815,0.13,0.0
20,8,0,6.667,73.381,0.082,98,71.661,4.519,0.138,0.0
21,3,0,6.952,75.857,0.09,98,72.729,4.66,0.138,0.0
22,3,0,7.238,77.952,0.097,98,69.129,4.959,0.138,0.0
23,3,0,7.429,80.286,0.101,101,66.766,5.289,0.142,0.0
24,3,0,7.429,80.571,0.099,104,66.078,5.205,0.145,0.0
25,5,0,7.714,87.857,0.112,108,61.867,5.597,0.156,0.0
26,6,0,7.524,89.19,0.11,113,61.199,5.631,0.161,0.0
27,8,0,8.286,97.667,0.124,119,55.276,6.449,0.174,0.0
28,6,0,8.476,100.857,0.125,125,53.093,7.364,0.183,0.0
29,3,0,8.476,102.048,0.127,127,52.108,7.759,0.186,0.0
30,3,0,8.381,102.667,0.125,130,52.314,7.808,0.189,0.0
31,5,0,9.048,103.143,0.129,130,47.378,8.358,0.187,0.0
32,8,0,9.429,110.571,0.146,137,43.727,8.62,0.195,0.001
33,3,0,9.905,115.476,0.157,139,41.175,9.263,0.2,0.001
34,4,0,10.286,120.19,0.17,143,39.305,9.944,0.204,0.001
35,6,0,10.857,126.571,0.183,148,37.035,10.894,0.214,0.001
36,3,0,10.857,127.048,0.181,151,36.39,11.367,0.218,0.001
37,9,0,11.429,127.048,0.169,157,35.48,12.927,0.228,0.001
38,0,0,11.619,127.048,0.174,154,35.317,12.633,0.224,0.001
39,6,0,12.19,127.714,0.176,157,34.887,13.188,0.225,0.002
40,2,0,12.095,128.571,0.175,159,35.012,13.193,0.229,0.002
41,2,0,12.095,128.571,0.174,161,34.695,13.338,0.229,0.002
42,3,0,12.19,128.571,0.176,162,35.16,13.306,0.228,0.002
43,7,0,12.095,124.667,0.154,168,35.418,13.797,0.234,0.002
44,7,0,12.19,127.81,0.16,173,37.553,14.43,0.24,0.002
45,4,0,12.571,130.81,0.173,175,35.785,15.135,0.238,0.002
46,8,0,12.81,133.476,0.175,180,34.21,15.339,0.245,0.002
47,3,0,13.095,133.714,0.174,179,31.519,15.503,0.247,0.003
48,10,0,13.571,141.619,0.188,187,28.737,16.461,0.261,0.003
49,8,0,14.524,151.381,0.217,192,24.593,19.511,0.27,0.004
50,2,0,15.095,151.381,0.223,190,23.836,19.866,0.264,0.005
51,7,0,15.19,152.095,0.218,196,23.482,20.498,0.272,0.005
52,4,0,15.19,152.238,0.22,198,23.226,20.739,0.271,0.005
53,6,0,15.667,153.476,0.22,202,22.27,22.074,0.275,0.006
54,2,0,15.571,154.048,0.222,203,22.237,21.845,0.276,0.006
55,5,0,16.048,157.381,0.236,204,21.778,22.012,0.277,0.007
56,6,0,16.048,158.429,0.233,209,21.528,22.292,0.282,0.008
57,5,0,16.476,161.143,0.239,212,20.899,23.193,0.286,0.009
58,5,0,16.952,162.952,0.239,215,19.869,25.07,0.294,0.011
59,7,0,17.238,164.476,0.24,218,19.474,25.929,0.297,0.013
60,8,0,17.619,167.143,0.245,224,18.936,26.138,0.302,0.015
61,1,0,17.81,168.762,0.257,221,18.915,26.042,0.297,0.015
62,6,0,17.619,168.952,0.251,225,18.529,26.176,0.302,0.015
63,6,0,17.524,169.381,0.249,228,18.627,26.354,0.306,0.016
64,5,0,18.0,171.667,0.252,231,18.119,27.383,0.312,0.019
65,3,0,18.0,171.667,0.251,230,18.114,27.576,0.313,0.02
66,7,0,18.095,173.048,0.255,235,17.946,27.904,0.314,0.02
67,3,0,18.381,175.048,0.263,235,17.685,29.386,0.315,0.022
68,6,0,19.238,181.524,0.283,238,16.778,30.052,0.319,0.03
69,6,0,19.714,189.0,0.303,242,15.731,32.345,0.328,0.038
70,5,0,20.19,191.905,0.31,244,15.032,33.243,0.333,0.046
71,8,0,20.571,193.0,0.305,252,14.374,34.859,0.343,0.057
72,8,0,20.857,199.238,0.322,257,14.048,35.877,0.348,0.067
73,5,0,20.571,200.524,0.331,257,14.179,35.491,0.347,0.06
74,6,0,20.667,202.143,0.336,258,13.998,35.738,0.349,0.064
75,7,0,20.524,204.476,0.341,262,13.878,35.873,0.354,0.065
76,5,0,20.429,204.476,0.337,264,13.427,36.666,0.358,0.066
77,5,0,20.429,204.476,0.335,266,13.25,36.4,0.36,0.068
78,5,0,20.905,204.524,0.339,268,13.022,36.87,0.357,0.074
79,3,0,20.905,205.667,0.34,268,12.917,36.479,0.361,0.078
80,3,0,20.81,206.762,0.342,271,12.889,37.202,0.364,0.079
81,2,0,20.476,206.762,0.35,269,13.17,35.868,0.357,0.066
82,3,0,20.952,208.429,0.36,269,12.872,36.072,0.355,0.073
83,8,0,20.762,210.667,0.365,275,12.875,36.651,0.361,0.074
84,2,0,20.762,210.952,0.367,275,12.876,36.754,0.361,0.074
85,6,0,20.571,212.905,0.366,279,12.622,37.924,0.37,0.079
86,5,0,20.571,214.19,0.364,282,12.299,39.014,0.376,0.085
87,5,0,21.143,215.762,0.367,281,11.621,41.278,0.38,0.103
88,4,0,21.333,219.762,0.375,284,11.271,42.861,0.39,0.123
89,9,0,22.048,225.333,0.39,291,10.488,45.62,0.399,0.164
90,5,0,22.429,226.19,0.395,292,10.246,46.157,0.4,0.182
91,3,0,22.952,226.762,0.401,290,10.146,46.662,0.397,0.199
92,5,0,23.333,229.143,0.406,290,10.062,46.806,0.402,0.231
93,5,0,23.952,230.429,0.412,288,9.637,48.157,0.402,0.264
94,5,0,24.143,232.476,0.419,290,9.736,47.659,0.403,0.281
95,5,0,24.333,233.619,0.425,292,9.731,48.004,0.406,0.3
96,1,0,24.429,233.619,0.427,289,9.888,46.683,0.402,0.297
97,5,0,24.619,234.667,0.429,291,9.959,47.061,0.404,0.315
98,3,0,25.19,235.143,0.43,290,9.701,48.43,0.407,0.362
99,5,0,25.19,235.286,0.428,292,9.636,48.739,0.408,0.366
100,5,0,25.286,237.048,0.428,295,9.495,48.942,0.416,0.401
101,4,0,25.857,238.048,0.43,295,8.978,51.442,0.419,0.452
102,7,0,25.857,238.048,0.427,299,8.655,52.078,0.424,0.467
103,4,0,26.048,239.286,0.437,297,8.91,51.223,0.421,0.472
104,4,0,26.714,241.333,0.449,296,8.752,52.721,0.42,0.518
105,5,0,26.619,244.286,0.464,297,8.756,52.811,0.422,0.517
106,4,0,26.619,246.857,0.476,295,8.552,54.222,0.422,0.517
107,2,0,27.095,246.762,0.479,293,8.401,55.336,0.418,0.54
108,8,0,27.0,246.762,0.475,297,8.326,55.403,0.424,0.551
109,2,0,26.857,246.762,0.477,294,8.352,55.079,0.422,0.534
110,3,0,27.381,245.19,0.469,293,8.219,56.395,0.421,0.569
111,5,0,28.238,248.381,0.484,294,7.899,58.058,0.424,0.641
112,6,0,28.143,248.381,0.477,298,7.727,59.189,0.43,0.653
113,7,0,28.667,248.381,0.485,300,7.809,59.582,0.423,0.668
114,2,0,28.19,248.381,0.489,296,8.027,58.354,0.419,0.623
115,5,0,28.381,248.381,0.491,296,8.198,58.268,0.417,0.629
116,6,0,27.81,249.476,0.492,298,8.104,57.804,0.422,0.605
117,4,0,27.905,249.476,0.498,298,8.18,57.131,0.415,0.589
118,2,0,27.81,249.476,0.504,295,8.47,55.873,0.411,0.568
119,8,0,27.905,250.333,0.498,301,8.093,56.473,0.423,0.616
120,4,0,28.19,250.333,0.499,302,8.071,56.665,0.422,0.634
121,4,0,28.571,250.333,0.504,301,8.028,57.535,0.418,0.646
122,9,0,28.095,251.524,0.496,307,7.813,57.892,0.431,0.653
123,5,0,28.095,252.333,0.497,307,7.663,58.109,0.434,0.665
124,6,0,27.81,252.333,0.497,308,7.836,56.363,0.434,0.644
125,4,0,27.524,253.095,0.505,308,8.03,55.602,0.43,0.612
126,5,0,27.143,253.952,0.509,312,8.159,54.298,0.431,0.588
127,4,0,26.952,253.095,0.509,313,8.349,53.142,0.427,0.561
128,9,0,27.048,262.143,0.537,317,7.768,55.148,0.44,0.608
129,8,0,26.857,262.905,0.538,321,7.808,55.138,0.445,0.613
130,5,0,26.476,263.143,0.538,323,7.846,54.357,0.448,0.594
131,6,0,26.476,263.143,0.53,328,7.675,55.02,0.456,0.623
132,7,0,26.857,265.238,0.535,332,7.396,57.268,0.465,0.678
133,6,0,26.952,268.81,0.548,336,7.191,57.368,0.472,0.704
134,5,0,27.429,270.667,0.557,335,7.072,59.222,0.471,0.73
135,6,0,27.905,271.381,0.554,340,6.699,60.729,0.478,0.774
136,5,0,28.143,270.048,0.551,340,6.705,61.236,0.473,0.776
137,4,0,28.714,270.048,0.546,341,6.339,63.971,0.479,0.816
138,5,0,28.905,269.476,0.548,343,6.33,64.898,0.475,0.816
139,8,0,29.19,270.619,0.543,350,6.049,67.411,0.484,0.847
140,7,0,29.286,270.619,0.543,352,6.074,67.153,0.484,0.851
141,8,0,29.095,273.905,0.551,358,6.135,66.888,0.493,0.859
142,5,0,28.905,273.905,0.547,360,6.122,66.91,0.496,0.858
143,11,0,29.19,277.857,0.571,361,5.934,68.871,0.497,0.869
144,7,0,29.286,277.857,0.568,365,5.703,70.28,0.503,0.882
145,5,0,29.571,278.619,0.571,364,5.619,71.711,0.505,0.893
146,7,0,29.667,278.619,0.573,366,5.714,70.658,0.504,0.895
147,6,0,30.524,283.238,0.599,368,5.575,71.804,0.505,0.919
148,5,0,31.19,283.238,0.599,369,5.456,73.686,0.508,0.935
149,5,0,31.286,284.19,0.606,369,5.641,72.748,0.507,0.936
150,8,0,31.762,284.19,0.606,373,5.446,75.611,0.51,0.947
151,2,0,32.429,283.238,0.601,369,5.261,77.665,0.509,0.955
152,11,0,32.619,288.619,0.62,375,4.719,80.154,0.522,0.964
153,2,0,32.524,288.619,0.621,373,4.81,79.222,0.519,0.962
154,2,0,32.905,288.619,0.63,369,4.92,78.671,0.509,0.961
155,4,0,32.619,290.286,0.641,369,4.916,78.313,0.508,0.957
156,4,0,32.619,291.0,0.65,369,5.037,78.416,0.505,0.955
157,8,0,32.81,293.048,0.656,369,4.983,77.606,0.514,0.962
158,4,0,32.952,294.714,0.66,371,4.839,78.812,0.52,0.967
159,5,0,32.952,294.714,0.657,373,4.796,78.65,0.522,0.967
160,4,0,33.143,294.714,0.659,368,4.802,78.886,0.515,0.966
161,5,0,33.524,295.0,0.664,364,4.819,79.468,0.508,0.967
162,1,0,34.19,295.0,0.669,359,4.821,78.833,0.503,0.971
163,3,0,34.0,295.0,0.675,355,5.064,77.386,0.494,0.965
164,4,0,34.286,295.0,0.682,350,5.142,77.967,0.485,0.964
165,4,0,34.286,295.0,0.682,351,5.155,77.435,0.486,0.964
166,4,0,34.0,294.476,0.681,349,5.292,76.315,0.48,0.958
167,2,0,34.0,294.476,0.686,347,5.347,75.662,0.476,0.955
168,4,0,34.095,294.476,0.687,347,5.187,78.513,0.477,0.957
169,5,0,34.286,294.857,0.689,350,5.162,78.879,0.479,0.961
170,5,0,34.286,295.095,0.686,355,5.057,79.876,0.486,0.964
171,2,0,34.095,295.095,0.687,353,5.119,79.312,0.484,0.961
172,3,0,34.381,296.095,0.692,350,5.115,79.404,0.482,0.963
173,8,0,35.238,299.857,0.708,350,5.179,80.311,0.481,0.971
174,3,0,35.714,299.857,0.71,349,5.142,80.812,0.481,0.975
175,5,0,35.238,299.857,0.707,353,5.089,81.171,0.486,0.973
176,2,0,35.333,299.857,0.711,349,5.26,79.63,0.478,0.971
177,5,0,34.571,301.905,0.72,345,5.485,78.618,0.474,0.961
178,6,0,34.667,303.667,0.729,344,5.432,79.216,0.473,0.962
179,6,0,34.762,303.667,0.731,345,5.394,80.377,0.471,0.962
180,2,0,35.048,303.667,0.734,339,5.496,79.451,0.466,0.962
181,5,0,35.524,303.667,0.735,337,5.475,79.575,0.463,0.966
182,7,0,35.81,304.81,0.736,340,5.241,82.78,0.467,0.971
183,2,0,36.143,304.143,0.736,337,5.319,82.811,0.46,0.971
184,10,0,36.333,304.143,0.733,345,5.127,84.576,0.466,0.974
185,8,0,35.857,304.143,0.73,351,4.977,85.297,0.471,0.972
186,2,0,36.048,304.143,0.733,349,4.996,85.462,0.464,0.971
187,7,0,36.619,306.143,0.741,352,4.77,87.453,0.469,0.977
188,5,0,36.238,304.857,0.738,352,4.874,85.429,0.466,0.974
189,3,0,36.143,304.571,0.734,349,4.911,85.544,0.465,0.972
190,8,0,36.333,305.381,0.739,353,4.794,86.747,0.472,0.976
191,1,0,36.143,305.381,0.739,354,4.788,86.524,0.473,0.975
192,6,0,36.238,306.429,0.741,356,4.638,89.012,0.479,0.978
193,6,0,36.048,306.429,0.735,361,4.531,90.071,0.489,0.98
194,7,0,35.762,306.905,0.735,365,4.485,89.333,0.495,0.98
195,8,0,36.905,306.905,0.733,364,4.267,93.286,0.5,0.986
196,5,0,36.714,308.19,0.737,363,4.217,94.864,0.501,0.986
197,2,0,37.0,312.095,0.756,362,4.168,95.813,0.502,0.987
198,7,0,36.476,312.095,0.762,362,4.218,92.641,0.5,0.985
199,4,0,36.429,312.095,0.761,364,4.164,93.878,0.503,0.985
200,2,0,36.143,312.095,0.761,366,4.067,94.273,0.509,0.985
201,2,0,36.048,312.095,0.76,365,4.033,94.719,0.511,0.985
202,5,0,36.048,312.333,0.763,366,4.086,94.214,0.508,0.984
203,4,0,36.238,313.095,0.769,369,4.032,95.211,0.511,0.986
204,5,0,36.429,313.095,0.767,370,3.942,96.501,0.514,0.987
205,6,0,36.143,313.81,0.769,374,3.909,96.955,0.518,0.987
206,5,0,35.857,314.143,0.772,371,4.124,94.63,0.51,0.984
207,4,0,36.048,314.143,0.773,372,4.016,96.877,0.514,0.986
208,4,0,36.048,318.762,0.779,374,4.029,96.673,0.516,0.986
209,3,0,36.238,318.762,0.778,376,3.974,97.564,0.518,0.987
210,12,0,36.286,321.238,0.784,383,3.92,97.571,0.523,0.988
211,6,0,36.476,321.238,0.789,383,3.997,95.833,0.518,0.988
212,3,0,36.762,321.238,0.792,380,4.167,94.94,0.506,0.987
213,5,0,37.143,321.429,0.791,384,4.086,95.621,0.509,0.989
214,1,0,37.0,321.429,0.793,378,4.201,94.524,0.502,0.987
215,1,0,36.81,321.238,0.789,369,4.44,91.261,0.491,0.984
216,2,0,37.095,321.238,0.791,367,4.514,90.39,0.487,0.985
217,5,0,36.905,321.857,0.789,363,4.943,85.808,0.474,0.981
218,4,0,36.905,321.857,0.789,362,4.955,85.443,0.473,0.98
219,7,0,36.905,321.857,0.791,362,4.941,85.738,0.473,0.98
220,4,0,37.095,321.857,0.79,364,4.895,86.48,0.475,0.982
221,6,0,36.905,324.238,0.782,367,4.78,88.089,0.483,0.983
222,5,0,36.905,324.238,0.785,370,4.722,89.144,0.488,0.984
223,3,0,36.952,320.524,0.778,362,4.892,87.061,0.478,0.982
224,5,0,36.952,323.571,0.78,355,4.905,86.503,0.473,0.981
225,7,0,36.762,330.286,0.781,358,4.859,87.885,0.479,0.981
226,10,0,36.571,330.286,0.779,364,4.699,87.671,0.485,0.982
227,5,0,36.19,330.286,0.776,368,4.562,87.652,0.491,0.981
228,5,0,36.19,330.286,0.778,368,4.408,88.517,0.498,0.983
229,4,0,36.286,333.667,0.781,370,4.257,89.913,0.506,0.985
230,4,0,36.381,333.286,0.781,367,4.26,91.819,0.506,0.986
231,2,0,36.619,333.286,0.78,364,4.279,92.704,0.505,0.986
232,3,0,36.762,333.286,0.778,361,4.344,92.657,0.499,0.986
233,6,0,36.762,332.81,0.782,362,4.406,90.64,0.497,0.985
234,2,0,36.571,332.905,0.781,362,4.434,90.176,0.498,0.985
235,1,0,36.571,332.905,0.782,359,4.433,89.403,0.496,0.984
236,1,0,36.762,334.619,0.791,355,4.496,88.467,0.492,0.984
237,5,0,36.571,336.81,0.79,354,4.421,89.972,0.496,0.984
238,3,0,36.952,337.143,0.79,351,4.411,90.922,0.494,0.986
239,3,0,37.238,337.143,0.792,350,4.325,92.05,0.496,0.987
240,4,0,37.429,337.143,0.792,353,4.295,92.39,0.497,0.988
241,6,0,37.429,337.143,0.792,356,4.237,92.82,0.499,0.988
242,8,0,37.81,337.143,0.795,358,4.071,96.543,0.5,0.99
243,4,0,38.095,337.143,0.794,358,4.088,96.249,0.498,0.99
244,8,0,37.429,337.143,0.787,360,4.082,96.45,0.501,0.989
245,3,0,37.524,337.143,0.787,356,4.224,94.335,0.492,0.987
246,6,0,37.429,337.286,0.786,356,4.184,93.247,0.495,0.988
247,10,0,36.905,337.286,0.781,366,4.041,94.047,0.508,0.988
248,7,0,36.81,337.571,0.781,371,3.999,95.433,0.511,0.988
249,7,0,36.905,337.714,0.778,374,3.916,96.462,0.512,0.989
250,6,0,36.905,337.714,0.778,376,3.912,98.471,0.512,0.988
251,5,0,37.667,341.381,0.777,376,3.7,100.719,0.517,0.992
252,5,0,38.143,341.381,0.781,375,3.751,102.153,0.511,0.992
253,4,0,38.381,341.381,0.779,374,3.649,102.505,0.514,0.993
254,3,0,38.238,341.381,0.779,375,3.586,102.725,0.519,0.993
255,7,0,38.19,341.381,0.781,381,3.493,103.479,0.528,0.994
256,6,0,37.81,341.381,0.777,377,3.685,99.541,0.517,0.992
257,3,0,38.286,341.381,0.778,375,3.62,101.541,0.516,0.993
258,3,0,38.0,341.381,0.772,374,3.694,101.187,0.514,0.992
259,2,0,37.905,341.381,0.77,373,3.693,101.465,0.515,0.992
260,3,0,37.714,341.381,0.772,371,3.798,101.001,0.51,0.991
261,7,0,37.619,341.381,0.771,373,3.791,102.239,0.512,0.991
262,3,0,37.524,341.381,0.766,373,3.839,101.314,0.508,0.99
263,8,0,37.905,343.714,0.762,376,3.663,102.938,0.517,0.992
264,3,0,37.905,343.905,0.761,379,3.623,103.134,0.52,0.992
265,2,0,38.095,346.238,0.761,375,3.67,102.699,0.516,0.992
266,5,0,38.524,346.238,0.774,375,3.512,105.863,0.525,0.994
267,5,0,38.476,346.238,0.783,376,3.468,106.3,0.528,0.994
268,7,0,39.048,346.238,0.786,376,3.382,108.418,0.532,0.996
269,4,0,39.19,344.524,0.786,372,3.392,108.147,0.529,0.995
270,3,0,38.81,344.143,0.791,369,3.452,106.78,0.527,0.995
271,5,0,38.476,344.143,0.784,368,3.395,107.12,0.532,0.995
272,3,0,38.619,344.143,0.786,365,3.411,106.584,0.53,0.995
273,9,0,39.286,344.143,0.79,365,3.493,108.475,0.527,0.996
274,5,0,39.381,344.143,0.787,367,3.39,109.899,0.533,0.996
275,4,0,39.714,341.81,0.787,364,3.416,109.715,0.529,0.996
276,3,0,40.095,341.81,0.792,363,3.436,110.22,0.525,0.996
277,7,0,39.238,341.81,0.792,367,3.563,108.796,0.524,0.995
278,6,0,39.524,341.81,0.802,369,3.554,109.189,0.524,0.996
279,6,0,39.619,343.714,0.801,374,3.308,112.137,0.535,0.996
280,5,0,39.857,343.714,0.802,375,3.329,111.698,0.532,0.997
281,5,0,40.0,346.429,0.799,372,3.436,109.645,0.53,0.997
282,6,0,39.905,346.429,0.796,376,3.309,110.765,0.539,0.997
283,0,0,39.81,346.429,0.799,368,3.421,110.264,0.531,0.996
284,2,0,40.095,346.429,0.802,363,3.513,109.581,0.525,0.996
285,5,0,39.524,346.429,0.809,358,3.797,103.585,0.509,0.995
286,7,0,39.524,346.429,0.808,360,3.708,105.519,0.51,0.995
287,7,0,39.667,346.429,0.805,364,3.612,106.838,0.517,0.995
288,4,0,39.286,346.429,0.804,364,3.719,104.848,0.514,0.995
289,6,0,38.429,346.81,0.813,362,3.829,99.843,0.515,0.993
290,8,0,38.81,346.81,0.816,363,3.757,100.356,0.519,0.994
291,3,0,38.476,346.81,0.816,360,3.756,100.132,0.518,0.994
292,6,0,38.143,346.81,0.816,361,3.852,99.297,0.517,0.993
293,3,0,38.0,346.429,0.814,361,3.942,99.031,0.517,0.992
294,0,0,38.19,346.143,0.816,356,3.998,98.3,0.512,0.992
295,5,0,38.19,346.143,0.814,356,4.015,97.788,0.509,0.992
296,4,0,37.905,346.143,0.813,359,3.965,97.904,0.512,0.992
297,8,0,38.0,346.143,0.808,361,3.925,99.39,0.513,0.992
298,4,0,38.238,346.143,0.81,360,4.015,99.234,0.505,0.992
299,4,0,38.714,346.143,0.814,356,3.899,101.011,0.509,0.993
300,8,0,38.095,346.143,0.814,359,3.911,101.344,0.511,0.992
301,5,0,38.762,346.143,0.814,356,3.904,101.564,0.508,0.993
302,6,0,39.048,346.143,0.812,360,3.748,105.771,0.516,0.994
303,3,0,38.857,346.143,0.807,360,3.786,104.406,0.515,0.994
304,4,0,38.857,343.571,0.806,361,3.782,102.723,0.513,0.994
305,6,0,38.571,344.048,0.804,365,3.784,101.99,0.518,0.994
306,3,0,38.571,344.048,0.804,368,3.755,102.606,0.522,0.994
307,4,0,38.667,345.19,0.798,369,3.706,103.252,0.525,0.994
308,2,0,39.238,345.19,0.802,362,3.807,101.455,0.512,0.994
309,5,0,39.333,345.19,0.799,365,3.755,101.791,0.514,0.995
310,2,0,39.286,345.19,0.796,363,3.882,100.008,0.507,0.994
311,6,0,39.476,345.19,0.796,368,3.752,102.471,0.513,0.995
312,3,0,39.476,345.19,0.792,369,3.663,104.81,0.52,0.995
313,7,0,39.476,345.19,0.787,371,3.603,105.089,0.526,0.996
314,6,0,39.19,345.19,0.783,375,3.61,104.421,0.526,0.995
315,7,0,39.381,345.524,0.779,376,3.55,107.393,0.532,0.996
316,6,0,39.0,345.524,0.775,379,3.516,106.22,0.537,0.996
317,4,0,38.81,345.524,0.775,379,3.589,104.177,0.534,0.995
318,6,0,38.524,344.857,0.785,380,3.531,103.627,0.535,0.995
319,3,0,38.81,344.857,0.786,380,3.6,103.751,0.53,0.995
320,2,0,39.095,344.857,0.789,378,3.674,101.394,0.526,0.995
321,2,0,39.381,345.048,0.801,374,3.683,102.729,0.523,0.995
322,8,0,39.0,345.048,0.801,378,3.687,102.054,0.524,0.995
323,6,0,39.381,345.048,0.801,380,3.51,104.254,0.532,0.996
324,3,0,39.286,345.048,0.803,377,3.658,102.208,0.526,0.996
325,4,0,39.857,345.048,0.8,376,3.643,104.092,0.524,0.996
326,9,0,39.762,345.048,0.799,385,3.442,107.618,0.537,0.997
327,5,0,39.81,346.19,0.798,388,3.429,108.023,0.54,0.997
328,4,0,40.095,346.0,0.793,388,3.381,109.42,0.541,0.997
329,5,0,39.81,346.0,0.792,389,3.342,109.296,0.545,0.997
330,6,0,39.714,346.0,0.787,391,3.32,111.905,0.55,0.997
331,4,0,39.333,346.048,0.786,393,3.316,111.843,0.553,0.997
332,4,0,40.0,346.048,0.785,390,3.351,113.748,0.547,0.997
333,3,0,40.524,346.048,0.785,388,3.315,114.747,0.547,0.998
334,6,0,40.429,346.048,0.781,392,3.209,116.069,0.555,0.998
335,12,0,40.524,346.048,0.776,397,3.148,118.511,0.557,0.998
336,5,0,40.905,346.048,0.777,399,3.122,119.508,0.557,0.998
337,6,0,40.952,346.048,0.782,403,3.026,120.817,0.563,0.998
338,11,0,40.857,345.81,0.787,403,3.151,119.395,0.555,0.998
339,4,0,40.667,345.81,0.794,400,3.263,116.065,0.55,0.998
340,4,0,41.048,345.81,0.791,397,3.212,117.28,0.546,0.998
341,6,0,40.762,345.81,0.809,396,3.186,116.225,0.544,0.998
342,7,0,40.286,345.81,0.81,397,3.184,114.443,0.544,0.997
343,2,0,40.19,345.81,0.808,394,3.319,112.037,0.54,0.997
344,6,0,40.429,345.81,0.806,395,3.237,115.436,0.543,0.998
345,7,0,40.714,345.81,0.81,400,3.034,120.217,0.552,0.998
346,6,0,40.524,345.81,0.81,403,3.012,118.752,0.556,0.998
347,5,0,40.81,345.81,0.81,405,3.008,118.931,0.556,0.998
348,7,0,40.429,345.857,0.81,404,3.061,118.051,0.55,0.998
349,7,0,39.952,343.714,0.814,405,3.122,117.682,0.553,0.998
350,5,0,39.476,344.048,0.812,405,3.233,115.155,0.551,0.997
351,3,0,39.381,344.048,0.817,404,3.234,114.396,0.553,0.997
352,4,0,39.476,344.048,0.814,403,3.293,113.127,0.549,0.997
353,2,0,39.048,344.048,0.811,400,3.42,110.217,0.544,0.996
354,3,0,39.143,344.048,0.812,396,3.471,108.257,0.539,0.996
355,6,0,39.333,343.571,0.806,399,3.417,108.344,0.539,0.996
356,6,0,39.238,343.571,0.81,397,3.555,105.367,0.533,0.996
357,7,0,39.714,343.571,0.805,398,3.396,106.93,0.542,0.997
358,6,0,39.571,343.571,0.808,394,3.648,103.81,0.528,0.996
359,10,0,39.333,344.0,0.806,396,3.549,104.806,0.535,0.996
360,4,0,39.905,344.0,0.811,392,3.602,104.135,0.528,0.996
361,2,0,39.81,344.0,0.811,390,3.615,104.656,0.524,0.996
362,9,0,39.619,344.0,0.81,397,3.49,106.068,0.532,0.996
363,5,0,39.381,344.0,0.809,398,3.388,105.125,0.535,0.996
364,2,0,39.571,344.0,0.809,397,3.328,106.064,0.537,0.996
365,6,0,39.762,344.81,0.807,402,3.229,107.659,0.548,0.997
366,6,0,40.048,344.81,0.816,402,3.284,107.934,0.546,0.997
367,9,0,39.952,344.81,0.815,404,3.179,108.673,0.55,0.997
368,11,0,40.238,344.81,0.814,409,3.04,113.422,0.559,0.998
369,5,1,40.048,340.762,0.82,411,3.044,111.346,0.56,0.998
370,4,0,40.238,340.762,0.825,410,3.087,111.202,0.556,0.998
371,4,1,40.048,340.762,0.826,411,3.107,111.028,0.557,0.998
372,4,0,39.952,339.238,0.814,411,3.102,110.904,0.562,0.998
373,8,0,40.333,342.81,0.82,417,2.932,113.617,0.572,0.998
374,8,1,40.095,342.81,0.817,422,2.998,112.183,0.573,0.998
375,4,0,40.714,339.905,0.817,417,3.02,112.98,0.568,0.998
376,6,0,40.714,341.095,0.813,419,2.962,114.72,0.57,0.998
377,6,0,40.905,341.095,0.812,422,2.932,114.736,0.571,0.999
378,6,0,40.381,341.095,0.813,426,2.891,114.405,0.576,0.998
379,3,0,40.476,341.095,0.815,426,2.932,113.359,0.575,0.998
380,5,0,40.571,341.095,0.817,426,2.944,113.885,0.574,0.998
381,6,0,40.381,340.048,0.815,428,2.933,113.656,0.577,0.998
382,9,1,40.952,340.048,0.816,427,2.971,113.5,0.57,0.999
383,5,0,40.857,340.048,0.809,428,2.929,114.318,0.573,0.999
384,7,0,40.667,340.619,0.808,430,2.937,114.115,0.573,0.999
385,5,1,41.286,341.095,0.813,427,2.902,114.979,0.575,0.999
386,3,0,41.095,341.095,0.815,426,2.856,116.362,0.575,0.999
387,3,0,40.905,341.095,0.813,425,2.883,114.852,0.573,0.999
388,3,0,40.905,339.381,0.808,424,2.886,114.957,0.569,0.999
389,8,1,40.143,339.381,0.802,430,2.803,113.275,0.579,0.998
390,6,0,40.524,339.667,0.809,428,2.884,112.597,0.572,0.998
391,8,0,40.857,339.952,0.806,431,2.797,113.138,0.577,0.999
392,3,0,41.048,339.952,0.803,428,2.828,112.977,0.574,0.999
393,6,0,40.81,339.952,0.804,431,2.861,112.619,0.576,0.999
394,2,0,40.905,339.952,0.807,425,2.9,112.471,0.572,0.999
395,3,0,41.143,341.048,0.813,421,2.986,112.139,0.564,0.999
396,3,0,41.286,341.048,0.814,420,2.984,112.229,0.563,0.999
397,11,0,40.857,344.667,0.814,425,2.901,111.666,0.569,0.998
398,2,0,40.952,344.667,0.821,419,3.001,109.444,0.563,0.998
399,5,0,41.238,344.667,0.826,416,2.99,110.301,0.563,0.999
400,5,0,41.333,344.667,0.825,415,3.07,109.249,0.559,0.999
401,4,0,41.048,344.667,0.823,416,3.06,108.821,0.561,0.998
402,9,0,40.619,344.667,0.821,420,3.086,107.592,0.568,0.998
403,3,0,41.095,344.667,0.817,417,3.034,108.158,0.568,0.999
404,3,0,41.0,344.667,0.816,413,3.035,108.483,0.565,0.998
405,2,0,41.286,344.667,0.818,412,3.045,109.09,0.561,0.999
406,6,0,40.333,345.857,0.811,411,3.141,105.766,0.56,0.998
407,2,0,40.571,346.238,0.813,411,3.083,107.477,0.564,0.998
408,9,0,41.048,346.238,0.824,416,2.991,109.142,0.565,0.998
409,5,0,41.524,346.524,0.826,415,2.997,110.648,0.56,0.999
410,6,0,41.905,346.524,0.828,413,2.942,111.521,0.558,0.999
411,5,1,42.476,346.524,0.829,410,2.997,111.673,0.551,0.999
412,6,0,42.19,346.524,0.832,409,3.011,109.118,0.554,0.999
413,6,0,42.095,346.524,0.824,412,3.008,109.643,0.553,0.999
414,4,0,41.619,346.857,0.82,411,3.06,108.079,0.551,0.998
415,3,0,41.619,346.857,0.811,410,3.131,107.282,0.547,0.998
416,7,1,42.19,346.952,0.826,413,3.042,109.06,0.553,0.999
417,3,0,42.238,346.952,0.826,411,2.979,111.67,0.554,0.999
418,4,0,42.143,346.952,0.824,408,2.972,110.973,0.556,0.999
419,0,0,42.143,346.952,0.825,403,2.999,110.09,0.554,0.999
420,6,1,42.238,346.952,0.824,407,2.971,111.167,0.556,0.999
421,5,0,42.667,345.619,0.823,408,2.928,111.735,0.56,0.999
422,6,0,42.762,345.619,0.823,412,2.853,112.693,0.566,0.999
423,5,1,43.048,345.619,0.824,410,2.834,113.443,0.565,0.999
424,2,1,42.571,345.619,0.825,406,2.961,111.13,0.56,0.999
425,4,0,42.476,345.619,0.825,405,2.928,111.368,0.561,0.999
426,7,0,42.429,346.0,0.829,410,2.86,112.839,0.566,0.999
427,8,0,42.524,346.0,0.827,410,2.789,113.269,0.568,0.999
428,3,0,42.714,346.333,0.829,405,2.828,113.416,0.558,0.999
429,3,0,42.714,346.333,0.828,403,2.912,112.639,0.556,0.999
430,3,0,42.905,346.333,0.828,405,2.82,113.568,0.562,0.999
431,3,0,43.19,346.333,0.83,403,2.85,112.939,0.558,0.999
432,3,0,43.0,346.333,0.83,402,2.873,112.877,0.559,0.999
433,0,0,42.81,345.714,0.83,398,3.005,110.338,0.55,0.999
434,9,0,41.571,345.381,0.826,404,2.924,109.48,0.56,0.999
435,6,0,41.571,345.381,0.823,406,2.948,109.224,0.56,0.999
436,5,0,41.857,345.381,0.822,405,2.963,109.382,0.557,0.999
437,7,0,42.524,345.381,0.821,405,2.887,111.919,0.561,0.999
438,10,2,42.905,345.381,0.821,411,2.751,113.897,0.57,0.999
439,3,0,42.81,345.381,0.813,408,2.815,113.061,0.564,0.999
440,3,0,43.19,345.381,0.813,403,2.83,112.407,0.559,0.999
441,6,1,43.095,345.381,0.806,404,2.814,114.481,0.56,0.999
442,2,0,43.333,345.381,0.811,400,2.797,114.885,0.557,0.999
443,4,1,43.524,345.381,0.812,398,2.809,115.125,0.552,0.999
444,5,0,43.667,345.381,0.815,397,2.889,115.4,0.543,0.999
445,2,0,44.143,345.381,0.817,391,2.945,116.214,0.534,0.999
446,2,0,44.0,345.381,0.817,389,2.957,115.358,0.534,0.999
447,5,0,43.81,345.381,0.813,386,3.053,112.975,0.528,0.999
448,4,0,43.81,345.381,0.812,389,3.031,113.091,0.532,0.999
449,6,0,43.524,345.381,0.809,392,2.958,114.161,0.542,0.999
450,6,0,43.619,345.381,0.812,395,2.861,116.885,0.549,0.999
451,7,0,24.143,340.143,0.656,400,4.781,70.682,0.556,0.761
452,4,0,24.429,340.048,0.669,401,4.627,71.504,0.56,0.784
453,7,0,25.286,341.048,0.67,402,4.396,75.437,0.564,0.834
454,4,0,25.476,341.048,0.67,403,4.357,77.623,0.564,0.842
455,13,0,26.429,343.667,0.672,411,3.981,82.911,0.577,0.895
456,3,0,26.619,343.667,0.676,412,4.023,83.107,0.575,0.899
457,2,0,27.095,344.0,0.678,411,3.983,84.199,0.573,0.909
458,4,0,27.381,344.333,0.679,412,3.948,85.306,0.575,0.918
459,4,0,27.952,347.714,0.678,411,3.872,86.939,0.579,0.935
460,6,0,29.095,348.0,0.69,411,3.745,90.051,0.577,0.951
461,5,0,30.143,347.667,0.701,407,3.889,91.488,0.57,0.961
462,8,0,30.429,347.667,0.711,410,3.761,91.978,0.57,0.964
463,8,0,30.905,347.667,0.719,413,3.496,97.166,0.582,0.974
464,3,0,30.952,347.667,0.722,410,3.537,97.69,0.58,0.973
465,7,0,31.476,347.762,0.719,414,3.352,100.976,0.587,0.979
466,7,0,32.524,347.762,0.74,415,3.138,106.058,0.596,0.987
467,5,0,32.619,347.762,0.749,416,3.051,107.157,0.597,0.987
468,6,0,33.048,347.857,0.753,416,3.004,108.459,0.6,0.989
469,3,0,33.238,347.857,0.752,417,2.978,109.127,0.6,0.99
470,0,0,33.238,347.857,0.754,415,3.038,108.417,0.597,0.989
471,7,2,34.19,347.81,0.752,411,2.978,111.321,0.6,0.992
472,7,0,34.381,347.81,0.752,416,2.89,112.567,0.605,0.993
473,8,1,34.476,347.857,0.748,421,2.801,112.247,0.611,0.994
474,4,0,34.286,347.857,0.746,423,2.767,112.419,0.613,0.994
475,1,0,34.19,347.857,0.752,420,2.797,111.317,0.613,0.994
476,4,1,34.667,347.857,0.755,417,2.825,112.554,0.611,0.994
477,4,0,34.81,347.857,0.759,417,2.83,112.28,0.61,0.995
478,5,2,35.762,347.857,0.782,414,2.834,114.506,0.607,0.996
479,2,0,35.762,347.857,0.781,413,2.852,114.542,0.605,0.996
480,5,1,35.857,347.857,0.782,415,2.84,114.378,0.605,0.996
481,3,0,35.952,347.857,0.779,413,2.891,113.01,0.602,0.996
482,6,1,36.048,347.857,0.775,417,2.803,115.003,0.61,0.996
483,4,0,37.0,347.857,0.786,413,2.725,118.309,0.609,0.997
484,6,1,36.905,347.857,0.786,411,2.734,116.7,0.609,0.997
485,8,1,37.286,347.857,0.787,410,2.692,116.701,0.609,0.997
486,7,1,37.381,347.857,0.786,415,2.634,118.112,0.613,0.998
487,4,1,37.571,347.857,0.785,417,2.547,119.13,0.615,0.998
488,9,1,37.571,347.857,0.792,422,2.443,120.893,0.62,0.998
489,5,1,38.048,347.857,0.794,421,2.354,121.973,0.624,0.998
490,4,0,38.143,346.19,0.796,422,2.371,122.807,0.62,0.998
491,4,2,38.619,347.19,0.796,417,2.42,122.526,0.613,0.998
492,3,0,38.429,346.19,0.795,418,2.456,122.147,0.61,0.998
493,2,0,38.524,346.19,0.789,414,2.582,120.952,0.604,0.998
494,8,2,38.524,345.429,0.793,416,2.474,121.419,0.613,0.998
495,3,0,38.333,345.429,0.794,417,2.461,121.031,0.615,0.998
496,1,0,38.714,345.429,0.798,412,2.577,120.547,0.603,0.998
497,6,0,38.619,345.429,0.796,413,2.584,121.005,0.602,0.998
498,3,0,38.81,345.286,0.799,410,2.599,121.604,0.598,0.998
499,4,0,39.286,347.476,0.793,405,2.613,121.857,0.595,0.998
500,6,1,38.714,347.476,0.788,406,2.625,120.648,0.597,0.998
501,4,0,38.524,347.238,0.787,405,2.604,120.657,0.599,0.998
502,4,0,38.333,347.238,0.799,406,2.536,120.982,0.604,0.998
503,3,1,38.429,347.238,0.793,400,2.667,120.252,0.594,0.998
504,1,0,38.429,347.238,0.792,397,2.728,119.053,0.588,0.998
505,4,0,39.0,346.857,0.794,395,2.628,119.451,0.589,0.998
506,2,0,38.714,346.857,0.792,393,2.704,119.263,0.583,0.998
507,4,0,38.476,342.571,0.799,385,2.903,116.495,0.569,0.997
508,5,0,38.0,342.571,0.796,387,2.935,115.035,0.569,0.996
509,7,0,38.286,342.667,0.798,390,2.833,116.888,0.572,0.997
510,7,0,38.238,342.667,0.795,392,2.818,117.124,0.574,0.997
511,4,0,38.714,343.095,0.794,393,2.77,118.802,0.575,0.997
512,5,0,38.619,343.667,0.793,393,2.813,117.307,0.572,0.997
513,7,0,39.048,343.524,0.795,394,2.81,117.37,0.569,0.997
514,8,0,39.429,343.524,0.794,393,2.918,117.145,0.562,0.997
515,4,0,40.0,343.524,0.79,390,3.021,113.783,0.557,0.998
516,4,0,39.714,343.524,0.794,391,2.957,114.261,0.561,0.998
517,3,0,39.905,343.524,0.794,390,2.935,114.11,0.562,0.998
518,6,0,39.619,345.095,0.8,391,3.049,112.343,0.561,0.998
519,5,0,40.381,344.429,0.803,387,3.11,112.421,0.55,0.998
520,4,0,40.19,344.429,0.8,387,3.126,111.593,0.55,0.998
521,5,0,40.048,344.429,0.797,384,3.12,111.901,0.548,0.997
522,6,0,40.19,344.429,0.794,384,3.193,109.887,0.544,0.997
523,3,0,40.476,344.429,0.796,382,3.176,111.006,0.542,0.998
524,9,0,39.905,344.714,0.789,388,3.085,111.442,0.549,0.997
525,5,0,39.429,343.333,0.79,391,3.007,111.413,0.554,0.997
526,4,1,39.429,343.333,0.787,390,3.061,110.697,0.551,0.997
527,4,0,39.429,343.333,0.79,389,3.145,110.839,0.545,0.997
528,5,0,40.19,343.333,0.804,390,3.075,111.581,0.547,0.997
529,9,0,40.476,344.476,0.807,393,3.03,112.576,0.549,0.998
530,6,0,40.762,344.857,0.804,394,3.056,113.476,0.548,0.998
531,5,1,41.143,344.857,0.805,392,3.144,110.146,0.543,0.998
532,4,1,41.286,344.857,0.804,393,3.066,112.225,0.545,0.998
533,6,0,40.762,344.857,0.801,391,3.067,112.472,0.547,0.998
534,5,0,40.857,344.857,0.81,390,3.055,110.743,0.546,0.998
535,3,0,40.667,344.143,0.81,387,3.088,110.898,0.543,0.998
536,7,0,40.19,344.143,0.809,388,3.14,109.475,0.542,0.997
537,5,1,40.762,344.143,0.807,389,3.017,111.44,0.545,0.998
538,3,0,40.952,344.143,0.813,387,3.084,112.065,0.538,0.998
539,6,0,40.762,344.81,0.813,390,3.027,112.176,0.543,0.998
540,2,0,41.238,344.81,0.817,386,3.034,112.684,0.539,0.998
541,7,0,41.143,344.81,0.814,389,2.898,114.5,0.549,0.998
542,5,0,40.857,344.81,0.812,389,2.959,112.788,0.548,0.998
543,5,0,41.429,344.81,0.812,391,2.833,113.935,0.554,0.998
544,13,1,41.619,346.381,0.808,398,2.732,117.71,0.565,0.999
545,12,0,41.571,345.238,0.809,405,2.512,122.675,0.581,0.999
546,7,1,40.476,345.238,0.81,403,2.577,120.117,0.578,0.998
547,6,0,40.667,344.571,0.814,404,2.573,121.117,0.576,0.999
548,5,0,40.952,344.81,0.817,403,2.537,120.106,0.578,0.999
549,3,1,41.143,344.81,0.817,401,2.538,120.432,0.575,0.999
550,3,0,41.429,344.81,0.819,400,2.514,122.252,0.573,0.999
551,1,0,41.429,344.81,0.82,394,2.601,120.553,0.567,0.999
552,2,0,41.429,344.81,0.82,396,2.594,120.976,0.567,0.999
553,3,1,42.0,344.81,0.823,391,2.616,121.666,0.562,0.999
554,6,0,41.619,344.81,0.82,392,2.6,122.266,0.565,0.999
555,5,0,40.952,344.81,0.811,388,2.685,121.022,0.562,0.998
556,13,0,41.048,344.333,0.805,396,2.547,122.426,0.571,0.999
557,7,0,41.143,344.333,0.801,401,2.469,124.458,0.577,0.999
558,3,0,41.286,344.333,0.804,399,2.53,124.382,0.572,0.999
559,2,0,41.0,344.333,0.81,395,2.661,120.429,0.563,0.998
560,6,0,41.476,344.333,0.814,397,2.576,122.616,0.566,0.999
561,7,0,40.714,344.333,0.805,398,2.592,121.68,0.566,0.998
562,4,0,41.286,344.333,0.813,395,2.604,123.296,0.563,0.999
563,3,0,41.095,343.571,0.818,394,2.671,121.588,0.56,0.998
564,6,0,41.286,343.571,0.82,392,2.784,121.065,0.556,0.998
565,3,0,40.667,344.762,0.818,391,2.842,121.873,0.556,0.998
566,4,0,40.762,344.762,0.818,389,2.807,121.801,0.555,0.998
567,2,0,40.667,344.762,0.82,385,2.911,120.243,0.549,0.998
568,4,0,40.667,344.762,0.819,389,2.811,122.01,0.557,0.998
569,4,0,41.0,344.762,0.813,388,2.847,122.768,0.554,0.998
570,3,0,41.381,344.762,0.816,388,2.885,122.039,0.551,0.998
571,4,0,41.19,344.762,0.815,388,2.889,121.434,0.549,0.998
572,8,0,41.571,344.905,0.811,393,2.667,125.09,0.562,0.999
573,8,1,41.381,344.905,0.81,396,2.641,124.538,0.564,0.999
574,2,0,40.905,344.905,0.812,392,2.743,124.063,0.558,0.998
575,11,0,40.714,344.905,0.819,400,2.696,122.85,0.564,0.998
576,3,0,40.429,344.905,0.815,401,2.714,122.209,0.565,0.998
577,7,0,41.0,344.524,0.82,400,2.619,124.011,0.568,0.999
578,4,0,41.095,344.524,0.819,400,2.64,123.248,0.568,0.999
579,6,0,40.619,344.524,0.81,401,2.697,121.513,0.569,0.998
580,10,0,40.905,344.381,0.806,406,2.632,122.56,0.573,0.999
581,5,0,42.048,344.381,0.807,406,2.585,126.178,0.575,0.999
582,4,0,42.333,344.667,0.814,401,2.667,126.775,0.569,0.999
583,5,1,42.571,344.667,0.813,394,2.834,124.79,0.557,0.999
584,4,0,42.476,344.667,0.813,394,2.845,123.6,0.556,0.999
585,13,1,42.476,344.857,0.813,405,2.654,126.179,0.571,0.999
586,1,0,42.667,344.857,0.811,400,2.724,123.882,0.564,0.999
587,7,0,42.476,344.762,0.81,401,2.647,125.771,0.57,0.999
588,5,1,42.667,344.762,0.812,402,2.64,127.227,0.57,0.999
589,6,0,42.762,343.571,0.812,403,2.71,126.802,0.57,0.999
590,1,0,43.143,343.571,0.818,400,2.745,126.922,0.565,0.999
591,5,1,42.952,343.571,0.822,399,2.759,126.907,0.564,0.999
592,3,0,42.857,343.571,0.82,398,2.805,125.879,0.561,0.999
593,2,0,43.143,345.619,0.821,396,2.863,126.714,0.561,0.999
594,4,0,42.667,345.619,0.82,395,2.887,126.969,0.559,0.999
595,8,0,42.667,345.619,0.818,398,2.796,126.467,0.568,0.999
596,6,0,42.286,345.619,0.817,401,2.729,127.917,0.573,0.999
597,7,0,41.905,345.619,0.812,404,2.755,125.34,0.576,0.999
598,5,0,42.095,345.619,0.808,401,2.812,122.825,0.573,0.999
599,5,0,41.905,345.619,0.805,403,2.718,125.063,0.579,0.999
600,3,1,41.524,345.619,0.809,399,2.835,123.201,0.573,0.999
601,4,0,41.714,345.619,0.81,400,2.888,121.823,0.569,0.999
602,7,0,41.143,345.0,0.804,401,2.912,119.333,0.571,0.999
603,1,0,41.333,345.0,0.805,399,2.953,119.448,0.568,0.999
604,5,1,41.333,345.0,0.822,397,3.04,117.9,0.56,0.999
605,5,0,42.571,345.0,0.825,393,3.033,120.572,0.553,0.999
606,0,0,42.952,345.0,0.826,388,3.103,120.66,0.548,0.999
607,4,0,43.286,345.0,0.826,386,3.172,118.064,0.545,0.999
608,7,0,42.524,345.0,0.822,386,3.194,117.297,0.544,0.999
609,3,0,42.238,345.0,0.815,383,3.256,115.448,0.542,0.999
610,4,0,42.81,345.0,0.816,381,3.161,117.579,0.544,0.999
611,6,0,42.619,345.0,0.812,385,3.101,117.346,0.548,0.999
612,3,0,41.571,345.0,0.816,379,3.277,113.2,0.54,0.998
613,6,0,41.857,345.143,0.82,382,3.145,116.432,0.547,0.998
614,2,0,41.476,345.143,0.82,382,3.227,113.831,0.545,0.998
615,9,0,41.476,345.19,0.824,383,3.374,111.395,0.545,0.998
616,5,0,41.381,345.19,0.829,382,3.361,110.068,0.542,0.998
617,2,0,41.19,345.19,0.825,380,3.425,108.646,0.539,0.998
618,5,0,41.571,345.19,0.825,381,3.358,109.873,0.543,0.998
619,8,0,41.667,345.19,0.822,383,3.371,109.803,0.545,0.998
620,8,0,41.381,343.857,0.815,383,3.305,110.915,0.55,0.998
621,5,0,41.19,343.857,0.814,381,3.461,108.971,0.541,0.998
622,10,0,41.333,343.857,0.819,386,3.382,110.528,0.545,0.998
623,8,0,41.19,343.857,0.819,392,3.334,111.983,0.554,0.998
624,3,0,41.476,343.857,0.813,392,3.295,112.396,0.553,0.998
625,6,0,41.667,343.857,0.815,395,3.228,114.288,0.556,0.999
626,0,0,41.952,343.857,0.816,389,3.315,113.239,0.55,0.999
627,2,0,42.238,343.857,0.815,382,3.401,111.352,0.54,0.999
628,4,0,41.667,343.857,0.813,383,3.457,108.649,0.536,0.998
629,3,0,41.762,343.857,0.812,386,3.407,109.596,0.54,0.998
630,4,0,42.333,343.857,0.812,386,3.372,110.336,0.538,0.999
631,8,0,42.048,343.857,0.817,388,3.335,108.181,0.54,0.998
632,2,0,41.857,343.857,0.818,386,3.418,105.991,0.537,0.998
633,8,0,41.952,343.857,0.816,385,3.393,107.169,0.536,0.998
634,5,0,42.429,343.857,0.815,388,3.32,109.428,0.54,0.999
635,5,0,42.667,344.905,0.813,391,3.168,111.406,0.545,0.999
636,5,0,42.524,344.905,0.81,395,3.079,112.028,0.55,0.999
637,6,0,42.81,344.905,0.816,396,3.071,112.328,0.552,0.999
638,7,0,43.143,344.905,0.813,399,2.989,113.871,0.561,0.999
639,3,0,43.333,344.905,0.814,397,3.01,112.992,0.557,0.999
640,8,0,43.238,344.905,0.811,400,2.907,114.778,0.564,0.999
641,3,0,43.619,344.81,0.812,400,2.891,116.681,0.561,0.999
642,3,0,43.524,344.81,0.812,402,2.862,117.19,0.565,0.999
643,5,0,43.333,344.81,0.811,404,2.859,115.516,0.565,0.999
644,8,0,43.333,344.81,0.809,407,2.863,115.9,0.564,0.999
645,6,0,43.571,344.81,0.809,409,2.812,117.425,0.566,0.999
646,5,0,43.19,344.81,0.807,410,2.837,115.076,0.563,0.999
647,4,0,43.762,344.81,0.813,410,2.825,116.391,0.561,0.999
648,5,0,43.857,344.333,0.816,410,2.806,117.07,0.559,0.999
649,4,0,43.857,344.333,0.814,412,2.783,118.112,0.561,0.999
650,3,0,43.952,344.095,0.815,409,2.895,115.708,0.556,0.999
651,0,0,43.667,344.095,0.812,403,3.019,113.231,0.545,0.999
652,4,0,43.524,344.095,0.812,403,3.093,111.884,0.543,0.999
653,2,0,43.81,344.095,0.813,402,3.088,112.107,0.541,0.999
654,8,0,43.905,344.095,0.809,407,2.981,114.541,0.55,0.999
655,4,0,44.095,344.095,0.808,408,2.968,114.797,0.552,0.999
656,5,0,43.714,344.286,0.807,405,3.157,112.281,0.542,0.999
657,7,0,43.714,344.286,0.806,410,3.057,113.49,0.55,0.999
658,6,0,43.429,343.714,0.813,410,3.103,113.358,0.55,0.999
659,2,0,43.476,344.19,0.81,410,3.101,113.447,0.55,0.999
660,4,0,43.0,343.714,0.804,408,3.17,111.277,0.548,0.999
661,3,0,42.905,343.714,0.807,408,3.226,110.345,0.544,0.999
662,5,0,42.905,343.714,0.809,403,3.329,109.686,0.539,0.999
663,6,0,42.619,343.714,0.806,404,3.387,108.562,0.538,0.999
664,5,0,42.81,344.81,0.812,403,3.356,109.2,0.535,0.999
665,3,0,43.19,344.81,0.811,399,3.436,108.559,0.527,0.999
666,4,0,43.19,344.81,0.808,399,3.395,108.519,0.529,0.999
667,9,0,43.381,345.476,0.823,405,3.226,111.672,0.539,0.999
668,3,0,43.905,345.476,0.823,405,3.188,113.371,0.539,0.999
669,5,0,43.619,345.476,0.823,402,3.368,110.702,0.529,0.999
670,3,0,43.524,345.476,0.827,399,3.513,108.433,0.523,0.999
671,7,0,43.048,345.476,0.814,401,3.544,107.011,0.522,0.999
672,5,0,42.667,344.381,0.814,402,3.544,106.882,0.527,0.998
673,1,0,42.19,344.381,0.812,399,3.904,100.653,0.519,0.998
674,5,0,42.571,344.381,0.815,397,3.83,101.655,0.523,0.998
675,6,0,42.857,343.667,0.818,391,3.766,103.212,0.516,0.998
676,7,0,42.476,344.238,0.827,394,3.787,102.943,0.52,0.998
677,4,0,42.667,344.238,0.826,394,3.811,102.16,0.519,0.998
678,2,0,42.286,344.238,0.822,390,3.873,100.323,0.517,0.998
679,7,0,42.286,345.333,0.82,392,3.759,101.086,0.521,0.998
680,2,0,42.095,344.619,0.82,391,3.776,101.297,0.519,0.998
681,4,0,41.905,344.619,0.822,390,3.853,99.305,0.515,0.998
682,5,0,42.095,344.619,0.825,389,4.018,98.685,0.514,0.998
683,4,0,42.571,348.048,0.822,391,3.965,99.666,0.519,0.998
684,7,0,42.667,348.048,0.819,391,3.806,101.567,0.519,0.998
685,4,0,42.857,348.048,0.819,391,3.787,101.813,0.519,0.998
686,6,0,42.286,348.048,0.819,392,3.771,101.062,0.521,0.998
687,2,0,43.095,347.762,0.82,389,3.79,100.65,0.512,0.998
688,4,0,42.81,348.905,0.816,387,3.796,100.787,0.512,0.998
689,0,0,42.81,348.905,0.817,383,3.885,100.296,0.507,0.998
690,7,0,42.333,349.524,0.812,387,4.009,98.136,0.504,0.998
691,4,0,42.238,349.095,0.807,385,4.191,96.322,0.499,0.997
692,1,0,42.619,349.095,0.809,382,4.215,96.635,0.494,0.997
693,4,0,42.429,349.095,0.811,378,4.229,96.001,0.495,0.997
694,5,0,42.524,348.286,0.812,378,4.265,96.526,0.495,0.997
695,8,0,42.524,348.286,0.806,380,4.077,98.44,0.506,0.998
696,5,0,42.81,348.286,0.807,381,4.13,97.065,0.504,0.998
697,4,0,43.19,348.381,0.807,379,4.148,97.266,0.5,0.998
698,3,0,43.476,348.381,0.808,375,4.212,96.082,0.495,0.998
699,7,0,42.81,348.381,0.807,374,4.423,94.22,0.493,0.998
700,4,0,42.429,348.381,0.808,373,4.474,93.904,0.49,0.997
701,3,0,41.857,348.381,0.807,373,4.577,92.353,0.485,0.996
702,1,0,41.667,348.381,0.807,372,4.598,92.159,0.484,0.996
703,3,0,41.857,348.381,0.806,369,4.578,93.02,0.487,0.996
704,5,0,41.381,348.0,0.803,370,4.421,93.47,0.493,0.996
705,4,0,41.571,348.0,0.809,371,4.361,95.673,0.498,0.997
706,3,0,41.952,348.0,0.809,366,4.4,95.637,0.491,0.997
707,3,0,41.857,348.0,0.808,363,4.486,94.671,0.485,0.996
708,6,0,41.571,348.524,0.801,362,4.609,92.473,0.479,0.996
709,4,0,41.286,348.524,0.803,360,4.653,91.001,0.476,0.995
710,7,0,41.762,348.524,0.802,362,4.444,93.605,0.482,0.996
711,10,0,41.429,348.524,0.802,369,4.24,96.151,0.493,0.996
712,8,0,41.238,348.524,0.798,373,4.098,96.93,0.504,0.997
713,4,0,41.095,348.381,0.799,372,4.185,96.527,0.501,0.996
714,4,0,41.0,348.667,0.796,374,4.148,96.247,0.508,0.997
715,4,0,41.19,348.667,0.802,375,3.999,98.554,0.511,0.997
716,7,0,41.0,348.667,0.8,373,4.035,98.247,0.51,0.997
717,4,0,40.714,348.19,0.799,374,3.883,99.448,0.515,0.997
718,8,0,41.381,348.19,0.801,377,3.617,105.01,0.528,0.998
719,2,0,41.286,348.19,0.8,375,3.658,103.505,0.525,0.998
720,7,0,41.381,348.19,0.798,377,3.622,104.724,0.526,0.998
721,3,0,41.429,348.19,0.796,374,3.691,104.484,0.522,0.998
722,6,0,41.333,348.19,0.79,376,3.544,105.778,0.526,0.998
723,6,0,40.571,348.19,0.788,377,3.686,102.849,0.525,0.997
724,4,0,41.143,348.19,0.789,377,3.513,105.927,0.533,0.998
725,4,1,41.238,348.19,0.787,377,3.448,106.559,0.538,0.998
726,5,0,40.762,348.19,0.79,378,3.522,104.633,0.534,0.997
727,8,0,40.571,348.571,0.787,379,3.394,106.736,0.543,0.998
728,7,0,40.952,348.571,0.788,381,3.308,106.982,0.547,0.998
729,6,1,41.524,348.571,0.79,375,3.383,105.664,0.541,0.998
730,8,0,41.238,347.905,0.789,377,3.324,105.678,0.545,0.998
731,5,0,41.571,347.905,0.798,372,3.41,106.009,0.534,0.998
732,8,0,41.381,347.905,0.793,380,3.258,107.364,0.548,0.998
733,7,0,40.905,347.905,0.792,382,3.293,105.2,0.55,0.998
734,10,0,40.571,347.905,0.786,388,3.265,106.411,0.555,0.998
735,9,0,41.81,346.857,0.792,391,3.184,108.346,0.552,0.999
736,5,0,41.524,346.857,0.794,391,3.202,106.973,0.55,0.998
737,5,1,42.095,346.857,0.797,391,3.167,108.346,0.552,0.999
738,5,0,41.333,346.857,0.795,395,3.126,108.017,0.559,0.999
739,6,0,42.0,346.857,0.798,393,3.078,108.72,0.555,0.999
740,7,0,41.762,347.238,0.793,394,3.03,109.832,0.56,0.999
741,6,0,41.476,347.429,0.791,397,2.981,109.608,0.565,0.999
742,8,0,41.952,347.429,0.785,400,2.872,111.081,0.57,0.999
743,11,0,42.381,347.429,0.789,405,2.811,112.103,0.572,0.999
744,1,0,42.952,347.429,0.79,402,2.728,115.002,0.57,0.999
745,6,0,42.714,347.429,0.789,405,2.649,115.545,0.577,0.999
746,8,0,42.714,347.81,0.793,405,2.629,116.545,0.578,0.999
747,2,1,42.714,347.238,0.795,398,2.752,115.366,0.571,0.999
748,5,0,43.0,347.238,0.799,398,2.789,114.288,0.566,0.999
749,8,0,43.476,347.238,0.792,399,2.719,115.135,0.567,0.999
750,4,0,43.762,347.238,0.794,397,2.677,116.869,0.563,0.999
751,8,0,43.381,347.238,0.789,402,2.524,118.972,0.572,0.999
752,5,0,43.286,347.238,0.788,405,2.457,119.785,0.576,0.999
753,2,0,42.905,347.238,0.791,400,2.604,117.563,0.565,0.999
754,7,0,42.762,347.238,0.79,404,2.507,118.691,0.575,0.999
755,7,0,41.952,347.238,0.799,402,2.602,115.923,0.574,0.999
756,6,0,42.619,347.81,0.801,402,2.541,117.658,0.57,0.999
757,8,0,41.762,347.238,0.801,404,2.603,115.66,0.576,0.999
758,4,0,41.952,347.238,0.806,403,2.629,115.493,0.573,0.999
759,3,0,41.857,347.238,0.807,403,2.699,115.15,0.568,0.999
760,5,0,41.857,347.238,0.803,407,2.666,115.337,0.572,0.999
761,6,0,42.143,347.238,0.807,407,2.636,116.698,0.576,0.999
762,3,0,41.762,348.476,0.81,404,2.753,115.225,0.569,0.999
763,7,0,41.381,348.476,0.809,403,2.86,114.013,0.567,0.999
764,5,0,41.857,348.476,0.812,404,2.917,113.697,0.56,0.999
765,6,1,42.381,348.476,0.81,403,2.923,114.666,0.558,0.999
766,8,0,42.667,348.476,0.808,406,2.81,116.439,0.564,0.999
767,3,0,42.762,348.476,0.807,406,2.849,116.105,0.564,0.999
768,4,0,42.857,348.476,0.805,405,2.822,117.29,0.564,0.999
769,4,0,42.952,348.476,0.802,404,2.813,118.141,0.564,0.999
770,2,0,43.619,348.476,0.802,402,2.787,118.762,0.564,0.999
771,5,0,43.667,348.476,0.795,400,2.835,118.394,0.558,0.999
772,6,0,43.762,348.476,0.799,402,2.773,118.102,0.559,0.999
773,5,0,43.667,348.476,0.797,402,2.76,117.363,0.559,0.999
774,6,0,44.048,348.476,0.793,402,2.78,118.112,0.557,0.999
775,4,0,44.429,348.476,0.796,398,2.864,116.437,0.548,0.999
776,5,0,43.762,348.476,0.791,400,2.864,115.678,0.552,0.999
777,4,0,43.952,348.476,0.791,399,2.776,117.667,0.554,0.999
778,4,0,44.143,348.476,0.789,399,2.732,119.827,0.556,0.999
779,7,0,43.905,348.476,0.789,399,2.798,119.149,0.552,0.999
780,4,0,44.524,348.476,0.787,398,2.743,120.397,0.553,0.999
781,6,0,44.19,348.476,0.79,399,2.821,119.269,0.552,0.999
782,2,0,43.905,348.476,0.789,401,2.798,118.782,0.554,0.999
783,5,0,43.81,348.714,0.792,405,2.752,120.317,0.56,0.999
784,4,0,44.0,348.714,0.79,403,2.833,118.708,0.556,0.999
785,3,0,44.333,348.714,0.788,401,2.814,119.231,0.554,0.999
786,7,0,44.524,348.714,0.794,403,2.783,119.144,0.559,0.999
787,6,0,44.429,348.714,0.796,404,2.81,119.212,0.564,0.999
788,4,0,44.429,348.714,0.795,404,2.774,119.633,0.562,0.999
789,6,0,44.429,348.714,0.805,407,2.735,121.148,0.567,0.999
790,5,0,44.429,348.714,0.808,405,2.785,121.198,0.565,0.999
791,4,1,44.619,348.714,0.811,403,2.794,121.764,0.565,1.0
792,6,1,44.143,348.714,0.811,399,2.904,120.01,0.557,0.999
793,2,0,44.333,348.714,0.81,396,2.9,120.271,0.556,0.999
794,7,0,45.0,348.714,0.811,396,2.83,122.518,0.556,0.999
795,7,1,44.81,348.714,0.811,400,2.752,124.344,0.562,1.0
796,4,0,44.619,348.714,0.809,402,2.687,125.804,0.57,1.0
797,1,0,44.238,348.714,0.81,396,2.977,119.439,0.557,0.999
798,9,1,44.286,348.714,0.81,398,2.925,120.49,0.56,0.999
799,3,0,43.81,348.714,0.805,395,2.936,119.746,0.558,0.999
800,6,0,44.0,348.714,0.811,399,2.862,122.154,0.56,0.999
801,6,0,44.19,345.81,0.809,397,2.945,120.53,0.555,0.999
802,1,0,44.286,345.81,0.807,396,2.993,119.164,0.552,0.999
803,8,0,44.857,345.81,0.811,398,2.883,120.844,0.561,1.0
804,4,0,44.19,345.095,0.81,395,2.903,118.996,0.561,0.999
805,3,0,44.286,345.095,0.811,393,2.986,118.253,0.56,0.999
806,6,0,44.381,345.095,0.811,394,2.931,119.188,0.562,0.999
807,4,0,44.095,345.095,0.813,388,3.007,119.317,0.558,0.999
808,6,0,43.429,345.095,0.816,388,3.177,115.364,0.556,0.999
809,2,0,43.429,345.095,0.816,384,3.269,113.987,0.55,0.999
810,5,0,43.429,345.095,0.813,386,3.181,114.907,0.557,0.999
811,4,0,43.429,345.714,0.817,386,3.098,115.152,0.559,0.999
812,8,0,43.714,345.714,0.817,389,3.051,117.232,0.56,0.999
813,1,0,43.381,345.714,0.819,384,3.173,115.099,0.554,0.999
814,6,1,43.0,345.714,0.813,386,3.129,115.022,0.559,0.999
815,9,1,43.048,346.619,0.811,391,2.966,117.773,0.569,0.999
816,0,0,42.762,346.619,0.812,384,3.159,115.128,0.558,0.999
817,5,0,42.19,346.619,0.806,385,3.23,113.209,0.554,0.999
818,4,0,42.667,346.619,0.807,385,3.279,113.098,0.548,0.999
819,5,0,42.952,346.619,0.811,385,3.279,113.646,0.548,0.999
820,7,0,42.667,346.714,0.814,388,3.269,112.028,0.55,0.999
821,7,0,42.857,346.714,0.807,394,3.274,112.563,0.553,0.999
822,4,0,42.571,344.333,0.798,387,3.509,111.03,0.539,0.999
823,6,0,42.667,344.333,0.801,389,3.438,111.435,0.541,0.999
824,6,0,42.286,343.952,0.803,387,3.523,110.657,0.537,0.998
825,6,0,42.476,343.952,0.808,385,3.416,112.11,0.536,0.999
826,2,0,42.19,343.952,0.806,379,3.563,110.131,0.529,0.998
827,6,0,42.286,342.524,0.812,382,3.512,111.175,0.535,0.998
828,4,1,41.81,342.524,0.812,383,3.525,110.359,0.534,0.998
829,5,1,40.952,342.524,0.806,384,3.571,108.883,0.535,0.998
830,3,0,40.286,344.905,0.806,379,3.8,105.11,0.527,0.997
831,8,0,40.0,342.667,0.805,379,3.824,102.842,0.53,0.997
832,4,0,39.905,342.667,0.808,379,3.963,100.477,0.524,0.996
833,4,0,39.762,342.667,0.811,379,3.989,98.896,0.522,0.996
834,5,0,40.143,342.667,0.81,381,3.94,100.195,0.524,0.996
835,7,0,40.286,342.667,0.816,384,3.847,101.541,0.529,0.997
836,3,0,40.762,342.762,0.815,385,3.778,102.544,0.532,0.997
837,2,0,41.048,343.905,0.816,382,3.776,104.205,0.532,0.998
838,2,0,41.524,343.524,0.819,379,3.812,103.835,0.527,0.998
839,10,1,41.524,345.381,0.815,386,3.566,106.16,0.537,0.998
840,6,0,40.952,345.381,0.812,386,3.628,104.397,0.533,0.998
841,5,0,41.048,345.381,0.809,389,3.555,105.144,0.541,0.998
842,7,0,40.667,347.714,0.808,392,3.455,107.496,0.546,0.998
843,5,0,40.667,346.238,0.809,393,3.445,106.592,0.547,0.998
844,1,0,40.476,346.238,0.808,389,3.513,105.479,0.543,0.998
845,4,0,40.19,346.238,0.805,392,3.402,107.824,0.551,0.998
846,3,0,40.476,346.238,0.807,390,3.411,108.21,0.549,0.998
847,5,0,40.286,346.238,0.806,392,3.422,108.11,0.551,0.998
848,5,0,40.333,346.238,0.805,393,3.429,108.069,0.554,0.998
849,6,0,40.333,346.714,0.805,395,3.417,108.038,0.552,0.998
850,5,0,40.238,346.714,0.807,396,3.401,107.462,0.553,0.998
851,5,0,40.476,346.714,0.805,401,3.289,110.381,0.559,0.998
852,6,0,39.619,346.714,0.801,402,3.308,109.585,0.561,0.998
853,4,0,40.19,346.714,0.799,403,3.172,113.896,0.566,0.998
854,7,0,40.524,347.095,0.795,402,3.191,113.36,0.565,0.998
855,4,1,40.048,347.095,0.794,401,3.218,111.77,0.566,0.998
856,6,1,40.143,347.095,0.802,400,3.159,111.737,0.569,0.998
857,6,0,40.048,347.095,0.804,403,3.054,112.276,0.574,0.998
858,6,0,40.333,347.095,0.803,405,3.062,113.287,0.574,0.998
859,6,0,41.0,347.095,0.804,406,2.911,115.469,0.579,0.999
860,3,0,41.19,347.095,0.812,398,3.103,113.189,0.566,0.999
861,5,0,41.0,347.095,0.813,400,3.042,113.966,0.571,0.999
862,3,0,41.095,347.095,0.812,397,3.07,112.666,0.566,0.999
863,9,0,41.048,347.095,0.807,403,2.943,113.403,0.577,0.999
864,7,0,41.095,347.095,0.806,405,2.862,114.349,0.58,0.999
865,4,0,41.857,347.095,0.799,401,2.841,115.498,0.577,0.999
866,8,0,41.095,347.0,0.804,402,2.939,113.064,0.576,0.999
867,8,2,40.762,347.0,0.797,394,3.174,107.067,0.565,0.998
868,2,0,40.857,347.571,0.798,391,3.211,106.363,0.562,0.998
869,4,0,40.762,347.571,0.801,390,3.252,105.943,0.558,0.998
870,4,0,40.667,347.571,0.806,390,3.265,105.48,0.558,0.998
871,5,0,41.429,347.571,0.807,389,3.208,108.304,0.555,0.998
872,5,0,41.333,347.571,0.814,388,3.258,108.066,0.554,0.998
873,4,0,41.333,347.571,0.814,386,3.361,107.052,0.548,0.998
874,2,0,41.333,347.571,0.814,384,3.363,106.928,0.548,0.998
875,3,0,41.524,347.571,0.81,382,3.35,106.838,0.545,0.998
876,2,0,41.333,347.571,0.805,382,3.409,105.601,0.545,0.998
877,3,0,41.048,347.571,0.805,378,3.465,104.165,0.544,0.998
878,4,0,41.143,347.571,0.799,373,3.565,101.561,0.537,0.998
879,7,0,41.238,347.571,0.796,373,3.587,101.057,0.534,0.998
880,6,0,41.238,347.571,0.793,375,3.524,101.307,0.536,0.998
881,9,0,41.429,347.571,0.789,382,3.45,102.394,0.544,0.998
882,6,0,41.429,347.571,0.782,384,3.367,104.561,0.546,0.998
883,13,0,41.476,346.714,0.779,390,3.282,105.647,0.551,0.998
884,1,0,41.571,346.714,0.78,383,3.305,104.941,0.544,0.998
885,5,0,41.381,349.905,0.782,381,3.343,104.352,0.541,0.998
886,2,0,41.286,349.905,0.781,381,3.271,105.12,0.544,0.998
887,7,0,40.905,349.905,0.782,381,3.18,107.489,0.551,0.998
888,4,0,41.571,349.905,0.788,375,3.22,105.867,0.543,0.998
889,1,0,41.476,349.905,0.794,366,3.488,102.528,0.524,0.998
890,4,0,41.952,347.667,0.794,365,3.436,101.834,0.524,0.998
891,2,0,42.381,347.667,0.796,364,3.332,104.452,0.525,0.998
892,1,0,42.381,347.667,0.794,363,3.336,104.477,0.524,0.998
893,4,0,41.619,347.667,0.793,361,3.545,101.237,0.514,0.997
894,6,0,40.762,347.667,0.792,360,3.703,98.257,0.512,0.996
895,3,0,40.476,347.667,0.79,360,3.687,98.815,0.515,0.996
896,9,0,40.857,347.905,0.801,365,3.425,101.823,0.527,0.997
897,2,0,40.381,347.905,0.801,363,3.63,96.964,0.52,0.996
898,7,0,40.381,347.905,0.797,369,3.469,98.801,0.53,0.997
899,9,0,40.476,347.905,0.796,369,3.384,99.503,0.542,0.998
900,5,0,40.286,347.905,0.794,370,3.384,99.103,0.54,0.997
901,8,0,24.095,348.667,0.634,375,6.059,60.877,0.534,0.703
902,5,0,24.476,349.238,0.648,376,6.087,61.836,0.536,0.732
903,7,0,24.762,349.238,0.649,376,6.141,61.633,0.53,0.733
904,2,0,24.857,349.238,0.65,376,6.163,61.623,0.529,0.737
905,3,0,25.524,348.952,0.653,372,6.089,62.574,0.527,0.768
906,7,0,26.095,348.952,0.663,371,5.971,64.135,0.524,0.791
907,12,0,26.286,348.952,0.671,380,5.723,64.085,0.531,0.815
908,5,0,26.905,348.762,0.672,380,5.555,66.688,0.534,0.848
909,5,0,27.667,348.762,0.674,381,5.431,68.593,0.536,0.878
910,6,0,28.286,348.762,0.69,384,5.23,70.615,0.544,0.907
911,4,0,28.81,348.762,0.693,384,5.137,71.509,0.544,0.92
912,5,0,29.286,348.762,0.702,383,5.127,72.533,0.543,0.929
913,4,0,29.571,348.952,0.704,383,5.21,72.452,0.54,0.932
914,4,0,29.905,348.952,0.707,383,5.224,72.855,0.536,0.935
915,6,0,30.476,348.952,0.722,382,5.103,73.264,0.536,0.945
916,5,0,30.905,348.952,0.724,381,4.908,76.191,0.539,0.953
917,2,0,31.286,348.952,0.725,379,4.763,77.444,0.537,0.957
918,8,0,31.429,348.952,0.727,383,4.763,77.162,0.539,0.96
919,4,0,31.667,348.952,0.727,381,4.822,76.236,0.533,0.96
920,7,0,31.952,348.952,0.731,383,4.767,76.237,0.532,0.962
921,2,0,32.19,348.952,0.733,383,4.757,76.805,0.532,0.965
922,4,0,32.381,348.952,0.734,381,4.81,77.626,0.526,0.964
923,3,0,32.0,349.095,0.737,380,4.899,76.675,0.525,0.959
924,2,0,32.19,349.095,0.737,378,4.859,76.971,0.525,0.961
925,6,0,32.81,349.095,0.742,378,4.545,81.519,0.529,0.969
926,10,0,33.286,349.095,0.741,382,4.369,82.482,0.531,0.974
927,5,0,33.381,349.095,0.75,382,4.326,82.815,0.532,0.975
928,5,0,33.476,349.095,0.749,383,4.305,82.242,0.532,0.976
929,3,0,34.238,349.095,0.753,378,4.318,83.719,0.528,0.98
930,3,0,34.429,349.095,0.753,375,4.453,82.7,0.522,0.979
931,3,0,34.524,349.333,0.753,373,4.544,82.37,0.517,0.978
932,6,0,34.714,349.333,0.744,371,4.363,83.871,0.52,0.98
933,7,0,35.19,349.333,0.744,372,4.148,85.455,0.525,0.984
934,5,0,35.381,349.333,0.748,371,4.087,86.745,0.527,0.985
935,6,0,35.571,349.333,0.736,372,3.899,89.669,0.53,0.987
936,3,0,35.762,349.333,0.742,371,4.041,87.86,0.524,0.986
937,5,0,35.429,349.333,0.736,374,3.867,89.308,0.533,0.987
938,5,0,34.619,348.667,0.728,374,3.996,88.139,0.532,0.983
939,7,0,34.524,348.667,0.732,375,3.881,89.133,0.539,0.984
940,10,0,35.571,348.667,0.743,380,3.572,93.172,0.552,0.99
941,3,0,35.762,348.667,0.74,376,3.586,93.441,0.55,0.991
942,6,0,35.952,348.667,0.74,379,3.473,95.052,0.553,0.991
943,5,0,36.048,348.667,0.74,382,3.416,95.541,0.555,0.992
944,4,0,36.333,348.667,0.742,379,3.472,96.801,0.546,0.992
945,3,0,36.619,348.667,0.745,378,3.521,96.061,0.542,0.992
946,3,0,37.571,348.667,0.752,372,3.594,96.761,0.532,0.993
947,5,1,38.048,348.667,0.758,373,3.557,97.523,0.535,0.994
948,5,0,38.19,348.667,0.761,373,3.451,99.8,0.537,0.995
949,1,0,38.476,348.667,0.761,370,3.423,100.031,0.535,0.995
950,4,0,38.333,348.429,0.764,370,3.459,99.132,0.536,0.995
951,6,0,38.381,348.429,0.761,373,3.44,99.383,0.542,0.995
952,5,0,38.571,348.429,0.763,370,3.538,98.23,0.54,0.995
953,3,0,38.952,348.429,0.769,369,3.494,99.547,0.541,0.996
954,9,1,39.524,348.429,0.769,371,3.388,101.951,0.542,0.997
955,1,0,39.619,348.429,0.773,365,3.543,99.222,0.534,0.996
956,6,0,39.905,348.429,0.774,370,3.488,100.662,0.536,0.997
957,2,0,40.19,348.429,0.776,366,3.613,99.454,0.529,0.997
958,6,0,39.667,348.429,0.778,366,3.639,98.561,0.53,0.996
959,5,0,39.857,348.429,0.778,366,3.525,100.462,0.532,0.997
960,5,0,39.571,348.429,0.778,368,3.503,100.382,0.535,0.996
961,2,0,39.476,348.429,0.779,366,3.554,99.338,0.531,0.996
962,5,0,39.762,349.238,0.778,365,3.578,99.856,0.531,0.996
963,4,0,39.476,349.238,0.785,362,3.697,97.666,0.526,0.996
964,7,0,39.762,349.238,0.791,365,3.638,99.081,0.529,0.996
965,9,0,39.714,349.238,0.79,371,3.515,99.47,0.536,0.997
966,3,0,39.524,349.238,0.79,372,3.509,99.191,0.538,0.996
967,5,0,39.524,349.238,0.788,372,3.394,101.449,0.538,0.996
968,4,0,39.524,349.238,0.784,372,3.476,101.235,0.534,0.996
969,1,0,39.524,349.238,0.786,368,3.638,98.276,0.528,0.996
970,12,0,38.333,349.238,0.778,374,3.707,96.687,0.532,0.994
971,1,0,38.333,349.238,0.778,368,3.857,95.595,0.522,0.994
972,5,0,38.429,349.238,0.78,368,3.93,93.857,0.52,0.994
973,10,0,37.857,349.238,0.782,373,4.01,92.727,0.519,0.992
974,6,0,37.952,349.238,0.769,375,3.92,93.469,0.521,0.993
975,7,0,38.524,349.238,0.773,378,3.67,97.551,0.53,0.995
976,5,0,38.619,349.238,0.776,380,3.526,99.582,0.539,0.995
977,5,0,39.143,349.238,0.78,378,3.507,99.991,0.541,0.996
978,4,0,39.048,349.238,0.777,375,3.595,98.279,0.537,0.996
979,8,1,39.238,349.81,0.779,374,3.571,99.251,0.535,0.996
980,3,0,39.619,349.81,0.782,368,3.752,97.684,0.524,0.996
981,2,0,39.429,349.81,0.775,367,3.811,96.012,0.519,0.995
982,7,0,38.571,347.667,0.771,366,3.741,95.631,0.518,0.994
983,5,0,38.667,347.667,0.772,369,3.771,94.936,0.52,0.994
984,4,0,38.762,347.667,0.773,366,3.82,94.576,0.516,0.994
985,6,0,38.857,347.667,0.772,369,3.788,94.311,0.518,0.994
986,1,0,38.571,347.667,0.769,363,3.963,93.309,0.51,0.993
987,3,0,38.476,347.667,0.769,361,3.979,92.769,0.51,0.993
988,7,0,39.0,347.667,0.775,362,3.845,94.749,0.518,0.994
989,4,0,39.0,347.429,0.775,363,3.849,94.06,0.516,0.994
990,6,0,38.524,347.429,0.778,361,3.868,93.318,0.511,0.993
991,5,0,38.143,347.429,0.778,362,3.886,93.265,0.512,0.992
992,2,0,38.333,347.429,0.779,360,3.89,93.084,0.51,0.992
993,1,0,38.143,347.429,0.775,357,3.995,92.209,0.506,0.992
994,4,0,37.952,347.429,0.785,358,3.921,93.729,0.506,0.991
995,8,0,37.333,347.667,0.786,360,3.935,94.632,0.51,0.99
996,2,0,37.905,347.667,0.78,355,4.056,93.4,0.498,0.99
997,3,0,37.619,347.667,0.776,356,4.125,92.406,0.499,0.989
998,9,0,37.619,347.667,0.776,362,3.953,94.733,0.509,0.99
999,5,0,37.429,347.667,0.78,362,4.057,91.672,0.509,0.99
1000,0,0,37.429,347.667,0.782,356,4.188,89.752,0.501,0.989
